Car -1 -1 -1.33 591.5681762695312 177.83314514160156 719.7415161132812 264.1990966796875 1.3881871700286865 1.5954433679580688 3.773038625717163 1.0996899604797363 1.533607006072998 14.41808032989502 -1.2580469502357392 0.8813294768333435
Car -1 -1 -1.63 883.7952270507812 178.95701599121094 953.8380126953125 239.5532684326172 1.5119750499725342 1.6269285678863525 3.7451798915863037 8.481892585754395 1.6804243922233582 19.90679931640625 -1.2266288614892042 0.8737848997116089
Car -1 -1 2.01 330.6248474121094 175.63656616210938 618.3878784179688 356.6903076171875 1.5226573944091797 1.6070116758346558 3.8441953659057617 -1.2176724672317505 1.598053514957428 8.023448944091797 1.8628741764245458 0.8656745553016663
Car -1 -1 1.67 738.252197265625 167.86538696289062 788.5533447265625 208.1622772216797 1.627351999282837 1.6897605657577515 4.174401760101318 6.818216323852539 1.4206951260566711 31.735830307006836 1.883918615873502 0.8656482100486755
Car -1 -1 -0.82 9.030885696411133 165.12535095214844 407.6636371612549 370.1792297363281 1.5765455961227417 1.6153903007507324 3.9511561393737793 -2.60392165184021 1.6445018649101257 3.207261800765991 -1.503084623797423 0.8513578176498413
Car -1 -1 -1.8 951.8699951171875 203.0379638671875 1234.2576904296875 371.6048889160156 1.423012137413025 1.562628984451294 3.4216482639312744 4.147129535675049 1.7207550406455994 6.516027927398682 -1.2377580169137206 0.8376114964485168
Car -1 -1 -1.47 763.5050659179688 170.9613800048828 803.2544555664062 201.5953369140625 1.4572696685791016 1.5882822275161743 3.849587917327881 9.23498249053955 1.4145960211753845 38.16100311279297 -1.2355581274171836 0.7219176888465881
Car -1 -1 1.54 861.4741821289062 173.01116943359375 886.9244995117188 193.20657348632812 1.4779335260391235 1.6701158285140991 4.038496017456055 19.083696365356445 1.4866021275520325 51.95254135131836 1.8925892008246823 0.6923136115074158
Car -1 -1 -0.93 752.1314697265625 169.0841064453125 799.3126831054688 202.96151733398438 1.5095531940460205 1.6473649740219116 4.254758834838867 9.082086563110352 1.3817424178123474 37.581695556640625 -0.6883159723423087 0.5971394181251526
Car -1 -1 1.64 745.6672973632812 169.29295349121094 794.298095703125 204.66563415527344 1.559309720993042 1.653921365737915 4.191761493682861 9.208486557006836 1.444402813911438 38.867698669433594 1.8687830203194427 0.5289566516876221
Car -1 -1 -1.65 879.621337890625 181.57958984375 937.223876953125 232.35214233398438 1.3889435529708862 1.5707067251205444 3.726576805114746 9.705592155456543 1.7085574269294739 23.840173721313477 -1.2642363718258878 0.3474832773208618
Car -1 -1 1.61 805.3682861328125 165.6862030029297 827.520751953125 183.75035095214844 1.4936811923980713 1.614846110343933 3.9492666721343994 18.817201614379883 0.9441950619220734 65.59539031982422 1.8914448193404452 0.3254123032093048
Car -1 -1 -0.89 94.61713409423828 172.99603271484375 400.32324981689453 365.3424987792969 1.5684220790863037 1.6283589601516724 3.77056884765625 -2.382794141769409 1.650938868522644 3.443648338317871 -1.5002545644877197 0.3094715178012848
Car -1 -1 -1.32 602.8517456054688 175.40968322753906 708.5823974609375 249.64503479003906 1.4545700550079346 1.569205403327942 3.5516483783721924 1.023280143737793 1.4482464790344238 14.899479866027832 -1.2532988177400473 0.278530091047287
Car -1 -1 -1.29 803.828857421875 166.40798950195312 831.3195190429688 182.84637451171875 1.5701195001602173 1.6921625137329102 4.162335395812988 19.934226989746094 0.9739726781845093 68.63178253173828 -1.0096688552920368 0.2655559182167053
Car -1 -1 -1.73 1015.5477294921875 213.9547119140625 1245.6234130859375 373.2643737792969 1.4234877824783325 1.5896729230880737 3.532559633255005 4.319590091705322 1.731483280658722 5.535121440887451 -1.0642765082921208 0.21070680022239685
Car -1 -1 -1.55 50.33464431762695 170.83810424804688 503.64995193481445 358.1235046386719 1.6085503101348877 1.4638159275054932 4.599437713623047 -2.7238540649414062 1.6985815167427063 5.157126426696777 -2.038925907054659 0.19569925963878632
Car -1 -1 1.88 372.6581115722656 173.45848083496094 597.7838745117188 298.4809265136719 1.5002713203430176 1.5726125240325928 3.7133395671844482 -1.4761385917663574 1.6290637254714966 9.817024230957031 1.7269060020441582 0.18749558925628662
Car -1 -1 -0.59 1208.314208984375 218.95663452148438 1239.9912109375 349.637939453125 1.5627509355545044 1.57650625705719 3.5225977897644043 5.617316722869873 1.8148109316825867 4.746273517608643 0.27914575332568603 0.18623025715351105
Car -1 -1 1.7 149.69078063964844 162.64686584472656 636.3302459716797 327.10955810546875 1.5906046628952026 1.3891832828521729 4.164278984069824 -2.2273080348968506 1.8159958720207214 6.749942779541016 1.3827157268506536 0.18602855503559113
Car -1 -1 -1.18 65.55752563476562 160.18673706054688 573.5040283203125 373.82464599609375 1.311936616897583 1.6893367767333984 4.499745845794678 -1.9297850131988525 1.6336182355880737 5.4782514572143555 -1.5184408658892696 0.1679442822933197
Car -1 -1 -0.73 1219.3663330078125 234.63587951660156 1240.64453125 327.1775207519531 1.5920157432556152 1.516444206237793 3.807661294937134 7.414484977722168 2.1326431035995483 6.821323394775391 0.10075295487756275 0.16584497690200806
Car -1 -1 -1.11 1.4712973833084106 165.46343994140625 476.7327719926834 400.02093505859375 1.261431336402893 1.7023504972457886 4.5994873046875 -2.057652711868286 1.541778802871704 5.094472408294678 -1.4987719522204435 0.16543707251548767
Car -1 -1 -1.77 610.5133666992188 168.3665008544922 695.91845703125 224.12017822265625 1.4344850778579712 1.6017379760742188 3.9773149490356445 2.1520755290985107 1.5936641693115234 28.136375427246094 -1.6902727865035985 0.1629389524459839