Pedestrian -1 -1 -2.12 909.8250122070312 205.02037048339844 1028.961669921875 358.96405029296875 1.5021412372589111 0.5964092016220093 0.3895634710788727 2.5972297191619873 1.5591674447059631 5.151708602905273 -1.6528354912271288 0.6376423239707947
Pedestrian -1 -1 0.83 595.9985961914062 172.57650756835938 618.022216796875 224.2154541015625 1.7454370260238647 0.5902017951011658 0.9600025415420532 0.17083729803562164 1.3765647411346436 24.533491134643555 0.8367857671118744 0.6259624361991882
Cyclist -1 -1 0.23 446.0311279296875 168.70115661621094 506.7351379394531 279.5898132324219 1.705398678779602 0.5980291366577148 1.6920695304870605 -2.1951992511749268 1.5789227485656738 12.412413597106934 0.056636332040895354 0.46233677864074707
Pedestrian -1 -1 2.09 812.8384399414062 190.21786499023438 854.5147705078125 316.89556884765625 1.4288427829742432 0.4660528898239136 0.39623594284057617 2.696039915084839 1.5182933807373047 8.241704940795898 2.406293191284452 0.41134265065193176
Pedestrian -1 -1 1.25 445.524169921875 170.53880310058594 501.0437927246094 284.1925964355469 1.6514254808425903 0.6014374494552612 0.5418551564216614 -2.1413094997406006 1.573977530002594 11.723763465881348 1.0655556168298297 0.40516582131385803
Cyclist -1 -1 2.98 987.4230346679688 146.4160919189453 1224.50390625 361.725830078125 1.7389671802520752 0.7239279747009277 1.8993608951568604 2.1826610565185547 1.4246567487716675 2.5303847789764404 -2.5866795691081848 0.39435192942619324
Pedestrian -1 -1 -3.08 896.47412109375 212.91807556152344 1051.9278564453125 362.2430725097656 1.4893261194229126 0.620140552520752 0.46804431080818176 3.169045925140381 1.7451879382133484 6.143333435058594 -2.599540824844178 0.3765786290168762
Pedestrian -1 -1 1.51 777.884033203125 198.38145446777344 813.833251953125 287.89764404296875 1.296983003616333 0.4419236481189728 0.4627765119075775 2.9325520992279053 1.5760670900344849 10.70999813079834 1.7751344856054976 0.3577980697154999
Pedestrian -1 -1 -2.98 971.1356811523438 161.6688232421875 1227.7132568359375 372.4870300292969 1.6362965106964111 0.6380160450935364 0.5156519412994385 2.5370450019836426 1.575282335281372 3.1320083141326904 -2.2960978738944675 0.3393145799636841
Car -1 -1 -2.01 917.4879150390625 189.8688507080078 1221.657958984375 377.0661315917969 1.6252777576446533 1.556745171546936 3.5678722858428955 2.967768907546997 1.6546116471290588 2.8232510089874268 -1.1989974036351487 0.30584508180618286
Pedestrian -1 -1 1.21 808.5942993164062 194.47264099121094 869.3795776367188 305.02923583984375 1.4514559507369995 0.4978162348270416 0.48192745447158813 3.0639069080352783 1.5863052010536194 9.187837600708008 1.535625279679726 0.3013991415500641
Cyclist -1 -1 2.93 951.4452514648438 176.41705322265625 1229.756103515625 364.0335388183594 1.6484602689743042 0.6660007834434509 1.7653940916061401 2.113016366958618 1.461773157119751 2.846440076828003 -2.711867809126632 0.29916730523109436
Cyclist -1 -1 0.57 461.8193054199219 171.5861358642578 542.316162109375 245.00799560546875 1.636948823928833 0.6628293395042419 1.7711042165756226 -2.499094009399414 1.5573320984840393 18.250484466552734 0.43595369771016657 0.27999013662338257
Pedestrian -1 -1 -1.99 1060.791748046875 117.8454360961914 1232.59765625 349.40259552001953 1.7910914421081543 0.7051528096199036 0.9391669034957886 2.4959208965301514 1.5052894353866577 3.0332601070404053 -1.3057296156518223 0.27791282534599304
Van -1 -1 1.53 1029.898193359375 63.136077880859375 1241.9913330078125 372.4996643066406 2.351292848587036 2.0570485591888428 5.29190731048584 3.1279244422912598 1.5062992572784424 2.2750658988952637 2.4702220819227696 0.2776604890823364
Pedestrian -1 -1 2.37 769.3029174804688 195.3399200439453 821.644775390625 294.09075927734375 1.3887827396392822 0.4671625792980194 0.46407774090766907 2.5148983001708984 1.452419936656952 9.539164543151855 2.622893925102005 0.2732408046722412
Pedestrian -1 -1 2.61 991.9772338867188 166.0753936767578 1178.7987060546875 377.18707275390625 1.6478767395019531 0.6483966112136841 0.4154563546180725 2.3064827919006348 1.5373923778533936 3.011892318725586 -3.019670027802923 0.2687247097492218
Cyclist -1 -1 2.89 1060.791748046875 117.8454360961914 1232.59765625 349.40259552001953 1.7323315143585205 0.6877444982528687 1.941183090209961 2.489480972290039 1.4048751592636108 2.6437017917633057 -2.6393401934892236 0.2658577263355255
Pedestrian -1 -1 -2.53 936.6885375976562 210.78160095214844 1017.329345703125 349.15509033203125 1.324215292930603 0.49563726782798767 0.4502955377101898 2.988312005996704 1.5514284372329712 5.727404594421387 -2.0518301682194693 0.2653615474700928
Pedestrian -1 -1 1.64 758.6220092773438 195.18582153320312 788.56396484375 295.03118896484375 1.3504085540771484 0.4377268850803375 0.5034637451171875 2.5771689414978027 1.5810580849647522 10.544859886169434 1.8795037305462863 0.2621613144874573
Car -1 -1 -2.53 955.2975463867188 146.01919555664062 1232.912841796875 383.932861328125 1.6049211025238037 1.607466697692871 4.101545810699463 3.1608219146728516 1.529520034790039 2.5505740642547607 -1.6341120458589664 0.25685879588127136
Pedestrian -1 -1 1.2 989.99072265625 106.26801300048828 1237.0538330078125 366.2258071899414 1.9809167385101318 0.6583016514778137 1.1353988647460938 2.57027530670166 1.52724027633667 3.1288950443267822 1.8831485346039472 0.2533944249153137
Pedestrian -1 -1 1.94 808.3460083007812 193.69400024414062 846.9481201171875 312.2193298339844 1.3792515993118286 0.44810914993286133 0.44531339406967163 2.6878907680511475 1.5133925676345825 8.406998634338379 2.2468657642832346 0.252369225025177
Pedestrian -1 -1 1.31 799.6334228515625 198.3281707763672 852.0361938476562 299.9474792480469 1.452047348022461 0.493322491645813 0.6202645301818848 3.228464126586914 1.6801301836967468 10.395476341247559 1.6121406426315632 0.2494160681962967
Pedestrian -1 -1 1.41 775.0166015625 191.0113067626953 805.1600341796875 293.3731384277344 1.4261314868927002 0.4826130270957947 0.47545453906059265 2.785226345062256 1.5171296000480652 10.359200477600098 1.6755547985266102 0.24855682253837585
Cyclist -1 -1 2.54 986.8968505859375 170.11807250976562 1183.7994384765625 375.63201904296875 1.5782225131988525 0.6755651235580444 1.6787229776382446 2.4264466762542725 1.4726710319519043 2.8811514377593994 -3.0411029538212437 0.24781423807144165
Cyclist -1 -1 1.28 912.3104248046875 193.03765869140625 1212.7176513671875 373.430908203125 1.5989115238189697 0.6620187163352966 1.6300196647644043 2.415909767150879 1.4678283333778381 3.2488369941711426 1.9160960518683527 0.23929572105407715
Pedestrian -1 -1 1.79 784.188720703125 198.85826110839844 817.744873046875 286.18731689453125 1.3049370050430298 0.43772435188293457 0.5173025727272034 3.084144353866577 1.5913946032524109 11.042611122131348 2.066686519813688 0.22717636823654175
Cyclist -1 -1 1.37 1029.898193359375 63.136077880859375 1241.9913330078125 372.4996643066406 1.9268088340759277 0.5846291780471802 2.021540880203247 2.342702865600586 1.2969426214694977 2.276132106781006 2.1689288595556633 0.22586557269096375
Pedestrian -1 -1 2.11 788.5986938476562 194.06243896484375 832.5709838867188 296.86767578125 1.352044701576233 0.4337924122810364 0.4388960003852844 2.7282509803771973 1.482151448726654 9.393281936645508 2.397078844621145 0.22523781657218933
Pedestrian -1 -1 2.12 814.2617797851562 195.49183654785156 864.9613037109375 322.7344970703125 1.422098994255066 0.46788185834884644 0.48554566502571106 2.8140969276428223 1.610138714313507 8.509693145751953 2.4441946717718146 0.22495770454406738
Pedestrian -1 -1 -1.95 907.78515625 212.830078125 1082.9566650390625 356.605224609375 1.4071524143218994 0.6156507730484009 0.5059820413589478 2.767230749130249 1.6653995513916016 5.153692245483398 -1.462052108985998 0.22454774379730225
Pedestrian -1 -1 1.7 770.48486328125 200.951904296875 800.9676513671875 291.51446533203125 1.162645936012268 0.38461703062057495 0.5427713990211487 2.6736605167388916 1.5242307782173157 10.419811248779297 1.9503951456752784 0.221879243850708
Pedestrian -1 -1 0.91 790.8519897460938 196.6708984375 857.0916748046875 292.7279357910156 1.4598461389541626 0.4969853162765503 0.46007871627807617 3.150714159011841 1.5830546021461487 10.150444030761719 1.2116333999686182 0.22032807767391205
Pedestrian -1 -1 0.79 787.4231567382812 198.11434936523438 844.1415405273438 290.32794189453125 1.4543547630310059 0.49244245886802673 0.5224783420562744 3.1168224811553955 1.5955137014389038 10.506526947021484 1.0772351734131638 0.21663163602352142
Car -1 -1 2.93 1083.4871826171875 124.16700744628906 1237.3304443359375 373.050537109375 1.8119953870773315 1.7015948295593262 4.275131702423096 4.20314884185791 1.7298331260681152 2.792086362838745 -2.3675657682026205 0.21650882065296173
Cyclist -1 -1 2.84 1047.620361328125 147.58877563476562 1209.5709228515625 358.7811279296875 1.668516755104065 0.6922025680541992 1.7493683099746704 2.0560855865478516 1.3669243454933167 2.4033215045928955 -2.7391990303267235 0.21602703630924225
Pedestrian -1 -1 2.31 765.4927978515625 196.15420532226562 811.27783203125 290.83758544921875 1.3821138143539429 0.4627509117126465 0.47539907693862915 2.4115586280822754 1.4580795764923096 9.743324279785156 2.5558060107868226 0.21489748358726501
Car -1 -1 -2.16 1054.6666259765625 166.88059997558594 1234.25634765625 382.02752685546875 1.6288753747940063 1.5544912815093994 3.764354944229126 2.774930238723755 1.544213056564331 1.885715365409851 -1.1816788692294367 0.2117692083120346
Cyclist -1 -1 2.67 1013.5374755859375 101.84159851074219 1212.0771484375 356.6241455078125 1.6884958744049072 0.5732718110084534 1.7748652696609497 2.881338119506836 1.5042471289634705 2.7306952476501465 -2.8005874963241144 0.21161091327667236
Pedestrian -1 -1 -1.15 873.3511962890625 215.41525268554688 1024.9937744140625 362.3243713378906 1.4854683876037598 0.5474621653556824 0.5539499521255493 3.084716796875 1.7435234785079956 6.254537105560303 -0.6885845355544502 0.20884664356708527
Truck -1 -1 -2.56 1014.0571899414062 96.49977111816406 1241.17138671875 370.8114776611328 2.9829235076904297 2.3060929775238037 6.871636867523193 3.957711935043335 1.7773007154464722 3.289539098739624 -1.6796182077738768 0.20852012932300568
Cyclist -1 -1 2.47 906.8960571289062 212.54568481445312 1026.5650634765625 353.82928466796875 1.4270998239517212 0.5810795426368713 1.6014113426208496 2.871284008026123 1.5899421572685242 5.6848602294921875 2.9331637914561517 0.206465944647789
Cyclist -1 -1 2.38 955.905517578125 136.89755249023438 1246.080810546875 383.3534240722656 1.6014354228973389 0.6087063550949097 1.6660603284835815 2.6903374195098877 1.4726799130439758 2.893435001373291 3.129967432096791 0.204655721783638
Pedestrian -1 -1 -0.31 1047.620361328125 147.58877563476562 1209.5709228515625 358.7811279296875 1.8061208724975586 0.6965647339820862 0.7569785714149475 2.3739137649536133 1.545168697834015 2.9747910499572754 0.36831526478047394 0.20359200239181519
Truck -1 -1 -2.4 972.642822265625 148.533203125 1233.2724609375 372.33734130859375 3.0959863662719727 2.4733963012695312 6.8331732749938965 3.2623884677886963 1.9567190408706665 3.024026870727539 -1.572071671024312 0.2026369571685791
Pedestrian -1 -1 1.11 1087.44775390625 85.70264434814453 1233.84228515625 352.83704376220703 1.9910534620285034 0.7083957195281982 0.8338813185691833 2.908890724182129 1.5476282835006714 3.138259172439575 1.852752670905204 0.19610458612442017
Pedestrian -1 -1 -0.77 1028.9200439453125 96.98365783691406 1221.717041015625 378.31459045410156 1.8561276197433472 0.670987069606781 0.6572080850601196 3.197021007537842 1.6702339053153992 3.6957528591156006 -0.055740350177211795 0.1960025131702423
Car -1 -1 -2.09 987.8569946289062 105.2257308959961 1239.8992919921875 378.9497299194336 1.9117252826690674 1.5663840770721436 3.986264228820801 2.865264415740967 1.5592012405395508 2.0236289501190186 -1.1373837209305773 0.1956200897693634
Truck -1 -1 -0.01 1048.1048583984375 48.68280792236328 1240.3115234375 354.9770278930664 3.0943846702575684 2.3436338901519775 6.9819865226745605 4.301090240478516 1.63026362657547 3.3448691368103027 0.9021177612875313 0.19493567943572998
Cyclist -1 -1 0.4 460.4842224121094 169.83531188964844 529.3587036132812 256.20556640625 1.6916453838348389 0.6370779275894165 1.6988621950149536 -2.4609296321868896 1.5930182933807373 18.05690574645996 0.26899683012453046 0.1931389719247818
Pedestrian -1 -1 2.46 1008.4696655273438 191.47750854492188 1160.2799072265625 369.16351318359375 1.5310027599334717 0.5928247570991516 0.39633992314338684 2.729684352874756 1.564704179763794 3.8456509113311768 3.0740887554109895 0.19274939596652985
Cyclist -1 -1 0.68 443.5850524902344 173.44476318359375 513.6273803710938 254.19503784179688 1.6576759815216064 0.6155568361282349 1.6910810470581055 -2.3723995685577393 1.5464653968811035 14.856949806213379 0.5237651150299563 0.1919015645980835
Cyclist -1 -1 2.46 1087.44775390625 85.70264434814453 1233.84228515625 352.83704376220703 1.8659313917160034 0.677295446395874 1.9188339710235596 2.7819104194641113 1.4154896438121796 2.551121473312378 -2.9898037676445197 0.19124557077884674
Van -1 -1 3.01 989.99072265625 106.26801300048828 1237.0538330078125 366.2258071899414 2.2824723720550537 1.9799513816833496 5.064157485961914 2.985877275466919 1.551147997379303 2.325045585632324 -2.364880142865795 0.1878509372472763
Pedestrian -1 -1 -0.15 954.0634765625 198.02720642089844 1172.306884765625 367.1663513183594 1.6842271089553833 0.6425618529319763 0.516039252281189 2.3751490116119385 1.6772842407226562 3.3306374549865723 0.4685025535481131 0.17780186235904694
Pedestrian -1 -1 -1.68 924.0584106445312 219.0449676513672 1139.332763671875 368.82391357421875 1.439098834991455 0.6444336175918579 0.5764484405517578 2.3694534301757812 1.5647227764129639 3.864705801010132 -1.1307090220444866 0.17126289010047913
Pedestrian -1 -1 -0.99 883.6351318359375 209.1488494873047 1181.0087890625 368.7564697265625 1.565069556236267 0.5800510048866272 0.7851355075836182 2.0960237979888916 1.4876229763031006 3.535102605819702 -0.451887117634981 0.14369305968284607