Van -1 -1 2.06 29.126270294189453 122.12875366210938 322.5168647766113 301.0186767578125 2.239771842956543 1.935276985168457 5.219972133636475 -6.9011030197143555 1.606113225221634 12.26754093170166 1.551746106324158 0.8495638966560364
Truck -1 -1 2.06 27.531940460205078 121.8831787109375 324.6198310852051 296.7891845703125 3.0789735317230225 2.3950085639953613 7.262514114379883 -7.856627464294434 2.0983999967575073 14.079602241516113 1.5516771638589617 0.4260648488998413
Pedestrian -1 -1 2.54 338.5896911621094 181.4180908203125 361.5832214355469 221.7211151123047 1.8279533386230469 0.6117639541625977 0.7079905271530151 -12.077874183654785 2.2366446256637573 33.77262878417969 2.198769315569982 0.3953522741794586
Car -1 -1 2.13 28.919353485107422 119.40470123291016 331.6884574890137 307.95545196533203 2.0149312019348145 1.7377779483795166 4.303654670715332 -6.426115036010742 1.5721442699432373 11.455795288085938 1.6154337795392983 0.33462807536125183
Pedestrian -1 -1 2.49 335.1402893066406 181.38272094726562 364.4527893066406 218.74301147460938 1.8198771476745605 0.626645565032959 0.8413257598876953 -12.66452693939209 2.28007972240448 35.36098861694336 2.149962744244311 0.29661625623703003
Cyclist -1 -1 -0.83 335.39752197265625 181.9590301513672 364.89642333984375 218.91688537597656 1.8185266256332397 0.5793582797050476 1.8280301094055176 -12.599456787109375 2.198424279689789 34.98505783081055 -1.1787765323992563 0.23935727775096893
Car -1 -1 0.56 951.3663330078125 236.34854125976562 1205.96728515625 370.4671936035156 1.4117687940597534 1.5875462293624878 3.8813798427581787 1.5342514514923096 1.4970263838768005 1.7937517166137695 1.2641451155024122 0.2367803007364273
Car -1 -1 0.61 865.2848510742188 225.8839569091797 1189.778564453125 363.2309265136719 1.691229224205017 1.646233320236206 4.350550651550293 2.1677029132843018 1.6394400596618652 2.4124915599823 1.346052821540173 0.20155833661556244
Cyclist -1 -1 0.95 338.5896911621094 181.4180908203125 361.5832214355469 221.7211151123047 1.8014894723892212 0.6329078078269958 1.8415896892547607 -12.168283462524414 2.1346243023872375 33.90814208984375 0.6025922627197673 0.20051924884319305
Car -1 -1 -2.38 590.045166015625 181.37185668945312 605.2125244140625 196.2991180419922 1.6393072605133057 1.6965723037719727 4.0217766761779785 -1.4396586418151855 2.5083556175231934 77.53298950195312 -2.3953160567139538 0.19252939522266388
Car -1 -1 0.57 933.4510498046875 222.0630340576172 1180.5284423828125 363.494873046875 1.4872390031814575 1.570986270904541 3.838423013687134 1.385848879814148 1.5309224128723145 1.7919872999191284 1.2275318507905482 0.1756526082754135
Car -1 -1 2.14 162.47622680664062 184.6577911376953 219.82119750976562 218.2391357421875 1.4355652332305908 1.4797804355621338 3.600397825241089 -18.80486488342285 1.986175537109375 32.29096603393555 1.6111162982767704 0.14841176569461823