Pedestrian -1 -1 1.15 625.0740966796875 173.39541625976562 647.56298828125 219.65480041503906 1.7329996824264526 0.5991306304931641 0.9251737594604492 1.2566661834716797 1.3078269362449646 26.516681671142578 1.1971483041062374 0.41608986258506775
Pedestrian -1 -1 1.71 476.96002197265625 168.4445343017578 521.3179321289062 263.6725158691406 1.7043386697769165 0.5966455936431885 0.6434139609336853 -1.9971661567687988 1.5363174080848694 13.918745040893555 1.5683349737217567 0.39932695031166077
Cyclist -1 -1 1.1 477.6168518066406 167.272216796875 529.5897827148438 261.7405090332031 1.776550531387329 0.6351119875907898 1.7778289318084717 -2.018503427505493 1.5247961282730103 14.704976081848145 0.9651045256441346 0.35871657729148865
Pedestrian -1 -1 3.0 2.268136978149414 200.42054748535156 52.13824653625488 367.8899230957031 1.5847482681274414 0.541465699672699 0.6572651863098145 -5.229456901550293 1.696154534816742 6.20426607131958 2.302119158923583 0.29893845319747925
Pedestrian -1 -1 1.91 724.7789916992188 190.50099182128906 761.7649536132812 266.4881896972656 1.4703916311264038 0.5156136155128479 0.4837273061275482 2.4486687183380127 1.5071304440498352 12.401395797729492 2.1052843595943838 0.29853492975234985
Pedestrian -1 -1 1.31 735.7935791015625 190.71163940429688 772.7722778320312 268.11224365234375 1.4424450397491455 0.5298656225204468 0.5432767868041992 2.750365972518921 1.5231411457061768 12.695674896240234 1.5193128777628058 0.295820951461792
Pedestrian -1 -1 1.07 746.6813354492188 192.06167602539062 775.7510986328125 265.9814453125 1.248613715171814 0.42878684401512146 0.5235127806663513 2.92106556892395 1.5126892924308777 12.984580039978027 1.2908960317737463 0.2851867377758026
Cyclist -1 -1 1.65 725.7052001953125 193.27471923828125 757.669921875 268.1802978515625 1.4662911891937256 0.5336050987243652 1.469033122062683 2.678239583969116 1.633233368396759 13.803411483764648 1.8433711142666764 0.2672536373138428
Cyclist -1 -1 -1.12 480.9463195800781 170.86001586914062 520.574951171875 259.5978088378906 1.6991119384765625 0.5544756650924683 1.72687566280365 -2.0972375869750977 1.5333915948867798 14.93763542175293 -1.2628811256725072 0.26164326071739197
Pedestrian -1 -1 1.61 735.4173583984375 195.21347045898438 758.7769775390625 265.2561340332031 1.180498480796814 0.39481404423713684 0.6006746292114258 2.668534755706787 1.5295560956001282 13.055705070495605 1.8122679111784832 0.2472309023141861
Pedestrian -1 -1 2.03 481.9232177734375 175.2882843017578 515.8984985351562 261.5757141113281 1.6592172384262085 0.5939924120903015 0.7605800628662109 -2.0395445823669434 1.5364533066749573 14.207575798034668 1.8839044085655985 0.23918385803699493
Cyclist -1 -1 2.27 474.5699157714844 171.2358856201172 536.5992431640625 244.27740478515625 1.7485796213150024 0.6569725871086121 1.8128435611724854 -2.5277202129364014 1.6038591265678406 18.172149658203125 2.1302311660283832 0.2328222244977951
Pedestrian -1 -1 1.74 778.7003784179688 184.98780822753906 817.2919921875 279.0483703613281 1.5577954053878784 0.6044957041740417 0.5339207053184509 2.960029363632202 1.546215534210205 11.038556098937988 2.0069426528723904 0.2262723594903946
Pedestrian -1 -1 1.59 740.837646484375 194.5358428955078 765.6924438476562 266.07275390625 1.1977193355560303 0.3976456820964813 0.5969350934028625 2.7842838764190674 1.5331779718399048 12.957501411437988 1.8031192860275365 0.22343401610851288
Pedestrian -1 -1 2.19 727.6272583007812 195.6846466064453 756.3876342773438 267.2634582519531 1.2354202270507812 0.39998555183410645 0.5833548903465271 2.6640264987945557 1.5669852495193481 13.459419250488281 2.388391941460913 0.22177304327487946
Pedestrian -1 -1 1.28 731.625244140625 192.32460021972656 755.5289306640625 262.0409240722656 1.2276071310043335 0.426979660987854 0.6068674325942993 2.5918498039245605 1.4675312638282776 13.010735511779785 1.4717768716275517 0.21889202296733856
Pedestrian -1 -1 1.87 776.484130859375 188.74412536621094 810.4502563476562 285.8370056152344 1.414798617362976 0.450281023979187 0.42360395193099976 2.7843313217163086 1.5001947283744812 10.359025001525879 2.1306424638906494 0.20782628655433655
Pedestrian -1 -1 -2.51 1.5005238056182861 190.79739379882812 40.74453854560852 364.5089111328125 1.600042700767517 0.5848833322525024 0.6551880836486816 -5.077310562133789 1.6170905828475952 5.7782440185546875 3.0566907048043994 0.19757099449634552
Truck -1 -1 1.87 447.1839599609375 156.30734252929688 540.2249145507812 239.122802734375 2.93585467338562 2.322314977645874 6.485713481903076 -4.432761192321777 1.9352768063545227 28.424896240234375 1.716464620375569 0.19579298794269562
Cyclist -1 -1 1.94 447.1839599609375 156.30734252929688 540.2249145507812 239.122802734375 1.7756373882293701 0.7148388028144836 2.0452537536621094 -2.5995681285858154 1.525952160358429 16.443758010864258 1.7796403784730463 0.1851956844329834