Car -1 -1 -1.8 709.0318603515625 161.61659240722656 833.1171875 266.19146728515625 1.7653967142105103 1.5792738199234009 3.3544390201568604 3.1433706283569336 1.3795852363109589 14.036173820495605 -1.5763568910706693 0.8548240661621094
Pedestrian -1 -1 1.68 404.92889404296875 169.55209350585938 434.1563720703125 240.96336364746094 1.679134488105774 0.6189866065979004 0.5438931584358215 -4.428067684173584 1.417113184928894 17.6640625 1.4350684546915407 0.7109501361846924
Pedestrian -1 -1 1.42 501.4712829589844 177.97108459472656 526.9248046875 242.2010040283203 1.5421937704086304 0.6135701537132263 0.6675843596458435 -2.0275650024414062 1.4724065661430359 17.625417709350586 1.3058410331877806 0.6801326870918274
Pedestrian -1 -1 2.36 506.1298828125 181.06724548339844 531.6635131835938 242.42723083496094 1.5937809944152832 0.6023322343826294 0.6533907651901245 -2.1392884254455566 1.55469810962677 18.611738204956055 2.2440858646129174 0.677885890007019
Pedestrian -1 -1 -1.36 483.8803405761719 182.21224975585938 506.40423583984375 242.2537841796875 1.5286154747009277 0.6096925139427185 0.7332876324653625 -2.6391680240631104 1.50057452917099 17.91464614868164 -1.5098686125784022 0.5214510560035706
Pedestrian -1 -1 2.49 486.4312744140625 179.11056518554688 510.251708984375 241.65365600585938 1.5400854349136353 0.6076515913009644 0.6043784618377686 -2.510979652404785 1.4911909699440002 17.917003631591797 2.35039604756874 0.495534211397171
Van -1 -1 -1.8 707.3441162109375 157.5032501220703 836.0311279296875 264.52508544921875 1.9097918272018433 1.727118968963623 4.1226043701171875 3.3994081020355225 1.4393244683742523 14.844578742980957 -1.5783086731017386 0.46382057666778564
Pedestrian -1 -1 2.29 495.5302429199219 183.9091033935547 512.931884765625 238.77577209472656 1.5126185417175293 0.5476303696632385 0.4817282259464264 -2.6160712242126465 1.5524640083312988 19.712064743041992 2.1609965855111497 0.4625934362411499
Pedestrian -1 -1 2.39 499.7642822265625 182.15591430664062 521.7567138671875 240.5255584716797 1.5469988584518433 0.5751093626022339 0.5622230172157288 -2.380218982696533 1.555101990699768 19.121780395507812 2.267653854545334 0.44570192694664
Pedestrian -1 -1 2.13 496.5415344238281 179.88897705078125 519.1357421875 240.4355010986328 1.5013514757156372 0.5715803503990173 0.6263367533683777 -2.236833333969116 1.4856868982315063 18.091039657592773 2.005433851121122 0.4429343640804291
Pedestrian -1 -1 2.15 489.5935974121094 184.3137664794922 508.811767578125 239.49273681640625 1.5017824172973633 0.5521911978721619 0.4997396469116211 -2.764582872390747 1.5651147961616516 19.60390853881836 2.0088337775020824 0.4024149179458618
Cyclist -1 -1 2.97 403.5711975097656 168.84275817871094 435.146484375 242.70474243164062 1.6602506637573242 0.5582345128059387 1.6677803993225098 -4.41320276260376 1.3950319290161133 17.576393127441406 2.725234958859202 0.3606060743331909
Car -1 -1 -2.68 1112.51025390625 220.94895935058594 1230.0028076171875 372.76971435546875 1.4134385585784912 1.609415054321289 3.6985714435577393 3.8346571922302246 1.6473627090454102 2.374311685562134 -1.6598242413723474 0.33446815609931946
Car -1 -1 -2.64 1081.998779296875 218.73269653320312 1240.42529296875 366.736083984375 1.4907169342041016 1.6272510290145874 4.114724636077881 3.256606101989746 1.5917069911956787 1.9483544826507568 -1.60788879695704 0.3322763741016388
Cyclist -1 -1 1.71 813.3302001953125 170.0782470703125 945.7114868164062 338.6654052734375 1.6433309316635132 0.6422010660171509 1.7140320539474487 3.003584146499634 1.4922910928726196 7.914539813995361 2.071569114532469 0.26005494594573975
Pedestrian -1 -1 1.66 491.425537109375 184.1556854248047 515.593994140625 244.8243408203125 1.564117431640625 0.5659031271934509 0.4697217345237732 -2.6088881492614746 1.665558099746704 18.74019432067871 1.5193195813183245 0.24781137704849243
Pedestrian -1 -1 0.21 494.0916748046875 184.46151733398438 520.9067993164062 244.83262634277344 1.5320332050323486 0.5539360046386719 0.45441094040870667 -2.350579023361206 1.6470341682434082 18.93205451965332 0.08373485497385946 0.20102369785308838
Car -1 -1 0.9 892.755615234375 184.2181854248047 962.399169921875 219.06869506835938 1.3586381673812866 1.5643539428710938 3.927482843399048 14.152397155761719 1.449261486530304 30.354097366333008 1.3372228927222896 0.1817454844713211