Car -1 -1 1.97 166.78346252441406 201.306884765625 365.8541259765625 304.2739562988281 1.4226070642471313 1.6171176433563232 4.0561089515686035 -5.796999931335449 1.9827534556388855 12.740440368652344 1.542983708244348 0.8857896327972412
Car -1 -1 1.86 318.23028564453125 195.39169311523438 428.8607177734375 263.247802734375 1.422708511352539 1.594041347503662 3.9791789054870605 -6.056133270263672 2.078861355781555 18.832233428955078 1.5452982883803603 0.8769933581352234
Car -1 -1 1.83 383.7701721191406 191.76768493652344 465.0160217285156 243.09266662597656 1.501051425933838 1.5514858961105347 3.7820942401885986 -5.967341899871826 2.1387370824813843 23.408218383789062 1.5812103126154042 0.8665120601654053
Car -1 -1 1.79 432.8135070800781 188.76068115234375 493.9558410644531 228.9373016357422 1.4660942554473877 1.5872236490249634 4.054808616638184 -6.097014427185059 2.194995164871216 30.129981994628906 1.5919046250391498 0.849925696849823
Car -1 -1 1.79 474.08575439453125 186.594482421875 522.5313110351562 218.95762634277344 1.4215906858444214 1.5556535720825195 3.856449842453003 -5.6641526222229 2.194179356098175 36.5626106262207 1.6392212495425245 0.7882547974586487
Car -1 -1 2.66 807.2466430664062 157.3046875 942.4163818359375 204.45559692382812 1.585730791091919 1.6192147731781006 4.199007511138916 9.5587797164917 1.0434520840644836 26.184762954711914 3.0113392697829546 0.7745521068572998
Car -1 -1 -1.49 666.1448364257812 178.87060546875 720.0089111328125 213.5113983154297 1.4064871072769165 1.584606647491455 3.479874610900879 3.837009906768799 1.7618700861930847 33.87042999267578 -1.3818260899952204 0.7724064588546753
Car -1 -1 -0.77 659.3525390625 178.11639404296875 727.9525146484375 211.7675018310547 1.4461290836334229 1.6250783205032349 3.7161495685577393 3.8332321643829346 1.7162630558013916 34.05411911010742 -0.6627109478709059 0.668553352355957
Car -1 -1 -0.51 1072.8123779296875 141.5541229248047 1184.5853271484375 178.36570739746094 1.3866429328918457 1.5290859937667847 4.109087944030762 22.01327133178711 0.1425236463546753 30.486223220825195 0.11590356783785438 0.63533616065979
Car -1 -1 2.84 1104.900634765625 141.0811004638672 1228.294189453125 181.21310424804688 1.5731418132781982 1.5485315322875977 4.112043857574463 22.541366577148438 0.30501672625541687 28.689638137817383 -2.7770916635879503 0.6177897453308105
Car -1 -1 0.38 747.3796997070312 163.99069213867188 858.26220703125 200.701904296875 1.595280408859253 1.6726484298706055 4.418572902679443 8.678730964660645 1.2111139297485352 32.73213577270508 0.6415652004709003 0.5076471567153931
Car -1 -1 2.78 761.83251953125 159.98789978027344 895.2265014648438 200.51593017578125 1.564569115638733 1.6390466690063477 4.369028568267822 9.400566101074219 1.1066595017910004 31.026931762695312 3.0738150804685116 0.4854664206504822
Car -1 -1 2.82 784.1873779296875 157.82528686523438 923.4737548828125 200.0865020751953 1.666222333908081 1.6252338886260986 4.362616062164307 9.253755569458008 1.0683872997760773 28.72983741760254 3.128523201603441 0.48092684149742126
Car -1 -1 -1.9 1159.632080078125 132.27188110351562 1240.3160400390625 379.40264892578125 1.5319304466247559 1.666480541229248 3.8060503005981445 3.893599510192871 1.5200107097625732 2.660229206085205 -0.9239658447163093 0.4207440912723541
Car -1 -1 -1.58 656.0482788085938 179.22483825683594 701.1784057617188 210.03921508789062 1.4867351055145264 1.5803803205490112 3.7564942836761475 3.584425449371338 1.7661036252975464 33.686317443847656 -1.4693757858024448 0.38396987318992615
Car -1 -1 -1.4 645.92626953125 178.77635192871094 681.6103515625 200.51776123046875 1.4738103151321411 1.6391938924789429 3.712533473968506 3.7314717769622803 1.879280149936676 50.85775375366211 -1.3308901061587664 0.3816584646701813
Car -1 -1 -2.01 1120.9097900390625 166.04571533203125 1233.7589111328125 375.9244079589844 1.5830355882644653 1.616850733757019 3.8427627086639404 4.245096206665039 1.7515854239463806 2.823650360107422 -1.0270173494904462 0.3635998070240021
Car -1 -1 -1.73 1155.2642822265625 164.71192932128906 1233.1531982421875 371.63824462890625 1.6079063415527344 1.5942946672439575 3.6961588859558105 3.3198177814483643 1.6880346536636353 2.3438680171966553 -0.7776451777120421 0.3458499014377594
Car -1 -1 0.1 784.9656982421875 158.54519653320312 897.542236328125 197.71817016601562 1.4927482604980469 1.6731257438659668 4.276883125305176 10.093767166137695 1.0432546734809875 31.17041015625 0.4108137783940382 0.33731696009635925
Car -1 -1 -0.61 1083.166748046875 140.9601287841797 1212.397705078125 179.62998962402344 1.4058494567871094 1.5861999988555908 4.351737976074219 21.99031639099121 0.27075904607772827 28.837343215942383 0.04280721195602366 0.33546769618988037
Car -1 -1 -1.18 649.81591796875 178.99212646484375 690.103271484375 203.4781036376953 1.4570331573486328 1.5870649814605713 3.6982946395874023 3.816981077194214 1.855338215827942 49.83007049560547 -1.105635053583267 0.3318229019641876
Car -1 -1 -3.04 746.5402221679688 161.5049591064453 880.1398315429688 205.36439514160156 1.5414901971817017 1.6336950063705444 4.562599182128906 8.512548446655273 1.1700384318828583 30.51011848449707 -2.770566536435945 0.3076876699924469
Car -1 -1 2.78 1129.9134521484375 139.0564422607422 1240.4700927734375 181.4277801513672 1.6636666059494019 1.5854674577713013 4.001456260681152 22.51714324951172 0.348804235458374 28.163785934448242 -2.8324159704415504 0.3029443025588989
Car -1 -1 2.87 781.5999145507812 151.58387756347656 955.5013427734375 204.6734161376953 1.7093027830123901 1.6829637289047241 4.609916687011719 9.136089324951172 1.279220074415207 25.87395477294922 -3.0729419624267553 0.29069891571998596
Cyclist -1 -1 -2.76 1152.753662109375 179.72946166992188 1232.0682373046875 373.6084289550781 1.7484822273254395 0.54839688539505 1.6354631185531616 2.849517583847046 1.5914581418037415 2.784515142440796 -1.959724808702319 0.2855851948261261
Car -1 -1 1.8 423.5443420410156 189.5911407470703 488.4292297363281 231.92974853515625 1.4736578464508057 1.5770483016967773 3.9988059997558594 -6.100362777709961 2.215696692466736 29.947832107543945 1.5961979174070846 0.27740713953971863
Car -1 -1 2.43 1093.9808349609375 140.046875 1177.2178955078125 177.77597045898438 1.4704266786575317 1.5638755559921265 3.8967843055725098 23.42516326904297 0.1692935824394226 31.5706787109375 3.066488664063545 0.2758198380470276
Cyclist -1 -1 2.76 1159.67333984375 133.24424743652344 1237.7210693359375 379.2313537597656 1.7265193462371826 0.5511839985847473 1.645081639289856 3.0644049644470215 1.4773147106170654 3.043947696685791 -2.7339195647293995 0.26737990975379944
Car -1 -1 -0.6 1148.737548828125 135.6582489013672 1236.6746826171875 180.27139282226562 1.4687714576721191 1.6505157947540283 4.267421722412109 23.131153106689453 0.15741628408432007 27.2283992767334 0.1056199964898803 0.26386407017707825
Car -1 -1 1.8 397.7408752441406 192.00852966308594 471.05889892578125 239.01036071777344 1.446672797203064 1.5909671783447266 3.919306993484497 -5.8535027503967285 2.085610330104828 23.575124740600586 1.5546856115723058 0.2635965943336487
Car -1 -1 1.77 444.5555725097656 188.438720703125 502.0423278808594 226.0780792236328 1.4259446859359741 1.59076726436615 4.078733444213867 -5.824041843414307 2.1413217186927795 30.690853118896484 1.5873339951839371 0.26299935579299927
Car -1 -1 -1.09 651.9191284179688 179.41050720214844 696.02099609375 206.444091796875 1.4860273599624634 1.6027131080627441 3.6570796966552734 3.865471124649048 1.9375466704368591 50.26312255859375 -1.0170501785977057 0.2547130286693573
Pedestrian -1 -1 -0.41 1159.67333984375 133.24424743652344 1237.7210693359375 379.2313537597656 1.6469166278839111 0.6177036166191101 0.7591826915740967 3.03478741645813 1.4554378986358643 3.2924697399139404 0.3336089746206645 0.254328191280365
Van -1 -1 2.59 1137.4569091796875 136.4644317626953 1238.207275390625 179.3200225830078 1.8658220767974854 1.761445164680481 4.255718231201172 26.334823608398438 0.2574957013130188 32.624027252197266 -3.0091836260183786 0.2539032995700836
Car -1 -1 -1.05 659.8092041015625 179.12884521484375 711.1808471679688 210.86192321777344 1.4370814561843872 1.574738621711731 3.4608652591705322 3.645068883895874 1.7451943755149841 33.669681549072266 -0.9385220991593712 0.24802526831626892
Car -1 -1 2.51 1119.8831787109375 138.63623046875 1220.2183837890625 179.570556640625 1.5629788637161255 1.6446914672851562 4.480513572692871 23.577348709106445 0.22651833295822144 29.378828048706055 -3.0980774778494586 0.23265527188777924
Car -1 -1 2.55 1103.1683349609375 142.0872802734375 1199.001953125 179.6374053955078 1.5253478288650513 1.6555299758911133 4.105705738067627 23.494991302490234 0.24081116914749146 31.507038116455078 -3.0960673325101853 0.21482574939727783
Car -1 -1 1.76 489.4601135253906 187.75680541992188 531.0094604492188 216.3142547607422 1.4224960803985596 1.5539311170578003 4.043521404266357 -5.671422958374023 2.2574915885925293 38.50759506225586 1.6118277179338865 0.20680485665798187
Van -1 -1 2.58 1164.9210205078125 134.05670166015625 1239.118896484375 177.66146850585938 1.9355661869049072 1.772303581237793 4.2829108238220215 26.53692054748535 0.21852511167526245 31.828004837036133 -3.0110693652285647 0.20666171610355377
Van -1 -1 1.35 731.6303100585938 151.5355682373047 806.8873901367188 196.740966796875 2.2625057697296143 1.994329571723938 5.4519243240356445 9.392269134521484 1.2744760811328888 41.563621520996094 1.5756513871844708 0.20603035390377045
Car -1 -1 -1.27 671.2604370117188 179.68170166015625 728.3921508789062 215.1473846435547 1.3452048301696777 1.515936255455017 3.5337846279144287 3.9912288188934326 1.6453260779380798 29.962078094482422 -1.1362298548091667 0.2020244598388672
Van -1 -1 1.24 741.117431640625 159.69725036621094 833.1637573242188 198.76368713378906 2.075014114379883 1.880282998085022 5.080286502838135 9.323278427124023 1.1969720423221588 40.34379196166992 1.47012537266583 0.20154716074466705
Car -1 -1 -2.36 1182.1571044921875 135.4944610595703 1233.75048828125 370.859130859375 1.5578919649124146 1.609688639640808 3.7499849796295166 3.5628480911254883 1.533691942691803 2.2659008502960205 -1.3606431158602614 0.19974161684513092
Car -1 -1 1.74 484.00177001953125 188.39382934570312 526.1409912109375 217.5979461669922 1.4498440027236938 1.562407374382019 3.9810025691986084 -5.676764965057373 2.3116574883461 38.693206787109375 1.590980356317571 0.19818115234375
Pedestrian -1 -1 1.04 665.3085327148438 178.88075256347656 722.6915283203125 212.95228576660156 1.6800296306610107 0.6150631904602051 0.7602200508117676 3.0660758018493652 1.6915634274482727 25.960960388183594 1.1554320539943834 0.19601517915725708
Van -1 -1 -0.3 1206.620849609375 127.52320098876953 1238.7579345703125 182.022705078125 1.8800170421600342 1.82390558719635 4.448514461517334 25.147174835205078 0.2125641107559204 27.122465133666992 0.4513274372276914 0.19246122241020203
Car -1 -1 -1.29 649.7393188476562 176.9808807373047 686.864013671875 199.41758728027344 1.4420166015625 1.623024582862854 3.6826086044311523 3.917387008666992 1.799325704574585 49.118858337402344 -1.2147552895160079 0.1878335177898407
Van -1 -1 2.41 1193.425048828125 130.98648071289062 1239.2291259765625 177.75418090820312 2.0236194133758545 1.7729237079620361 4.333483695983887 27.048852920532227 0.2238200306892395 30.756067276000977 3.131442889166509 0.18500395119190216
Car -1 -1 -0.91 729.9781494140625 163.25369262695312 853.7644653320312 206.93051147460938 1.5043370723724365 1.6288033723831177 4.330043315887451 7.552907943725586 1.2109582722187042 30.727893829345703 -0.6642819600437191 0.18415667116641998
Van -1 -1 2.76 749.7366333007812 162.94224548339844 866.297607421875 202.69541931152344 1.9481860399246216 1.849429726600647 4.66324520111084 9.118123054504395 1.3121176660060883 33.88981246948242 3.023228653758318 0.18336081504821777
Car -1 -1 -0.23 816.9560546875 157.7778778076172 931.0955200195312 199.1423797607422 1.5295661687850952 1.6210167407989502 4.198146343231201 9.84836483001709 1.0098658502101898 27.56285858154297 0.11317756109675248 0.18289180099964142
Car -1 -1 -1.74 1171.7197265625 183.02317810058594 1235.8575439453125 335.291259765625 1.6575571298599243 1.5952500104904175 3.852158546447754 3.0444886684417725 1.4953957200050354 2.37553334236145 -0.8299479308567141 0.17964258790016174
Car -1 -1 -0.85 665.7023315429688 178.2587890625 743.7319946289062 214.64089965820312 1.3600468635559082 1.5586715936660767 3.910907506942749 4.191959381103516 1.642654001712799 33.21656799316406 -0.725046172088188 0.17914028465747833
Car -1 -1 2.64 1191.2943115234375 133.754638671875 1239.096435546875 181.2914276123047 1.4547303915023804 1.5738211870193481 4.051604270935059 25.62938690185547 0.2327726185321808 28.69329833984375 -2.914237333248991 0.17290860414505005
Car -1 -1 2.75 1205.1468505859375 129.56204223632812 1237.7191162109375 178.56138610839844 1.516365647315979 1.6113355159759521 4.116823196411133 25.502206802368164 0.23939931392669678 27.95134925842285 -2.794589023084015 0.17257648706436157
Car -1 -1 2.57 1164.9210205078125 134.05670166015625 1239.118896484375 177.66146850585938 1.6105399131774902 1.586654782295227 4.178479194641113 24.5499267578125 0.24448567628860474 29.525136947631836 -3.0226599261229428 0.16728371381759644
Car -1 -1 2.74 764.308349609375 151.50726318359375 928.6781616210938 202.46383666992188 1.7059214115142822 1.6660360097885132 4.578616142272949 8.783356666564941 1.3189000487327576 27.702049255371094 3.0438919256263333 0.16479593515396118
Car -1 -1 -2.24 1190.6861572265625 136.33859252929688 1238.836181640625 366.65875244140625 1.624617338180542 1.6511327028274536 3.7033753395080566 3.212985038757324 1.4231345057487488 2.1310667991638184 -1.253201804800578 0.16259075701236725
Van -1 -1 2.61 1124.4744873046875 133.3855743408203 1230.0377197265625 182.9357147216797 2.0785329341888428 1.787131905555725 4.601812839508057 25.878416061401367 0.4306149482727051 32.30992126464844 -2.999530125105812 0.15992207825183868
Car -1 -1 2.98 1214.265869140625 129.79176330566406 1238.28076171875 180.58663940429688 1.5017138719558716 1.625705361366272 4.025156021118164 25.540895462036133 0.18981772661209106 27.679536819458008 -2.5570536063084326 0.1551157385110855
Car -1 -1 2.47 1130.084716796875 132.61734008789062 1228.1273193359375 184.4314422607422 1.6238676309585571 1.7733241319656372 4.469193458557129 24.840679168701172 0.16042166948318481 30.855039596557617 -3.1330328018621687 0.15509271621704102
Van -1 -1 -0.27 1218.0311279296875 127.3973617553711 1242.4266357421875 182.73094177246094 1.850785732269287 1.7717262506484985 4.230196475982666 25.293127059936523 0.18526458740234375 27.187602996826172 0.47872169328814085 0.15505142509937286
Car -1 -1 3.08 1215.0438232421875 134.8345947265625 1236.66748046875 186.59304809570312 1.3962745666503906 1.5671478509902954 3.9375998973846436 25.630428314208984 0.2078656554222107 27.65679359436035 -2.45635387117884 0.14514966309070587
Car -1 -1 -2.06 1151.960693359375 108.2335205078125 1235.993896484375 333.5291748046875 1.7383562326431274 1.6957780122756958 4.1865715980529785 4.588283538818359 1.5127087235450745 3.4347541332244873 -1.1356848144316531 0.13398204743862152
Car -1 -1 0.79 1119.1273193359375 136.96656799316406 1237.4324951171875 187.7144012451172 1.5475709438323975 1.7441047430038452 4.569982051849365 23.624025344848633 0.137647807598114 29.43622589111328 1.4664768670703783 0.12078586220741272