Car -1 -1 1.86 361.6109619140625 193.0801544189453 449.8657531738281 246.00804138183594 1.4389879703521729 1.5396021604537964 3.680804491043091 -6.114377975463867 2.044212579727173 21.91168785095215 1.5842583030574335 0.8939065933227539
Car -1 -1 1.82 414.1731872558594 190.43231201171875 482.9876403808594 231.58551025390625 1.4682297706604004 1.579831600189209 4.019403457641602 -6.285995960235596 2.180960774421692 28.321434020996094 1.6002932216395909 0.8601607084274292
Car -1 -1 -1.67 663.1383056640625 173.77194213867188 727.5359497070312 223.32545471191406 1.6058878898620605 1.6377817392349243 3.6495280265808105 2.9605252742767334 1.6775449514389038 25.708093643188477 -1.5601019867191805 0.8430819511413574
Car -1 -1 1.74 462.59222412109375 180.04112243652344 509.61419677734375 217.15760803222656 1.7768549919128418 1.6462202072143555 3.934138536453247 -6.1866021156311035 2.131200075149536 36.297027587890625 1.5731711438998364 0.8187251687049866
Car -1 -1 2.5 -1.9182647466659546 207.2709197998047 91.20734560489655 247.51780700683594 1.461519718170166 1.5748950242996216 3.9438607692718506 -22.27962303161621 2.8226161003112793 27.862346649169922 1.8264886967969147 0.6828643083572388
Car -1 -1 -2.83 1052.107421875 132.69004821777344 1160.76416015625 180.89581298828125 1.8860116004943848 1.7525099515914917 3.8478517532348633 20.046199798583984 0.28562384843826294 29.13642120361328 -2.2246937004167897 0.6372457146644592
Van -1 -1 0.48 1048.6480712890625 132.65162658691406 1166.8316650390625 180.01690673828125 1.9489761590957642 1.866047978401184 4.494836807250977 21.297054290771484 0.20277410745620728 31.07716178894043 1.0808349678573652 0.6330568194389343
Car -1 -1 -0.74 34.53297805786133 203.5527801513672 145.01831436157227 245.96087646484375 1.3878735303878784 1.5685440301895142 3.717747926712036 -20.700157165527344 2.7823182940483093 28.917490005493164 -1.3629506822233424 0.6031903624534607
Van -1 -1 1.38 1119.817138671875 117.1939926147461 1235.4842529296875 176.04690551757812 2.478626012802124 1.9888489246368408 5.281996250152588 24.831769943237305 0.0967172384262085 31.54355239868164 2.049724195253556 0.4226303994655609
Car -1 -1 2.57 -1.5215061902999878 208.40750122070312 19.412230610847473 244.31431579589844 1.428078532218933 1.594236135482788 3.914437770843506 -23.519588470458984 2.7759100794792175 26.234067916870117 1.8374085532676894 0.3074648678302765
Car -1 -1 2.41 11.424802780151367 206.0963592529297 111.72236442565918 244.75457763671875 1.4204264879226685 1.5914249420166016 4.0447564125061035 -21.592044830322266 2.7617130875587463 27.869083404541016 1.7485804917180108 0.2902638912200928
Car -1 -1 2.56 -0.5153844356536865 207.84066772460938 27.640526056289673 245.45822143554688 1.4877804517745972 1.6010959148406982 3.8236324787139893 -23.55694007873535 2.8100010752677917 26.503028869628906 1.8286338176348842 0.2733525037765503
Car -1 -1 2.5 -2.6566720008850098 209.2456512451172 33.792611598968506 244.69393920898438 1.4110057353973389 1.6294920444488525 4.039003849029541 -23.100627899169922 2.736132502555847 26.313936233520508 1.7807950982471468 0.2729640603065491
Car -1 -1 1.89 382.244140625 191.2325897216797 464.1044006347656 241.47506713867188 1.414459228515625 1.5686087608337402 3.823605537414551 -6.152017593383789 2.119219660758972 22.68914222717285 1.6228111998723875 0.2504604458808899
Car -1 -1 2.53 -0.43932002782821655 206.6846160888672 13.484502375125885 244.10426330566406 1.4254162311553955 1.5684702396392822 3.6472389698028564 -23.32186508178711 2.7014578580856323 25.60283851623535 1.7916027020763003 0.24322693049907684
Car -1 -1 1.76 467.3525390625 181.7546844482422 518.4108276367188 215.20098876953125 1.6273974180221558 1.6226791143417358 3.729323625564575 -6.101963520050049 2.08344167470932 36.461456298828125 1.5903572436130347 0.2425404191017151
Car -1 -1 -2.37 17.315397262573242 205.82711791992188 132.61700248718262 246.57337951660156 1.505547285079956 1.6580085754394531 4.135225296020508 -20.987178802490234 2.8140136003494263 28.190284729003906 -3.0094239963152605 0.23575809597969055
Van -1 -1 2.68 1087.09765625 124.0468521118164 1218.619384765625 177.32630920410156 2.215104341506958 1.9364616870880127 5.1478047370910645 24.309892654418945 -0.06437802314758301 33.22780990600586 -2.974609250324706 0.2350168526172638
Car -1 -1 1.88 403.10919189453125 191.42066955566406 474.8174743652344 234.9897918701172 1.4728424549102783 1.5606975555419922 3.6902263164520264 -6.4373674392700195 2.2391546964645386 28.724308013916016 1.6553063767930825 0.2130882740020752
Van -1 -1 -2.85 1059.735595703125 128.7626953125 1192.575927734375 178.27243041992188 2.17311429977417 1.9689537286758423 5.118472576141357 23.64396095275879 0.1644713282585144 33.08887481689453 -2.225799095289304 0.20883645117282867
Car -1 -1 -2.69 1059.735595703125 128.7626953125 1192.575927734375 178.27243041992188 1.898587942123413 1.6458003520965576 4.118277072906494 21.387121200561523 0.17858105897903442 30.471006393432617 -2.07477220289098 0.20418578386306763
Car -1 -1 2.76 1087.09765625 124.0468521118164 1218.619384765625 177.32630920410156 1.9481912851333618 1.6982567310333252 4.196039199829102 22.765920639038086 0.07843601703643799 30.994850158691406 -2.8935213847552594 0.2012672871351242
Car -1 -1 1.76 421.73675537109375 187.8722381591797 488.3590393066406 229.56710815429688 1.5274605751037598 1.6509230136871338 4.0434088706970215 -6.146507263183594 2.0960603952407837 27.987377166748047 1.541786394409817 0.20050911605358124
Car -1 -1 -1.72 660.6981811523438 175.05142211914062 716.5862426757812 218.84666442871094 1.546195387840271 1.5815553665161133 3.5047526359558105 3.029090404510498 1.6679373979568481 26.932409286499023 -1.604740749468081 0.19951993227005005
Car -1 -1 -1.78 669.5527954101562 170.62782287597656 725.9562377929688 215.8102264404297 1.4641878604888916 1.655605435371399 3.9203906059265137 2.9657304286956787 1.4878619313240051 25.82840919494629 -1.6670960917931126 0.19445785880088806
Car -1 -1 1.78 448.87872314453125 184.79940795898438 505.6192626953125 220.5114288330078 1.5367872714996338 1.6354836225509644 4.041024684906006 -6.577556610107422 2.13420307636261 36.67243957519531 1.60213929829336 0.18885786831378937
Car -1 -1 1.66 478.3625183105469 182.34255981445312 518.455078125 212.9573211669922 1.636052131652832 1.5994386672973633 3.8057074546813965 -6.583588123321533 2.206551432609558 41.86037063598633 1.5009349825566396 0.18431136012077332
Car -1 -1 2.5 -2.953641414642334 209.2434539794922 53.3786416053772 245.38192749023438 1.3978937864303589 1.6502807140350342 4.105737209320068 -22.43315315246582 2.7065455317497253 26.314992904663086 1.7900445221107493 0.17571157217025757
Car -1 -1 -1.56 627.9310302734375 175.43299865722656 650.0049438476562 191.2120361328125 1.4826642274856567 1.5902787446975708 3.793987989425659 2.744290351867676 1.7705617547035217 67.5634994506836 -1.5219619684431027 0.1742359697818756
Car -1 -1 -1.61 629.776611328125 174.76315307617188 653.632080078125 191.68499755859375 1.478379726409912 1.565197467803955 3.8531832695007324 2.9163525104522705 1.734578013420105 64.52100372314453 -1.5616982247245552 0.16811099648475647