Van -1 -1 -1.67 662.2467041015625 157.6489715576172 703.1160888671875 196.9604034423828 2.230900287628174 1.9982982873916626 5.097931861877441 4.9316229820251465 0.9240741729736328 44.385467529296875 -1.557743942873338 0.8094326853752136
Pedestrian -1 -1 1.28 624.994140625 162.4596710205078 645.4636840820312 211.95249938964844 1.8161436319351196 0.6518822908401489 0.9282553195953369 1.1770387887954712 1.1285312920808792 25.801496505737305 1.3233478994079562 0.6558777093887329
Pedestrian -1 -1 1.6 641.4346313476562 162.30056762695312 658.9979248046875 211.88499450683594 1.8801356554031372 0.6505059599876404 1.0223747491836548 1.754623532295227 1.1325716823339462 26.41410255432129 1.6662559325444528 0.6461815237998962
Pedestrian -1 -1 2.08 635.3651733398438 162.22958374023438 657.6127319335938 212.1907196044922 1.8476142883300781 0.6392142176628113 1.0589032173156738 1.6535724401474 1.1647104173898697 26.66961097717285 2.145192901427399 0.5629333853721619
Pedestrian -1 -1 1.27 628.6785888671875 160.60690307617188 655.0936889648438 213.30528259277344 1.8782492876052856 0.6336497068405151 1.1222809553146362 1.3511196374893188 1.1753112077713013 26.0135498046875 1.3209100405886218 0.4667983651161194
Pedestrian -1 -1 1.79 633.130615234375 161.43325805664062 653.1521606445312 212.8396759033203 1.8373863697052002 0.6415050029754639 0.9203515648841858 1.4250988960266113 1.1860002279281616 25.430278778076172 1.84985191353584 0.46432387828826904
Cyclist -1 -1 -1.69 625.959716796875 157.86984252929688 656.2168579101562 213.1015167236328 1.8335821628570557 0.5305120348930359 1.9327003955841064 1.3805326223373413 1.0616563260555267 25.834945678710938 -1.6341071612620546 0.43610885739326477
Pedestrian -1 -1 -1.3 1126.1810302734375 126.18158721923828 1223.1251220703125 375.5230484008789 1.7430018186569214 0.6350917816162109 0.9943789839744568 3.2487268447875977 1.6206086874008179 3.3500096797943115 -0.5259718970697942 0.33541980385780334
Cyclist -1 -1 -1.4 622.3221435546875 160.07632446289062 652.0771484375 213.39944458007812 1.8358982801437378 0.5453436374664307 1.9735462665557861 1.3023550510406494 1.1730950474739075 26.305965423583984 -1.3472381836768985 0.2492508441209793
Truck -1 -1 -1.58 625.0769653320312 157.1195831298828 657.4776611328125 212.92922973632812 2.794508695602417 2.437448501586914 6.542254447937012 1.7782491445541382 1.4454177841544151 34.79143142700195 -1.5277277994762315 0.24107682704925537
Pedestrian -1 -1 -1.37 1155.373779296875 132.093994140625 1219.542236328125 361.9460754394531 1.682924747467041 0.6483120322227478 0.6724037528038025 2.881737232208252 1.5116037130355835 3.0396652221679688 -0.6084171485765459 0.2305021435022354
Cyclist -1 -1 -1.58 624.8668823242188 163.62265014648438 646.5633544921875 212.45663452148438 1.7988543510437012 0.5679236650466919 1.8685773611068726 1.239190936088562 1.1217263638973236 26.242433547973633 -1.5356575549478357 0.22370114922523499
Cyclist -1 -1 -1.33 633.9635009765625 159.87710571289062 658.3155517578125 210.64639282226562 1.7652592658996582 0.5617477893829346 1.893236517906189 1.412692666053772 1.172898143529892 26.417804718017578 -1.278570127534847 0.2187102884054184
Pedestrian -1 -1 1.63 641.9846801757812 162.3094482421875 664.1375732421875 209.25558471679688 1.8319170475006104 0.68132084608078 1.01173734664917 1.8173247575759888 1.1313928961753845 26.356525421142578 1.6995178170831258 0.20167286694049835
Pedestrian -1 -1 -0.9 1167.1871337890625 46.78274917602539 1223.4749755859375 363.551456451416 1.8413292169570923 0.6157776117324829 0.6875593662261963 3.065786361694336 1.4671571850776672 2.9881529808044434 -0.10581697871459816 0.1982990801334381
Truck -1 -1 -1.62 662.5689086914062 156.65167236328125 704.0676879882812 197.04127502441406 2.9945156574249268 2.4391753673553467 7.473357677459717 5.064354419708252 1.156760722398758 45.40416717529297 -1.5105684401537385 0.1943690925836563
Pedestrian -1 -1 -1.1 1148.638427734375 82.94465637207031 1219.2530517578125 362.5264434814453 1.7780537605285645 0.614616334438324 0.8005571961402893 2.9149692058563232 1.4777804017066956 2.9683330059051514 -0.320632726096056 0.19241927564144135
Van -1 -1 0.48 959.3323974609375 52.75794219970703 1243.8154296875 360.8389663696289 2.560598134994507 2.0269603729248047 5.7296061515808105 1.9040331840515137 1.4908882826566696 1.4365713596343994 1.402404002931024 0.1717887967824936