Car -1 -1 -1.92 725.6947021484375 183.37696838378906 1031.4537353515625 375.4924621582031 1.580570101737976 1.6380159854888916 3.859802722930908 2.461109161376953 1.6916398406028748 7.674274921417236 -1.6129639907402291 0.8786647319793701
Car -1 -1 -2.82 226.34385681152344 189.09544372558594 412.31402587890625 261.2621765136719 1.4182732105255127 1.6276012659072876 3.729555368423462 -6.41678524017334 1.8211549520492554 16.159746170043945 3.085897079941441 0.8389049768447876
Car -1 -1 -1.64 640.702392578125 184.34410095214844 674.459228515625 211.0306854248047 1.4556039571762085 1.6239230632781982 4.011571884155273 2.675459861755371 2.1435869336128235 41.62580108642578 -1.5754465471988555 0.8264907002449036
Car -1 -1 2.18 -8.86958122253418 200.0546417236328 393.2959156036377 373.3542785644531 1.3993573188781738 1.6481138467788696 3.769366979598999 -2.5046188831329346 1.605581283569336 4.249580383300781 1.6483201583029805 0.7668535113334656
Car -1 -1 -2.58 436.1423034667969 172.52987670898438 534.6471557617188 217.4600830078125 1.9410254955291748 1.7838232517242432 4.217552661895752 -5.522912979125977 1.9588797688484192 33.131690979003906 -2.7447826430306854 0.7010642290115356
Car -1 -1 -2.5 404.5708312988281 182.39712524414062 505.5979309082031 224.85302734375 1.488730549812317 1.549180030822754 3.863640785217285 -5.932251453399658 1.8965542912483215 27.613121032714844 -2.7154274824786846 0.6853602528572083
Car -1 -1 -2.73 421.86932373046875 176.6479034423828 523.8626708984375 219.47311401367188 1.7484760284423828 1.6921247243881226 4.1015543937683105 -5.678910732269287 1.8862520456314087 30.953826904296875 -2.911199477960883 0.6770312786102295
Car -1 -1 0.51 345.977294921875 186.75413513183594 490.646728515625 230.65838623046875 1.4194881916046143 1.615338921546936 4.126128196716309 -6.106847763061523 1.8595000505447388 24.105621337890625 0.2607270034532818 0.6547332406044006
Van -1 -1 -2.85 431.2173767089844 170.5018310546875 536.9846801757812 217.8924560546875 2.038858413696289 1.845024824142456 4.819168567657471 -5.859836101531982 1.9871927499771118 35.24663162231445 -3.0186385166135308 0.6295657157897949
Car -1 -1 0.8 383.15802001953125 186.4893798828125 500.7533874511719 226.6906280517578 1.405976414680481 1.574821949005127 3.9064159393310547 -6.303149223327637 1.9433889985084534 27.408525466918945 0.5729553141742727 0.601104736328125
Car -1 -1 1.89 28.222949981689453 190.29998779296875 349.90605545043945 315.9378662109375 1.3467137813568115 1.5723068714141846 3.800344944000244 -6.344237327575684 1.7441694736480713 11.43792724609375 1.3869419925810078 0.5518500208854675
Van -1 -1 -2.09 625.7642822265625 169.12013244628906 658.0794067382812 202.48745727539062 2.373424768447876 1.9608944654464722 5.332775592803955 2.491762399673462 2.1155383586883545 56.458309173583984 -2.0481067582242236 0.5229218602180481
Car -1 -1 -1.66 636.0010375976562 179.540283203125 673.4058227539062 210.03799438476562 1.499426007270813 1.6076397895812988 3.825670003890991 2.69665265083313 2.1195817589759827 41.52592086791992 -1.594317999752974 0.5214920043945312
Car -1 -1 -3.09 472.5321044921875 177.97657775878906 548.9112548828125 208.68870544433594 1.6375293731689453 1.6387734413146973 4.1723408699035645 -5.655750751495361 2.0268877744674683 42.75203323364258 3.057516218626084 0.47007715702056885
Car -1 -1 -2.75 453.6579895019531 174.6337890625 539.1508178710938 212.9290771484375 1.8684507608413696 1.7617837190628052 4.200464725494385 -5.461544513702393 1.9745392203330994 34.569190979003906 -2.903035113437854 0.4571349322795868
Car -1 -1 1.55 6.048574447631836 196.9969482421875 361.9994411468506 347.43426513671875 1.5879602432250977 1.6549655199050903 4.126420497894287 -5.5808329582214355 1.9139695167541504 9.960911750793457 1.0425173967843318 0.44121718406677246
Car -1 -1 -1.61 634.6408081054688 176.61865234375 669.5149536132812 207.78390502929688 1.5289613008499146 1.5682224035263062 3.832817554473877 2.787626028060913 2.1311678290367126 41.014404296875 -1.54016318310381 0.43996942043304443
Car -1 -1 1.09 76.54756927490234 191.01356506347656 344.1066207885742 292.1656494140625 1.4706289768218994 1.663576364517212 4.267243385314941 -6.226805210113525 1.7668721675872803 11.401250839233398 0.5916174090167776 0.4149444103240967
Car -1 -1 2.38 -3.9068424701690674 210.8618927001953 291.74663043022156 374.3086853027344 1.538737177848816 1.6014964580535889 3.7021899223327637 -2.3530383110046387 1.6707613468170166 2.7167561054229736 1.670823372145322 0.4030573070049286
Van -1 -1 -3.08 451.54083251953125 172.11984252929688 546.528076171875 212.6285400390625 2.091554880142212 1.7755756378173828 5.112635135650635 -5.830312252044678 2.0152634978294373 40.09776306152344 3.0578394430379117 0.36789223551750183
Van -1 -1 -2.71 420.4651184082031 173.69664001464844 525.899658203125 220.62640380859375 1.994246482849121 1.8353216648101807 4.812289237976074 -5.9371747970581055 2.0232380628585815 31.84498405456543 -2.890393477971955 0.3557819128036499
Car -1 -1 -1.58 629.5213623046875 171.77734375 661.5421752929688 204.89215087890625 1.6357382535934448 1.5789481401443481 3.7424044609069824 2.66117787361145 2.1315271258354187 41.7297477722168 -1.5203976158078785 0.3305630087852478
Van -1 -1 -1.74 629.5213623046875 171.77734375 661.5421752929688 204.89215087890625 2.3636274337768555 1.9779986143112183 5.18996524810791 2.8579800128936768 2.1103793382644653 53.42560577392578 -1.6861496849553053 0.303911417722702
Car -1 -1 2.99 180.35418701171875 188.47796630859375 413.3544616699219 272.1080627441406 1.5173933506011963 1.6726713180541992 3.803622245788574 -6.4112348556518555 1.7810108661651611 16.041933059692383 2.6067802497980495 0.2923736274242401
Car -1 -1 -2.52 124.10887145996094 194.9771270751953 393.4235076904297 278.50677490234375 1.352006435394287 1.5732561349868774 3.9105284214019775 -6.301130771636963 1.850816249847412 15.492413520812988 -2.908433561900301 0.28602027893066406
Car -1 -1 2.08 15.827889442443848 192.99281311035156 306.51307010650635 329.2445373535156 1.3969639539718628 1.5388768911361694 3.7382917404174805 -6.5527143478393555 1.7834771275520325 11.092963218688965 1.5511415437044107 0.2707638144493103
Van -1 -1 1.58 628.8014526367188 173.11160278320312 656.3880004882812 202.75135803222656 2.326051712036133 1.928945779800415 5.482489109039307 2.3780393600463867 2.2070400714874268 54.2579231262207 1.6201690535862534 0.26661086082458496
Car -1 -1 0.13 311.9593811035156 189.87554931640625 466.0446472167969 237.8685760498047 1.4188376665115356 1.6191898584365845 3.927691698074341 -6.606588363647461 1.8315685391426086 23.393875122070312 -0.1484483936205212 0.2566516697406769
Car -1 -1 0.39 328.5958251953125 182.8188018798828 484.9383239746094 235.65884399414062 1.4804954528808594 1.5793427228927612 4.097994804382324 -5.91339111328125 1.8306329250335693 23.31031036376953 0.14234395492462681 0.23580557107925415
Car -1 -1 0.72 344.7606506347656 189.05628967285156 466.6880798339844 233.70571899414062 1.40817129611969 1.5623449087142944 3.82279109954834 -6.699007034301758 1.9267192482948303 23.894025802612305 0.44250726700826437 0.23091858625411987
Car -1 -1 -2.84 203.2928924560547 192.94691467285156 390.41912841796875 266.5503234863281 1.4093239307403564 1.6139968633651733 3.8711631298065186 -6.799635887145996 1.8954555988311768 15.853998184204102 3.036330197399341 0.22433294355869293
Car -1 -1 -2.86 243.9668426513672 190.92999267578125 417.556396484375 250.653564453125 1.4023563861846924 1.6171945333480835 3.791965961456299 -6.760979652404785 1.8567734956741333 17.424274444580078 3.05746390270657 0.21672609448432922
Car -1 -1 0.93 627.872314453125 172.51976013183594 655.679443359375 203.43344116210938 1.7366633415222168 1.631303310394287 4.169142723083496 2.235041856765747 2.113316774368286 51.1552619934082 0.9748584283426389 0.20666061341762543
Car -1 -1 -3.06 486.5996398925781 179.6039581298828 551.6990966796875 207.22740173339844 1.6341784000396729 1.6733657121658325 4.18915319442749 -5.777067184448242 2.078802704811096 43.775394439697266 3.088939195768136 0.1983458250761032
Car -1 -1 0.65 364.9523620605469 182.9778594970703 497.0587463378906 229.00990295410156 1.4783695936203003 1.6617730855941772 4.012564182281494 -6.171468734741211 2.009118974208832 25.225139617919922 0.4138529376099882 0.19711294770240784
Car -1 -1 2.49 -0.02652999758720398 218.5753631591797 204.85683181881905 371.8082275390625 1.468878149986267 1.5668883323669434 3.680177688598633 -3.4931182861328125 1.7265718579292297 3.0507547855377197 1.6381379257297475 0.1951092630624771
Car -1 -1 -3.04 468.13421630859375 180.1734161376953 545.63232421875 213.1404266357422 1.5359878540039062 1.6361079216003418 3.979375123977661 -5.754401206970215 2.1905829906463623 42.572811126708984 3.1085597042046604 0.1913549154996872
Van -1 -1 1.57 633.2853393554688 175.62088012695312 665.4073486328125 207.2740020751953 2.2169430255889893 1.9611955881118774 5.100665092468262 2.4872090816497803 2.1174556016921997 51.54389572143555 1.62082724897739 0.18423111736774445
Van -1 -1 -3.03 399.8180847167969 177.77105712890625 518.821533203125 222.19757080078125 2.011744737625122 1.8485604524612427 5.123716831207275 -6.459349155426025 1.8537955284118652 31.52225685119629 3.0465141669514066 0.17645658552646637
Car -1 -1 2.45 -26.161518096923828 173.853515625 436.3969841003418 359.8671569824219 1.344248652458191 1.7041605710983276 4.255975723266602 -2.9277703762054443 1.6082016229629517 5.128540515899658 1.9303521984516596 0.17119117081165314
Van -1 -1 3.05 470.5932312011719 175.6356201171875 551.12646484375 210.0157012939453 2.007197380065918 1.816402554512024 4.982702732086182 -6.163757801055908 2.0958865880966187 44.7271728515625 2.912156991950054 0.1637866497039795
Car -1 -1 1.6 291.04949951171875 187.70603942871094 445.7104797363281 242.4146270751953 1.3650109767913818 1.5866636037826538 4.081989765167236 -6.541412353515625 1.8200345039367676 21.35968589782715 1.2996283962536168 0.15808922052383423
Car -1 -1 -2.51 158.06277465820312 201.41693115234375 412.4806823730469 316.889892578125 1.4533379077911377 1.6896946430206299 3.93203067779541 -6.313600063323975 2.0055975914001465 15.155912399291992 -2.9015577976594713 0.13928735256195068
Car -1 -1 1.67 78.22808837890625 196.66958618164062 403.01947021484375 327.19122314453125 1.4155900478363037 1.670042872428894 3.8612070083618164 -5.7213969230651855 1.8978747129440308 12.194231033325195 1.2320506271413656 0.06426685303449631