Car -1 -1 1.86 306.7726135253906 193.60594177246094 420.932861328125 261.65106201171875 1.4123178720474243 1.6021625995635986 3.8613240718841553 -5.897310733795166 1.9597933888435364 17.63052749633789 1.540477519984523 0.8822312355041504
Car -1 -1 -1.92 785.7098999023438 176.950927734375 1097.653564453125 369.7557373046875 1.5201826095581055 1.6423262357711792 3.989177942276001 3.197561740875244 1.6154374480247498 7.934969425201416 -1.5364863829857365 0.8811793923377991
Car -1 -1 -1.71 718.0430297851562 175.68795776367188 830.0686645507812 267.7840881347656 1.5271022319793701 1.574324369430542 3.4813625812530518 3.0783660411834717 1.5981088876724243 14.361748695373535 -1.4985735103869828 0.8655120730400085
Car -1 -1 1.84 478.3848571777344 183.71597290039062 520.1708984375 211.23277282714844 1.4892290830612183 1.628743290901184 3.6950244903564453 -6.486624717712402 2.1466748118400574 42.49509048461914 1.6853383662890238 0.7842181921005249
Car -1 -1 -1.62 640.5203247070312 175.94097900390625 672.0867309570312 199.5355682373047 1.5081617832183838 1.5963037014007568 3.4762017726898193 2.868290901184082 1.7067211270332336 44.89300537109375 -1.5552637571002457 0.6252079606056213
Car -1 -1 -2.69 1068.29150390625 194.8623504638672 1236.641845703125 363.3489990234375 1.492826223373413 1.5874526500701904 3.7928378582000732 3.2289421558380127 1.6345051527023315 1.6584779024124146 -1.594836664516091 0.6025336384773254
Van -1 -1 2.6 -5.959181308746338 120.58006286621094 267.4041304588318 278.74176025390625 2.8229024410247803 2.1332428455352783 6.242650032043457 -10.71412181854248 2.0333805084228516 13.18881893157959 1.9182522590351043 0.43668171763420105
Car -1 -1 1.67 583.3496704101562 176.4178924560547 611.7494506835938 193.37344360351562 1.526187539100647 1.7113229036331177 4.242763996124268 -1.2571613788604736 1.8060926795005798 66.38612365722656 1.6471221624801498 0.35770678520202637
Car -1 -1 1.75 487.0904235839844 183.35711669921875 522.968017578125 210.18023681640625 1.455485224723816 1.5843312740325928 3.576650619506836 -6.409274101257324 2.1496452689170837 42.21968460083008 1.6010810920814258 0.2637186646461487
Pedestrian -1 -1 1.92 1078.55615234375 178.1897430419922 1236.9405517578125 369.6470031738281 1.781936764717102 0.6784079074859619 0.6823861598968506 3.1389477252960205 1.8952921032905579 3.411318063735962 2.663021228760698 0.2327396124601364
Car -1 -1 -2.65 1097.66455078125 163.2864990234375 1232.00341796875 375.53326416015625 1.6016547679901123 1.5415757894515991 3.65346360206604 3.1208150386810303 1.682077944278717 1.4947009086608887 -1.521211615312036 0.22118686139583588
Cyclist -1 -1 2.32 1093.971923828125 224.30889892578125 1199.8096923828125 349.1857604980469 1.504534125328064 0.49458664655685425 1.3795348405838013 3.725846767425537 1.710688292980194 3.742201566696167 3.0987171416530828 0.21822749078273773
Truck -1 -1 2.33 0.8810620903968811 94.7835464477539 266.500233232975 287.65149688720703 3.392566442489624 2.591679811477661 8.467381477355957 -10.34095573425293 2.036919891834259 13.870259284973145 1.6929816694909583 0.20582714676856995
Van -1 -1 -2.26 26.310686111450195 128.78147888183594 281.0780658721924 263.631591796875 2.7648138999938965 2.0399961471557617 5.983212471008301 -11.465696334838867 2.04297935962677 15.376797676086426 -2.90207368662898 0.20468822121620178
Van -1 -1 2.54 -2.975472927093506 111.40179443359375 221.22939157485962 292.63592529296875 2.749452829360962 2.112992286682129 6.042606353759766 -10.070231437683105 1.8986820578575134 11.761627197265625 1.8311978294766522 0.2013493925333023
Pedestrian -1 -1 2.0 1111.3748779296875 210.81094360351562 1201.906494140625 331.140869140625 1.7659809589385986 0.5214033722877502 0.5779669284820557 4.610118865966797 2.0083606243133545 5.3148369789123535 2.718141183704538 0.1792018711566925
Car -1 -1 -2.54 1095.8392333984375 216.0894317626953 1198.0872802734375 341.1822814941406 1.5774000883102417 1.6100927591323853 3.364453077316284 1.9564439058303833 1.3269981741905212 1.3774784803390503 -1.583595605351518 0.15823200345039368
Truck -1 -1 3.1 1082.324462890625 234.3362274169922 1194.421875 355.6582946777344 2.878450632095337 2.722930669784546 6.038791656494141 5.416149139404297 2.181502103805542 4.431156635284424 -2.298433353858117 0.1558697372674942
Car -1 -1 -2.58 1082.324462890625 234.3362274169922 1194.421875 355.6582946777344 1.5864506959915161 1.6058567762374878 3.3701796531677246 2.0548341274261475 1.39081472158432 1.4096224308013916 -1.60617331569674 0.14494359493255615
Car -1 -1 -2.58 1105.60693359375 225.14724731445312 1206.437744140625 348.61968994140625 1.5824145078659058 1.6506354808807373 3.3690664768218994 1.6178840398788452 1.2558302283287048 1.0731233358383179 -1.5979142351706432 0.13969236612319946