Car -1 -1 -1.4 430.90289306640625 183.619384765625 499.47088623046875 234.22279357910156 1.4837071895599365 1.6828742027282715 4.101954936981201 -4.6661696434021 1.513980746269226 23.996065139770508 -1.5952156670027327 0.8860186338424683
Car -1 -1 -1.24 253.14703369140625 192.93682861328125 439.8706970214844 297.82373046875 1.4189445972442627 1.639940857887268 4.138993740081787 -4.102695465087891 1.5606029629707336 12.111642837524414 -1.5695518820318952 0.8666146993637085
Car -1 -1 -0.99 4.8426337242126465 178.09048461914062 246.84478521347046 294.658935546875 1.479921579360962 1.6168264150619507 4.042530059814453 -7.668770790100098 1.4198421835899353 11.810751914978027 -1.5678588118375112 0.8588390946388245
Car -1 -1 -1.54 578.634521484375 180.30035400390625 612.582763671875 211.90060424804688 1.6128041744232178 1.6760566234588623 4.084857940673828 -0.6649153232574463 1.3649901151657104 39.02082061767578 -1.5545946071031622 0.8419030904769897
Car -1 -1 -1.45 478.1136474609375 183.16207885742188 522.0355834960938 217.2415771484375 1.4995039701461792 1.6339188814163208 4.190324783325195 -5.146415710449219 1.480552315711975 34.89723587036133 -1.5927024765032174 0.8080114722251892
Car -1 -1 -1.44 177.166748046875 217.34300231933594 350.79876708984375 333.13055419921875 1.3427345752716064 1.5416271686553955 3.284120798110962 -4.314603805541992 1.669543981552124 9.532698631286621 -1.8616473029500886 0.7145779132843018
Car -1 -1 -0.97 374.56939697265625 182.7642364501953 429.3292541503906 219.32284545898438 1.563883900642395 1.6150380373001099 3.209252119064331 -9.348370552062988 1.5040584206581116 32.770538330078125 -1.2487543836007022 0.6382355690002441
Car -1 -1 -0.43 508.92822265625 183.79620361328125 539.6962280273438 208.9394989013672 1.4928631782531738 1.5950783491134644 3.795980930328369 -5.305238723754883 1.4644587635993958 45.66267013549805 -0.5444246513725841 0.6296392679214478
Van -1 -1 1.86 241.767578125 173.2827911376953 325.5877380371094 222.35403442382812 1.9001644849777222 1.8281562328338623 4.329409599304199 -12.891984939575195 1.4099231958389282 28.98053741455078 1.4434115259859146 0.6255958676338196
Car -1 -1 1.55 258.728515625 184.09974670410156 354.2054443359375 235.9446563720703 1.3786890506744385 1.595355749130249 3.8030598163604736 -9.064181327819824 1.465019404888153 21.95832061767578 1.158440690364145 0.6212072968482971
Van -1 -1 2.04 247.99313354492188 175.6322784423828 347.1091613769531 230.00271606445312 1.9468541145324707 1.8739173412322998 4.594135284423828 -12.056503295898438 1.5792471766471863 27.81792640686035 1.6311286380769685 0.5588677525520325
Car -1 -1 0.62 822.3282470703125 179.9659881591797 1237.9503173828125 378.30963134765625 1.7487560510635376 1.6093815565109253 3.981384754180908 2.2886385917663574 1.5995401740074158 2.320967674255371 1.3976340899596877 0.5129892230033875
Car -1 -1 -0.76 250.083740234375 178.70303344726562 355.49688720703125 230.9630584716797 1.6514325141906738 1.6560413837432861 3.9166088104248047 -11.028827667236328 1.408900499343872 26.241321563720703 -1.1583686172784242 0.46618902683258057
Car -1 -1 1.85 244.0213623046875 174.83938598632812 345.31201171875 227.3983612060547 1.7205893993377686 1.7015191316604614 4.209546089172363 -11.178269386291504 1.4846493005752563 26.202823638916016 1.4425002339380377 0.3560788035392761
Van -1 -1 0.71 762.9151000976562 172.6405792236328 1240.561279296875 379.6789855957031 2.031088352203369 1.8628249168395996 4.869202136993408 1.8858041763305664 1.583091139793396 2.219508409500122 1.4152254814355558 0.34108826518058777
Car -1 -1 -1.29 222.2014923095703 195.25257873535156 423.7283020019531 309.9080505371094 1.442046046257019 1.5594531297683716 3.6669723987579346 -4.060159683227539 1.579608142375946 11.586360931396484 -1.6296704107610314 0.33723777532577515
Car -1 -1 0.75 763.5223999023438 168.7956085205078 1194.3421630859375 380.55902099609375 1.7432199716567993 1.6416457891464233 3.999880075454712 2.1183931827545166 1.558647334575653 2.4712836742401123 1.4590937563461406 0.3352116346359253
Car -1 -1 -1.09 209.20547485351562 200.26687622070312 355.3277893066406 309.8160705566406 1.350730061531067 1.535735011100769 3.4189419746398926 -5.226613521575928 1.633086919784546 11.722054481506348 -1.5124915423127474 0.3137252628803253
Car -1 -1 2.93 839.87158203125 233.24066162109375 1225.1575927734375 370.11669921875 1.4581632614135742 1.6628649234771729 4.1034836769104 1.6349152326583862 1.5960166454315186 2.3419406414031982 -2.7407158915387013 0.2815916836261749
Car -1 -1 -0.95 258.66864013671875 188.31468200683594 368.01312255859375 245.4439697265625 1.4153368473052979 1.5500776767730713 3.493488073348999 -8.600305557250977 1.5927596688270569 21.246191024780273 -1.3325844197949799 0.2753291428089142
Truck -1 -1 1.09 801.8505859375 113.55815887451172 1221.88037109375 391.4482955932617 3.0517988204956055 2.257718086242676 6.018619537353516 2.482593297958374 1.7772263884544373 3.141571521759033 1.7619580558078152 0.2608957588672638
Car -1 -1 -1.39 439.91900634765625 182.6914520263672 501.411865234375 227.74853515625 1.467260718345642 1.6118264198303223 3.896674633026123 -4.631839752197266 1.509386658668518 24.134244918823242 -1.584394256423579 0.2526378035545349
Car -1 -1 1.38 740.589599609375 192.0948028564453 1149.5491943359375 364.7348937988281 1.5709353685379028 1.624777913093567 4.147943496704102 1.6598784923553467 1.599306881427765 2.789614677429199 1.92026388560891 0.25256243348121643
Car -1 -1 -2.37 484.1770935058594 181.722412109375 524.9176025390625 214.54734802246094 1.5302484035491943 1.5761722326278687 3.95573353767395 -5.223944664001465 1.4926627278327942 35.09750747680664 -2.5187890919280758 0.250405490398407
Car -1 -1 0.44 893.7755126953125 208.6689453125 1235.595703125 377.3111877441406 1.5571191310882568 1.6448032855987549 4.130789756774902 2.3999178409576416 1.483222484588623 2.354534864425659 1.2368862099516011 0.23842714726924896
Car -1 -1 1.69 515.0559692382812 182.5758056640625 543.5117797851562 207.1997833251953 1.5110270977020264 1.5520961284637451 3.885211706161499 -5.104279518127441 1.4374891519546509 44.95578384399414 1.5754804271762834 0.23707129061222076
Car -1 -1 -1.04 254.21986389160156 189.93165588378906 407.70623779296875 274.42242431640625 1.3912307024002075 1.6212486028671265 3.930535316467285 -6.586650371551514 1.6554391384124756 17.58492088317871 -1.3992461613162712 0.23165114223957062
Car -1 -1 -0.82 -2.5861618518829346 182.16909790039062 75.82095789909363 266.41265869140625 1.421750545501709 1.5729799270629883 3.4732649326324463 -11.993569374084473 1.43343985080719 13.527704238891602 -1.5448958520237728 0.2306215912103653
Car -1 -1 -1.33 371.1151123046875 181.44549560546875 421.7404479980469 216.10894775390625 1.59857177734375 1.6381494998931885 3.5762522220611572 -9.05989933013916 1.448107361793518 32.18952178955078 -1.607845369939919 0.2279130071401596
Car -1 -1 -1.46 495.9968566894531 182.84519958496094 534.664794921875 211.00149536132812 1.5348116159439087 1.6100972890853882 4.123019218444824 -5.212015151977539 1.446679949760437 43.7837028503418 -1.5812984206377783 0.22722339630126953
Car -1 -1 -1.23 275.58154296875 192.3184051513672 426.5692443847656 279.36981201171875 1.4269194602966309 1.6119190454483032 3.789414644241333 -4.317983150482178 1.5309178233146667 12.659110069274902 -1.5573771072395122 0.22063560783863068
Van -1 -1 2.21 253.37913513183594 180.58731079101562 355.25738525390625 236.62765502929688 1.9552443027496338 1.8341264724731445 4.343514919281006 -11.34864330291748 1.6893723011016846 26.829151153564453 1.8141196013063396 0.22056171298027039
Car -1 -1 0.72 256.5942077636719 186.59268188476562 390.48260498046875 262.5677185058594 1.4432750940322876 1.616615653038025 3.7780189514160156 -9.806890487670898 1.719093918800354 24.3881893157959 0.33324565715265386 0.220438614487648
Car -1 -1 -1.24 203.90391540527344 206.35195922851562 392.13336181640625 320.7672424316406 1.4049780368804932 1.5445616245269775 3.471705436706543 -3.9073567390441895 1.593800961971283 9.517926216125488 -1.6318151709821134 0.21376922726631165
Car -1 -1 -1.4 502.891357421875 180.8299560546875 537.8508911132812 207.59426879882812 1.4832249879837036 1.6515839099884033 4.182631492614746 -5.311336517333984 1.3109806776046753 44.49574279785156 -1.5181357948272618 0.21180953085422516
Truck -1 -1 0.97 756.73388671875 163.56668090820312 1224.6761474609375 381.3797302246094 3.2506115436553955 2.4374887943267822 7.0586652755737305 2.3928937911987305 2.010270357131958 3.004507064819336 1.6470957798250145 0.21074645221233368
Car -1 -1 -0.19 239.1629180908203 189.09913635253906 355.26312255859375 265.6088562011719 1.4745192527770996 1.5689047574996948 3.833697557449341 -8.627850532531738 1.6909087896347046 20.053390502929688 -0.5925815578843974 0.20194993913173676
Van -1 -1 0.63 730.0611572265625 109.97306060791016 1172.81884765625 387.85010528564453 1.7987271547317505 1.7465991973876953 5.026096343994141 1.7470036745071411 1.3277872800827026 3.2184653282165527 1.1237268267942646 0.20138974487781525
Car -1 -1 -1.93 502.4586486816406 185.60250854492188 535.7368774414062 212.383056640625 1.426802396774292 1.548858880996704 4.0016770362854 -5.259824752807617 1.5327975153923035 44.20062255859375 -2.0468159554823995 0.19671551883220673
Car -1 -1 0.6 718.3865966796875 152.59251403808594 1205.115966796875 404.0304260253906 1.3758116960525513 1.7165216207504272 4.732045650482178 2.1032071113586426 1.4326251745224 4.113254547119141 1.0693340648888103 0.1957547515630722
Car -1 -1 -1.54 490.1529846191406 180.97491455078125 527.9337768554688 212.10353088378906 1.519339680671692 1.6291667222976685 3.912810802459717 -5.141213893890381 1.427474319934845 35.955284118652344 -1.6802322362619524 0.19514715671539307
Car -1 -1 -1.19 225.46939086914062 196.5311737060547 392.1223449707031 297.647216796875 1.39564847946167 1.5780701637268066 3.8365674018859863 -4.779868125915527 1.6159605979919434 12.44800090789795 -1.5613469569658207 0.1940683275461197
Van -1 -1 0.75 801.8505859375 113.55815887451172 1221.88037109375 391.4482955932617 2.1956703662872314 1.896777629852295 4.944413661956787 1.511232852935791 1.4652400612831116 1.7872421741485596 1.4563048587778438 0.19358432292938232
Van -1 -1 1.15 705.77099609375 89.11046600341797 1266.267333984375 399.5584945678711 1.7752853631973267 1.731851577758789 5.3152618408203125 1.938302755355835 1.3663570284843445 4.408393859863281 1.5603531426947432 0.19264984130859375
Car -1 -1 -1.54 500.2197570800781 177.54595947265625 534.6264038085938 206.7310333251953 1.6130719184875488 1.6973809003829956 4.273932933807373 -5.252743721008301 1.3081110715866089 44.1795539855957 -1.6569196685370926 0.19018156826496124
Car -1 -1 -1.53 576.0206298828125 180.64813232421875 606.8865966796875 208.73165893554688 1.6297297477722168 1.6900907754898071 4.059034824371338 -0.6911353468894958 1.3896558284759521 40.771907806396484 -1.549842452912496 0.19015458226203918
Car -1 -1 -1.51 468.6798400878906 185.9554901123047 519.714111328125 221.8483123779297 1.4341086149215698 1.5534307956695557 3.89727783203125 -5.261030197143555 1.5298935770988464 35.173614501953125 -1.6606685816007607 0.18668366968631744
Truck -1 -1 1.39 850.740234375 90.96601104736328 1200.8050537109375 368.44120025634766 3.093015670776367 2.276594638824463 5.794857501983643 2.8718526363372803 1.7290328741073608 3.775001049041748 2.0406198072329547 0.18028761446475983
Car -1 -1 0.84 719.309814453125 103.61494445800781 1267.3115234375 422.9387969970703 1.288265347480774 1.6964378356933594 4.5762858390808105 2.2569310665130615 1.5201307535171509 4.990882396697998 1.2688281834477761 0.17777259647846222
Car -1 -1 1.64 536.3201904296875 177.88925170898438 557.2320556640625 200.0890655517578 1.6886001825332642 1.6813788414001465 4.273509502410889 -5.300770282745361 1.234800934791565 60.001895904541016 1.5494961759928092 0.17669333517551422
Van -1 -1 0.65 718.3865966796875 152.59251403808594 1205.115966796875 404.0304260253906 2.003272533416748 1.6858385801315308 4.5200042724609375 2.2041172981262207 1.880241334438324 4.375117301940918 1.1210808024753938 0.1717870533466339
Car -1 -1 1.05 952.989013671875 168.8267059326172 1277.1822509765625 401.4113464355469 1.523584008216858 1.7854552268981934 5.166184902191162 2.531851291656494 1.4664093852043152 3.75909161567688 1.6437124509483398 0.16797931492328644
Car -1 -1 -2.01 349.2298889160156 184.00466918945312 428.6773376464844 223.45309448242188 1.4030466079711914 1.594875693321228 3.6213836669921875 -9.832642555236816 1.6427733898162842 32.646507263183594 -2.305942398934465 0.16239310801029205
Car -1 -1 1.67 520.6862182617188 181.1402587890625 547.3900146484375 204.31748962402344 1.5837726593017578 1.5929431915283203 3.967850685119629 -5.0284810066223145 1.4447464346885681 45.54581069946289 1.5557304590411194 0.16095900535583496
Car -1 -1 0.53 652.1727905273438 147.1551055908203 1113.4404296875 390.1163330078125 1.4303539991378784 1.705407738685608 4.724456787109375 1.995187759399414 1.504816710948944 4.421422958374023 0.9502794899969516 0.15796272456645966
Car -1 -1 1.65 230.8036346435547 178.88143920898438 359.5034484863281 255.78353881835938 1.4933031797409058 1.609427571296692 3.6857082843780518 -9.061540603637695 1.556496798992157 21.008167266845703 1.244718379563638 0.15652430057525635
Car -1 -1 0.82 350.2072448730469 186.806640625 432.82659912109375 239.05482482910156 1.441009521484375 1.52683687210083 3.43086576461792 -8.74886417388916 1.757582426071167 29.239458084106445 0.5261626615701225 0.15529106557369232
Car -1 -1 -1.4 200.380126953125 194.65707397460938 361.34228515625 287.1392517089844 1.3634005784988403 1.587670922279358 3.6240217685699463 -10.04135799407959 1.627635657787323 22.574010848999023 -1.8157405040028856 0.14118440449237823