Car -1 -1 -1.79 295.8017578125 165.4899139404297 362.23736572265625 200.818115234375 1.5148006677627563 1.6364943981170654 3.8919460773468018 -13.271007537841797 1.194401502609253 34.05324172973633 -2.1582102843363185 0.7984659671783447
Car -1 -1 -2.15 358.2751770019531 166.246826171875 428.15704345703125 196.90191650390625 1.5002156496047974 1.633913278579712 3.7693045139312744 -11.575752258300781 1.1923468708992004 38.20050048828125 -2.4426687262736966 0.7979463338851929
Van -1 -1 1.22 234.6588592529297 155.3837890625 307.30950927734375 203.55209350585938 2.0916669368743896 1.9432257413864136 5.109218120574951 -16.655683517456055 1.3311309516429901 35.29091262817383 0.7806454056827885 0.7424158453941345
Van -1 -1 0.72 519.4384765625 151.88575744628906 607.8040161132812 193.41824340820312 2.1494457721710205 1.8523283004760742 4.888530731201172 -2.6705188751220703 1.0424291118979454 42.18637466430664 0.6562868371557085 0.6483554244041443
Car -1 -1 -1.02 613.9118041992188 163.12156677246094 672.6239013671875 188.50552368164062 1.5870460271835327 1.6354795694351196 3.301804304122925 2.00260591506958 0.9284550845623016 45.78296661376953 -0.9729329889207392 0.5462498664855957
Car -1 -1 -0.4 239.7874298095703 157.9495086669922 305.67413330078125 204.29287719726562 1.873847484588623 1.6194297075271606 3.688441038131714 -15.284290313720703 1.3146730065345764 32.92138671875 -0.8309935332696536 0.4404159486293793
Van -1 -1 1.14 512.9820556640625 159.93812561035156 598.5479125976562 194.09719848632812 2.019451856613159 1.8632864952087402 4.618179798126221 -2.857630968093872 1.1793085932731628 41.55241394042969 1.0760073603472158 0.42428576946258545
Cyclist -1 -1 -0.57 239.7874298095703 157.9495086669922 305.67413330078125 204.29287719726562 1.8304805755615234 0.6223651766777039 1.9223707914352417 -12.255851745605469 1.2754481732845306 26.367900848388672 -1.0053931821336581 0.33807480335235596
Van -1 -1 0.61 532.8181762695312 160.65798950195312 607.8521118164062 191.3979034423828 2.0203537940979004 1.8555362224578857 4.627192497253418 -2.4741098880767822 1.1280199363827705 42.54136657714844 0.5524384622777596 0.3237866759300232
Car -1 -1 1.12 512.9820556640625 159.93812561035156 598.5479125976562 194.09719848632812 1.75587797164917 1.6268645524978638 4.265170097351074 -2.733219623565674 1.1652367413043976 39.61858367919922 1.051380897040108 0.2943868339061737
Car -1 -1 0.61 520.5709228515625 157.04928588867188 607.98779296875 192.4913330078125 1.824833631515503 1.7118221521377563 3.855090379714966 -2.285780429840088 1.0314142480492592 39.7164306640625 0.5553788954407706 0.2917514443397522
Truck -1 -1 1.24 235.7750244140625 154.65133666992188 306.6872863769531 204.73233032226562 2.855497360229492 2.3390953540802 6.479881763458252 -16.93227767944336 1.671977162361145 35.78509521484375 0.7995587054929261 0.2292024791240692
Car -1 -1 0.58 532.8181762695312 160.65798950195312 607.8521118164062 191.3979034423828 1.6911265850067139 1.6391639709472656 4.241518497467041 -2.2071759700775146 1.1270081996917725 40.963138580322266 0.5214394228656545 0.21196213364601135
Car -1 -1 -0.87 442.9720764160156 37.45468521118164 603.7816772460938 126.17474746704102 2.121051788330078 1.9483833312988281 5.492359638214111 -4.28549861907959 -1.9561796188354492 31.692243576049805 -1.0068878626712365 0.207839235663414
Van -1 -1 0.3 527.4649047851562 155.19114685058594 621.232421875 192.7789306640625 2.1939125061035156 1.826265811920166 5.015509128570557 -2.3128960132598877 1.007204681634903 42.08032989501953 0.2469593564492092 0.1982864886522293
Car -1 -1 -0.51 708.6744384765625 166.77359008789062 765.6458740234375 189.884765625 1.4700801372528076 1.5831276178359985 3.4570937156677246 8.650081634521484 1.0652786195278168 48.68069076538086 -0.3332902331688552 0.19015181064605713