Car -1 -1 -1.4 422.80615234375 180.4484100341797 507.6238098144531 243.1623077392578 1.5808788537979126 1.6793115139007568 4.1672797203063965 -3.842074394226074 1.4794657230377197 20.15930938720703 -1.5839195229038108 0.8852468132972717
Car -1 -1 -1.58 569.1364135742188 180.01400756835938 612.5884399414062 219.7604217529297 1.6038001775741577 1.6679919958114624 3.80326509475708 -0.6857583522796631 1.388254165649414 30.42047691345215 -1.6009672895685254 0.8712148666381836
Car -1 -1 -1.47 499.9253845214844 183.56222534179688 545.0589599609375 217.6481170654297 1.4317028522491455 1.6370513439178467 4.1310858726501465 -3.7886080741882324 1.4008622765541077 32.797882080078125 -1.5897499156533614 0.8658374547958374
Car -1 -1 -1.12 3.0319371223449707 163.57888793945312 400.7558445930481 374.1305236816406 1.7155184745788574 1.6497336626052856 4.201282024383545 -3.1258628368377686 1.5834875106811523 6.355850696563721 -1.58095463383395 0.8649049997329712
Car -1 -1 -1.25 305.1963806152344 177.27182006835938 400.5785827636719 233.64305114746094 1.6156986951828003 1.6438868045806885 3.832104206085205 -7.905818939208984 1.3914427161216736 22.678560256958008 -1.5823971758139574 0.8582704067230225
Car -1 -1 1.49 383.9147033691406 182.97409057617188 439.98895263671875 218.8665771484375 1.4439233541488647 1.6439063549041748 4.171757221221924 -8.40911865234375 1.3833770155906677 31.282962799072266 1.2311311830444494 0.7882668375968933
Van -1 -1 1.59 535.4833374023438 167.2724151611328 562.8160400390625 198.3665008544922 2.616821527481079 2.0616817474365234 6.463898658752441 -5.200129985809326 1.1288430839776993 64.44161987304688 1.5069679477719191 0.7047163248062134
Car -1 -1 0.78 687.7808227539062 233.90821838378906 1032.2703857421875 376.3928527832031 1.6399784088134766 1.5451692342758179 3.6532340049743652 0.8907918930053711 1.6671765446662903 2.6417746543884277 1.1017751535525981 0.37914302945137024
Car -1 -1 -1.53 506.12249755859375 179.97682189941406 549.913818359375 215.5148468017578 1.5690362453460693 1.662583351135254 4.136270523071289 -3.846364736557007 1.4108299016952515 33.213645935058594 -1.6436707833402542 0.3148501515388489
Car -1 -1 0.68 728.03125 250.177490234375 1012.5925903320312 371.9899597167969 1.48610258102417 1.5888246297836304 3.6129934787750244 0.5924913287162781 1.688816785812378 2.3525357246398926 0.9284327051868928 0.31484493613243103
Car -1 -1 -2.81 196.66920471191406 184.466796875 270.0395812988281 224.479736328125 1.4380757808685303 1.4265427589416504 3.4307069778442383 -16.205875396728516 1.4096890091896057 31.48196029663086 2.9994889113952343 0.3137960731983185
Car -1 -1 0.81 754.0011596679688 232.1564483642578 1067.79150390625 370.357421875 1.493280053138733 1.6288762092590332 4.1087327003479 2.1460843086242676 1.7847581505775452 2.569547414779663 1.5021906986515123 0.298540860414505
Car -1 -1 -2.04 210.15554809570312 183.9914093017578 276.5967712402344 222.8521728515625 1.427852749824524 1.4386208057403564 3.504619836807251 -16.39221954345703 1.4111642241477966 32.384342193603516 -2.50931676502248 0.29695451259613037
Car -1 -1 -1.49 284.8728942871094 182.61361694335938 377.0452880859375 232.8936004638672 1.491992473602295 1.6027297973632812 3.644472599029541 -8.723690032958984 1.4236769080162048 23.515336990356445 -1.8468336473682694 0.28028061985969543
Car -1 -1 0.78 759.89306640625 259.0875549316406 1043.0830078125 374.2969970703125 1.5250691175460815 1.6165602207183838 3.8940911293029785 0.2558698356151581 1.7249454855918884 2.314666748046875 0.8914557858446805 0.2776554822921753
Van -1 -1 -1.29 304.15203857421875 176.7840118408203 398.7925720214844 231.58114624023438 1.8194057941436768 1.7667834758758545 4.025975227355957 -8.698995590209961 1.5565301179885864 24.68584632873535 -1.6315345275852255 0.2606435716152191
Van -1 -1 1.51 537.4637451171875 173.61468505859375 563.9396362304688 198.63821411132812 2.284281015396118 1.8157974481582642 5.545289993286133 -5.1721391677856445 1.233875460922718 66.39160919189453 1.432914678083292 0.22968773543834686
Car -1 -1 -1.84 268.8204650878906 179.9921875 394.01751708984375 240.55712890625 1.4491947889328003 1.6692392826080322 4.053370475769043 -8.454936027526855 1.3731643557548523 23.639612197875977 -2.181651351987762 0.2295392006635666
Truck -1 -1 1.52 536.511962890625 167.5972900390625 563.6964111328125 197.5854949951172 3.3796327114105225 2.494215965270996 8.86513900756836 -5.367339611053467 1.4139156341552734 67.33356475830078 1.4449714846579393 0.19545194506645203
Car -1 -1 -0.77 0.832991898059845 192.3779754638672 101.44566279649734 378.1198425292969 1.5169373750686646 1.563126564025879 3.7723772525787354 -3.268890857696533 1.4494251012802124 2.2913708686828613 -1.7247997000513156 0.19167478382587433
Car -1 -1 0.82 668.5057373046875 215.14517211914062 1010.7382202148438 367.4363098144531 1.4950538873672485 1.6221951246261597 3.850053310394287 1.0911668539047241 1.539411187171936 2.6785666942596436 1.2071337303308347 0.189139723777771
Van -1 -1 1.52 529.6441650390625 168.80349731445312 559.0304565429688 201.03895568847656 2.438544988632202 1.9564884901046753 5.8076066970825195 -5.381082534790039 1.2280588280409575 61.807220458984375 1.434428257874929 0.1888594627380371
Car -1 -1 -0.64 -0.4940834641456604 195.89749145507812 54.009983003139496 374.985107421875 1.4735044240951538 1.580185890197754 3.825758695602417 -3.4977011680603027 1.4292734265327454 2.1755285263061523 -1.6525889366070263 0.18800701200962067
Car -1 -1 -1.35 434.6941223144531 178.57000732421875 501.4305725097656 231.28541564941406 1.5554287433624268 1.6530753374099731 4.125055313110352 -4.429572105407715 1.428742229938507 23.56573486328125 -1.536138113804638 0.18737246096134186
Car -1 -1 -1.03 -1.7185319662094116 193.49122619628906 140.18208754062653 373.1981201171875 1.547878384590149 1.541075348854065 3.554042339324951 -3.7559657096862793 1.5519986748695374 3.374706983566284 -1.8720540716753185 0.18118570744991302
Car -1 -1 -1.2 219.19161987304688 183.59048461914062 284.76739501953125 221.84368896484375 1.4516931772232056 1.4375085830688477 3.6105761528015137 -17.043832778930664 1.428649127483368 34.47167205810547 -1.658987330183022 0.1719980239868164
Car -1 -1 1.64 537.4637451171875 173.61468505859375 563.9396362304688 198.63821411132812 1.7332179546356201 1.7266603708267212 4.447610378265381 -4.968547821044922 1.0276384055614471 62.808048248291016 1.5639374367917158 0.1715504378080368
Car -1 -1 -1.73 571.171875 176.88455200195312 609.1522216796875 214.44273376464844 1.6563351154327393 1.6967644691467285 4.201752662658691 -0.8549222946166992 1.2695139944553375 39.25131607055664 -1.7484318184015928 0.16560512781143188
Car -1 -1 -0.89 8.924239158630371 191.3950958251953 83.35144710540771 374.25738525390625 1.631758451461792 1.5680031776428223 3.7784712314605713 -3.0650575160980225 1.5347601771354675 2.136272668838501 -1.8568301418692847 0.16210274398326874
Car -1 -1 -2.79 -15.745241165161133 167.12347412109375 301.43319511413574 389.53692626953125 1.5092591047286987 1.6801323890686035 4.809025764465332 -2.887502431869507 1.48058420419693 4.567223072052002 2.933319251008295 0.15513335168361664
Car -1 -1 -1.75 249.63577270507812 178.88095092773438 393.68658447265625 271.1197814941406 1.4164719581604004 1.6611759662628174 4.055418968200684 -8.481565475463867 1.6014893054962158 22.32219123840332 -2.1130402617038406 0.11930672824382782
Car -1 -1 -2.49 1205.7196044921875 332.0021057128906 1232.98193359375 381.4896240234375 1.391242265701294 1.488169550895691 3.505354642868042 4.362785339355469 2.021596670150757 3.8834667205810547 -1.642590370594922 0.10047844797372818
Car -1 -1 -2.49 1210.5137939453125 332.8011169433594 1236.8614501953125 381.7397155761719 1.4041146039962769 1.4822163581848145 3.3371708393096924 4.685949325561523 2.083914339542389 4.056950092315674 -1.6298213961100867 0.0959256961941719