Car -1 -1 -1.97 832.267822265625 168.2281951904297 1200.65869140625 367.77008056640625 1.544144630432129 1.6436313390731812 4.1314592361450195 3.6929945945739746 1.5012669563293457 7.429795265197754 -1.5044377945087577 0.8900786638259888
Car -1 -1 -1.79 791.2594604492188 154.99819946289062 945.0384521484375 276.8974914550781 1.7853180170059204 1.6807230710983276 4.172295093536377 4.187345504760742 1.50198233127594 12.498634338378906 -1.4683688824941372 0.880948007106781
Car -1 -1 -2.48 1058.2342529296875 185.96035766601562 1238.6600341796875 368.6159362792969 1.4657073020935059 1.5251870155334473 3.4845974445343018 3.4864110946655273 1.62577623128891 2.5298449993133545 -1.5388472739377006 0.8055570125579834
Car -1 -1 -1.6 783.577880859375 165.61380004882812 844.0028686523438 223.3472137451172 1.5878459215164185 1.6482878923416138 3.6583473682403564 5.929430961608887 1.41823011636734 21.33496856689453 -1.328341563188733 0.7940692901611328
Car -1 -1 -1.61 782.0728759765625 166.761962890625 856.3878784179688 231.2866668701172 1.5796557664871216 1.600604772567749 3.608306884765625 5.805583477020264 1.4541235566139221 20.696168899536133 -1.3380550942744067 0.30095016956329346
Van -1 -1 -0.72 7.976240634918213 23.956785202026367 336.42625284194946 354.6194438934326 2.292626142501831 2.027580499649048 5.74428129196167 -3.094191074371338 1.525215893983841 3.072571039199829 -1.512245047137383 0.2929112911224365
Car -1 -1 -2.49 1083.8232421875 150.5308074951172 1232.005859375 380.8014831542969 1.6236646175384521 1.5715610980987549 3.5779333114624023 3.5772900581359863 1.6649949550628662 2.345179319381714 -1.494538632220034 0.2648451328277588
Car -1 -1 -1.53 781.34912109375 157.96409606933594 840.0263061523438 215.65802001953125 1.5990869998931885 1.6453263759613037 3.715813636779785 6.206080436706543 1.300186574459076 22.33519744873047 -1.2633472980868614 0.25718292593955994
Van -1 -1 -1.78 788.3887939453125 154.85231018066406 946.521728515625 273.8675842285156 1.8891327381134033 1.6682648658752441 4.105008125305176 4.399906635284424 1.6216508746147156 13.024195671081543 -1.4524572811187522 0.25535863637924194
Truck -1 -1 2.97 9.613485336303711 7.285136699676514 318.4881191253662 378.45682859420776 3.043699026107788 2.32657790184021 6.979276180267334 -3.543940782546997 1.581442654132843 2.836444616317749 2.0736664587447518 0.25510159134864807
Car -1 -1 -1.95 938.927978515625 177.1297149658203 1203.937744140625 366.6260986328125 1.4498599767684937 1.5988579988479614 3.7936134338378906 4.8754425048828125 1.805037796497345 6.719614505767822 -1.3228057544913518 0.19119684398174286
Car -1 -1 -2.39 1002.3351440429688 170.06655883789062 1239.613525390625 366.0854187011719 1.5930960178375244 1.6362782716751099 3.9089725017547607 2.8120930194854736 1.3829510807991028 2.5723814964294434 -1.5644249241377644 0.1853383481502533
Van -1 -1 1.6 784.5452270507812 145.9449920654297 833.0294799804688 202.2051544189453 2.4888124465942383 1.9688163995742798 5.436779499053955 10.060458183288574 1.2015373669564724 35.82575988769531 1.875175289604532 0.16464833915233612