Car -1 -1 1.73 455.9172058105469 173.82943725585938 543.5313110351562 242.20675659179688 1.6530497074127197 1.681155800819397 4.261194705963135 -2.8548531532287598 1.6447266936302185 19.319332122802734 1.5806150540689146 0.8840450644493103
Car -1 -1 -1.8 757.0386962890625 179.582275390625 990.979248046875 374.8599548339844 1.6059340238571167 1.5750583410263062 3.25772762298584 2.630851984024048 1.7163465023040771 7.871098041534424 -1.472475534365004 0.8833098411560059
Car -1 -1 -2.62 82.24658966064453 170.79119873046875 352.2898635864258 261.4353942871094 1.4183735847473145 1.635878086090088 4.468088150024414 -7.107442855834961 1.4931449890136719 13.529016494750977 -3.108037980604772 0.8569324016571045
Car -1 -1 -1.6 701.5941162109375 185.3172607421875 844.8107299804688 292.3984375 1.4992769956588745 1.6163392066955566 3.7800447940826416 2.6390137672424316 1.7347803711891174 12.219947814941406 -1.3834261591714636 0.8534165620803833
Car -1 -1 -2.04 510.9012756347656 177.46722412109375 570.9627685546875 222.36972045898438 1.425351619720459 1.5915018320083618 3.990903377532959 -2.4865362644195557 1.6704022288322449 26.70421028137207 -2.1299389028215687 0.8402928113937378
Car -1 -1 1.53 640.8475341796875 177.12503051757812 670.6145629882812 202.7872772216797 1.4650384187698364 1.6960136890411377 4.223281383514404 2.8318986892700195 1.7524794936180115 45.238372802734375 1.588564372946669 0.7898755073547363
Cyclist -1 -1 -1.98 573.2244873046875 168.67526245117188 604.018798828125 236.77159118652344 1.798288106918335 0.5476395487785339 1.8012676239013672 -0.5825859308242798 1.7006309032440186 19.820837020874023 -2.010553879439642 0.7885957956314087
Pedestrian -1 -1 1.19 573.61962890625 171.66622924804688 602.8935546875 236.66302490234375 1.7254810333251953 0.651544988155365 0.8620589375495911 -0.6005147099494934 1.6831014752388 19.810497283935547 1.161055171833194 0.5342305898666382
Car -1 -1 -1.74 758.7586059570312 185.9000244140625 979.0172729492188 340.6489562988281 1.551993727684021 1.6018753051757812 3.338196277618408 2.898017406463623 1.6493116617202759 8.207743644714355 -1.401827892096894 0.4062473773956299
Car -1 -1 -1.59 575.0233764648438 171.966796875 602.939208984375 236.46177673339844 1.689782738685608 1.5402222871780396 3.364497423171997 -0.7895596027374268 1.8331934809684753 26.1594295501709 -1.624844675816842 0.36309027671813965
Car -1 -1 -1.73 712.6881103515625 183.7909698486328 873.2896728515625 305.3685607910156 1.4968807697296143 1.6369842290878296 3.553600311279297 2.667771577835083 1.7975363731384277 12.481053352355957 -1.5237013060385785 0.32625487446784973
Car -1 -1 -1.81 770.3703002929688 185.47622680664062 949.4269409179688 289.2511901855469 1.5012106895446777 1.544790267944336 3.3435685634613037 5.044875621795654 1.8356701135635376 14.753666877746582 -1.4761934946188564 0.26586535573005676
Car -1 -1 -1.89 777.6089477539062 191.6842498779297 1080.35009765625 372.1418762207031 1.5381922721862793 1.6084752082824707 3.6671690940856934 2.985968589782715 1.6815416812896729 7.420657157897949 -1.5049200530887026 0.2536774277687073
Car -1 -1 -2.69 117.47001647949219 175.94223022460938 366.5289611816406 256.2069091796875 1.4261382818222046 1.6359021663665771 4.297407150268555 -6.977712154388428 1.4895568490028381 13.5889253616333 3.117572715554923 0.25137829780578613
Van -1 -1 1.78 453.19696044921875 174.94448852539062 540.614990234375 242.4979248046875 1.806179404258728 1.6874452829360962 4.18849515914917 -2.9831268787384033 1.7772014737129211 19.807641983032227 1.6264019394474607 0.24084128439426422
Car -1 -1 0.83 891.1048583984375 183.79556274414062 1209.2435302734375 368.09490966796875 1.5875815153121948 1.778098464012146 4.307578086853027 4.5042290687561035 1.6893860697746277 6.107824325561523 1.4660528359958889 0.23214760422706604
Car -1 -1 2.19 500.1569519042969 176.57225036621094 567.8616333007812 224.977294921875 1.4571865797042847 1.6182496547698975 3.914184093475342 -2.4894258975982666 1.6350578665733337 26.275081634521484 2.097022370366262 0.22549904882907867
Car -1 -1 -1.76 723.73583984375 188.14401245117188 889.7577514648438 320.49224853515625 1.544979453086853 1.5418753623962402 3.4403464794158936 2.856243848800659 1.8392923474311829 12.884096145629883 -1.54662926918028 0.22283318638801575
Pedestrian -1 -1 2.5 758.9385986328125 185.06756591796875 995.6637573242188 362.12725830078125 1.6796607971191406 0.6637149453163147 0.7938657999038696 2.4123728275299072 1.670486330986023 6.868723392486572 2.841499122273593 0.20928390324115753
Car -1 -1 -1.4 574.9107055664062 169.06443786621094 599.6246337890625 201.83322143554688 1.6102937459945679 1.6624078750610352 4.199995994567871 -2.075244665145874 1.4538586139678955 58.80297088623047 -1.4328552042397131 0.20190298557281494
Car -1 -1 -1.85 750.3040771484375 190.34288024902344 930.2930297851562 308.2244873046875 1.4863330125808716 1.598130464553833 3.5088584423065186 4.078460693359375 1.875372588634491 13.113898277282715 -1.551593167115696 0.20132599771022797
Car -1 -1 -1.82 775.720947265625 188.8961181640625 942.999267578125 271.7137145996094 1.5160645246505737 1.5800641775131226 3.467108726501465 5.0985212326049805 1.7935065627098083 15.033397674560547 -1.4933923688770179 0.195637509226799
Car -1 -1 -1.78 746.6973266601562 193.19650268554688 940.5191040039062 338.96075439453125 1.5141719579696655 1.5951788425445557 3.4429125785827637 2.56166672706604 1.6512311697006226 8.18257999420166 -1.4784916610379524 0.19485753774642944
Car -1 -1 -1.94 760.8889770507812 188.24502563476562 919.1909790039062 285.4053955078125 1.4875435829162598 1.5801668167114258 3.54864239692688 5.389909744262695 1.9165226221084595 16.59696388244629 -1.6272069045311817 0.18879346549510956
Car -1 -1 -1.89 733.3399658203125 183.73724365234375 887.9351806640625 286.24951171875 1.4602274894714355 1.6063792705535889 3.7781126499176025 4.00498104095459 1.848829746246338 15.026758193969727 -1.62979439124405 0.18813130259513855
Car -1 -1 -1.86 770.867919921875 175.01852416992188 958.5777587890625 318.05633544921875 1.5927538871765137 1.599515676498413 3.6176416873931885 3.221435546875 1.7440562844276428 9.517414093017578 -1.5335357903015296 0.18668758869171143
Car -1 -1 1.77 466.60693359375 176.30038452148438 554.94287109375 238.4738311767578 1.5797688961029053 1.663556694984436 4.177697658538818 -2.877434492111206 1.6849891543388367 19.39388656616211 1.6183024771749208 0.17946279048919678
Car -1 -1 -1.33 572.8001098632812 168.91659545898438 601.0858764648438 218.0019989013672 1.7083308696746826 1.6495200395584106 3.9026827812194824 -1.6717820167541504 1.8308082818984985 53.021610260009766 -1.364440777197923 0.11470998823642731
Car -1 -1 -1.71 578.1043090820312 169.4834747314453 605.1050415039062 197.6476593017578 1.4714857339859009 1.5673203468322754 4.089166641235352 -1.9928226470947266 1.309807538986206 65.3371810913086 -1.7397360920143239 0.08107970654964447
Car -1 -1 -1.53 572.0797729492188 170.55880737304688 606.7838134765625 221.757568359375 1.5319284200668335 1.6143087148666382 3.838733434677124 -1.3323249816894531 1.8879581093788147 49.923179626464844 -1.5560106185012277 0.06117662414908409