Car -1 -1 -1.55 599.8322143554688 179.64776611328125 627.1072998046875 206.31703186035156 1.6202723979949951 1.682018518447876 4.382058620452881 0.19544678926467896 2.041032075881958 44.76217269897461 -1.546086253064657 0.8428258895874023
Pedestrian -1 -1 2.44 893.1878051757812 162.04833984375 933.37548828125 236.83033752441406 1.7280367612838745 0.6298860907554626 0.8490621447563171 7.182156085968018 1.5632189512252808 17.10652732849121 2.84178396010482 0.5287265777587891
Cyclist -1 -1 -0.97 76.34978485107422 194.22882080078125 113.32231903076172 249.66415405273438 1.6962323188781738 0.5538903474807739 1.7839077711105347 -15.94429874420166 2.362719178199768 22.345661163330078 -1.5854618412296686 0.46495962142944336
Car -1 -1 1.77 454.28662109375 187.5842742919922 481.05694580078125 205.62841796875 1.4793403148651123 1.5696605443954468 4.088223457336426 -11.775229454040527 2.685173749923706 59.929630279541016 1.5728838226391018 0.414717435836792
Cyclist -1 -1 -1.99 890.8787231445312 164.94456481933594 929.5813598632812 236.7600860595703 1.7824708223342896 0.5282528400421143 1.821811318397522 7.567604064941406 1.5445700883865356 18.264110565185547 -1.6013306650536023 0.40725016593933105
Pedestrian -1 -1 -2.93 896.5736694335938 165.90977478027344 928.3115844726562 238.57398986816406 1.7451356649398804 0.6180834174156189 0.941815972328186 7.736708164215088 1.5715305805206299 18.376554489135742 -2.527029918341901 0.35363370180130005
Car -1 -1 0.84 1063.4345703125 325.89178466796875 1113.6099853515625 365.0442810058594 1.404112696647644 1.3674781322479248 3.0172834396362305 12.832416534423828 5.445055902004242 18.974140167236328 1.4336000152781434 0.3251173794269562
Cyclist -1 -1 -1.12 894.330078125 167.35902404785156 934.663818359375 233.64060974121094 1.7835749387741089 0.539860188961029 1.8139896392822266 8.068192481994629 1.5557917356491089 19.220075607299805 -0.7187774289476327 0.30578428506851196
Cyclist -1 -1 -1.26 68.93586730957031 190.5394744873047 117.43589782714844 252.07012939453125 1.7325233221054077 0.5331382155418396 1.7747187614440918 -15.342958450317383 2.3123562932014465 21.503875732421875 -1.8801466953298158 0.2521907687187195
Cyclist -1 -1 2.54 60.58213424682617 192.60897827148438 120.3211669921875 247.79176330566406 1.6381349563598633 0.613071620464325 1.7622226476669312 -15.7686767578125 2.3496874570846558 21.926624298095703 1.912264157031978 0.24822445213794708
Car -1 -1 1.7 502.5179443359375 185.57322692871094 522.8563842773438 201.89488220214844 1.4994527101516724 1.4497014284133911 3.268494129180908 -8.82563304901123 2.6182029843330383 65.3422622680664 1.5695510661608063 0.20615346729755402