Car -1 -1 1.8 382.1535339355469 193.4636688232422 491.4861145019531 278.0716857910156 1.6996334791183472 1.625199556350708 4.02510929107666 -3.981841564178467 2.2231855988502502 17.07731819152832 1.5716186941561814 0.8919203281402588
Car -1 -1 1.91 229.68421936035156 218.66204833984375 429.6851501464844 340.3390197753906 1.4043816328048706 1.5863882303237915 3.9155325889587402 -4.029301166534424 2.134250581264496 11.008349418640137 1.5636935250292545 0.8900877237319946
Van -1 -1 1.75 506.4392395019531 163.53089904785156 571.8751831054688 222.6605682373047 2.7638309001922607 2.1185989379882812 6.693130970001221 -3.7340400218963623 2.5256682634353638 39.261234283447266 1.65296948539339 0.8525318503379822
Car -1 -1 -1.63 606.046142578125 188.61508178710938 650.0116577148438 225.5036163330078 1.5736494064331055 1.6718124151229858 4.361746311187744 0.7974894642829895 2.354587197303772 34.19326400756836 -1.6100711942456982 0.8492171168327332
Car -1 -1 2.51 0.8795945048332214 265.67022705078125 95.63300484418869 374.4230041503906 1.4282487630844116 1.6082980632781982 3.938399076461792 -4.208217144012451 1.906099021434784 3.3432798385620117 1.6073742890583702 0.6331530809402466
Car -1 -1 -1.64 600.2083740234375 186.92498779296875 641.6734008789062 223.3721160888672 1.5941728353500366 1.692901372909546 4.227457046508789 0.7046739459037781 2.329759895801544 33.66775894165039 -1.6189792404330419 0.5834206342697144
Truck -1 -1 1.68 506.4590148925781 163.12815856933594 570.3558349609375 222.0373992919922 3.19606876373291 2.4192845821380615 8.307256698608398 -4.043234348297119 2.807315468788147 42.443843841552734 1.5864298575165279 0.5204126834869385
Car -1 -1 2.42 3.746103048324585 248.77862548828125 107.84555983543396 374.5798645019531 1.5078294277191162 1.6591366529464722 4.190133571624756 -4.069039821624756 1.8870352506637573 3.0684471130371094 1.490362621173496 0.438535213470459
Car -1 -1 -1.53 598.431396484375 184.30226135253906 638.0866088867188 218.8572235107422 1.6421735286712646 1.6794896125793457 4.2363176345825195 0.0652502030134201 2.3309667110443115 39.467742919921875 -1.525779975289483 0.3391231298446655
Car -1 -1 2.56 0.3767637014389038 197.72816467285156 117.30068337917328 383.2744445800781 1.6035935878753662 1.629779577255249 4.074492931365967 -3.5005719661712646 1.7461984157562256 1.9627413749694824 1.4987016646812341 0.3249538540840149
Car -1 -1 -1.55 594.45849609375 190.0949249267578 626.2471313476562 219.9497528076172 1.534907341003418 1.649040937423706 4.289754867553711 0.10098471492528915 2.5865002870559692 40.76323699951172 -1.5450805184503889 0.32254475355148315
Car -1 -1 -1.62 597.7450561523438 185.95155334472656 628.6248779296875 219.0577392578125 1.6716688871383667 1.7142329216003418 4.320415019989014 0.13520754873752594 2.5185843110084534 41.54438018798828 -1.6117937524265287 0.23325367271900177
Car -1 -1 2.65 13.959793090820312 283.9311828613281 87.64501190185547 376.5799255371094 1.4154969453811646 1.5692250728607178 3.850614309310913 -5.313981056213379 2.1688820719718933 4.2822465896606445 1.7551167311475186 0.2041323482990265
Van -1 -1 -1.72 598.4002685546875 183.57052612304688 639.6087036132812 220.21218872070312 1.9559612274169922 1.7370456457138062 4.677962779998779 0.38852551579475403 2.4719340801239014 41.52863693237305 -1.7126587959849573 0.18510855734348297
Car -1 -1 2.44 -2.2500932216644287 191.01893615722656 142.80032181739807 374.95587158203125 1.5815194845199585 1.6367594003677368 4.03206729888916 -3.7134816646575928 1.7298133373260498 2.3988022804260254 1.4428152116588633 0.18437963724136353
Car -1 -1 -2.65 1217.9217529296875 229.92984008789062 1238.8956298828125 381.76702880859375 1.5215823650360107 1.5828979015350342 3.7227582931518555 2.458522319793701 1.3880347609519958 1.4019896984100342 -1.595299011285113 0.17931826412677765
Car -1 -1 -2.65 1206.7833251953125 229.96133422851562 1237.504150390625 382.592529296875 1.509207010269165 1.584849238395691 3.7630393505096436 2.356506109237671 1.3755765557289124 1.348055362701416 -1.6028591421542426 0.16955892741680145
Car -1 -1 2.66 16.328937530517578 301.64996337890625 78.90331268310547 381.9716491699219 1.423096776008606 1.4925780296325684 3.6213064193725586 -6.234786033630371 2.52770334482193 5.443060398101807 1.8052891234608746 0.16102242469787598
Car -1 -1 -2.7 1209.1270751953125 248.2264862060547 1241.704833984375 379.0495910644531 1.535362720489502 1.5982173681259155 3.625124216079712 1.8329668045043945 1.2098194360733032 1.0481927394866943 -1.6520640748056552 0.1408863216638565
Car -1 -1 -2.65 1219.037109375 177.3970947265625 1241.7327880859375 377.4119873046875 1.59403657913208 1.64829683303833 3.823680877685547 3.26278018951416 1.567193329334259 1.54683256149292 -1.5254806431222931 0.12758849561214447