Car -1 -1 1.7 110.43376922607422 210.7623291015625 204.46319580078125 283.02166748046875 1.5177665948867798 1.610032558441162 3.6873538494110107 -10.93979263305664 2.466989576816559 17.517578125 1.1465118657726094 0.8504523634910583
Car -1 -1 1.72 -5.949633598327637 205.17210388183594 145.788556098938 334.429443359375 1.5571800470352173 1.649847149848938 3.9793505668640137 -8.414870262145996 2.1005240082740784 11.15721607208252 1.077487031362275 0.8477460145950317
Car -1 -1 1.62 186.72364807128906 208.522216796875 231.84828186035156 240.8565216064453 1.408908724784851 1.6193139553070068 4.091002941131592 -19.51443862915039 3.2218262553215027 35.206851959228516 1.1158904686610995 0.805047333240509
Van -1 -1 -1.59 1017.5406494140625 118.1948471069336 1079.1112060546875 178.95310974121094 2.1588704586029053 1.8864099979400635 4.826076507568359 17.882047653198242 -0.03540337085723877 29.486621856689453 -1.0478991374217914 0.7870428562164307
Car -1 -1 -1.05 1218.2630615234375 133.97804260253906 1249.74853515625 165.73089599609375 1.5765689611434937 1.6443736553192139 3.790011405944824 32.11152267456055 -0.3827185034751892 36.21126937866211 -0.32004279796935853 0.5677545666694641
Car -1 -1 -1.32 1213.4462890625 133.6233367919922 1243.129638671875 166.8194580078125 1.559531807899475 1.654386043548584 3.8190340995788574 32.11338424682617 -0.37673789262771606 36.10487747192383 -0.5897511581456261 0.5231232643127441
Car -1 -1 -1.68 1209.3157958984375 133.01881408691406 1249.201904296875 166.35935974121094 1.5128382444381714 1.7399377822875977 4.037496089935303 31.156394958496094 -0.31780511140823364 35.307430267333984 -0.9602542056252812 0.4899301528930664
Truck -1 -1 1.63 1010.2982177734375 117.8550033569336 1076.8687744140625 179.7380828857422 2.838883399963379 2.299772262573242 6.608077049255371 18.476621627807617 0.187569260597229 30.922517776489258 2.1649644483234267 0.4786219298839569
Car -1 -1 -1.94 1209.2796630859375 136.15948486328125 1239.0595703125 168.2071075439453 1.4720672369003296 1.623340129852295 4.111264705657959 32.470436096191406 -0.3761201500892639 36.57483673095703 -1.2156787145267707 0.2920454740524292
Car -1 -1 -2.11 1202.8641357421875 135.50071716308594 1245.974853515625 166.39578247070312 1.5510892868041992 1.7070982456207275 4.231540679931641 31.64686393737793 -0.37794482707977295 35.59598159790039 -1.3861757429673425 0.2850441634654999
Car -1 -1 -2.18 1206.3824462890625 138.19650268554688 1244.1324462890625 168.7212677001953 1.4906092882156372 1.666639804840088 4.190375328063965 32.50778579711914 -0.2821729779243469 36.7381591796875 -1.457795956008166 0.24843312799930573
Car -1 -1 -1.27 1216.9700927734375 137.3599853515625 1246.1695556640625 169.8076171875 1.5410337448120117 1.7162823677062988 4.33880090713501 32.94183349609375 -0.2657245397567749 37.0965576171875 -0.53951493163227 0.2451566606760025
Car -1 -1 -1.65 1018.2247924804688 120.0089111328125 1080.811767578125 176.973388671875 1.8288384675979614 1.7748427391052246 4.381824970245361 18.343664169311523 -0.09426814317703247 30.173620223999023 -1.0994052281495907 0.23574312031269073
Car -1 -1 1.67 118.87309265136719 207.44480895996094 200.67160034179688 269.7658386230469 1.5169498920440674 1.566151738166809 3.706568956375122 -10.766437530517578 2.287416100502014 17.29697036743164 1.1102644969982265 0.2123785763978958
Car -1 -1 1.83 -11.158594131469727 212.5550079345703 129.19403648376465 320.17645263671875 1.4261815547943115 1.598563313484192 4.063778400421143 -8.736632347106934 2.0263054370880127 11.266727447509766 1.1686935657674056 0.19164296984672546
Car -1 -1 1.7 78.87754821777344 208.58132934570312 198.62213134765625 297.3585205078125 1.4544872045516968 1.5945817232131958 3.8207919597625732 -10.91002368927002 2.4601674675941467 17.330747604370117 1.1370240850996929 0.18825934827327728
Car -1 -1 -1.95 1186.477294921875 10.864645004272461 1236.110595703125 46.06228446960449 1.7186222076416016 1.7614197731018066 4.730829238891602 44.93467712402344 -9.368775367736816 53.14890670776367 -1.2483789462190922 0.18571798503398895
Car -1 -1 1.7 198.14321899414062 208.46353149414062 239.18467712402344 232.30677795410156 1.3643407821655273 1.5995393991470337 3.739470958709717 -19.948501586914062 3.146421194076538 36.383697509765625 1.202756721401574 0.1763160228729248