Car -1 -1 -1.72 661.5126953125 175.2140655517578 735.4596557617188 236.9496612548828 1.7406283617019653 1.671573519706726 4.066978931427002 2.568861484527588 1.799249529838562 21.80255126953125 -1.599770996777738 0.8987700939178467
Car -1 -1 -2.3 877.4238891601562 205.00982666015625 1249.0296630859375 376.432861328125 1.4983489513397217 1.5973812341690063 3.7150378227233887 2.8706977367401123 1.708392858505249 3.3161158561706543 -1.5891337272911388 0.8377451300621033
Car -1 -1 -1.69 646.1966552734375 180.3472900390625 692.546875 218.35104370117188 1.5033376216888428 1.582329273223877 3.5021066665649414 2.4656803607940674 1.8304362297058105 30.314605712890625 -1.6068154653611506 0.7927319407463074
Car -1 -1 -2.81 241.6247100830078 181.130126953125 417.4659118652344 256.2308349609375 1.5281553268432617 1.6117033958435059 3.5957748889923096 -6.248627662658691 1.8025493621826172 16.520856857299805 3.1081696396734984 0.778822660446167
Car -1 -1 -1.62 633.6502685546875 180.21812438964844 662.5396118164062 205.4163055419922 1.4117170572280884 1.5853484869003296 3.6009626388549805 2.386603355407715 1.9390907883644104 44.730159759521484 -1.5664458685706562 0.7162778377532959
Car -1 -1 -2.85 361.61138916015625 173.9182586669922 489.5840759277344 229.70852661132812 1.6444276571273804 1.6728633642196655 3.8470139503479004 -6.15543270111084 1.8432291150093079 23.40053367614746 -3.108393747053782 0.685929536819458
Car -1 -1 -2.87 312.2454833984375 181.08583068847656 469.55035400390625 238.8009796142578 1.5105156898498535 1.627378225326538 3.885603904724121 -6.033945083618164 1.8439662456512451 20.082366943359375 3.116603000417551 0.6747318506240845
Car -1 -1 -2.94 401.9200744628906 176.6676483154297 504.6291198730469 220.09738159179688 1.7966543436050415 1.755635142326355 4.089169502258301 -5.986177921295166 1.8618270754814148 28.661226272583008 3.138847241825582 0.6632544994354248
Car -1 -1 -2.86 337.7621765136719 177.57687377929688 481.72991943359375 235.70205688476562 1.6156336069107056 1.6418901681900024 3.9331319332122803 -6.12565279006958 1.8466357588768005 22.987430572509766 -3.120162840727682 0.6297073364257812
Car -1 -1 -2.91 461.19140625 178.28170776367188 533.1224365234375 208.16168212890625 1.5798786878585815 1.6264344453811646 4.121803283691406 -6.252065181732178 1.890774428844452 40.02862548828125 -3.0696482116310637 0.6144452691078186
Car -1 -1 -2.39 -1.506577968597412 185.2523956298828 141.57310342788696 374.6284484863281 1.6000710725784302 1.5742970705032349 3.7217495441436768 -5.291839122772217 1.7074147462844849 4.891598224639893 3.0711903642626233 0.6005449295043945
Car -1 -1 -2.9 382.757080078125 173.7736053466797 504.2061767578125 223.36163330078125 1.6568603515625 1.6973150968551636 4.0919270515441895 -6.1991753578186035 1.8359547853469849 29.01145362854004 -3.108449025527129 0.5682623982429504
Car -1 -1 -2.92 287.7836608886719 182.95787048339844 459.2160949707031 242.35882568359375 1.4999364614486694 1.6125224828720093 4.040657043457031 -5.971819877624512 1.8167287707328796 19.598756790161133 3.0627665512283606 0.5529391169548035
Car -1 -1 -1.63 630.0955810546875 178.32534790039062 658.258056640625 203.3694610595703 1.4468209743499756 1.6065014600753784 3.5465548038482666 2.352090358734131 1.9273658990859985 45.360321044921875 -1.579027079826428 0.5268544554710388
Car -1 -1 -2.95 416.07354736328125 176.518798828125 515.8797607421875 217.76580810546875 1.6044834852218628 1.7210642099380493 4.199008464813232 -6.2714009284973145 1.8432548642158508 32.61207962036133 -3.135649402042894 0.45155149698257446
Car -1 -1 -2.76 265.1496276855469 181.50314331054688 435.88006591796875 249.75564575195312 1.4833362102508545 1.6706712245941162 3.889235019683838 -6.302793502807617 1.7270742058753967 17.428634643554688 -3.105385704057724 0.44782692193984985
Pedestrian -1 -1 1.23 94.57901763916016 161.46226501464844 133.6103515625 267.205078125 1.8855513334274292 0.6505522727966309 0.46710819005966187 -9.177939414978027 1.676506221294403 13.357295036315918 0.626117427363809 0.41612106561660767
Pedestrian -1 -1 -2.59 0.20224714279174805 178.42282104492188 150.1506724357605 370.3307800292969 1.7457886934280396 0.6453762650489807 0.8078312277793884 -4.083905220031738 1.6507643461227417 5.174183368682861 3.027331301535236 0.38586726784706116
Cyclist -1 -1 0.92 768.6712036132812 200.47450256347656 952.9961547851562 327.8998107910156 1.5906901359558105 0.6198435425758362 1.7274564504623413 2.7544476985931396 1.8063032627105713 8.068214416503906 1.250934744655761 0.3742465078830719
Car -1 -1 -1.64 650.9804077148438 178.50851440429688 712.1002807617188 227.1332244873047 1.57058846950531 1.5983506441116333 3.8868842124938965 2.5992939472198486 1.8540961146354675 29.75887107849121 -1.5551463793039453 0.3732570707798004
Car -1 -1 -2.93 448.2706604003906 178.2538604736328 526.0676879882812 211.2210693359375 1.5705177783966064 1.624887466430664 3.9750168323516846 -6.318653583526611 1.9106144905090332 38.21643829345703 -3.0898985914400665 0.35638636350631714
Car -1 -1 -2.86 225.91073608398438 185.91183471679688 406.80157470703125 264.5118713378906 1.5651718378067017 1.5445396900177002 3.177445888519287 -5.427868843078613 1.8100281357765198 13.175591468811035 3.032699756327 0.3424854278564453
Car -1 -1 0.72 1093.716064453125 225.40481567382812 1244.1953125 372.67034912109375 1.4506756067276 1.6078935861587524 3.9070277214050293 5.004561901092529 1.868256151676178 4.0248589515686035 1.6162647881855028 0.3411984443664551
Car -1 -1 -1.62 638.4590454101562 180.9227294921875 678.1033935546875 210.70811462402344 1.492285966873169 1.5754413604736328 3.6295955181121826 2.396984100341797 1.9945149421691895 43.947967529296875 -1.5697351993311752 0.3362024426460266
Car -1 -1 -2.64 436.7943115234375 175.99774169921875 516.4832763671875 215.39796447753906 1.6104882955551147 1.6270806789398193 4.1722636222839355 -6.146758079528809 1.855808675289154 33.17219543457031 -2.819330720061294 0.3323553204536438
Pedestrian -1 -1 1.49 102.28738403320312 157.74990844726562 135.7133026123047 279.9637756347656 1.7395504713058472 0.6652193665504456 0.5200477838516235 -9.715052604675293 1.6321686506271362 14.125699996948242 0.8923639246266362 0.3305579125881195
Car -1 -1 -1.69 656.5238647460938 178.116455078125 720.4389038085938 231.3934326171875 1.588539719581604 1.6269887685775757 4.027398586273193 2.4280483722686768 1.765769362449646 22.55668830871582 -1.578377570200109 0.2951717674732208
Car -1 -1 -3.04 203.99932861328125 182.12730407714844 405.5900573730469 281.95428466796875 1.4748727083206177 1.5807772874832153 3.5971405506134033 -5.278942584991455 1.7424758076667786 13.529468536376953 2.8755643094903167 0.27434447407722473
Car -1 -1 -1.66 650.0850219726562 182.06549072265625 698.6467895507812 223.838134765625 1.5016446113586426 1.5813226699829102 3.7287380695343018 2.5015318393707275 1.8959431648254395 29.847431182861328 -1.5757108605362165 0.26134347915649414
Pedestrian -1 -1 -2.47 63.898921966552734 157.3201904296875 142.32925033569336 332.90142822265625 1.8237450122833252 0.6509175896644592 0.5703493356704712 -6.16632080078125 1.6553895473480225 8.797698020935059 -3.083733493871133 0.25573089718818665
Car -1 -1 -1.62 628.0366821289062 177.45811462402344 654.9287719726562 201.01571655273438 1.497096300125122 1.6222642660140991 3.6820294857025146 2.148533344268799 1.9098365306854248 49.33457565307617 -1.5716055524562913 0.25197216868400574
Pedestrian -1 -1 1.66 88.15888977050781 157.8368682861328 139.5461883544922 284.4327697753906 1.7081323862075806 0.6815193295478821 0.6108503937721252 -8.872443199157715 1.624097466468811 12.970226287841797 1.0591225918849148 0.24957913160324097
Van -1 -1 -2.97 409.7464904785156 175.1072998046875 515.0224609375 216.9584503173828 1.9374711513519287 1.7947041988372803 5.114816665649414 -6.648293972015381 1.9242721199989319 33.364051818847656 3.1214781535842926 0.240336611866951
Pedestrian -1 -1 -2.6 74.3392333984375 155.63722229003906 138.77491760253906 315.99578857421875 1.823634147644043 0.670761227607727 0.5936006903648376 -6.380865097045898 1.612704336643219 9.150261878967285 3.0721378307768665 0.23925566673278809
Van -1 -1 -2.79 363.6253662109375 173.52096557617188 490.9067687988281 228.0822296142578 1.9820319414138794 1.8134092092514038 4.9192423820495605 -6.374138832092285 1.9809295535087585 26.619726181030273 -3.020140904880236 0.23513220250606537
Car -1 -1 -1.67 500.8043518066406 176.9629364013672 548.6427001953125 201.46337890625 1.5915502309799194 1.7653324604034424 4.045729637145996 -5.517007350921631 1.7826401591300964 45.41267395019531 -1.792200103748649 0.2338135838508606
Van -1 -1 -1.7 659.8065185546875 175.39414978027344 735.1156005859375 237.22860717773438 1.8463820219039917 1.7127013206481934 4.21519136428833 2.665926456451416 1.8956859707832336 22.60454559326172 -1.5837922646941625 0.22814619541168213
Car -1 -1 -1.6 640.7072143554688 181.54556274414062 683.7694702148438 213.3094024658203 1.431889295578003 1.5612609386444092 3.627901077270508 2.6038472652435303 1.9807276725769043 42.07185363769531 -1.5416935298231804 0.2280345857143402
Cyclist -1 -1 2.89 225.91073608398438 185.91183471679688 406.80157470703125 264.5118713378906 1.6924176216125488 0.6507714986801147 1.7401031255722046 -4.416614532470703 1.7198737859725952 10.560989379882812 2.4971586942058632 0.2250843197107315
Car -1 -1 -2.89 484.41363525390625 175.6345672607422 540.6597290039062 203.2859649658203 1.59820556640625 1.6795629262924194 4.123488426208496 -6.005618095397949 1.8591934442520142 44.306854248046875 -3.0274311853801077 0.22173619270324707
Pedestrian -1 -1 1.53 97.28482055664062 160.28436279296875 136.54029846191406 301.8944396972656 1.7309988737106323 0.6721102595329285 0.6353235244750977 -8.901288032531738 1.6838990449905396 12.937675476074219 0.9297252365611861 0.22164125740528107
Car -1 -1 -1.62 634.913818359375 180.75006103515625 669.6221313476562 210.02783203125 1.481666922569275 1.573886752128601 3.6930410861968994 2.442983388900757 1.9864019751548767 43.41592788696289 -1.5606528531426322 0.2184254229068756
Cyclist -1 -1 -3.07 235.02113342285156 180.89056396484375 430.6910705566406 256.1670227050781 1.481603741645813 0.7771132588386536 1.8192232847213745 -4.83245325088501 1.599980115890503 12.375617980957031 2.8389980411841567 0.21662326157093048
Car -1 -1 0.95 768.6712036132812 200.47450256347656 952.9961547851562 327.8998107910156 1.5045497417449951 1.469374418258667 3.1446926593780518 3.3705427646636963 1.837498664855957 9.732952117919922 1.2796901981255537 0.21359924972057343
Car -1 -1 -2.82 472.0517883300781 177.60110473632812 538.6423950195312 205.29257202148438 1.6515824794769287 1.6965807676315308 3.9940598011016846 -6.288077354431152 1.9267791509628296 43.163185119628906 -2.960233073419765 0.21342894434928894
Car -1 -1 0.66 1141.7767333984375 245.36058044433594 1248.1651611328125 371.8742370605469 1.5495339632034302 1.5498466491699219 3.5913784503936768 4.919733047485352 1.9543783068656921 3.681777238845825 1.5858203827601 0.19849543273448944
Cyclist -1 -1 -2.75 1.4429447650909424 182.57618713378906 142.58808636665344 370.6422424316406 1.6890697479248047 0.6220566034317017 1.6481637954711914 -3.8543500900268555 1.5673103332519531 4.528249740600586 2.8231039365334087 0.19838546216487885
Van -1 -1 -2.88 380.6567077636719 174.52423095703125 502.1124572753906 224.7869110107422 1.9929581880569458 1.8107991218566895 5.007808685302734 -6.542658805847168 1.9748730659484863 30.200695037841797 -3.092456558343338 0.19699612259864807
Pedestrian -1 -1 2.01 97.52531433105469 166.22471618652344 136.6327667236328 254.7781219482422 1.7792320251464844 0.6362673044204712 0.557349443435669 -11.107916831970215 1.6973682641983032 16.19683837890625 1.4114489582522154 0.19282576441764832
Pedestrian -1 -1 -2.7 215.837646484375 180.84120178222656 418.1485290527344 263.4990539550781 1.811525583267212 0.6839928030967712 0.8399916887283325 -4.736479759216309 1.7223930358886719 12.011439323425293 -3.076494820897593 0.18409611284732819
Car -1 -1 -1.59 652.6986694335938 185.40936279296875 703.1312866210938 229.0122528076172 1.4273622035980225 1.5767143964767456 3.7519214153289795 2.5653064250946045 1.9956752061843872 29.02241325378418 -1.4968769405737365 0.1837310791015625
Car -1 -1 0.67 1176.909912109375 222.10546875 1243.5435791015625 369.3419494628906 1.4105032682418823 1.587692379951477 4.001884937286377 4.636775970458984 1.6216580867767334 3.27652907371521 1.6244213278671475 0.17663691937923431
Car -1 -1 0.92 1201.478515625 244.2269744873047 1240.5408935546875 371.75164794921875 1.6388585567474365 1.6142258644104004 3.718482494354248 4.878786087036133 1.9867689609527588 3.88379168510437 1.8149078179064713 0.17661869525909424
Pedestrian -1 -1 -2.54 47.172847747802734 166.96380615234375 147.09153366088867 351.8371276855469 1.7796820402145386 0.6068737506866455 0.6303901076316833 -5.286966323852539 1.710727035999298 7.4328293800354 3.1282174732626693 0.16662146151065826
Car -1 -1 -1.46 828.5357666015625 193.91712951660156 1259.6146240234375 394.67047119140625 1.3330955505371094 1.7237597703933716 4.76116418838501 2.329925537109375 1.4271034598350525 3.777909517288208 -0.9044615849491571 0.16384343802928925
Car -1 -1 0.98 1021.9326782226562 224.6281280517578 1243.8291015625 366.97552490234375 1.5510962009429932 1.5946993827819824 3.815645217895508 3.1426196098327637 1.6563400626182556 2.8523812294006348 1.8159744567829499 0.16355058550834656
Car -1 -1 0.68 1130.213623046875 254.37295532226562 1236.69921875 366.7801208496094 1.5630147457122803 1.6220604181289673 3.82827091217041 6.198199272155762 2.295899987220764 4.930414199829102 1.5748723408524992 0.14703962206840515
Car -1 -1 0.55 1169.1123046875 246.42247009277344 1244.4068603515625 371.04547119140625 1.5969359874725342 1.598488450050354 3.561811923980713 4.616506099700928 1.8967334032058716 3.2646827697753906 1.504759500241315 0.1354953795671463