Car -1 -1 -1.56 567.8856811523438 180.58738708496094 613.48974609375 224.49827575683594 1.5898140668869019 1.6781667470932007 4.228487491607666 -0.7716732025146484 1.946916401386261 29.422122955322266 -1.5904199061645095 0.8705535531044006
Car -1 -1 1.94 273.27880859375 192.19764709472656 379.116943359375 245.3269805908203 1.4164304733276367 1.6083570718765259 3.954455852508545 -8.714232444763184 2.059167504310608 22.41057777404785 1.567327576804785 0.8678281307220459
Car -1 -1 2.28 3.065892219543457 194.66622924804688 197.51921558380127 321.0382385253906 1.433293342590332 1.6287107467651367 4.487093448638916 -8.348567008972168 1.832376480102539 10.744115829467773 1.6220065104526178 0.8513666987419128
Car -1 -1 1.86 366.36407470703125 185.74838256835938 435.1229553222656 224.54061889648438 1.4719829559326172 1.63951575756073 4.302407264709473 -8.992474555969238 2.091487407684326 31.29536247253418 1.5838022615950766 0.8346486687660217
Car -1 -1 1.69 457.3016052246094 186.16351318359375 487.895751953125 207.8048858642578 1.4618451595306396 1.5196888446807861 3.919227123260498 -9.178711891174316 2.326063394546509 48.53274154663086 1.5037350164935317 0.6798645257949829
Car -1 -1 1.81 426.55682373046875 185.4704132080078 469.4642639160156 213.0489501953125 1.5036365985870361 1.5686100721359253 4.10960054397583 -9.111235618591309 2.199512481689453 40.85599899291992 1.5919423177135146 0.5913013219833374
Car -1 -1 1.71 452.994873046875 184.76199340820312 488.9411926269531 209.44793701171875 1.4778399467468262 1.595531702041626 4.278997898101807 -9.202024459838867 2.2388728857040405 47.45124816894531 1.5219141653607426 0.568925142288208
Car -1 -1 1.77 438.4255065917969 184.0379180908203 479.5334777832031 209.82913208007812 1.481971263885498 1.592130184173584 4.376317501068115 -9.513601303100586 2.198060631752014 45.97252655029297 1.5699401104264394 0.4148990511894226
Cyclist -1 -1 -0.43 1190.9364013671875 120.37847900390625 1244.6265869140625 364.7451477050781 1.7618839740753174 0.7044178247451782 1.9196422100067139 6.077719211578369 1.6103501319885254 5.7366790771484375 0.38839187807182896 0.21909788250923157
Car -1 -1 1.86 288.11993408203125 189.19371032714844 373.4958801269531 238.05081176757812 1.475625991821289 1.568410873413086 3.7769107818603516 -8.895634651184082 2.0363298654556274 23.039480209350586 1.488790624287871 0.21376143395900726
Car -1 -1 -0.6 1187.5576171875 148.99046325683594 1241.527099609375 356.5559997558594 1.7463443279266357 1.6870373487472534 4.395806789398193 7.840091228485107 1.59719717502594 6.0106425285339355 0.3182897223200083 0.20175869762897491
Van -1 -1 1.83 427.1877746582031 184.56105041503906 469.36865234375 213.16683959960938 1.7282277345657349 1.6618648767471313 4.134085178375244 -9.911979675292969 2.4475364089012146 44.38959884643555 1.6059676476697042 0.1997251808643341
Car -1 -1 -0.59 1172.6864013671875 128.9766082763672 1238.58642578125 332.1721496582031 1.8235752582550049 1.6520037651062012 4.536352157592773 8.621503829956055 1.7550663948059082 6.5608320236206055 0.33343849764373346 0.1354241967201233