Car -1 -1 -1.68 661.8060913085938 180.15220642089844 730.906982421875 233.6810760498047 1.4899721145629883 1.633330225944519 3.859744071960449 2.6066629886627197 1.748626470565796 22.71023178100586 -1.5680013023022656 0.8944193124771118
Car -1 -1 -0.92 0.5488163232803345 194.57936096191406 359.2361637353897 373.86517333984375 1.5055689811706543 1.642778992652893 4.047621250152588 -2.8073599338531494 1.6602393984794617 3.638272285461426 -1.5737058276179088 0.8516704440116882
Car -1 -1 -1.98 764.5776977539062 182.2777099609375 1180.2591552734375 374.7764587402344 1.5261847972869873 1.6374434232711792 4.029974937438965 2.587968349456787 1.632736623287201 6.263946056365967 -1.5862283880429766 0.8440724015235901
Car -1 -1 -1.21 194.59689331054688 196.0628204345703 485.266845703125 365.46148681640625 1.4029561281204224 1.5895429849624634 3.8095550537109375 -2.7243728637695312 1.691437005996704 8.194121360778809 -1.5337056025272275 0.8416991233825684
Car -1 -1 -1.54 530.7178344726562 180.84873962402344 570.8711547851562 213.78855895996094 1.5296657085418701 1.6825194358825684 4.27516508102417 -2.814131736755371 1.9129846096038818 35.11394500732422 -1.6186255530151774 0.8131263852119446
Car -1 -1 -1.7 642.1031494140625 179.7277374267578 688.7167358398438 213.91650390625 1.477787971496582 1.5784937143325806 3.870765447616577 2.527678966522217 1.8325424194335938 34.593109130859375 -1.6296202203772312 0.7724378705024719
Car -1 -1 -1.98 346.7116394042969 187.89639282226562 482.2239074707031 265.9313049316406 1.4771544933319092 1.52727472782135 3.119356870651245 -4.000494956970215 1.7633554935455322 15.03139877319336 -2.2425176839740235 0.7311240434646606
Pedestrian -1 -1 0.73 306.0768127441406 167.5467987060547 342.5256042480469 266.88165283203125 1.7921197414398193 0.626516580581665 0.5030823945999146 -4.971059322357178 1.6850345730781555 12.751446723937988 0.3594474624512016 0.691615104675293
Pedestrian -1 -1 1.45 352.6205749511719 166.16249084472656 383.7096252441406 261.0228271484375 1.8058472871780396 0.6360064148902893 0.5024956464767456 -4.752664089202881 1.7035421133041382 14.317561149597168 1.1273303267202675 0.5507473349571228
Pedestrian -1 -1 -0.12 305.175537109375 157.10052490234375 337.6643981933594 272.2119140625 1.839987874031067 0.6546601057052612 0.674918532371521 -5.085165500640869 1.7320077419281006 12.895148277282715 -0.4924692415726639 0.5227768421173096
Pedestrian -1 -1 -1.26 355.11737060546875 174.2339630126953 395.16986083984375 257.2947082519531 1.730965256690979 0.6244844198226929 0.42497721314430237 -4.590365886688232 1.7307676076889038 14.005987167358398 -1.5809207809554522 0.495138943195343
Car -1 -1 -1.28 116.15172576904297 200.753662109375 479.2677230834961 370.414794921875 1.5655198097229004 1.6204745769500732 3.819310426712036 -2.6938374042510986 1.7961806058883667 8.190185546875 -1.6005773497630171 0.4767248332500458
Pedestrian -1 -1 -0.05 348.0006103515625 167.0772247314453 392.0122375488281 262.2482604980469 1.802040457725525 0.6586464643478394 0.4783329665660858 -4.719411373138428 1.724658489227295 14.329044342041016 -0.3673546456398915 0.45962586998939514
Car -1 -1 -1.71 656.2958984375 181.32188415527344 722.4371948242188 227.30047607421875 1.4197064638137817 1.592368245124817 3.714607000350952 2.520974636077881 1.7508644461631775 22.5014705657959 -1.5964820192345552 0.45254379510879517
Car -1 -1 -1.58 343.16357421875 179.5829315185547 437.3837585449219 259.42962646484375 1.4683102369308472 1.4950748682022095 3.095639944076538 -5.090389251708984 1.7727391123771667 16.790027618408203 -1.874771869999389 0.4463181793689728
Pedestrian -1 -1 -0.62 299.1767578125 168.79437255859375 340.5349426269531 274.0208435058594 1.767867088317871 0.6437387466430664 0.5495721101760864 -4.806768417358398 1.7200714945793152 12.144665718078613 -0.9938204157410206 0.4298149645328522
Car -1 -1 -1.66 647.0341186523438 179.63787841796875 694.8135986328125 216.9951934814453 1.502946376800537 1.587350606918335 3.8300487995147705 2.5439651012420654 1.8777731657028198 33.97526931762695 -1.5842779976417134 0.3917868137359619
Car -1 -1 -1.68 639.478271484375 179.4429473876953 679.8755493164062 212.28018188476562 1.5778789520263672 1.5629373788833618 3.795958995819092 2.4037444591522217 1.9163919687271118 34.97749328613281 -1.6160209428855783 0.3879472017288208
Pedestrian -1 -1 -0.11 254.94439697265625 166.68984985351562 392.8913269042969 316.64166259765625 1.905356764793396 0.6904799342155457 0.7499166131019592 -4.838671684265137 1.8193357586860657 12.536874771118164 -0.4790765245615276 0.3719353675842285
Pedestrian -1 -1 -0.16 295.3182067871094 160.26954650878906 344.1303405761719 279.9800720214844 1.843744158744812 0.6356965899467468 0.6449409127235413 -4.840537071228027 1.7178484797477722 12.319014549255371 -0.5359561039005967 0.36920568346977234
Truck -1 -1 -2.47 949.9946899414062 17.382225036621094 1234.5655517578125 350.6847152709961 3.21292781829834 2.5675666332244873 7.509604454040527 4.300040245056152 1.6677438169717789 4.022419452667236 -1.6462933396974524 0.36509212851524353
Car -1 -1 2.28 310.75 183.65162658691406 474.0667724609375 266.5716552734375 1.4358766078948975 1.516265869140625 3.4362456798553467 -4.624816417694092 1.820930004119873 16.340063095092773 2.007261536747264 0.35882502794265747
Pedestrian -1 -1 1.57 346.3958435058594 168.54525756835938 377.66241455078125 263.281982421875 1.7947310209274292 0.6204646825790405 0.6121507883071899 -4.734158515930176 1.708130121231079 13.811570167541504 1.2363496256828501 0.3294930160045624
Pedestrian -1 -1 0.11 315.06024169921875 164.55224609375 348.1989440917969 268.55096435546875 1.8035669326782227 0.6322909593582153 0.6018731594085693 -4.890664577484131 1.685713529586792 12.828581809997559 -0.25787557165336494 0.31989848613739014
Pedestrian -1 -1 -0.32 344.5071716308594 171.58433532714844 407.24346923828125 259.8426818847656 1.7861684560775757 0.6525623202323914 0.46431201696395874 -4.6521759033203125 1.764876902103424 14.391046524047852 -0.6353155990791577 0.31216123700141907
Car -1 -1 -1.22 53.603694915771484 195.70448303222656 445.45153427124023 364.7102966308594 1.4521902799606323 1.576419472694397 4.033451557159424 -3.097641706466675 1.9625152945518494 7.77008056640625 -1.6010236463648821 0.3057619333267212
Car -1 -1 -0.94 344.5071716308594 171.58433532714844 407.24346923828125 259.8426818847656 1.5789450407028198 1.4758156538009644 2.8746654987335205 -5.194083213806152 1.7732759714126587 16.615468978881836 -1.247171340759234 0.2973816990852356
Pedestrian -1 -1 1.41 321.9173889160156 169.0779266357422 357.33966064453125 267.4029235839844 1.7814326286315918 0.6121429800987244 0.6318988800048828 -4.834647178649902 1.6782089471817017 13.079543113708496 1.0606707968637403 0.2877219617366791
Car -1 -1 -1.66 648.4733276367188 181.0940399169922 701.335205078125 221.7677459716797 1.4932101964950562 1.533915638923645 3.767529010772705 2.557255983352661 1.8530171513557434 34.12894821166992 -1.5873372929208056 0.28763195872306824
Truck -1 -1 -2.38 882.0231323242188 52.40515899658203 1225.449951171875 351.4708938598633 3.244896173477173 2.4665040969848633 7.519771099090576 5.31430196762085 1.767454281449318 7.9262895584106445 -1.7909617688054515 0.2838606834411621
Car -1 -1 -1.64 635.5780639648438 180.08099365234375 667.2686767578125 208.6336212158203 1.6124591827392578 1.5915818214416504 3.7764949798583984 2.420628070831299 1.974045753479004 40.57224655151367 -1.5831798657237686 0.27856096625328064
Pedestrian -1 -1 1.8 326.71234130859375 166.35345458984375 360.9013977050781 262.28240966796875 1.784533143043518 0.6267344951629639 0.6143057942390442 -5.036065101623535 1.6927563548088074 13.834863662719727 1.4469702794042973 0.27842193841934204
Pedestrian -1 -1 -0.89 294.3573913574219 176.5167999267578 336.9175720214844 279.5826721191406 1.775473713874817 0.6487924456596375 0.6091821789741516 -4.836387634277344 1.7793277502059937 12.092702865600586 -1.2723123969716301 0.27598243951797485
Pedestrian -1 -1 1.1 334.37921142578125 173.42864990234375 402.2260437011719 270.0897521972656 1.795767903327942 0.6249173283576965 0.654362678527832 -4.570912837982178 1.760543942451477 13.667304039001465 0.7768615548499476 0.273284375667572
Pedestrian -1 -1 1.15 339.2706298828125 171.8627471923828 369.2705078125 260.4911193847656 1.7063038349151611 0.6060613989830017 0.5537426471710205 -5.024885654449463 1.7088253498077393 14.281099319458008 0.8150712924757824 0.27253788709640503
Car -1 -1 1.41 354.7285461425781 183.02902221679688 424.05670166015625 256.2138671875 1.4462465047836304 1.4818143844604492 2.912813186645508 -5.110841274261475 1.7475208640098572 16.345491409301758 1.1106021019061298 0.2701738178730011
Cyclist -1 -1 -0.03 347.5325927734375 167.94097900390625 393.1365051269531 260.7513122558594 1.7073944807052612 0.6154468655586243 1.7538052797317505 -4.887983798980713 1.709843099117279 15.065217971801758 -0.3482294368480905 0.26720669865608215
Pedestrian -1 -1 -0.81 285.1709899902344 172.16502380371094 339.84197998046875 276.14837646484375 1.7512240409851074 0.6227583885192871 0.5934496521949768 -4.856043815612793 1.7252938747406006 11.9832181930542 -1.1915605631088084 0.2645047903060913
Car -1 -1 1.8 351.614501953125 188.4642791748047 452.8846740722656 257.076904296875 1.4123234748840332 1.5077061653137207 3.06837797164917 -4.946445465087891 1.768412709236145 16.550424575805664 1.510099581348431 0.2639302611351013
Car -1 -1 -1.49 535.8269653320312 181.0350341796875 573.28125 210.142333984375 1.5003137588500977 1.6339246034622192 3.9963133335113525 -2.8765950202941895 1.8892757892608643 34.84642791748047 -1.5713713701715974 0.2602176070213318
Pedestrian -1 -1 1.17 319.7249450683594 170.9412384033203 348.95916748046875 262.5262756347656 1.7531088590621948 0.6160315275192261 0.6280853748321533 -5.162174224853516 1.7927846908569336 13.44245719909668 0.7992553118479369 0.25962573289871216
Car -1 -1 -1.82 832.1361694335938 148.3860321044922 1213.23876953125 374.9504699707031 1.5991089344024658 1.6816436052322388 4.111419200897217 2.9730846881866455 1.5545620322227478 5.078856468200684 -1.2884596544319846 0.2567310333251953
Pedestrian -1 -1 -0.41 351.27337646484375 182.44461059570312 418.0386047363281 255.95574951171875 1.737226128578186 0.603893518447876 0.6189914345741272 -4.682347774505615 1.7571877837181091 14.710439682006836 -0.7231462264382666 0.24914821982383728
Pedestrian -1 -1 0.48 319.78643798828125 166.2821044921875 372.33447265625 274.0908508300781 1.8536577224731445 0.6725547313690186 0.6935948729515076 -4.867522716522217 1.7772841453552246 13.421578407287598 0.12931606617411262 0.24011556804180145
Pedestrian -1 -1 0.16 344.895751953125 177.970703125 427.4786071777344 258.3471374511719 1.7516651153564453 0.6341728568077087 0.5194939970970154 -4.569788455963135 1.798207938671112 14.754881858825684 -0.14128440085144645 0.2396315634250641
Car -1 -1 -2.69 1094.96728515625 214.32876586914062 1218.35546875 372.1435852050781 1.5107072591781616 1.5876939296722412 3.6251630783081055 3.1897895336151123 1.648240089416504 1.6086971759796143 -1.5839155194662364 0.23733988404273987
Truck -1 -1 -2.26 817.5868530273438 109.098876953125 1228.624755859375 373.48065185546875 3.133333444595337 2.537853479385376 7.486958026885986 5.2229437828063965 1.9829925894737244 8.51438045501709 -1.711592464506987 0.23715396225452423
Truck -1 -1 -2.45 999.8361206054688 0.46575069427490234 1239.79541015625 333.8230504989624 3.1843526363372803 2.3809385299682617 7.36344575881958 3.8542447090148926 1.5192412063479424 3.4600636959075928 -1.6063625564666442 0.2351454645395279
Cyclist -1 -1 0.11 346.9051208496094 171.96629333496094 406.0219421386719 258.6890563964844 1.7287527322769165 0.6197497248649597 1.7612344026565552 -4.981010913848877 1.7641074657440186 15.553868293762207 -0.19637470082091113 0.23289456963539124
Car -1 -1 -0.95 347.5325927734375 167.94097900390625 393.1365051269531 260.7513122558594 1.6069188117980957 1.500013828277588 2.9156534671783447 -5.228353023529053 1.744377851486206 16.762454986572266 -1.2568603564431813 0.23087731003761292
Pedestrian -1 -1 0.43 335.58123779296875 168.8730926513672 365.13787841796875 263.30682373046875 1.7580631971359253 0.6152588725090027 0.6064298152923584 -4.7894673347473145 1.691897213459015 13.468697547912598 0.09231076193679755 0.23042207956314087
Pedestrian -1 -1 2.59 303.3761291503906 181.13279724121094 457.5267028808594 267.5922546386719 1.7473227977752686 0.6994393467903137 0.6279179453849792 -3.9372951984405518 1.7131491303443909 12.485797882080078 2.282275872830218 0.22496050596237183
Pedestrian -1 -1 -1.02 279.7880554199219 180.2691650390625 335.9470520019531 282.1775207519531 1.7480802536010742 0.627675473690033 0.6277074813842773 -4.869475364685059 1.780996024608612 11.866557121276855 -1.4127630466822456 0.22472313046455383
Van -1 -1 -2.3 919.7274780273438 41.140281677246094 1238.260498046875 365.43248748779297 2.3660011291503906 1.9288314580917358 5.5054931640625 3.235037088394165 1.482483685016632 3.0431277751922607 -1.4850050097300596 0.224722757935524
Pedestrian -1 -1 0.6 314.66278076171875 176.20333862304688 343.2810363769531 269.8793640136719 1.7540099620819092 0.5984079837799072 0.6273972392082214 -4.826916217803955 1.7946162223815918 12.41751480102539 0.23057515314486743 0.22402828931808472
Car -1 -1 2.07 352.8529357910156 188.54861450195312 496.2643737792969 297.46710205078125 1.3761436939239502 1.5406080484390259 3.4847612380981445 -4.143344402313232 1.8140370845794678 15.621103286743164 1.8131759249739154 0.22229991853237152
Pedestrian -1 -1 0.08 302.22296142578125 158.87811279296875 347.53857421875 272.4057312011719 1.8448855876922607 0.6789019107818604 0.7268187999725342 -4.965130805969238 1.748666226863861 12.719644546508789 -0.2921175520302546 0.21481895446777344
Car -1 -1 -0.21 315.7586669921875 188.39035034179688 490.3764343261719 303.45196533203125 1.3717384338378906 1.5252407789230347 3.4458470344543457 -4.423973560333252 1.9118565320968628 16.22931671142578 -0.47709003866461686 0.21427001059055328
Pedestrian -1 -1 2.31 356.0060729980469 169.74270629882812 386.909912109375 256.7176818847656 1.8204712867736816 0.6404731273651123 0.6288352012634277 -4.443238258361816 1.711043119430542 13.785789489746094 2.0000463345303867 0.21140336990356445
Van -1 -1 -2.25 985.9918212890625 11.560032844543457 1238.17138671875 349.3689012527466 2.515597343444824 1.9619355201721191 5.791676998138428 2.5848498344421387 1.460338220000267 2.1206676959991455 -1.3686733069931742 0.2095293253660202
Pedestrian -1 -1 0.46 190.7112274169922 193.7744903564453 484.45957946777344 367.2759704589844 1.6503396034240723 0.6396170854568481 0.8416433930397034 -2.4235129356384277 1.6589363813400269 6.77472448348999 0.11707217771563228 0.20746435225009918
Pedestrian -1 -1 0.13 234.32810974121094 177.79269409179688 441.853515625 315.6139831542969 1.788002371788025 0.6488129496574402 0.6230807900428772 -4.059144973754883 1.8151180744171143 10.925728797912598 -0.22682107736444745 0.20713435113430023
Pedestrian -1 -1 -2.0 350.5088806152344 185.66476440429688 486.2308349609375 260.6871032714844 1.7125555276870728 0.685187578201294 0.6353025436401367 -3.981325626373291 1.805626630783081 13.560708045959473 -2.288566686933345 0.20634786784648895
Pedestrian -1 -1 1.63 344.3368225097656 172.46493530273438 372.7144470214844 267.4303283691406 1.75332772731781 0.5718436241149902 0.6458295583724976 -4.687023162841797 1.7974925637245178 13.51970100402832 1.3010298631918502 0.20560254156589508
Car -1 -1 -1.77 218.37559509277344 201.35643005371094 502.6014862060547 346.2959289550781 1.490925908088684 1.6426630020141602 3.8082330226898193 -2.825223207473755 1.7633069157600403 8.3800630569458 -2.0983666335937956 0.20538343489170074
Pedestrian -1 -1 1.01 351.0983581542969 175.0181884765625 403.81689453125 251.20419311523438 1.8003060817718506 0.6602842211723328 0.6599527597427368 -4.754966735839844 1.761048138141632 14.706215858459473 0.6951027101739986 0.2044835090637207
Van -1 -1 -2.04 817.5868530273438 109.098876953125 1228.624755859375 373.48065185546875 2.211444139480591 1.871636986732483 4.90611457824707 3.2788631916046143 1.7161927819252014 5.479238986968994 -1.5019004520558212 0.2039470672607422
Car -1 -1 -2.6 1201.0609130859375 194.20718383789062 1241.7451171875 377.6539611816406 1.5331841707229614 1.6255528926849365 3.7412502765655518 2.824549674987793 1.361546814441681 1.5037699937820435 -1.5196283010965397 0.1978258341550827
Pedestrian -1 -1 1.54 1192.97705078125 200.04344177246094 1239.9129638671875 374.30780029296875 1.7365370988845825 0.7038633227348328 0.5246487259864807 3.5435235500335693 1.919902741909027 3.520214557647705 2.324585556662184 0.19676555693149567
Pedestrian -1 -1 -1.32 271.72515869140625 173.3394012451172 432.2724914550781 278.80426025390625 1.715744972229004 0.7050771713256836 0.6324020028114319 -4.213453769683838 1.7160581350326538 12.147501945495605 -1.652387770318608 0.19577790796756744
Car -1 -1 1.63 340.7338562011719 181.3884735107422 462.0460510253906 286.8691711425781 1.4399726390838623 1.48391592502594 3.187868595123291 -4.582592010498047 1.8947880268096924 16.137073516845703 1.3521965489113708 0.19225843250751495
Pedestrian -1 -1 2.08 339.8980712890625 181.5147247314453 442.58685302734375 268.1453857421875 1.7219805717468262 0.6370058059692383 0.6182289719581604 -4.072083950042725 1.7628440856933594 13.148984909057617 1.7829700094598433 0.19076570868492126
Pedestrian -1 -1 1.69 1173.452392578125 188.28192138671875 1238.24365234375 377.40667724609375 1.7432637214660645 0.710381269454956 0.4028252065181732 3.1026861667633057 1.8699342608451843 3.0444650650024414 2.4810966191865376 0.18773624300956726
Pedestrian -1 -1 -1.38 295.40728759765625 181.76544189453125 464.111083984375 288.479248046875 1.6663517951965332 0.6965376138687134 0.7496346235275269 -3.5572597980499268 1.727085292339325 10.675032615661621 -1.7040998672246683 0.17928563058376312
Car -1 -1 2.78 251.85269165039062 188.3257293701172 482.1133117675781 306.3132019042969 1.4278897047042847 1.5806502103805542 3.820246458053589 -4.537429332733154 1.826465904712677 15.730855941772461 2.501842288156606 0.17304779589176178
Car -1 -1 -1.19 254.88504028320312 170.7526397705078 411.08062744140625 326.3752136230469 1.5174164772033691 1.4746493101119995 3.6972784996032715 -4.993345737457275 1.8637515306472778 13.893667221069336 -1.5395721687336446 0.16336104273796082
Car -1 -1 -2.68 1191.253173828125 166.088623046875 1241.56396484375 380.99029541015625 1.591530680656433 1.593518614768982 3.6042613983154297 2.4949729442596436 1.3346970081329346 1.293197512626648 -1.586803895251383 0.16167233884334564
Cyclist -1 -1 2.93 350.5088806152344 185.66476440429688 486.2308349609375 260.6871032714844 1.4928752183914185 0.6025538444519043 1.5884556770324707 -3.8161606788635254 1.700989007949829 13.427802085876465 2.651656671201449 0.15424484014511108
Car -1 -1 2.32 268.8838806152344 179.77708435058594 468.0048522949219 294.8440246582031 1.4335250854492188 1.5278416872024536 3.579188823699951 -4.357549667358398 1.7249348163604736 14.560803413391113 2.031482935976909 0.14931130409240723
Pedestrian -1 -1 0.15 279.2698669433594 175.029541015625 416.8023681640625 323.1208801269531 1.8032927513122559 0.6283202767372131 0.748673141002655 -4.087544918060303 1.9201960563659668 11.379972457885742 -0.1945978500156813 0.14663060009479523
Pedestrian -1 -1 -0.79 258.5382385253906 185.9422607421875 480.41900634765625 316.6385498046875 1.6340899467468262 0.6872576475143433 0.7725666165351868 -3.212559223175049 1.6646240949630737 9.554113388061523 -1.1192697287763318 0.1309298872947693