Car -1 -1 2.0 231.2545928955078 189.99632263183594 410.7728271484375 279.42425537109375 1.3804816007614136 1.6359498500823975 4.286933422088623 -5.509554862976074 1.780708134174347 14.18250560760498 1.6309951248440733 0.9127050638198853
Car -1 -1 1.2 777.2799682617188 177.24615478515625 1029.595703125 331.0406799316406 1.5072495937347412 1.6573718786239624 4.234660625457764 3.5851056575775146 1.5960106253623962 9.493149757385254 1.5565758931356246 0.8750942945480347
Car -1 -1 -1.75 673.826416015625 173.23233032226562 742.712158203125 225.6307830810547 1.4593193531036377 1.6059684753417969 3.6707804203033447 3.168447494506836 1.5382039546966553 23.59146499633789 -1.6123819027589015 0.8632770776748657
Car -1 -1 -1.83 711.6096801757812 176.9467010498047 852.5304565429688 262.4434814453125 1.4047595262527466 1.6516752243041992 4.132925987243652 3.3120014667510986 1.5562381744384766 14.774801254272461 -1.612687813825941 0.8536706566810608
Car -1 -1 2.38 -1.2165685892105103 216.26222229003906 127.73571717739105 379.23382568359375 1.4387327432632446 1.5762889385223389 3.7022581100463867 -5.7040581703186035 1.8492318987846375 5.381104946136475 1.561516139717515 0.8486965298652649
Car -1 -1 1.78 439.8880615234375 175.24452209472656 498.2806091308594 218.06719970703125 1.5176137685775757 1.5774619579315186 3.8154356479644775 -5.753376007080078 1.7137479782104492 29.53106689453125 1.5907247836839753 0.8421194553375244
Car -1 -1 -1.68 662.8889770507812 172.97171020507812 714.692138671875 212.86038208007812 1.4862985610961914 1.5812323093414307 3.755044460296631 3.1527860164642334 1.5199755430221558 29.455463409423828 -1.5755803840745628 0.8068466782569885
Car -1 -1 1.76 465.3352966308594 177.23516845703125 515.4619140625 210.56459045410156 1.445788025856018 1.5582174062728882 3.9696693420410156 -5.709161758422852 1.7156123518943787 34.150020599365234 1.5928317322373893 0.7312780618667603
Car -1 -1 -1.69 670.6173095703125 173.08677673339844 732.8490600585938 220.1280975341797 1.4541375637054443 1.597557783126831 3.51609206199646 2.9574005603790283 1.4681870937347412 24.24089813232422 -1.5650652616971374 0.5265921950340271
Pedestrian -1 -1 1.74 706.5056762695312 158.01939392089844 723.0751953125 203.36764526367188 1.876051664352417 0.6901432871818542 0.8167091012001038 4.309760093688965 1.3819606304168701 29.85698890686035 1.8795798230213334 0.41505059599876404
Car -1 -1 1.76 452.544677734375 176.5712127685547 514.8555297851562 212.6638946533203 1.4130008220672607 1.549636721611023 4.201620578765869 -5.658307075500488 1.6408822536468506 33.545379638671875 1.5935824650905746 0.37761247158050537
Pedestrian -1 -1 1.92 711.9959716796875 157.2958984375 726.1625366210938 202.61273193359375 1.9390130043029785 0.7104718685150146 0.9153731465339661 4.6466569900512695 1.3439491391181946 30.54243278503418 2.072212948797679 0.3624303638935089
Car -1 -1 -1.7 682.7445068359375 170.76437377929688 739.3772583007812 219.91064453125 1.4492769241333008 1.5973116159439087 3.4443771839141846 3.122257947921753 1.4624165296554565 22.944168090820312 -1.5686389533752134 0.36018529534339905
Car -1 -1 1.84 443.7799377441406 173.86703491210938 507.0371398925781 212.55577087402344 1.5228354930877686 1.5930078029632568 3.707818031311035 -5.653721809387207 1.5853038430213928 30.07558822631836 1.655255129549964 0.3548627495765686
Pedestrian -1 -1 2.11 718.0081176757812 158.13839721679688 731.083984375 203.40447998046875 1.9740431308746338 0.696196973323822 0.9200727939605713 4.734912872314453 1.3687346875667572 29.919822692871094 2.270857018896356 0.3452184796333313
Van -1 -1 2.47 6.69187068939209 223.46578979492188 131.234938621521 377.5066833496094 1.6538658142089844 1.6539418697357178 4.120774745941162 -6.303164005279541 2.026978850364685 6.544361591339111 1.704516733596023 0.28270989656448364
Pedestrian -1 -1 2.11 692.5862426757812 164.16921997070312 730.9363403320312 215.57760620117188 1.8764228820800781 0.6638819575309753 0.7961310744285583 4.064614772796631 1.5064353346824646 27.922168731689453 2.257111460497775 0.25456735491752625
Pedestrian -1 -1 2.15 707.1580200195312 160.91749572753906 730.178466796875 207.1022491455078 1.961077332496643 0.6915071606636047 0.8224209547042847 4.554646968841553 1.45891535282135 30.01241111755371 2.296975689340253 0.24047116935253143
Pedestrian -1 -1 1.92 700.613037109375 162.1767578125 731.957763671875 211.1505584716797 1.9079312086105347 0.6870574355125427 0.7971689105033875 4.164218902587891 1.4902904033660889 28.040353775024414 2.064432963735845 0.23711492121219635
Car -1 -1 2.37 20.666738510131836 229.0810089111328 131.63819694519043 374.3436279296875 1.4678624868392944 1.5811480283737183 3.7905044555664062 -5.732621669769287 1.997647225856781 5.638996124267578 1.578370291645811 0.23322145640850067
Cyclist -1 -1 2.27 -1.2796674966812134 219.2303009033203 128.13946092128754 377.6613464355469 1.6297588348388672 0.5205617547035217 1.7984429597854614 -4.117948055267334 1.7639379501342773 4.840320110321045 1.569632320484775 0.2264057993888855
Pedestrian -1 -1 2.73 700.6339111328125 163.3226318359375 726.0423583984375 205.7591552734375 1.7578115463256836 0.6835464239120483 0.7504886388778687 4.3019795417785645 1.3220113217830658 29.875019073486328 2.875279740583122 0.22360286116600037
Pedestrian -1 -1 2.0 708.7219848632812 161.98098754882812 727.2362060546875 203.60964965820312 1.7881406545639038 0.6876294612884521 0.7796198129653931 4.408762454986572 1.3521425426006317 29.86561393737793 2.149028434467297 0.2219669073820114
Car -1 -1 -1.6 673.0087890625 170.49859619140625 721.7238159179688 214.3755340576172 1.5108312368392944 1.6128062009811401 3.8057267665863037 3.29316782951355 1.463526725769043 27.846290588378906 -1.477447611417487 0.21367141604423523
Pedestrian -1 -1 2.67 674.9834594726562 173.45407104492188 742.1551513671875 226.00718688964844 1.781463623046875 0.6500020027160645 0.820432186126709 2.840383291244507 1.5481160283088684 21.305618286132812 2.8072714855689407 0.21077211201190948
Car -1 -1 1.27 797.0506591796875 172.54351806640625 1033.5899658203125 294.7487487792969 1.4791759252548218 1.655299186706543 4.182364463806152 3.7176904678344727 1.5532654523849487 9.702144622802734 1.6333861817393824 0.21006730198860168
Car -1 -1 2.47 0.4569794237613678 215.53700256347656 102.33336034417152 366.111328125 1.5968289375305176 1.5917909145355225 3.653062343597412 -5.432708740234375 1.8075854778289795 5.1826958656311035 1.6620508085735395 0.20485951006412506
Car -1 -1 -1.62 666.245849609375 176.90057373046875 720.3955078125 219.84494018554688 1.4335720539093018 1.6024965047836304 3.757498025894165 3.2256202697753906 1.6615884900093079 29.46463394165039 -1.5151664880182079 0.2048543244600296
Pedestrian -1 -1 1.86 712.8753051757812 161.41127014160156 732.5467529296875 207.13768005371094 1.8550052642822266 0.6602929830551147 0.8066486716270447 4.36659574508667 1.4419629573822021 27.775867462158203 2.0154649727795526 0.20271465182304382
Car -1 -1 2.4 18.06348991394043 216.37213134765625 119.43139457702637 362.5263977050781 1.404082179069519 1.5390592813491821 3.550574779510498 -5.7176971435546875 1.8515425324440002 5.305609226226807 1.581092451429945 0.19999025762081146
Car -1 -1 1.82 451.3362731933594 172.70184326171875 510.69580078125 207.93577575683594 1.4947518110275269 1.6137398481369019 3.925271511077881 -6.2186408042907715 1.5713863968849182 35.146785736083984 1.6478784472277042 0.19649823009967804
Car -1 -1 1.72 448.08697509765625 178.01254272460938 506.2550048828125 216.64443969726562 1.498390793800354 1.601869821548462 3.6630711555480957 -5.739049434661865 1.8027133345603943 32.00126266479492 1.545241983382514 0.19627177715301514
Pedestrian -1 -1 2.83 683.2013549804688 169.86354064941406 737.0286865234375 220.3400421142578 1.7897863388061523 0.6532774567604065 0.6963438987731934 3.9406001567840576 1.5667486786842346 27.73952293395996 2.9687392374118735 0.1551639884710312