Car -1 -1 -1.56 799.8419799804688 166.95248413085938 922.6392822265625 267.57305908203125 1.5388679504394531 1.6174466609954834 3.5308451652526855 4.346219062805176 1.4704053401947021 12.41810417175293 -1.2225074798662483 0.8856252431869507
Car -1 -1 1.88 344.92291259765625 174.78224182128906 471.2135314941406 251.92401123046875 1.5199222564697266 1.60398268699646 3.9934804439544678 -4.644036769866943 1.6294625997543335 16.87993621826172 1.607620834964668 0.877149224281311
Car -1 -1 -1.34 478.1302795410156 162.23863220214844 599.2467651367188 255.97682189941406 1.7586780786514282 1.6842390298843384 4.076498031616211 -1.3198007345199585 1.5528860092163086 15.291500091552734 -1.425186657477215 0.8638290762901306
Car -1 -1 2.17 0.31740641593933105 186.77496337890625 352.60747599601746 371.630126953125 1.5700273513793945 1.6288156509399414 3.9674811363220215 -3.4074783325195312 1.7117891311645508 5.155023097991943 1.5833502406123277 0.8446775078773499
Car -1 -1 -1.01 850.626220703125 164.85498046875 1001.2254638671875 235.2326202392578 1.569039225578308 1.682847023010254 4.212738513946533 7.98264217376709 1.3895792961120605 18.10647964477539 -0.5988074435144779 0.8331096172332764
Car -1 -1 -1.04 829.4514770507812 159.0912322998047 1005.4879760742188 240.8761749267578 1.556899070739746 1.682716727256775 4.406398296356201 7.671055316925049 1.400188684463501 17.776586532592773 -0.6277666945806359 0.6782619953155518
Car -1 -1 -1.3 822.1298217773438 164.43475341796875 981.7020874023438 246.2183837890625 1.5903594493865967 1.6569759845733643 4.066375732421875 7.133571147918701 1.4741002917289734 16.888235092163086 -0.8985809181094542 0.4922884702682495
Van -1 -1 -1.31 476.6153564453125 162.9913330078125 599.8931274414062 253.34808349609375 1.865310788154602 1.7665189504623413 4.327455520629883 -1.4491231441497803 1.6633451581001282 16.221923828125 -1.401806866659184 0.44286853075027466
Car -1 -1 -1.49 812.172119140625 162.8417205810547 963.519287109375 263.4240417480469 1.5160398483276367 1.660837173461914 4.182162284851074 5.032787799835205 1.4181370735168457 13.206842422485352 -1.1286766304804274 0.44003576040267944
Car -1 -1 -1.45 805.9287719726562 167.6932830810547 936.5018920898438 251.80247497558594 1.4649933576583862 1.634484052658081 3.825157403945923 4.637225151062012 1.4091435074806213 12.917976379394531 -1.1022132441492047 0.2948245704174042
Car -1 -1 -1.31 834.8142700195312 167.73728942871094 962.1641845703125 241.16583251953125 1.4798566102981567 1.6231237649917603 3.854001760482788 7.408505916595459 1.4031842350959778 17.643653869628906 -0.9133007185875854 0.24823789298534393
Car -1 -1 0.05 1070.1885986328125 147.8963623046875 1232.11767578125 232.6334228515625 1.561932921409607 1.5888705253601074 3.8340823650360107 12.845149993896484 1.1460769176483154 16.578760147094727 0.7100068719546009 0.19579842686653137
Car -1 -1 -1.52 786.32275390625 163.0010223388672 918.9105224609375 251.367919921875 1.565029263496399 1.6321141719818115 3.9089858531951904 4.513354301452637 1.5393766164779663 13.062305450439453 -1.1884218991875617 0.18501058220863342