Car -1 -1 1.73 465.9245300292969 171.34951782226562 546.4839477539062 233.94406127929688 1.633445143699646 1.6795029640197754 4.227161884307861 -2.957465887069702 1.5723838210105896 21.170185089111328 1.5878675045844588 0.8894398808479309
Car -1 -1 -1.74 723.018310546875 178.72573852539062 890.2698974609375 320.4352111816406 1.623404622077942 1.551405429840088 3.2706806659698486 2.5793979167938232 1.738701343536377 10.100907325744629 -1.4927456021892604 0.8704056739807129
Car -1 -1 -1.68 689.27587890625 184.45504760742188 798.2567138671875 269.4615783691406 1.4513553380966187 1.551538109779358 3.290003776550293 2.525195598602295 1.7286296486854553 14.411781311035156 -1.5039114941982472 0.8602988719940186
Car -1 -1 -1.8 511.2929992675781 174.56304931640625 568.4557495117188 216.37030029296875 1.4972025156021118 1.5917448997497559 3.9163713455200195 -2.656101703643799 1.5834070444107056 28.599773406982422 -1.893271671058847 0.8433740735054016
Car -1 -1 -2.78 157.94985961914062 167.77418518066406 384.5727233886719 244.844482421875 1.5111862421035767 1.6820154190063477 4.328122615814209 -7.374731540679932 1.467474341392517 15.817230224609375 3.0689364739565033 0.8330347537994385
Car -1 -1 1.55 634.8778076171875 175.15020751953125 663.1778564453125 199.71661376953125 1.4743221998214722 1.67812979221344 4.226590156555176 2.5527737140655518 1.6305561065673828 47.41865539550781 1.6045537120510849 0.804591953754425
Cyclist -1 -1 -1.58 581.3165893554688 167.11962890625 606.7271118164062 221.9992218017578 1.8080987930297852 0.5291338562965393 1.795831322669983 -0.49116599559783936 1.6364217400550842 24.27366065979004 -1.596507900406242 0.7910566329956055
Car -1 -1 -0.53 5.256336212158203 214.95309448242188 213.1885108947754 380.52740478515625 1.538166880607605 1.5896748304367065 3.7710070610046387 -2.726825475692749 1.6521373987197876 1.7424085140228271 -1.527455592629722 0.7166451215744019
Pedestrian -1 -1 1.59 583.2823486328125 171.20066833496094 606.0255126953125 221.48477172851562 1.7246097326278687 0.719759464263916 0.8769983053207397 -0.5254421234130859 1.6087164878845215 24.46393394470215 1.5702762558319892 0.5627246499061584
Car -1 -1 -0.4 570.8906860351562 167.61204528808594 592.3919067382812 191.41043090820312 1.6704797744750977 1.7565687894821167 4.090534210205078 -2.3075783252716064 1.2988553941249847 60.46504211425781 -0.43366668612541437 0.4199317991733551
Car -1 -1 -1.5 572.8681030273438 167.9916229248047 595.730712890625 194.0310821533203 1.6831835508346558 1.6842635869979858 3.938204765319824 -2.4591991901397705 1.338867723941803 59.88938522338867 -1.5406691440688203 0.4027837812900543
Car -1 -1 -1.72 704.6910400390625 180.8738555908203 865.0765991210938 310.4229431152344 1.5493898391723633 1.5697916746139526 3.4373698234558105 2.389949321746826 1.666789710521698 10.399709701538086 -1.498701929047236 0.361053466796875
Car -1 -1 -1.55 571.3900146484375 169.2079315185547 596.8587036132812 198.3695526123047 1.597916841506958 1.7081081867218018 3.886777400970459 -2.4752016067504883 1.2726625204086304 59.124351501464844 -1.5921801286096935 0.3410559892654419
Car -1 -1 -1.05 694.0491333007812 180.77244567871094 812.5155639648438 281.00445556640625 1.5900404453277588 1.520424485206604 3.2764294147491455 2.5360658168792725 1.7622414231300354 14.549724578857422 -0.8734393202880364 0.30169835686683655
Car -1 -1 -1.7 710.1087036132812 182.4482879638672 841.3185424804688 290.3486022949219 1.5424573421478271 1.5556962490081787 3.303039073944092 2.520200490951538 1.7044694423675537 10.882417678833008 -1.4679361934708197 0.2860899567604065
Cyclist -1 -1 -2.27 579.6068725585938 166.09298706054688 603.3822021484375 216.6427001953125 1.8165768384933472 0.634198784828186 1.8434841632843018 -0.5250111222267151 1.6062812805175781 24.896268844604492 -2.292744467255571 0.2833288013935089
Car -1 -1 -1.48 579.3892822265625 167.50186157226562 606.52001953125 218.48963928222656 1.7479796409606934 1.5666121244430542 3.5123226642608643 -0.8843808174133301 1.6600012183189392 33.304710388183594 -1.5020793494810016 0.27844682335853577
Car -1 -1 1.69 477.24822998046875 172.71405029296875 550.8727416992188 229.57691955566406 1.5770461559295654 1.6993740797042847 4.183720111846924 -2.902822494506836 1.5980417132377625 21.369564056396484 1.556882481147917 0.261392742395401
Car -1 -1 -0.49 -1.6195032596588135 186.3289794921875 152.4878270626068 379.8141174316406 1.6839394569396973 1.665099859237671 4.085496425628662 -2.5829386711120605 1.5949540734291077 1.5559810400009155 -1.518947278094723 0.2569582760334015
Car -1 -1 -1.55 575.8934326171875 167.87522888183594 600.7650146484375 203.73455810546875 1.5810694694519043 1.6523317098617554 3.9730660915374756 -2.620196580886841 1.1734615564346313 59.57635498046875 -1.5915881608132656 0.2494852989912033
Car -1 -1 0.85 883.2887573242188 163.86439514160156 1218.6416015625 367.5216369628906 1.4966599941253662 1.6519964933395386 4.153595924377441 4.8322062492370605 1.6351536512374878 6.205237865447998 1.5149713278725487 0.23816949129104614
Car -1 -1 -1.81 734.95947265625 177.98077392578125 876.2344360351562 296.5399169921875 1.5482826232910156 1.5704631805419922 3.450002670288086 2.67016339302063 1.6561923623085022 10.280052185058594 -1.5589471522009442 0.23378711938858032
Car -1 -1 -1.57 569.5813598632812 170.82652282714844 594.8663330078125 193.64401245117188 1.5934295654296875 1.7270084619522095 4.131282806396484 -2.212257146835327 1.2669639885425568 58.88874435424805 -1.6097208297810504 0.23130129277706146
Car -1 -1 -0.59 21.874805450439453 195.97381591796875 189.26550674438477 378.691650390625 1.6173121929168701 1.5853978395462036 3.6438705921173096 -2.536860704421997 1.6319831013679504 1.7415966987609863 -1.5554104937863187 0.2257392257452011
Car -1 -1 -0.38 -11.855716705322266 213.29953002929688 120.4873161315918 366.4276123046875 1.5376814603805542 1.5796468257904053 3.996317148208618 -2.793757915496826 1.4576558470726013 1.5906875133514404 -1.437752313634257 0.22359740734100342
Car -1 -1 -1.5 578.2330932617188 166.09385681152344 604.1096801757812 211.79039001464844 1.7678581476211548 1.6090996265411377 3.426837921142578 -0.9228646159172058 1.7420989871025085 36.21794509887695 -1.5218858730938631 0.21513637900352478
Car -1 -1 -0.51 44.773712158203125 203.45278930664062 237.5505828857422 379.4491882324219 1.5223671197891235 1.616075873374939 3.7710769176483154 -2.6441640853881836 1.5515843033790588 1.591087818145752 -1.5411675577584436 0.21447400748729706
Car -1 -1 -0.55 5.985940933227539 225.41993713378906 150.67412757873535 369.5530700683594 1.532837152481079 1.6262136697769165 3.6690614223480225 -2.756989002227783 1.5507351756095886 1.8608752489089966 -1.5281743203598026 0.19956663250923157
Pedestrian -1 -1 2.04 722.594482421875 176.188232421875 887.2578125 324.099365234375 1.6550939083099365 0.6207626461982727 0.7856780886650085 2.1991770267486572 1.6548300981521606 8.377197265625 2.297482197311443 0.19480624794960022
Car -1 -1 -2.86 208.85494995117188 173.52069091796875 393.9512634277344 239.26766967773438 1.404443621635437 1.6645147800445557 4.321780681610107 -7.182528495788574 1.4902262091636658 16.418590545654297 3.014892483590417 0.19240082800388336
Car -1 -1 -0.54 -5.36393928527832 185.0725860595703 192.32079887390137 356.4280090332031 1.6518125534057617 1.6378674507141113 3.9275994300842285 -2.8758301734924316 1.6192491054534912 1.8076632022857666 -1.552264359001576 0.1864309012889862
Car -1 -1 -2.12 76.51625061035156 378.44598388671875 232.9818572998047 527.3590698242188 1.3819587230682373 1.6571050882339478 4.03901481628418 -2.163841485977173 2.7963441610336304 4.205337047576904 -2.5913526451429956 0.17364655435085297
Car -1 -1 -2.4 106.27342224121094 175.52676391601562 350.0379943847656 268.4609680175781 1.4040814638137817 1.650416612625122 3.891144037246704 -8.030068397521973 1.8630251288414001 15.797883033752441 -2.8735140726168025 0.16238167881965637
Car -1 -1 -1.43 578.2396850585938 166.601318359375 600.2119750976562 194.16136169433594 1.5262200832366943 1.6800531148910522 4.072810649871826 -2.2791082859039307 1.1829615235328674 59.90495300292969 -1.4718635407335086 0.15322744846343994
Car -1 -1 -0.46 20.658903121948242 182.97442626953125 232.62692070007324 341.4338684082031 1.442660927772522 1.659247636795044 4.000955581665039 -3.559868097305298 1.4874940514564514 2.9895732402801514 -1.3322728095929826 0.10526765137910843
Car -1 -1 -1.57 581.3289184570312 166.32135009765625 607.7367553710938 208.8232879638672 1.4920910596847534 1.6430631875991821 3.763014316558838 -1.0734833478927612 1.6131798028945923 48.85051727294922 -1.587986750171961 0.08609545975923538
Car -1 -1 -1.45 583.8980102539062 165.45619201660156 607.0826416015625 192.55410766601562 1.4901447296142578 1.5542678833007812 3.9437460899353027 -1.3064390420913696 1.1347152292728424 66.29907989501953 -1.472812056693856 0.07332503795623779