Cyclist -1 -1 1.8 379.5132141113281 164.11495971679688 455.3785400390625 297.2557678222656 1.8317400217056274 0.5930681824684143 1.8153177499771118 -2.7519614696502686 1.548252522945404 10.786084175109863 1.5544501325509525 0.8339977860450745
Pedestrian -1 -1 1.34 196.85511779785156 165.5494842529297 267.67852783203125 345.6624755859375 1.8094182014465332 0.6307985186576843 0.6487622857093811 -4.021021366119385 1.661252737045288 7.670792579650879 0.8594985142053417 0.8040590286254883
Cyclist -1 -1 1.53 218.026611328125 169.6197052001953 369.461669921875 381.7945556640625 1.755897045135498 0.6096045970916748 1.7846640348434448 -2.579329490661621 1.6655197143554688 6.15799617767334 1.1321268223959464 0.7916401624679565
Pedestrian -1 -1 1.38 615.2880859375 166.0112762451172 685.4430541992188 340.028564453125 1.705875277519226 0.6294034719467163 0.8246358633041382 0.5080952644348145 1.5478721857070923 7.582388401031494 1.443471205682716 0.7840062975883484
Pedestrian -1 -1 1.11 662.3714599609375 163.87515258789062 735.5670166015625 333.3167419433594 1.715506672859192 0.6083232760429382 0.7319675087928772 1.0775259733200073 1.5298838019371033 7.728765964508057 1.248523394792464 0.7332094311714172
Van -1 -1 -1.46 489.795166015625 170.1624298095703 536.4351806640625 209.20419311523438 2.0392491817474365 1.8981152772903442 5.003122329711914 -4.923361778259277 1.4619778990745544 41.02008819580078 -1.5785033337259708 0.7135863304138184
Pedestrian -1 -1 1.27 233.98568725585938 163.19577026367188 358.68450927734375 375.0390930175781 1.6898243427276611 0.6295921206474304 0.740028977394104 -2.4468414783477783 1.5886826515197754 5.929769039154053 0.8756895230843345 0.5706314444541931
Car -1 -1 -1.46 488.846923828125 171.4833984375 534.9478149414062 209.9853973388672 1.8055565357208252 1.7432712316513062 4.425480842590332 -4.337971210479736 1.399399995803833 36.15473175048828 -1.5752617482369997 0.5687244534492493
Pedestrian -1 -1 1.17 626.368896484375 167.76980590820312 694.6558227539062 338.9219055175781 1.6293940544128418 0.593315601348877 0.8223658800125122 0.5561891794204712 1.5234233140945435 7.413211345672607 1.2448161169673782 0.5284391641616821
Pedestrian -1 -1 1.32 638.7285766601562 164.0489959716797 709.1644287109375 338.0547790527344 1.7108596563339233 0.6190624237060547 0.9090845584869385 0.8094351291656494 1.5385626554489136 7.597980499267578 1.4245903860200606 0.4919240474700928
Cyclist -1 -1 2.79 719.3056640625 160.57701110839844 800.8153076171875 312.72344970703125 1.7123826742172241 0.6459872722625732 1.731573224067688 1.883400559425354 1.4724287390708923 8.960769653320312 2.9945884689747526 0.4889785051345825
Cyclist -1 -1 1.1 760.330810546875 179.9953155517578 929.4530029296875 346.5099182128906 1.6339313983917236 0.6617699861526489 1.728175163269043 2.482473850250244 1.5829895734786987 7.31345272064209 1.4302851446692522 0.45523199439048767
Pedestrian -1 -1 1.75 763.9776000976562 165.89137268066406 798.0497436523438 247.27630615234375 1.7687016725540161 0.6126009225845337 0.5392330884933472 3.986459493637085 1.4396530389785767 16.11177635192871 1.98866363561711 0.45328447222709656
Cyclist -1 -1 2.13 735.2238159179688 162.7848358154297 767.178466796875 230.04367065429688 1.693472146987915 0.6275284886360168 1.704447865486145 4.114482402801514 1.2517526745796204 19.99494171142578 2.3368034779546 0.45077458024024963
Cyclist -1 -1 -0.16 701.6931762695312 156.6806640625 808.5142822265625 323.4343566894531 1.745522141456604 0.6293300986289978 1.725306749343872 1.9358363151550293 1.5440982580184937 9.01559829711914 0.046631736229468146 0.4332733154296875
Cyclist -1 -1 2.81 759.1703491210938 165.0762481689453 797.5977172851562 245.8543243408203 1.7231084108352661 0.6012706756591797 1.7169524431228638 4.277780532836914 1.4049081206321716 17.36440658569336 3.055849520225115 0.4123460650444031
Pedestrian -1 -1 1.67 399.5805358886719 168.56781005859375 420.5130920410156 232.96885681152344 1.7442405223846436 0.615193784236908 0.5132747292518616 -5.396275997161865 1.4446104168891907 20.3703670501709 1.4096729385356452 0.39947637915611267
Pedestrian -1 -1 0.81 219.6051483154297 162.41661071777344 333.09185791015625 369.5021667480469 1.7225829362869263 0.6187930107116699 0.9056708812713623 -3.0803041458129883 1.6303619146347046 6.532291889190674 0.37156158197345857 0.3831116855144501
Pedestrian -1 -1 1.05 198.62535095214844 162.72984313964844 292.84136962890625 355.96453857421875 1.7545249462127686 0.5889716148376465 0.8681289553642273 -4.040270805358887 1.7524361610412598 7.812465667724609 0.5761030105558853 0.3632456660270691
Pedestrian -1 -1 1.45 189.5264129638672 160.52760314941406 276.38067626953125 364.7080383300781 1.809684157371521 0.6370548605918884 0.8328368663787842 -4.126795291900635 1.7234076857566833 7.704683780670166 0.9557490044110999 0.34989938139915466
Pedestrian -1 -1 1.97 400.40948486328125 171.048095703125 426.6859130859375 236.4452362060547 1.7432794570922852 0.6249909996986389 0.5852639079093933 -5.003246307373047 1.4966896772384644 19.25858497619629 1.7198541992014427 0.3466390371322632
Pedestrian -1 -1 1.53 671.6998901367188 163.6542510986328 752.4259643554688 336.380126953125 1.7444021701812744 0.6337181925773621 0.8605369925498962 1.1241106986999512 1.550339162349701 7.5971784591674805 1.6806802661507447 0.3444182276725769
Pedestrian -1 -1 1.36 204.114501953125 166.4729766845703 318.5235900878906 361.84393310546875 1.7465115785598755 0.6550812125205994 0.6848973631858826 -2.9123551845550537 1.6287845373153687 6.365107536315918 0.9280118676080384 0.33991286158561707
Cyclist -1 -1 0.12 202.87765502929688 159.43182373046875 312.671875 365.9096984863281 1.8159887790679932 0.6333198547363281 1.7991816997528076 -3.3572003841400146 1.674696683883667 6.98490571975708 -0.3311767637515315 0.338357150554657
Cyclist -1 -1 1.65 384.9272766113281 165.13255310058594 446.4412841796875 276.93646240234375 1.7473671436309814 0.6859933137893677 1.7557048797607422 -2.820666551589966 1.4312803149223328 10.870685577392578 1.398947279499179 0.33787181973457336
Pedestrian -1 -1 1.0 757.3672485351562 164.8619842529297 795.476806640625 243.00772094726562 1.7927099466323853 0.6547549366950989 0.5781556367874146 4.1768927574157715 1.399344563484192 17.239965438842773 1.2370357954700104 0.3345573842525482
Cyclist -1 -1 1.07 2.357748031616211 181.828369140625 121.5046443939209 370.7693176269531 1.7187561988830566 0.6510564684867859 1.7897088527679443 -5.272411346435547 1.7135770916938782 6.689940929412842 0.4018733243781316 0.3341616988182068
Cyclist -1 -1 0.78 207.64157104492188 169.5987548828125 337.3197937011719 368.05718994140625 1.6922681331634521 0.5936292409896851 1.7542178630828857 -2.737327814102173 1.5952308773994446 6.227421760559082 0.3696143069923856 0.3269331455230713
Cyclist -1 -1 1.01 702.633544921875 165.27322387695312 840.7376098632812 327.3283996582031 1.6815186738967896 0.6717719435691833 1.7607736587524414 1.91196870803833 1.5922313332557678 8.637894630432129 1.2237824948659437 0.3178412616252899
Pedestrian -1 -1 -2.73 378.73126220703125 167.5131072998047 455.65850830078125 296.7366943359375 1.8142476081848145 0.6495963931083679 0.8342022895812988 -2.7612342834472656 1.6109052896499634 10.720470428466797 -2.9790024686894743 0.30718857049942017
Cyclist -1 -1 1.72 733.3579711914062 157.12086486816406 799.1737060546875 290.49749755859375 1.8552534580230713 0.6771324872970581 1.7375637292861938 2.376476526260376 1.5621811747550964 11.090179443359375 1.9340878688511074 0.29446205496788025
Cyclist -1 -1 -1.02 663.65087890625 161.22372436523438 749.8280029296875 334.01153564453125 1.7972358465194702 0.6063296794891357 1.779104232788086 1.1436079740524292 1.5806152820587158 7.97857141494751 -0.8791316772233131 0.28886517882347107
Pedestrian -1 -1 2.03 390.6966857910156 168.6882781982422 433.0467529296875 236.26931762695312 1.7779589891433716 0.6635138988494873 0.6309024095535278 -5.420575141906738 1.386194258928299 20.445707321166992 1.7665293011418157 0.2872702479362488
Cyclist -1 -1 2.91 753.8959350585938 165.63641357421875 790.064697265625 241.5194549560547 1.690443515777588 0.590019941329956 1.6530592441558838 4.228113174438477 1.3441457748413086 17.98711585998535 3.1362516647016427 0.2840464115142822
Cyclist -1 -1 2.69 742.2007446289062 164.33851623535156 775.8193969726562 237.2071990966797 1.7160923480987549 0.6077351570129395 1.6499134302139282 4.20949125289917 1.3628306984901428 19.200498580932617 2.9018050125386488 0.2830146253108978
Pedestrian -1 -1 -0.24 735.1069946289062 164.35118103027344 772.2047729492188 239.07566833496094 1.7546547651290894 0.635460615158081 0.5833530426025391 3.7669243812561035 1.3500073850154877 17.815052032470703 -0.031990035761648716 0.2810579836368561
Cyclist -1 -1 1.01 734.2918701171875 170.1677703857422 902.6226806640625 341.4702453613281 1.723035454750061 0.702178955078125 1.8386650085449219 2.1554811000823975 1.6840600371360779 7.692811965942383 1.28642494084108 0.27800002694129944
Cyclist -1 -1 -0.27 676.0509643554688 163.39453125 768.021484375 324.6665954589844 1.7653406858444214 0.6588417887687683 1.8218357563018799 1.5032142400741577 1.6064186096191406 8.949533462524414 -0.10172309745712527 0.2766936421394348
Pedestrian -1 -1 2.06 694.810791015625 157.1588897705078 799.688720703125 325.6932373046875 1.7812632322311401 0.6330817937850952 0.7874590158462524 1.7976924180984497 1.5774080753326416 8.413135528564453 2.269101381987645 0.2733774781227112
Car -1 -1 2.04 217.5104522705078 173.46044921875 372.5302429199219 379.9273376464844 1.6275444030761719 1.5716261863708496 3.438138484954834 -2.773730516433716 1.6531804203987122 7.067593574523926 1.6643104270911646 0.27304747700691223
Pedestrian -1 -1 2.08 713.085693359375 160.64752197265625 809.2577514648438 324.27825927734375 1.8003854751586914 0.6461523175239563 0.8184564113616943 1.8773609399795532 1.5904861092567444 8.694863319396973 2.292866004882356 0.2702554166316986
Cyclist -1 -1 2.31 737.6224975585938 158.1204376220703 790.30859375 275.3837890625 1.791831612586975 0.6211822032928467 1.6748137474060059 2.3010308742523193 1.4520671367645264 10.787732124328613 2.5212971218922764 0.27013710141181946
Cyclist -1 -1 0.53 751.5121459960938 159.8572998046875 799.0890502929688 261.10723876953125 1.6949944496154785 0.6152007579803467 1.7119224071502686 2.6075503826141357 1.2980466187000275 10.800094604492188 0.768055461854118 0.26606839895248413
Pedestrian -1 -1 1.59 406.8529052734375 170.23779296875 435.9062194824219 241.25494384765625 1.7150920629501343 0.6033161878585815 0.6174929738044739 -4.486606121063232 1.4634723663330078 17.701541900634766 1.3369272602051856 0.2606455683708191
Cyclist -1 -1 2.04 387.1248779296875 170.43360900878906 430.4102478027344 241.69677734375 1.7592846155166626 0.6279962658882141 1.6572649478912354 -5.497191905975342 1.4912302494049072 20.65321159362793 1.7762614626286997 0.258768767118454
Cyclist -1 -1 1.64 744.9540405273438 157.37648010253906 800.6315307617188 277.3539733886719 1.8371409177780151 0.6669831871986389 1.7077361345291138 3.0224103927612305 1.5348727703094482 12.923632621765137 1.874214459880502 0.25813207030296326
Pedestrian -1 -1 0.52 750.8848266601562 165.71673583984375 789.0910034179688 241.6510009765625 1.7552553415298462 0.6493799686431885 0.645452618598938 4.027487754821777 1.426802933216095 17.53015899658203 0.7433219315910629 0.2561885416507721
Pedestrian -1 -1 1.3 394.47784423828125 171.23797607421875 423.68231201171875 237.99349975585938 1.7223470211029053 0.6090610027313232 0.5118987560272217 -4.96968412399292 1.4764840602874756 18.59479522705078 1.0390217192649178 0.2500011920928955
Cyclist -1 -1 1.94 382.36962890625 156.84556579589844 465.4591064453125 286.451171875 1.8572213649749756 0.6383238434791565 1.8742610216140747 -2.66902232170105 1.5796534419059753 10.699419975280762 1.6969905572928479 0.24901962280273438
Pedestrian -1 -1 1.46 683.4344482421875 169.37062072753906 747.0421752929688 329.6438903808594 1.6041420698165894 0.6108226776123047 0.7879692912101746 1.17677903175354 1.465225338935852 7.821908473968506 1.6106231438918694 0.24821169674396515
Cyclist -1 -1 0.36 394.47784423828125 171.23797607421875 423.68231201171875 237.99349975585938 1.6580615043640137 0.6020116209983826 1.6144275665283203 -5.187554836273193 1.4404742121696472 19.473445892333984 0.10001660842565485 0.24420350790023804
Pedestrian -1 -1 1.62 207.91123962402344 182.32708740234375 274.9017333984375 342.2176513671875 1.5921272039413452 0.5595914721488953 0.8399171233177185 -3.902674913406372 1.6189551949501038 7.805773735046387 1.1558955313361192 0.24418029189109802
Cyclist -1 -1 -1.14 190.92137145996094 165.9120330810547 270.4189453125 345.5584411621094 1.7356195449829102 0.6151025295257568 1.7228270769119263 -4.446212291717529 1.628019392490387 8.26657485961914 -1.6346147541150877 0.2437070608139038
Pedestrian -1 -1 1.82 217.86183166503906 181.01824951171875 296.0611572265625 347.8130798339844 1.7046232223510742 0.6319486498832703 0.8567387461662292 -3.844759464263916 1.7003942131996155 7.722151279449463 1.3615696851775798 0.24353915452957153
Pedestrian -1 -1 1.78 707.2378540039062 171.4224853515625 786.8383178710938 328.46234130859375 1.5746647119522095 0.5824539065361023 0.6792608499526978 1.6980558633804321 1.529840350151062 8.444053649902344 1.9772891790789746 0.2412489354610443
Pedestrian -1 -1 0.66 178.3760223388672 166.34083557128906 251.54966735839844 338.9986572265625 1.736146092414856 0.605856716632843 0.867944598197937 -4.191167831420898 1.645015835762024 7.987204074859619 0.17864003032012254 0.24083681404590607
Pedestrian -1 -1 1.83 395.178466796875 175.989013671875 430.6724853515625 242.84373474121094 1.6121289730072021 0.5617567300796509 0.5826693773269653 -4.890377998352051 1.521342933177948 18.58098602294922 1.5758593064150324 0.24052675068378448
Cyclist -1 -1 2.27 710.1471557617188 164.23348999023438 787.6605224609375 326.9903564453125 1.6839655637741089 0.643849790096283 1.7680959701538086 1.7520530223846436 1.5337465405464172 8.979872703552246 2.4670912082915413 0.23944629728794098
Cyclist -1 -1 -1.12 619.2859497070312 161.702880859375 693.5426635742188 342.39276123046875 1.7867785692214966 0.5496648550033569 1.695263385772705 0.689358115196228 1.6377279162406921 7.8034348487854 -1.030432623144904 0.23875467479228973
Pedestrian -1 -1 1.49 226.1428680419922 177.37142944335938 320.33489990234375 359.7147216796875 1.6898523569107056 0.634261429309845 0.8124503493309021 -2.9085867404937744 1.6023440957069397 6.38220739364624 1.0594486736497917 0.23331153392791748
Pedestrian -1 -1 2.07 0.11535488814115524 181.1151885986328 108.44878231734037 362.4697265625 1.747741937637329 0.6162811517715454 0.661608874797821 -5.268092632293701 1.776123046875 6.666078567504883 1.3979849297496791 0.23315827548503876
Cyclist -1 -1 1.68 718.1443481445312 158.06048583984375 787.84228515625 293.9817810058594 1.8297022581100464 0.6917005777359009 1.7657972574234009 2.1040096282958984 1.5483858585357666 10.644245147705078 1.8770330261510724 0.23034995794296265
Cyclist -1 -1 2.28 742.9085693359375 164.9311065673828 769.8097534179688 231.914794921875 1.7004057168960571 0.630915641784668 1.6696275472640991 4.272771835327148 1.3115285634994507 20.115345001220703 2.4931355034841243 0.22393757104873657
Cyclist -1 -1 1.07 738.0797729492188 158.15643310546875 777.3993530273438 247.97373962402344 1.7434855699539185 0.6254951357841492 1.6982910633087158 3.9995224475860596 1.3020517528057098 19.201313018798828 1.2780824702792621 0.21799591183662415
Cyclist -1 -1 2.25 2.455620288848877 168.1428680419922 82.00514268875122 371.93743896484375 1.7856042385101318 0.6544784307479858 1.8962514400482178 -5.737545967102051 1.7764471769332886 6.896284103393555 1.5574479565918091 0.2177245318889618
Pedestrian -1 -1 2.14 -8.636903762817383 175.6303253173828 131.1716136932373 368.4660949707031 1.8248764276504517 0.6181129217147827 0.7294600605964661 -5.358727931976318 1.825537085533142 6.746982574462891 1.4704628576912713 0.21650250256061554
Cyclist -1 -1 1.89 397.6172790527344 170.5289306640625 435.5622253417969 243.1588592529297 1.7591056823730469 0.6345672607421875 1.6389371156692505 -5.395599842071533 1.5102234482765198 20.686582565307617 1.635565441289832 0.216411754488945
Pedestrian -1 -1 0.89 603.2882080078125 171.6234893798828 672.2991943359375 334.6429138183594 1.6784703731536865 0.601359486579895 0.851930558681488 0.3889799118041992 1.5723122358322144 7.437223434448242 0.9443301083364162 0.21493226289749146
Pedestrian -1 -1 1.69 738.0797729492188 158.15643310546875 777.3993530273438 247.97373962402344 1.8417038917541504 0.64680016040802 0.4489718973636627 3.9313271045684814 1.3458428978919983 18.7579402923584 1.893283406951257 0.21436797082424164
Pedestrian -1 -1 1.74 754.4237060546875 157.52947998046875 798.4358520507812 268.2440185546875 1.8619812726974487 0.6841985583305359 0.5698719620704651 3.667137861251831 1.479371428489685 14.758089065551758 1.9798396477233542 0.21166735887527466
Pedestrian -1 -1 0.03 769.1302490234375 178.65243530273438 925.4735107421875 352.7150573730469 1.5670723915100098 0.5556735396385193 0.666670024394989 2.438870906829834 1.5580741167068481 7.155396461486816 0.3599699565348029 0.21146650612354279
Cyclist -1 -1 2.0 751.3987426757812 165.57948303222656 777.1682739257812 233.94058227539062 1.7307795286178589 0.6152138710021973 1.643027663230896 4.4580512046813965 1.3451383411884308 19.72321128845215 2.2230980342105555 0.21087439358234406
Cyclist -1 -1 -1.77 645.45947265625 159.14906311035156 717.1083374023438 341.0140380859375 1.7871992588043213 0.5850935578346252 1.7004599571228027 0.8457357883453369 1.5752828121185303 7.865341663360596 -1.6636537114120715 0.21044781804084778
Cyclist -1 -1 1.55 727.3572998046875 157.7445526123047 783.923095703125 275.4630432128906 1.7707282304763794 0.6242480278015137 1.7673728466033936 2.304748296737671 1.4593613743782043 11.344589233398438 1.7454541909537893 0.20591913163661957
Cyclist -1 -1 2.84 198.62535095214844 162.72984313964844 292.84136962890625 355.96453857421875 1.8226475715637207 0.620158851146698 1.6486124992370605 -3.996541738510132 1.7488406896591187 7.925256252288818 2.3733274712665535 0.2047816663980484
Pedestrian -1 -1 1.53 654.1696166992188 176.21144104003906 718.014892578125 324.8150329589844 1.5405150651931763 0.5517179369926453 0.8360602855682373 0.9494079351425171 1.538882076740265 8.373688697814941 1.6415016633714696 0.19995656609535217
Pedestrian -1 -1 1.66 690.1025390625 162.5580596923828 761.3812255859375 325.9515686035156 1.6074106693267822 0.6441947817802429 0.7351823449134827 1.4102500677108765 1.4891834259033203 8.343672752380371 1.8245200857482553 0.19392691552639008
Pedestrian -1 -1 -0.15 186.1626739501953 172.08396911621094 360.6083679199219 359.8741149902344 1.6298331022262573 0.553510844707489 0.6389089822769165 -3.2152228355407715 1.6159852147102356 6.806814670562744 -0.5929909240663851 0.1924990862607956
Cyclist -1 -1 1.6 747.2501831054688 164.30755615234375 773.3273315429688 226.7999267578125 1.6798940896987915 0.6319222450256348 1.6762598752975464 4.717538356781006 1.221127450466156 21.374757766723633 1.8198111898382816 0.19111861288547516
Pedestrian -1 -1 1.15 748.316162109375 165.48130798339844 780.4078369140625 237.9814453125 1.653024435043335 0.5714698433876038 0.5535538196563721 4.173091411590576 1.3238864839076996 18.20760726928711 1.3751136169253524 0.1906629055738449
Truck -1 -1 1.86 375.9501037597656 168.34906005859375 456.3215637207031 297.51031494140625 2.991680145263672 2.4527885913848877 6.62111234664917 -4.09411096572876 2.101675570011139 15.458345413208008 1.6059922467923782 0.18611149489879608
Pedestrian -1 -1 2.35 399.0467224121094 176.39891052246094 438.226806640625 245.0930938720703 1.6005370616912842 0.5676470994949341 0.6568378210067749 -4.585842609405518 1.5085175037384033 17.809675216674805 2.1016692299073307 0.18591997027397156
Pedestrian -1 -1 0.82 204.9055938720703 160.11959838867188 382.0111083984375 369.0633239746094 1.6062477827072144 0.5353145599365234 0.6398317813873291 -2.416738271713257 1.52889883518219 5.979720115661621 0.4399742570331675 0.18156351149082184
Cyclist -1 -1 -2.91 390.8603820800781 166.65914916992188 438.8561096191406 262.8636169433594 1.6901479959487915 0.5805034041404724 1.7479783296585083 -2.978661298751831 1.3692541718482971 11.5037202835083 3.115848973818716 0.1799987256526947
Pedestrian -1 -1 2.65 697.4163208007812 161.08779907226562 918.3558349609375 339.57147216796875 1.6085249185562134 0.535639762878418 0.7761207222938538 1.4969693422317505 1.4719449877738953 6.2140021324157715 2.881631659946649 0.17815427482128143