Car -1 -1 -1.02 -0.30142417550086975 183.55580139160156 331.53524574637413 374.1593933105469 1.4470419883728027 1.6066648960113525 4.037078857421875 -4.540964603424072 1.5034520030021667 7.714051246643066 -1.5509084202309227 0.894108772277832
Car -1 -1 -1.31 358.27288818359375 185.55490112304688 466.2836608886719 253.5039520263672 1.4142049551010132 1.612913727760315 3.8122451305389404 -4.569748878479004 1.4682201743125916 17.49991798400879 -1.569511668210195 0.8793240785598755
Car -1 -1 -1.56 573.0298461914062 174.9915313720703 612.8448486328125 212.2145233154297 1.6472569704055786 1.7070035934448242 4.132889747619629 -0.6897661089897156 1.1730434894561768 33.717803955078125 -1.5840533109612824 0.8736493587493896
Car -1 -1 -1.18 305.5413513183594 180.6310577392578 386.5455627441406 226.1683349609375 1.5284570455551147 1.5860956907272339 3.6307213306427 -9.288186073303223 1.4323510527610779 25.972314834594727 -1.5212916599565167 0.8493057489395142
Car -1 -1 -1.36 425.28515625 179.14356994628906 485.61328125 225.90455627441406 1.4705262184143066 1.5939031839370728 3.8670973777770996 -5.277737617492676 1.3434489965438843 25.449993133544922 -1.5650452687578094 0.8382113575935364
Van -1 -1 -1.59 482.17999267578125 161.03797912597656 533.0570068359375 212.40965270996094 2.2473888397216797 1.9579235315322876 5.405404567718506 -4.69718599319458 1.1990725621581078 35.139984130859375 -1.7230975751959106 0.814668595790863
Car -1 -1 2.25 -0.9301475882530212 174.17190551757812 155.09785228967667 278.3428649902344 1.507588267326355 1.5606731176376343 3.7019617557525635 -12.406768798828125 1.4067592024803162 15.850290298461914 1.5832167018005832 0.5944077372550964
Car -1 -1 2.32 0.7182288765907288 178.9818572998047 153.88259655237198 258.5404052734375 1.4881079196929932 1.664786458015442 4.057785511016846 -12.671113014221191 1.3399089574813843 16.086929321289062 1.6546027447619691 0.5788387060165405
Car -1 -1 2.46 1.5681864023208618 179.4296417236328 138.44745886325836 246.06536865234375 1.428330898284912 1.6157423257827759 4.001003265380859 -14.440690040588379 1.3404085040092468 18.548128128051758 1.802195956093958 0.38928160071372986
Van -1 -1 1.72 454.47406005859375 163.52902221679688 497.1088562011719 208.9488525390625 2.301661968231201 1.9371813535690308 5.533743858337402 -6.777438640594482 1.1431755875237286 37.41224670410156 1.544574852311536 0.33008286356925964
Car -1 -1 -1.41 481.3211975097656 161.5308380126953 536.5657958984375 212.93673706054688 2.154646873474121 1.8470797538757324 4.7934722900390625 -4.374631881713867 1.2111307233572006 32.20869445800781 -1.5481249409533708 0.33003342151641846
Car -1 -1 -1.37 435.34906005859375 178.49183654785156 487.4303894042969 222.8837432861328 1.4519137144088745 1.6020947694778442 3.881396532058716 -5.392335414886475 1.2863720655441284 26.336528778076172 -1.5692420603549628 0.29111048579216003
Car -1 -1 -1.41 388.79083251953125 179.7858428955078 473.5312805175781 234.22218322753906 1.4977271556854248 1.6524173021316528 3.932281970977783 -5.208270072937012 1.3865613341331482 23.52142906188965 -1.623845483694737 0.28160953521728516
Car -1 -1 2.3 7.205068588256836 176.6398162841797 148.69716453552246 303.6273498535156 1.5881248712539673 1.5744494199752808 3.8293559551239014 -9.86954402923584 1.4368802309036255 12.193878173828125 1.6225885532039825 0.25960761308670044
Car -1 -1 -1.42 402.1594543457031 176.77476501464844 465.6815490722656 222.3365936279297 1.4849004745483398 1.6246106624603271 3.8809444904327393 -5.519278526306152 1.2997797131538391 24.878173828125 -1.6422814477955825 0.25535768270492554
Van -1 -1 2.25 488.03497314453125 163.90457153320312 539.915771484375 210.51351928710938 2.423279047012329 2.0505027770996094 5.671532154083252 -4.746573448181152 1.308005802333355 36.265220642089844 2.118267432280436 0.2523447871208191
Car -1 -1 -1.39 406.8120422363281 182.51278686523438 485.9167175292969 234.6715850830078 1.4694077968597412 1.579422950744629 4.040451526641846 -5.2447285652160645 1.4467154741287231 25.028961181640625 -1.5946544373645324 0.23148736357688904
Car -1 -1 1.9 1.852591633796692 184.89622497558594 232.65767586231232 327.8261413574219 1.4294086694717407 1.6258076429367065 4.010180950164795 -9.903834342956543 1.5822251439094543 13.400696754455566 1.2677981295679093 0.23006588220596313
Car -1 -1 -0.68 -1.541877269744873 190.67010498046875 242.1410756111145 375.55963134765625 1.482372522354126 1.6166281700134277 3.7315146923065186 -5.111237525939941 1.4724133610725403 6.8827924728393555 -1.3172610990477311 0.2241898477077484
Car -1 -1 -2.41 1.2632339000701904 175.69351196289062 179.76810145378113 323.7259216308594 1.5759029388427734 1.6327189207077026 3.9142708778381348 -9.462384223937988 1.5179292559623718 12.40631103515625 -3.0627346662531334 0.22293291985988617
Car -1 -1 -1.35 375.2102966308594 182.53244018554688 469.8399353027344 246.05984497070312 1.437164068222046 1.6932175159454346 3.834564685821533 -4.490674018859863 1.3822401762008667 17.681800842285156 -1.5942006810558231 0.2179052084684372
Car -1 -1 -1.45 414.138916015625 176.21926879882812 475.1605224609375 222.83180236816406 1.4767847061157227 1.641466498374939 3.954902172088623 -5.590238571166992 1.2487109303474426 25.19925880432129 -1.6673886053321478 0.21592731773853302
Car -1 -1 -1.55 571.2772216796875 176.25946044921875 605.6495361328125 209.71759033203125 1.6177232265472412 1.671557903289795 4.187745094299316 -0.7397459745407104 1.210711508989334 34.74859619140625 -1.571354535753951 0.21231912076473236
Car -1 -1 -1.23 403.0364685058594 173.14883422851562 458.3778076171875 214.79541015625 1.5091949701309204 1.5989747047424316 3.869349479675293 -6.500916004180908 1.2106024324893951 27.90949058532715 -1.4579851829511687 0.19374379515647888
Car -1 -1 2.31 1.5452442169189453 183.367431640625 194.90295600891113 294.36883544921875 1.4164811372756958 1.6449854373931885 4.059726715087891 -11.334006309509277 1.4340435862541199 14.697652816772461 1.6523556071660295 0.19268442690372467
Car -1 -1 -1.4 439.5319519042969 175.1056365966797 494.14263916015625 220.42796325683594 1.5388587713241577 1.746580719947815 4.1921539306640625 -5.222701549530029 1.3098121881484985 26.898677825927734 -1.5957044760093613 0.19080395996570587
Car -1 -1 2.12 -1.6464744806289673 186.89291381835938 157.54401624202728 355.0713806152344 1.469864010810852 1.5950392484664917 3.6514267921447754 -7.820250511169434 1.5066820979118347 9.406999588012695 1.4251420780637432 0.17462106049060822
Pedestrian -1 -1 1.42 451.1277160644531 170.2314453125 493.93670654296875 213.82415771484375 1.8887550830841064 0.6306735277175903 0.7643231153488159 -5.3167500495910645 1.2936169803142548 28.88436508178711 1.2405309297768383 0.1730836033821106
Car -1 -1 -0.63 382.3163146972656 175.66680908203125 459.7353820800781 229.44529724121094 1.4677563905715942 1.586628794670105 3.7458760738372803 -6.477638244628906 1.3288854956626892 25.293994903564453 -0.8835378221032464 0.17168673872947693
Car -1 -1 -2.37 387.86865234375 172.6289825439453 449.7779235839844 221.85641479492188 1.5561548471450806 1.5758172273635864 3.8259496688842773 -7.994826316833496 1.3290557265281677 31.03176498413086 -2.6259127395454485 0.15578894317150116
Pedestrian -1 -1 0.38 358.4629821777344 183.28717041015625 465.617431640625 251.53768920898438 1.8061634302139282 0.6933851838111877 0.8632501363754272 -4.353521823883057 1.5510097742080688 16.783174514770508 0.12250602480061001 0.14601731300354004
Car -1 -1 -1.04 6.995440483093262 185.26564025878906 110.61401653289795 353.268798828125 1.497597575187683 1.6549146175384521 3.9597978591918945 -7.930646896362305 1.5936978459358215 8.412053108215332 -1.791300207611597 0.12786827981472015
Car -1 -1 2.59 -3.0363993644714355 177.70907592773438 82.95204210281372 327.9527282714844 1.5475579500198364 1.6694332361221313 4.082412242889404 -12.219432830810547 1.732211709022522 13.006495475769043 1.8334609215589195 0.10552211850881577
Car -1 -1 -1.45 -6.116787433624268 185.79541015625 70.26456785202026 355.8003845214844 1.5292497873306274 1.6582915782928467 3.928431510925293 -5.143931865692139 1.4873584508895874 4.739980220794678 -2.276723949263329 0.09104329347610474