Van -1 -1 -1.66 525.3027954101562 160.0680389404297 577.1861572265625 209.79981994628906 2.2197673320770264 1.9053198099136353 4.8550920486450195 -2.6138553619384766 1.2794708609580994 34.94968032836914 -1.7338639424492293 0.8407507538795471
Pedestrian -1 -1 2.25 388.78021240234375 166.07339477539062 420.4975280761719 251.0568389892578 1.8279649019241333 0.6523762941360474 0.9113154411315918 -4.177981376647949 1.4957345724105835 14.918270111083984 1.976519857110051 0.7074916362762451
Pedestrian -1 -1 1.89 395.1099548339844 166.23953247070312 426.1990051269531 249.36883544921875 1.8028265237808228 0.6548144817352295 0.8407155275344849 -4.146407127380371 1.471409559249878 15.264720916748047 1.6295266010057237 0.7017356157302856
Pedestrian -1 -1 2.32 391.761474609375 164.70298767089844 431.4263916015625 254.48220825195312 1.7832566499710083 0.6268061399459839 0.9424594640731812 -3.9886460304260254 1.4715495705604553 14.837425231933594 2.057925517088867 0.6983500123023987
Pedestrian -1 -1 1.84 400.4071960449219 164.2493896484375 432.82965087890625 249.85252380371094 1.7921384572982788 0.6576448082923889 1.001318335533142 -4.041244983673096 1.461090624332428 15.408662796020508 1.582106103282455 0.5132580399513245
Pedestrian -1 -1 -0.88 389.0910339355469 170.5147705078125 414.89794921875 248.4006805419922 1.6984753608703613 0.576278030872345 0.8824713230133057 -4.451013088226318 1.449514389038086 15.749403953552246 -1.1572310754437503 0.3984988033771515
Car -1 -1 -1.62 529.024658203125 162.943603515625 578.9835815429688 211.9391632080078 1.9387351274490356 1.6675810813903809 3.958233118057251 -2.336909770965576 1.2377040386199951 31.699329376220703 -1.6955702453130232 0.35975319147109985
Pedestrian -1 -1 2.85 115.64083862304688 119.88785552978516 195.69869995117188 284.86954498291016 1.9526530504226685 0.6744752526283264 0.8582857251167297 -5.5651469230651855 1.3600310385227203 8.773558616638184 2.28954596048949 0.34968894720077515
Cyclist -1 -1 -1.79 391.17730712890625 164.1373291015625 431.6624755859375 254.50491333007812 1.723947286605835 0.5894758105278015 1.7797192335128784 -4.209166049957275 1.4544243216514587 15.54866886138916 -2.056792146604934 0.339343398809433
Pedestrian -1 -1 -0.37 385.3625793457031 168.26661682128906 411.60174560546875 245.4497833251953 1.7429696321487427 0.613408088684082 0.8372747302055359 -4.680699825286865 1.4410997033119202 16.254533767700195 -0.6538815064037262 0.2599412202835083
Truck -1 -1 -1.66 862.7127685546875 -0.9953615069389343 1240.3277587890625 334.4158018231392 3.315110921859741 2.320314407348633 6.747270584106445 4.5907979011535645 1.5783651620149612 5.338715553283691 -0.9511500254185243 0.24822185933589935
Cyclist -1 -1 -1.64 388.5829162597656 166.31570434570312 421.9639892578125 253.03323364257812 1.7150057554244995 0.5586867332458496 1.7876633405685425 -4.337741374969482 1.4537156224250793 15.541308403015137 -1.9157412611464455 0.2451966106891632
Pedestrian -1 -1 1.9 407.71728515625 167.93338012695312 437.82672119140625 250.4119873046875 1.7755272388458252 0.6585334539413452 0.9165588617324829 -3.940415382385254 1.4753366112709045 15.110577583312988 1.647414967452451 0.2226216197013855
Van -1 -1 -1.35 523.901123046875 156.7662811279297 570.291259765625 205.26145935058594 2.2157979011535645 1.9341373443603516 5.039377212524414 -3.020618200302124 1.155249748378992 37.28945541381836 -1.4303870068950966 0.21959607303142548
Cyclist -1 -1 -1.8 401.61004638671875 164.84913635253906 433.8296203613281 248.5159454345703 1.8746079206466675 0.579919695854187 1.826512098312378 -4.348630428314209 1.505725383758545 16.280622482299805 -2.056391557845185 0.2111666351556778
Van -1 -1 -2.29 896.686767578125 -0.30709803104400635 1239.837890625 343.0801395177841 2.4214749336242676 1.916001319885254 5.509499549865723 2.744588613510132 1.4498088359832764 3.015667200088501 -1.5520712358384392 0.20813126862049103
Car -1 -1 -1.62 394.8678283691406 165.89419555664062 428.9876403808594 250.5086669921875 1.5865229368209839 1.6090236902236938 3.867709159851074 -5.332193851470947 1.4603204131126404 19.103513717651367 -1.8881130754652826 0.20696155726909637
Van -1 -1 -1.61 702.697021484375 -11.335984230041504 1282.095703125 390.603102684021 2.6563241481781006 2.4864985942840576 6.5249128341674805 3.4028141498565674 1.3751877471804619 5.493308067321777 -1.0568146804592287 0.19238652288913727