Car -1 -1 -1.68 631.07373046875 178.982177734375 684.9609985351562 221.41403198242188 1.4596158266067505 1.6131759881973267 3.91562819480896 1.7712680101394653 1.6993184685707092 27.275714874267578 -1.614507760573404 0.8901872038841248
Car -1 -1 2.57 873.0732421875 187.31936645507812 1205.9874267578125 310.964599609375 1.5518131256103516 1.6381394863128662 4.041634559631348 6.0951714515686035 1.7346175909042358 10.227710723876953 3.1037668360883908 0.8306401968002319
Car -1 -1 -0.73 1008.77099609375 184.16082763671875 1246.1788330078125 358.6424255371094 1.5571749210357666 1.605724811553955 3.837759017944336 6.426737308502197 1.740075409412384 7.4494309425354 -0.022239466701119426 0.8133034706115723
Car -1 -1 -0.9 1136.8436279296875 189.7190704345703 1238.5667724609375 382.6015930175781 1.4573060274124146 1.5373425483703613 3.810361623764038 6.1073102951049805 1.632188618183136 4.6558003425598145 0.021476218893827337 0.8083781003952026
Car -1 -1 -2.55 -0.32467707991600037 163.71348571777344 229.5143884718418 338.67449951171875 1.706113576889038 1.6447328329086304 4.1764068603515625 -6.770023345947266 1.6911254525184631 8.038362503051758 3.0326106272623505 0.8024187088012695
Car -1 -1 -3.11 306.2291259765625 178.94032287597656 449.1073303222656 230.20932006835938 1.416434645652771 1.6316747665405273 4.35998010635376 -7.128608226776123 1.6838805079460144 22.652328491210938 2.8698848689402556 0.7834522724151611
Car -1 -1 -0.48 779.263427734375 182.86720275878906 1032.5994873046875 280.3536682128906 1.6112345457077026 1.6206417083740234 4.023728847503662 5.3447065353393555 1.845433533191681 13.124671936035156 -0.09242056349202965 0.7790166139602661
Cyclist -1 -1 -2.16 464.93670654296875 174.888916015625 496.1883850097656 243.07424926757812 1.695102572441101 0.5394452214241028 1.7180453538894653 -3.230186700820923 1.738859474658966 18.236894607543945 -2.3382110900171336 0.7533955574035645
Car -1 -1 -1.69 614.83837890625 175.417236328125 648.2117919921875 202.78895568847656 1.4512702226638794 1.6056174039840698 3.861856698989868 1.2231706380844116 1.6622310280799866 41.61103820800781 -1.6588289206138649 0.7130577564239502
Car -1 -1 -2.96 2.118553876876831 163.16273498535156 306.5489432811737 296.5874938964844 1.6759439706802368 1.6602078676223755 4.272434711456299 -6.599564075469971 1.680546224117279 10.364117622375488 2.7597280304936564 0.6928592920303345
Car -1 -1 0.89 366.9330749511719 177.32176208496094 478.50970458984375 220.58587646484375 1.4695329666137695 1.6600399017333984 4.351420879364014 -6.723296642303467 1.7029473781585693 25.968217849731445 0.6317565408771726 0.660996675491333
Car -1 -1 -0.4 783.4916381835938 175.60365295410156 997.850830078125 260.43804931640625 1.6409558057785034 1.6277377605438232 3.9654691219329834 6.024844646453857 1.6998661160469055 15.91859245300293 -0.04075939784806559 0.6418004035949707
Car -1 -1 -2.96 327.6494445800781 178.57492065429688 461.8218994140625 226.62258911132812 1.4272608757019043 1.622859239578247 4.214623928070068 -7.0113525390625 1.678846001625061 23.337553024291992 3.026819240258728 0.6100833415985107
Car -1 -1 2.93 413.72760009765625 180.36009216308594 496.2422790527344 216.98643493652344 1.471353530883789 1.6088508367538452 4.035415172576904 -6.960929870605469 1.8300812244415283 31.65020751953125 2.710276626086408 0.5719951391220093
Car -1 -1 -0.24 944.9725341796875 184.92745971679688 1232.0872802734375 330.7415771484375 1.4758847951889038 1.6007434129714966 3.8352930545806885 5.817039489746094 1.6111701726913452 7.2517218589782715 0.43705578027075553 0.5681802034378052
Car -1 -1 0.8 391.144287109375 181.60052490234375 488.43096923828125 221.07553100585938 1.4428092241287231 1.6078436374664307 4.184929370880127 -6.987731456756592 1.787476360797882 28.281009674072266 0.5572955692490034 0.5301129221916199
Car -1 -1 -0.79 1069.850830078125 190.79006958007812 1246.9638671875 364.6504211425781 1.4718656539916992 1.6011103391647339 3.9560048580169678 6.29603385925293 1.6376479864120483 6.316380500793457 -0.010610817046723842 0.5000077486038208
Pedestrian -1 -1 1.83 465.907470703125 172.83392333984375 494.71966552734375 241.35870361328125 1.6698540449142456 0.6904570460319519 0.6322007775306702 -3.2585575580596924 1.6644771099090576 18.300622940063477 1.656887157429237 0.49856865406036377
Car -1 -1 -3.0 443.2279357910156 177.81507873535156 509.3932800292969 206.76072692871094 1.5789920091629028 1.6684882640838623 4.2829203605651855 -7.382063388824463 1.7924290299415588 40.250030517578125 3.1049321379372135 0.4940698742866516
Car -1 -1 -2.74 -8.280911445617676 163.10438537597656 265.4735746383667 316.1683349609375 1.7221126556396484 1.6902655363082886 4.111704349517822 -6.456879615783691 1.6637414693832397 7.889337062835693 2.8556936766297127 0.47069719433784485
Cyclist -1 -1 -3.1 451.2220153808594 176.36898803710938 500.656005859375 228.72726440429688 1.7983468770980835 0.6604903936386108 1.8524537086486816 -3.28839373588562 1.6807330250740051 18.43467903137207 3.0091240704391113 0.45221880078315735
Cyclist -1 -1 -1.48 461.17108154296875 176.14382934570312 500.44183349609375 237.79603576660156 1.7510144710540771 0.6111213564872742 1.7944148778915405 -3.3593077659606934 1.7322810292243958 18.77015495300293 -1.6569802634020654 0.44711634516716003
Car -1 -1 -2.81 426.14013671875 176.90753173828125 493.3703308105469 215.79908752441406 1.5494555234909058 1.683844804763794 3.7657830715179443 -6.225864887237549 1.859063446521759 32.40251541137695 -2.9974818112881216 0.4128599166870117
Car -1 -1 -0.9 1113.3546142578125 182.53750610351562 1245.9273681640625 365.0467834472656 1.5635164976119995 1.6650440692901611 4.086777687072754 5.834227561950684 1.6325833201408386 4.975174427032471 -0.03199522408130884 0.4020874798297882
Car -1 -1 -2.86 435.7225341796875 176.73379516601562 505.4866027832031 212.35403442382812 1.5310542583465576 1.657045602798462 3.888126850128174 -6.956598281860352 1.920119047164917 36.70834732055664 -3.0480809314871147 0.39942261576652527
Car -1 -1 -3.01 407.11102294921875 176.5794677734375 490.54315185546875 214.8275604248047 1.474360466003418 1.676918625831604 3.862348794937134 -6.6139397621154785 1.803605556488037 30.783157348632812 3.063315260057726 0.39321035146713257
Pedestrian -1 -1 1.82 460.3639221191406 174.73399353027344 498.2740173339844 241.62167358398438 1.6095322370529175 0.6721014380455017 0.8406516313552856 -3.178570508956909 1.6638041734695435 17.89175796508789 1.6429413436716533 0.38903364539146423
Car -1 -1 -0.03 824.9187622070312 188.01461791992188 1154.0872802734375 295.67376708984375 1.4615583419799805 1.611909031867981 3.975323438644409 5.645791053771973 1.7124038934707642 13.040895462036133 0.3742673040815707 0.36924776434898376
Car -1 -1 -0.37 804.6292114257812 191.90037536621094 1069.2130126953125 279.178466796875 1.5011465549468994 1.6131402254104614 4.2985334396362305 5.585709571838379 1.8341295719146729 12.964030265808105 0.03238791069831848 0.3692369759082794
Van -1 -1 -0.97 1131.4014892578125 214.19564819335938 1239.7313232421875 373.74346923828125 1.8692166805267334 1.7674272060394287 4.35966682434082 7.2300591468811035 2.1438862085342407 6.651612281799316 -0.1404438151623011 0.36322396993637085
Car -1 -1 -1.59 458.5088195800781 177.4027862548828 501.85101318359375 235.36692810058594 1.6272300481796265 1.5958852767944336 3.7633440494537354 -4.197774887084961 1.786897599697113 23.416133880615234 -1.7689195545936691 0.3623218238353729
Van -1 -1 1.24 13.81513500213623 161.93258666992188 309.77216625213623 293.90704345703125 1.9993408918380737 1.8015936613082886 4.750487804412842 -7.151998043060303 1.774470567703247 11.161001205444336 0.6739742354201699 0.35473063588142395
Car -1 -1 -2.1 421.89154052734375 180.59376525878906 490.0038757324219 222.71823120117188 1.5575480461120605 1.5996694564819336 3.93973970413208 -6.216394901275635 1.9075013399124146 28.951568603515625 -2.314319726321167 0.3305355906486511
Car -1 -1 -1.7 624.247802734375 175.94754028320312 671.9251708984375 213.1371612548828 1.4664300680160522 1.637451171875 3.7897231578826904 1.5447509288787842 1.6512186527252197 28.249244689941406 -1.640764817108459 0.3285808265209198
Car -1 -1 -2.63 440.72125244140625 176.44851684570312 499.8841247558594 217.88417053222656 1.5523624420166016 1.665155291557312 3.7859599590301514 -6.73935604095459 2.0607662200927734 36.257381439208984 -2.813416543707566 0.3285452425479889
Pedestrian -1 -1 2.7 451.9936218261719 173.69168090820312 499.4891662597656 228.34536743164062 1.6649692058563232 0.687409520149231 0.8597550392150879 -3.320042848587036 1.6395129561424255 18.127695083618164 2.52364777960112 0.32285505533218384
Car -1 -1 -2.95 352.6123046875 178.7781982421875 483.9481201171875 225.3677978515625 1.3594081401824951 1.601294994354248 4.1362738609313965 -6.8010711669921875 1.6650460362434387 25.013704299926758 3.0637326666502824 0.3160777688026428
Car -1 -1 -2.44 451.9936218261719 173.69168090820312 499.4891662597656 228.34536743164062 1.5454001426696777 1.620707392692566 3.6857657432556152 -5.970583438873291 1.9804292917251587 32.503318786621094 -2.6196245832265515 0.31560200452804565
Car -1 -1 -2.55 449.239990234375 175.29550170898438 502.8187255859375 212.75352478027344 1.54031503200531 1.6018850803375244 3.6201391220092773 -7.129378795623779 1.9465457797050476 38.60621643066406 -2.7277483515036574 0.31097212433815
Cyclist -1 -1 2.98 444.6129150390625 177.39202880859375 503.0224304199219 222.66444396972656 1.7367079257965088 0.6410536170005798 1.822616696357727 -3.3930182456970215 1.6126683354377747 18.57782745361328 2.798649790836242 0.30944541096687317
Car -1 -1 -2.24 436.4908447265625 175.70736694335938 493.5517883300781 225.4219207763672 1.5607984066009521 1.6093909740447998 3.7011587619781494 -4.594610214233398 1.8174512386322021 25.080411911010742 -2.420120338510701 0.2980060279369354
Car -1 -1 -0.91 1148.3912353515625 181.1986083984375 1248.41162109375 370.18682861328125 1.626320242881775 1.6718320846557617 4.1418867111206055 5.950204372406006 1.6447620391845703 4.782172203063965 -0.018565252535590826 0.2961944043636322
Car -1 -1 -0.54 776.6168823242188 172.84295654296875 954.24609375 256.5845031738281 1.6631345748901367 1.590291976928711 3.710528612136841 5.859328746795654 1.8052011728286743 16.43439292907715 -0.19627954673587178 0.28682100772857666
Car -1 -1 -1.53 464.552490234375 175.1269989013672 499.79217529296875 240.16824340820312 1.672166109085083 1.6121139526367188 3.729102849960327 -4.374897003173828 1.8560057878494263 24.41261863708496 -1.7121888728332584 0.2864277958869934
Car -1 -1 2.46 898.4681396484375 188.45504760742188 1247.336669921875 346.6765441894531 1.4546021223068237 1.5811030864715576 3.95291805267334 5.94965934753418 1.7224307656288147 9.508255958557129 3.0228897296946933 0.27606576681137085
Car -1 -1 -2.56 4.179522514343262 171.2816619873047 160.13833904266357 326.44390869140625 1.4653661251068115 1.656933307647705 4.249237060546875 -6.822211265563965 1.5606632828712463 7.0742268562316895 2.9581497954713587 0.2578296661376953
Cyclist -1 -1 -2.62 436.4908447265625 175.70736694335938 493.5517883300781 225.4219207763672 1.7346230745315552 0.6171451807022095 1.7845505475997925 -3.3866162300109863 1.699677288532257 18.35093879699707 -2.8027348095605067 0.25763267278671265
Cyclist -1 -1 -2.45 451.1755065917969 175.66842651367188 495.146484375 238.8501739501953 1.741644263267517 0.5787230730056763 1.7291820049285889 -3.2974026203155518 1.7361133098602295 18.390897750854492 -2.6304612053533276 0.2534318268299103
Car -1 -1 -0.86 1154.0460205078125 200.72674560546875 1234.963623046875 352.5098571777344 1.6033165454864502 1.5758869647979736 3.784876585006714 5.517739772796631 1.634181559085846 5.0774030685424805 -0.02885019790991672 0.25065264105796814
Car -1 -1 -2.84 423.0924987792969 178.18743896484375 501.8531188964844 210.99496459960938 1.5446857213974 1.6791623830795288 4.347142696380615 -7.478095054626465 1.853671133518219 37.2103385925293 -3.039883559718163 0.24839672446250916
Car -1 -1 -1.03 1116.669921875 210.45762634277344 1236.9599609375 377.376220703125 1.3776823282241821 1.5708372592926025 3.9539127349853516 5.893535137176514 1.6935378909111023 5.137893199920654 -0.18100542740572667 0.2478550374507904
Car -1 -1 0.68 347.5284423828125 179.45303344726562 448.054443359375 221.12472534179688 1.4373375177383423 1.6108155250549316 4.161452293395996 -7.00816535949707 1.742805540561676 24.5373592376709 0.4002255342198495 0.24745270609855652
Car -1 -1 0.67 384.1969299316406 177.64320373535156 481.8669738769531 226.57032775878906 1.4188756942749023 1.6210726499557495 3.985675096511841 -6.49777889251709 1.7095612287521362 25.569175720214844 0.42606711580747714 0.2442263513803482
Car -1 -1 -2.17 617.1911010742188 176.16949462890625 659.3836059570312 209.7108612060547 1.5552769899368286 1.5487935543060303 3.873440742492676 1.5580732822418213 1.706896185874939 42.385257720947266 -2.1283576711624637 0.2425326406955719
Car -1 -1 1.19 405.8357238769531 181.89247131347656 479.6927490234375 225.87594604492188 1.4524518251419067 1.587164282798767 4.018393516540527 -6.572110652923584 1.8483262658119202 28.00035858154297 0.9564691019018561 0.24189434945583344
Car -1 -1 -2.86 895.64794921875 196.3546142578125 1193.92822265625 336.2402648925781 1.4840853214263916 1.5961617231369019 3.819213628768921 5.954857349395752 1.7880152463912964 9.701123237609863 -2.306193934641013 0.22195541858673096
Cyclist -1 -1 1.47 471.817626953125 174.6220703125 500.26947021484375 231.63108825683594 1.7974967956542969 0.7265565991401672 1.7681435346603394 -3.391688346862793 1.7311614155769348 19.238021850585938 1.2988209714692829 0.21741238236427307
Pedestrian -1 -1 2.75 436.4908447265625 175.70736694335938 493.5517883300781 225.4219207763672 1.638730764389038 0.6819004416465759 0.8776848316192627 -3.3190033435821533 1.6352498531341553 17.777366638183594 2.562827865629993 0.2157890945672989
Car -1 -1 -1.55 449.8268127441406 177.24468994140625 495.8978271484375 236.66134643554688 1.6637064218521118 1.5985102653503418 3.746241569519043 -4.232393741607666 1.865919291973114 23.305448532104492 -1.7268854682217762 0.21397265791893005
Car -1 -1 -0.41 791.6336669921875 184.82518005371094 1085.9720458984375 293.6425476074219 1.5810351371765137 1.6454238891601562 4.05046272277832 5.593597888946533 1.7355425953865051 12.466706275939941 0.01670411464317212 0.2139149308204651
Car -1 -1 2.56 858.99755859375 191.55999755859375 1132.9971923828125 307.0947265625 1.5036896467208862 1.6244239807128906 4.2244038581848145 5.899233341217041 1.772427499294281 10.221281051635742 3.0790749220866065 0.20972973108291626
Car -1 -1 -1.68 615.804931640625 177.37326049804688 651.2408447265625 206.50563049316406 1.4998825788497925 1.590858817100525 3.7292561531066895 1.2199159860610962 1.8214922547340393 41.503849029541016 -1.6530446086943007 0.206019788980484
Car -1 -1 -1.6 610.4627685546875 172.513427734375 641.5169067382812 201.09666442871094 1.5326220989227295 1.6189825534820557 3.942761182785034 1.2376121282577515 1.6572548747062683 41.78148651123047 -1.5657557188404763 0.20569881796836853
Car -1 -1 -0.73 981.5900268554688 193.79779052734375 1207.0828857421875 342.9754943847656 1.4945701360702515 1.6176116466522217 3.9882900714874268 5.8810133934021 1.6839004755020142 7.674984931945801 -0.0713277671538286 0.20348799228668213
Car -1 -1 -2.9 41.77210235595703 170.9327392578125 289.49588775634766 306.24725341796875 1.4998103380203247 1.6506128311157227 4.017756462097168 -7.15244197845459 1.6510852575302124 10.461878776550293 2.7796090395699196 0.20176658034324646
Van -1 -1 -2.81 361.87457275390625 179.4547882080078 484.72650146484375 223.41322326660156 1.6228536367416382 1.7451094388961792 4.193939685821533 -6.651552200317383 1.7452269792556763 25.77734375 -3.0664921632195288 0.20173382759094238
Car -1 -1 -2.99 2.592569589614868 160.54205322265625 92.57771515846252 323.160888671875 1.5839476585388184 1.6346893310546875 4.158602237701416 -6.6902666091918945 1.4971925020217896 6.385279178619385 2.4805506153106123 0.19477905333042145
Car -1 -1 0.71 352.3920593261719 176.7922821044922 438.67462158203125 213.9819793701172 1.429872751235962 1.6112792491912842 4.171137809753418 -7.8564653396606445 1.6638955473899841 27.246034622192383 0.43142980054861013 0.19231106340885162
Pedestrian -1 -1 3.13 460.49468994140625 174.45155334472656 500.4520568847656 224.85060119628906 1.6213172674179077 0.7450246214866638 0.8418281674385071 -3.3663201332092285 1.600214660167694 19.18430519104004 2.9533360146865473 0.1803673803806305
Pedestrian -1 -1 -2.93 444.6129150390625 177.39202880859375 503.0224304199219 222.66444396972656 1.819159984588623 0.6851614713668823 0.8100722432136536 -3.539151668548584 1.6345148086547852 18.883159637451172 -3.1116883827534014 0.17965945601463318
Car -1 -1 -2.54 3.4163405895233154 174.6661376953125 86.3863570690155 346.6956481933594 1.5573817491531372 1.6452380418777466 4.115919589996338 -6.750755786895752 1.5381247997283936 6.23832368850708 2.9136712203240265 0.1739269495010376
Cyclist -1 -1 3.05 426.14013671875 176.90753173828125 493.3703308105469 215.79908752441406 1.7101495265960693 0.6794695854187012 1.7538328170776367 -3.64719295501709 1.5993338227272034 19.078664779663086 2.8576181866022328 0.1660948544740677
Car -1 -1 -2.6 -3.9227447509765625 196.9227752685547 57.54468536376953 330.9573669433594 1.6394572257995605 1.6169748306274414 4.159043312072754 -7.204627990722656 1.6968275904655457 6.72852087020874 2.8629894232685533 0.1640062779188156
Car -1 -1 -2.69 476.7608642578125 176.2516326904297 533.025634765625 197.92567443847656 1.443178415298462 1.688110113143921 3.7920100688934326 -7.266843318939209 1.645427405834198 50.56473922729492 -2.8298234392770123 0.16139836609363556
Car -1 -1 -2.75 431.9726257324219 178.2173614501953 503.1510925292969 220.85646057128906 1.4741084575653076 1.6179362535476685 3.854712724685669 -5.646335124969482 1.7643672227859497 28.45962142944336 -2.950691166299369 0.15694676339626312
Car -1 -1 -2.29 462.48773193359375 177.08157348632812 505.689208984375 212.51202392578125 1.5468218326568604 1.6353039741516113 4.051851749420166 -7.188380718231201 1.7880988121032715 39.27143859863281 -2.4693629055242727 0.15613052248954773
Pedestrian -1 -1 2.01 426.14013671875 176.90753173828125 493.3703308105469 215.79908752441406 1.711517333984375 0.6656368970870972 0.8023695349693298 -3.8928489685058594 1.6331430077552795 20.172292709350586 1.815320245046827 0.15425492823123932
Car -1 -1 -3.11 459.5794982910156 176.60861206054688 502.2738037109375 220.37222290039062 1.5640441179275513 1.6000295877456665 3.60149884223938 -6.901422500610352 1.8480280041694641 37.938270568847656 2.9884135439284503 0.14950378239154816
Car -1 -1 -2.41 454.0820007324219 178.10740661621094 509.1922607421875 222.49241638183594 1.5287483930587769 1.6129016876220703 3.921607494354248 -6.335695266723633 1.8284656405448914 34.87921905517578 -2.5895681212457164 0.11125633120536804
Car -1 -1 2.23 476.78662109375 176.5037841796875 522.9913330078125 204.33505249023438 1.511912226676941 1.648851990699768 3.7034695148468018 -7.553983688354492 1.6876704692840576 50.11267852783203 2.0778985985149436 0.10726533085107803