Car -1 -1 -1.86 721.9051513671875 183.18966674804688 920.5209350585938 317.7943420410156 1.420567512512207 1.6029834747314453 3.7484354972839355 2.7067198753356934 1.6242443919181824 10.229241371154785 -1.603843524027888 0.8832787275314331
Car -1 -1 -1.75 672.58642578125 167.40673828125 755.3526611328125 238.59718322753906 1.7878140211105347 1.61484694480896 3.468417167663574 2.633626699447632 1.6403484344482422 19.56586265563965 -1.6189033072688623 0.8812918663024902
Car -1 -1 -2.14 820.2757568359375 159.16908264160156 1239.4378662109375 374.5532531738281 1.7018927335739136 1.6530998945236206 4.1096367835998535 2.854388952255249 1.6818202137947083 4.447931289672852 -1.5690073537861329 0.8588314652442932
Car -1 -1 -2.37 1.2870603799819946 188.0422821044922 200.0766874551773 363.4552917480469 1.4243053197860718 1.6741005182266235 4.346028804779053 -6.7939133644104 1.676326334476471 7.287724494934082 -3.1198488216902778 0.8370229601860046
Car -1 -1 -1.67 647.987060546875 174.74679565429688 691.0471801757812 206.98312377929688 1.4756256341934204 1.5885827541351318 3.5150718688964844 2.810072422027588 1.5814266204833984 34.407501220703125 -1.5851477314758622 0.778978705406189
Car -1 -1 -2.48 323.681884765625 163.54066467285156 474.69708251953125 230.46209716796875 1.588529348373413 1.6455371379852295 3.3899645805358887 -5.492840766906738 1.4118947982788086 19.207401275634766 -2.761137202005358 0.7712790966033936
Car -1 -1 -2.92 402.9437255859375 171.06768798828125 517.004638671875 213.63653564453125 1.538962960243225 1.6102906465530396 4.231314182281494 -5.90022611618042 1.5566670298576355 27.870494842529297 -3.131521147792685 0.711183488368988
Car -1 -1 -2.57 242.677734375 173.20895385742188 429.1399841308594 256.73358154296875 1.5603135824203491 1.6058496236801147 3.069430112838745 -5.221672058105469 1.5020853877067566 13.764841079711914 -2.9358181439501925 0.6763321757316589
Car -1 -1 -2.89 419.7837219238281 170.5452117919922 524.5753784179688 207.2587432861328 1.5483068227767944 1.5656691789627075 3.9464168548583984 -5.8625335693359375 1.4888896942138672 31.680694580078125 -3.073887365732256 0.6553992033004761
Car -1 -1 -2.95 440.1102294921875 168.6417236328125 532.8904418945312 205.78273010253906 1.5864689350128174 1.666890263557434 4.207481384277344 -5.840135097503662 1.4689559936523438 34.9488525390625 -3.1112804641227836 0.6442265510559082
Car -1 -1 -2.97 452.20672607421875 166.8564453125 535.3126220703125 201.28012084960938 1.6388957500457764 1.6905326843261719 4.167932033538818 -5.943928241729736 1.4728127717971802 36.46891403198242 -3.1266096496519395 0.6239012479782104
Car -1 -1 -2.24 -0.5858252048492432 189.49737548828125 57.43304228782654 378.5642395019531 1.5086991786956787 1.6542822122573853 4.2427191734313965 -6.563935279846191 1.5993479490280151 5.1525373458862305 3.1415657148386895 0.5626110434532166
Car -1 -1 -2.68 279.2824401855469 174.98336791992188 449.6075439453125 243.28240966796875 1.5023415088653564 1.5424864292144775 3.5794544219970703 -5.617427349090576 1.5747661590576172 16.70541000366211 -3.00360809315368 0.5575270056724548
Car -1 -1 1.4 391.06329345703125 167.40780639648438 507.8871765136719 215.75157165527344 1.5220389366149902 1.6129913330078125 4.144407749176025 -5.861961364746094 1.4464009404182434 26.267045974731445 1.1826995043412651 0.5518628358840942
Car -1 -1 -2.72 309.2145690917969 168.76129150390625 462.9641418457031 237.73326110839844 1.5126711130142212 1.617889642715454 3.3425192832946777 -5.287187099456787 1.4777647256851196 17.29399299621582 -3.0202195023822647 0.5197625160217285
Car -1 -1 -2.14 811.8811645507812 168.09213256835938 1129.2891845703125 364.0766906738281 1.593014121055603 1.598690390586853 3.3845810890197754 2.6616134643554688 1.5939676761627197 4.39600133895874 -1.5961722369828824 0.3943304419517517
Car -1 -1 -2.78 -2.3187952041625977 192.4389190673828 86.35495662689209 372.46441650390625 1.5862313508987427 1.6438190937042236 4.245021343231201 -6.635674476623535 1.629449188709259 5.416753768920898 2.6150534439745936 0.3629046678543091
Van -1 -1 -1.75 672.7061767578125 168.98362731933594 753.3225708007812 237.88392639160156 1.9465384483337402 1.7650560140609741 4.533943176269531 2.924328088760376 1.8421865701675415 21.182830810546875 -1.6149268993392525 0.3569793701171875
Car -1 -1 -2.5 -13.333850860595703 192.4099884033203 70.54583358764648 360.7778015136719 1.5695053339004517 1.583262324333191 4.086967468261719 -6.17111873626709 1.6984923481941223 5.110011100769043 2.908344004029898 0.3401521146297455
Car -1 -1 -1.67 652.3182983398438 172.2982940673828 696.8096923828125 204.08201599121094 1.546532392501831 1.617724061012268 3.70910382270813 2.8303046226501465 1.5619431138038635 34.01251220703125 -1.586116991929777 0.335238516330719
Car -1 -1 -2.34 2.491018772125244 219.4242401123047 51.83192300796509 352.51031494140625 1.7184908390045166 1.6426817178726196 4.126924991607666 -5.941555500030518 1.8094881176948547 5.250486373901367 3.094411862646788 0.3321806788444519
Car -1 -1 -2.8 352.0267028808594 163.77589416503906 480.9541015625 225.0193328857422 1.5923070907592773 1.6146693229675293 3.9314637184143066 -5.795297622680664 1.440078854560852 20.604244232177734 -3.078004911927037 0.30304402112960815
Van -1 -1 -2.22 -0.7911123633384705 219.86282348632812 55.94442230463028 369.4955139160156 1.8101612329483032 1.787591814994812 4.056511878967285 -8.646899223327637 2.2470502257347107 7.426766872406006 -3.082406574255283 0.29572343826293945
Van -1 -1 -2.68 329.56591796875 162.18539428710938 474.2955627441406 229.8386688232422 1.869308590888977 1.7375205755233765 4.201262474060059 -5.871363639831543 1.573720395565033 20.425804138183594 -2.9648696869054287 0.28586557507514954
Car -1 -1 -2.48 -6.813848972320557 200.04139709472656 55.52646017074585 337.8536071777344 1.5976756811141968 1.569029688835144 4.001790523529053 -5.557404041290283 1.6291126608848572 4.951129913330078 2.956159231965186 0.28469040989875793
Car -1 -1 -3.12 467.42352294921875 166.1585235595703 531.9692993164062 200.2528839111328 1.6312552690505981 1.7060123682022095 4.277199745178223 -5.779204368591309 1.3773771524429321 38.79031753540039 3.014983603455211 0.2793996334075928
Car -1 -1 -2.86 383.9240417480469 171.1050567626953 495.15850830078125 218.65542602539062 1.541902780532837 1.595136046409607 3.9180469512939453 -6.1219353675842285 1.5440675020217896 26.176115036010742 -3.092487400666778 0.2640109956264496
Car -1 -1 -2.28 2.6992061138153076 224.40350341796875 63.86849856376648 368.6185607910156 1.5689730644226074 1.6515765190124512 4.308347702026367 -6.550030708312988 1.9037692546844482 5.346719264984131 3.1200290669427115 0.26289045810699463
Car -1 -1 -2.41 -5.336844444274902 185.6442108154297 151.96392154693604 367.3213806152344 1.5471738576889038 1.6145802736282349 4.11760950088501 -6.738533973693848 1.6723657846450806 6.494093894958496 3.065795863783018 0.25997334718704224
Car -1 -1 -2.09 838.7247314453125 166.490478515625 1065.3541259765625 329.31219482421875 1.6039392948150635 1.5532954931259155 3.3529632091522217 2.8507962226867676 1.5136290192604065 5.120816707611084 -1.5807104596539139 0.25385621190071106
Car -1 -1 2.87 253.0373992919922 175.1796417236328 399.76458740234375 262.88397216796875 1.4429618120193481 1.4980424642562866 3.039902448654175 -5.279017448425293 1.489175796508789 13.550655364990234 2.5012842651305816 0.23281891644001007
Car -1 -1 -2.36 -14.067831039428711 195.63470458984375 105.75057411193848 367.0379638671875 1.5722236633300781 1.6335543394088745 4.252002716064453 -5.867657661437988 1.5762529373168945 5.2105536460876465 3.0751112746937412 0.2299521267414093
Van -1 -1 -2.88 456.3328857421875 166.63075256347656 534.3155517578125 201.19924926757812 1.8893760442733765 1.7693519592285156 4.312590599060059 -6.766259670257568 1.5927740335464478 42.196136474609375 -3.0395720659814955 0.22495709359645844
Car -1 -1 -2.57 19.4178524017334 170.37437438964844 218.8678035736084 319.3759765625 1.5106663703918457 1.621733546257019 4.020721912384033 -5.408538818359375 1.4536358714103699 6.25717830657959 2.9987073081058204 0.22218909859657288
Car -1 -1 -1.61 656.3778686523438 169.83038330078125 700.0704956054688 200.7921905517578 1.5581331253051758 1.6470001935958862 3.775590181350708 2.8409037590026855 1.4664086699485779 33.515380859375 -1.520634116914687 0.21086645126342773
Pedestrian -1 -1 -2.81 -5.34689474105835 188.44976806640625 66.7935700416565 373.13079833984375 1.6700681447982788 0.6183602213859558 0.8819688558578491 -4.282562255859375 1.5938441753387451 4.738610744476318 2.739304721155486 0.207474485039711
Car -1 -1 -1.88 -1.5233442783355713 203.4349365234375 47.5104501247406 356.71551513671875 1.5892691612243652 1.6451054811477661 4.183283805847168 -6.003570556640625 1.8250319957733154 5.1730732917785645 -2.741660709409201 0.20145507156848907
Car -1 -1 -2.54 3.0240917205810547 179.0855712890625 237.591215133667 339.80096435546875 1.5764299631118774 1.6533936262130737 3.864867925643921 -6.54142951965332 1.6520071625709534 7.5266313552856445 3.0242459940900197 0.19935667514801025
Car -1 -1 1.0 870.794189453125 160.386474609375 1140.5377197265625 329.9403076171875 1.456923484802246 1.6041755676269531 3.825223684310913 5.232126235961914 1.5177241563796997 9.447689056396484 1.504197569819902 0.19319120049476624
Pedestrian -1 -1 3.04 318.4139099121094 169.47543334960938 468.0340270996094 230.37437438964844 1.8509507179260254 0.6532527208328247 0.7450116276741028 -4.405010223388672 1.4443401098251343 15.322020530700684 2.763229202908864 0.19233684241771698
Van -1 -1 -2.72 304.5782775878906 171.50047302246094 465.2262268066406 230.02420043945312 1.900406002998352 1.7468736171722412 4.779142379760742 -6.645031452178955 1.4753461480140686 22.910367965698242 -2.998729531461759 0.18573977053165436
Car -1 -1 0.6 1179.26953125 201.81536865234375 1244.0106201171875 334.5958251953125 1.4096649885177612 1.5550771951675415 3.991236448287964 7.567809581756592 1.800953447818756 6.29462194442749 1.478001372336509 0.18522295355796814
Car -1 -1 -2.43 3.787184238433838 181.3264923095703 161.01394510269165 328.1775207519531 1.623368501663208 1.6178175210952759 4.072598457336426 -4.84963846206665 1.4597657322883606 5.233238697052002 3.110243852611119 0.1802750676870346
Car -1 -1 -2.38 -5.683915615081787 161.88768005371094 166.44897317886353 308.5872802734375 1.6350630521774292 1.5140328407287598 3.895223617553711 -4.723478317260742 1.3451266288757324 4.964365005493164 3.14002112655343 0.17913921177387238
Car -1 -1 2.62 370.0254211425781 168.5223846435547 489.1681823730469 222.54852294921875 1.4807543754577637 1.6300365924835205 3.940778970718384 -5.883091449737549 1.4963842034339905 25.08292007446289 2.3932823236963525 0.17902031540870667
Car -1 -1 -2.1 849.9801635742188 168.1332244873047 1049.4150390625 304.24810791015625 1.541543960571289 1.5526386499404907 3.4452016353607178 3.7872116565704346 1.5590931177139282 7.245817184448242 -1.6175619674804143 0.1747199445962906
Car -1 -1 0.59 1162.082275390625 207.26731872558594 1241.1356201171875 343.7562561035156 1.4178457260131836 1.5345122814178467 4.039724349975586 7.005459308624268 1.781313419342041 5.761338233947754 1.474290097349944 0.1719825565814972
Car -1 -1 0.61 1194.841552734375 203.72154235839844 1244.446044921875 329.7904357910156 1.4143015146255493 1.5496538877487183 4.065345287322998 7.84445858001709 1.8286457657814026 6.492210865020752 1.494331817471367 0.16834263503551483
Car -1 -1 -2.4 3.278078556060791 256.314697265625 46.13632822036743 363.5620422363281 1.5706534385681152 1.5931857824325562 4.033727645874023 -6.160228729248047 1.9707787036895752 5.632809638977051 3.0555704285823495 0.16144579648971558
Car -1 -1 0.44 956.5274658203125 168.72752380371094 1251.6531982421875 381.5284729003906 1.566717267036438 1.7264056205749512 5.1347784996032715 2.4413211345672607 1.5331501960754395 4.000480651855469 0.9901163344728916 0.15382619202136993
Car -1 -1 1.27 939.533203125 154.58511352539062 1236.204833984375 348.92987060546875 1.5520713329315186 1.661011815071106 4.168173789978027 5.320415496826172 1.7886677980422974 8.42813491821289 1.83021866442534 0.12260070443153381