Car -1 -1 -1.49 511.3889465332031 178.29124450683594 552.9373779296875 212.70806884765625 1.5464035272598267 1.6510217189788818 4.348669052124023 -3.710803270339966 1.8514078259468079 34.983890533447266 -1.5947426101065405 0.8648399114608765
Car -1 -1 -1.57 573.435791015625 180.60797119140625 620.8721923828125 224.30010986328125 1.5021145343780518 1.6439188718795776 3.8114359378814697 -0.4937311112880707 1.830679178237915 27.269664764404297 -1.5871817435398183 0.8618265390396118
Car -1 -1 2.02 199.84457397460938 181.40834045410156 302.7007751464844 228.2128448486328 1.519470453262329 1.6344740390777588 3.786513090133667 -12.406070709228516 1.8267478942871094 25.096824645996094 1.564656670009981 0.8561562299728394
Car -1 -1 1.74 401.61383056640625 178.4688720703125 435.6371154785156 199.0197296142578 1.4714869260787964 1.6831121444702148 4.475604057312012 -14.361421585083008 1.9303964972496033 54.431190490722656 1.4836926747899595 0.723565936088562
Van -1 -1 1.68 599.8253173828125 168.2592315673828 624.1094970703125 198.5774383544922 2.4596917629241943 2.084160089492798 5.8279500007629395 0.05844324827194214 2.1560224890708923 61.30134582519531 1.6770037378361318 0.39477500319480896
Van -1 -1 1.56 594.7386474609375 167.18771362304688 622.1497192382812 200.4498748779297 2.471402645111084 1.9710025787353516 5.528275489807129 0.07452407479286194 1.9894790649414062 61.536888122558594 1.5594248795238057 0.360446959733963
Car -1 -1 -1.96 581.1176147460938 176.38528442382812 621.9332885742188 214.62820434570312 1.5475785732269287 1.6268075704574585 3.733088731765747 -0.42790842056274414 1.8711436986923218 28.117544174194336 -1.9772216599806418 0.2776527404785156
Car -1 -1 1.81 597.980224609375 169.52967834472656 623.8463134765625 199.13035583496094 1.5861339569091797 1.6682347059249878 4.3433990478515625 -0.1411789357662201 1.8416529893875122 50.2383918762207 1.8068687382657238 0.2019878327846527
Car -1 -1 1.84 589.7824096679688 169.18527221679688 620.7975463867188 204.89418029785156 1.5417217016220093 1.6569390296936035 3.9252569675445557 -0.28427359461784363 1.9083529114723206 41.05501174926758 1.8321897722763296 0.16960172355175018
Car -1 -1 -1.72 588.8106079101562 176.2473602294922 623.1047973632812 208.71343994140625 1.4669499397277832 1.6459311246871948 4.04359769821167 -0.31585296988487244 1.7141668796539307 28.730621337890625 -1.7331695513617849 0.16921935975551605
Car -1 -1 1.25 593.3917846679688 168.45169067382812 623.5874633789062 202.4317169189453 1.7122219800949097 1.5884867906570435 3.975571632385254 -0.3576732873916626 1.9995424151420593 49.41583251953125 1.2416398217621651 0.14095653593540192
Van -1 -1 1.52 589.7824096679688 169.18527221679688 620.7975463867188 204.89418029785156 2.560267210006714 2.0116376876831055 5.4341936111450195 -0.01603345200419426 1.9818034768104553 56.523780822753906 1.5187832104946715 0.1368132382631302