Car -1 -1 1.88 304.7710266113281 188.949462890625 429.4600830078125 261.0206298828125 1.4557411670684814 1.6188069581985474 4.066080093383789 -5.715532302856445 1.8829933404922485 17.37049102783203 1.5621687454616495 0.8804790377616882
Car -1 -1 1.82 386.8660583496094 186.3450927734375 468.9960632324219 237.75169372558594 1.4563496112823486 1.5734385251998901 3.8941571712493896 -5.81540584564209 1.9334427118301392 23.337594985961914 1.57352794647249 0.8582326173782349
Car -1 -1 -0.82 -0.3371027708053589 196.26182556152344 181.23372852802277 373.8348693847656 1.5237277746200562 1.6522527933120728 4.067842483520508 -5.1247735023498535 1.764834225177765 5.428848743438721 -1.5719147353596874 0.8528702855110168
Car -1 -1 1.79 432.54351806640625 182.74465942382812 493.75457763671875 226.06663513183594 1.485609769821167 1.5621429681777954 3.7020201683044434 -5.693236351013184 1.918411374092102 28.276288986206055 1.5904044378180595 0.8501387238502502
Car -1 -1 1.74 466.85748291015625 182.35662841796875 514.82177734375 215.09027099609375 1.4341968297958374 1.5610030889511108 3.9270894527435303 -5.738698959350586 1.9281783699989319 34.834476470947266 1.5730104665200075 0.8072125911712646
Car -1 -1 -2.61 1044.2236328125 182.2305908203125 1235.5784912109375 368.1792297363281 1.5014923810958862 1.5759732723236084 3.712812662124634 3.1087841987609863 1.5609807968139648 1.8546369075775146 -1.573061756730807 0.7916747331619263
Car -1 -1 2.73 782.0118408203125 153.37139892578125 898.4573364257812 194.43780517578125 1.5431395769119263 1.6140567064285278 4.186851501464844 9.794105529785156 0.8670199662446976 30.637144088745117 3.0355092365816 0.7516269683837891
Car -1 -1 -1.11 661.2777099609375 173.2565460205078 712.63330078125 201.97219848632812 1.4100340604782104 1.6610078811645508 3.7112815380096436 4.1529645919799805 1.4687133431434631 38.49602127075195 -1.0070079343098506 0.7500202655792236
Car -1 -1 2.17 1025.6053466796875 140.5163116455078 1105.7493896484375 173.61338806152344 1.4783822298049927 1.5944719314575195 3.8365137577056885 22.579341888427734 -0.10175597667694092 35.8072624206543 2.7355365814026182 0.7419186234474182
Car -1 -1 1.75 496.64794921875 180.6617431640625 537.6919555664062 207.76385498046875 1.4421982765197754 1.5567524433135986 3.9471688270568848 -5.326478481292725 1.9151819944381714 41.367576599121094 1.6202789272861207 0.7124473452568054
Car -1 -1 -0.55 1124.7891845703125 133.41171264648438 1244.42138671875 172.6664276123047 1.4144790172576904 1.5608656406402588 4.077908039093018 22.114032745361328 0.017790794372558594 27.251422882080078 0.12958722485867114 0.6940750479698181
Car -1 -1 -1.37 660.505859375 171.21881103515625 702.4014892578125 200.21299743652344 1.496404767036438 1.6373869180679321 3.2655937671661377 3.8421571254730225 1.474157989025116 38.76085662841797 -1.2711408273250466 0.6914427280426025
Car -1 -1 2.58 1074.0413818359375 135.26046752929688 1210.001708984375 172.7486572265625 1.4349164962768555 1.5623100996017456 4.353532314300537 21.75031852722168 -0.016217827796936035 29.522794723510742 -3.0721140969647873 0.557525098323822
Van -1 -1 1.1 723.604736328125 144.50486755371094 798.5668334960938 191.04217529296875 2.4265096187591553 2.01387357711792 5.527207851409912 8.435807228088379 0.9573557674884796 41.797210693359375 1.297614459096021 0.497249960899353
Car -1 -1 -2.66 1076.2998046875 139.40858459472656 1241.3685302734375 361.57012939453125 1.5938737392425537 1.6173843145370483 4.0402421951293945 3.2276253700256348 1.5160236358642578 1.819693922996521 -1.6010944273680296 0.43772202730178833
Car -1 -1 2.87 751.8345336914062 156.3511199951172 862.9796752929688 192.38055419921875 1.558819055557251 1.6212685108184814 4.390618324279785 9.314921379089355 0.8362313732504845 34.02651596069336 3.1334835866361015 0.4279107451438904
Car -1 -1 -1.32 1101.191650390625 133.1676483154297 1227.8585205078125 172.24142456054688 1.5196841955184937 1.6455587148666382 4.247760772705078 22.036518096923828 -0.04944348335266113 29.079824447631836 -0.6724458533460882 0.4178014099597931
Car -1 -1 1.76 439.4062805175781 182.4807891845703 501.92767333984375 222.43873596191406 1.4514366388320923 1.5804507732391357 3.85678768157959 -5.517009735107422 1.8993759751319885 27.923288345336914 1.5672303400174625 0.40791410207748413
Car -1 -1 2.84 769.9190673828125 154.7656707763672 882.2984619140625 191.6927490234375 1.5441521406173706 1.6140962839126587 4.264018535614014 9.46269416809082 0.8579966500401497 32.06504440307617 3.130482578897804 0.37331002950668335
Van -1 -1 -2.04 727.3436279296875 150.0103759765625 812.6256103515625 190.1761016845703 2.2822141647338867 1.9066627025604248 5.426854133605957 8.776481628417969 0.898540809750557 41.27474594116211 -1.829564937858641 0.33272016048431396
Car -1 -1 1.76 415.6740417480469 184.21755981445312 487.4277648925781 228.85667419433594 1.4465023279190063 1.5446003675460815 3.887305736541748 -5.728142738342285 1.9347651600837708 28.05282974243164 1.5623492967917532 0.31617024540901184
Car -1 -1 3.03 777.8561401367188 148.38955688476562 917.034912109375 193.19287109375 1.8361881971359253 1.738214373588562 4.577738285064697 9.899473190307617 0.946076599881053 30.46963119506836 -2.937263703127641 0.3140164613723755
Car -1 -1 2.61 735.7940673828125 160.03599548339844 835.1611328125 192.84112548828125 1.4989326000213623 1.6702817678451538 4.454350471496582 9.011024475097656 0.9529467970132828 36.60028076171875 2.8542359006406617 0.2769341468811035
Van -1 -1 2.99 753.9188232421875 147.4322052001953 920.0631713867188 193.62249755859375 2.4856173992156982 1.9994946718215942 6.102174758911133 10.065985679626465 1.0419522523880005 32.369747161865234 -2.996212361963625 0.2722049951553345
Car -1 -1 -1.68 668.7466430664062 173.1730499267578 717.1305541992188 204.11268615722656 1.4012128114700317 1.5563416481018066 3.623972177505493 4.167126178741455 1.4799867868423462 33.93622970581055 -1.5592180629757832 0.2639244794845581
Car -1 -1 -2.54 1116.1258544921875 131.58778381347656 1246.9964599609375 347.1642150878906 1.6084040403366089 1.6925171613693237 4.234394550323486 2.9404077529907227 1.353788435459137 1.9282082319259644 -1.5491605396941388 0.26210644841194153
Car -1 -1 -2.71 1071.997314453125 136.2582244873047 1189.5906982421875 176.82066345214844 1.488537073135376 1.6546427011489868 3.9789772033691406 22.453933715820312 0.07733392715454102 30.907529830932617 -2.0797635310044233 0.26189929246902466
Car -1 -1 -2.53 1163.67919921875 143.8585968017578 1243.8443603515625 344.2081298828125 1.6796085834503174 1.660149335861206 4.075880527496338 3.5137476921081543 1.4671358466148376 2.1493732929229736 -1.5097521156468492 0.25971221923828125
Car -1 -1 1.75 454.6690979003906 183.23609924316406 508.7008361816406 217.44081115722656 1.4700136184692383 1.5767561197280884 4.009000778198242 -5.717315673828125 1.938157320022583 33.21488571166992 1.5828885282013143 0.25907954573631287
Car -1 -1 -2.57 1141.1754150390625 147.47914123535156 1247.80517578125 353.3877868652344 1.6893231868743896 1.6557891368865967 4.145713806152344 3.2982099056243896 1.475586712360382 1.9710136651992798 -1.5422805965222182 0.23974427580833435
Car -1 -1 -2.56 1092.8446044921875 181.6259307861328 1225.834716796875 355.2253723144531 1.6533595323562622 1.6525373458862305 4.364809989929199 1.9115036725997925 1.2721775770187378 1.5378450155258179 -1.6711167103737576 0.23739713430404663
Car -1 -1 -0.63 1133.2080078125 131.90463256835938 1224.9161376953125 173.78076171875 1.5591319799423218 1.6180925369262695 3.617830276489258 22.211095809936523 0.030161917209625244 27.4697265625 0.05171611468206061 0.23358026146888733
Car -1 -1 -2.45 1174.7772216796875 130.072509765625 1245.3656005859375 320.26129150390625 1.6567341089248657 1.6906614303588867 4.143112659454346 3.3478705883026123 1.3504409193992615 2.298844337463379 -1.4835961776264162 0.23058423399925232
Car -1 -1 2.95 820.6892700195312 153.69654846191406 917.4540405273438 191.31724548339844 1.574245572090149 1.643873691558838 4.197784423828125 11.883496284484863 0.8227706998586655 32.78413391113281 -2.9876723242934027 0.2270175665616989
Car -1 -1 -0.83 660.2586059570312 170.4801788330078 731.794677734375 202.27659606933594 1.3471885919570923 1.5579661130905151 3.9437994956970215 4.310995578765869 1.3870394229888916 38.9128532409668 -0.7241288827383112 0.2255818396806717
Car -1 -1 -1.47 1093.3155517578125 135.28294372558594 1191.7108154296875 173.2465362548828 1.4358062744140625 1.6124746799468994 3.988729953765869 22.597488403320312 -0.04157280921936035 30.207387924194336 -0.8287483162030012 0.22484688460826874
Car -1 -1 1.74 480.9610900878906 181.81163024902344 533.8030395507812 212.99351501464844 1.4641070365905762 1.5945035219192505 3.9543936252593994 -5.349998474121094 1.9094773530960083 40.863895416259766 1.605708422860923 0.22404968738555908
Car -1 -1 -2.49 1148.0189208984375 133.94796752929688 1243.11083984375 320.9375305175781 1.5943657159805298 1.6218663454055786 3.728724241256714 2.8769664764404297 1.347849428653717 1.9314312934875488 -1.513734084757905 0.21786201000213623
Car -1 -1 -0.45 845.0480346679688 154.5565643310547 925.3333129882812 190.93528747558594 1.531772494316101 1.6098994016647339 3.993572235107422 12.407678604125977 0.7252304963767529 32.611324310302734 -0.08941077826456478 0.2144935131072998
Car -1 -1 1.84 406.5152587890625 188.20339965820312 479.21295166015625 235.04910278320312 1.4488415718078613 1.5769373178482056 3.8054018020629883 -5.569118499755859 1.9652613401412964 23.477100372314453 1.6065057351623464 0.21130070090293884
Car -1 -1 -2.65 1089.5284423828125 161.0015106201172 1252.85302734375 348.0923156738281 1.468121886253357 1.6516194343566895 3.8763351440429688 3.7089908123016357 1.6054948568344116 2.1776630878448486 -1.609270684762432 0.20687729120254517
Pedestrian -1 -1 1.52 664.0946044921875 173.42030334472656 709.79443359375 201.88009643554688 1.6832088232040405 0.6120916604995728 0.7517198920249939 3.2995805740356445 1.455068826675415 30.263595581054688 1.6297808653315426 0.2035636156797409
Van -1 -1 2.8 738.0665893554688 157.44546508789062 851.0507202148438 192.78439331054688 2.032055377960205 1.866341233253479 4.8241190910339355 9.203408241271973 1.0393428187817335 36.76948547363281 3.046752725128675 0.2033931165933609
Car -1 -1 -1.53 646.7723999023438 174.1748809814453 673.9103393554688 193.28756713867188 1.4479924440383911 1.6513481140136719 3.7038300037384033 3.825608491897583 1.4818105697631836 55.998146057128906 -1.4578991021147454 0.20264793932437897
Car -1 -1 -2.64 1073.0322265625 205.4398956298828 1237.7694091796875 364.9169006347656 1.4575031995773315 1.65012526512146 3.9373743534088135 3.3014347553253174 1.4968591332435608 2.271972179412842 -1.6737153446829955 0.19879481196403503
Car -1 -1 2.75 802.1027221679688 155.5555877685547 909.8527221679688 192.3037109375 1.5275962352752686 1.6359201669692993 4.353785037994385 10.254008293151855 0.8209462873637676 30.773509979248047 3.0705866938910322 0.19688916206359863
Car -1 -1 -1.18 1104.00390625 135.16476440429688 1212.7911376953125 176.40306091308594 1.5063263177871704 1.5988622903823853 4.043876647949219 22.8631591796875 -0.005909323692321777 30.21668243408203 -0.5320011306847947 0.19502510130405426
Van -1 -1 -2.63 1043.0289306640625 177.5703887939453 1237.8306884765625 378.72540283203125 1.8437362909317017 1.7494145631790161 3.8031651973724365 3.4270401000976562 1.5777319073677063 2.2183127403259277 -1.62899787178032 0.18639160692691803
Van -1 -1 2.72 768.0330810546875 153.97560119628906 898.2865600585938 195.4292449951172 1.912925362586975 1.7041454315185547 4.481078147888184 9.626710891723633 0.9367004353553057 31.883398056030273 3.0153304315941067 0.18536129593849182
Car -1 -1 -1.48 650.1578979492188 173.7978057861328 681.4716796875 193.90345764160156 1.477264642715454 1.6524381637573242 3.659579038619995 3.9880144596099854 1.5022357106208801 56.293521881103516 -1.4089124918085112 0.18474997580051422
Car -1 -1 2.86 746.3403930664062 152.15377807617188 893.9880981445312 193.28485107421875 1.8248264789581299 1.7079675197601318 4.62507963180542 9.060423851013184 0.9217176306992769 31.103715896606445 -3.1376535059399817 0.17806434631347656
Car -1 -1 -1.27 653.22265625 174.000732421875 701.353759765625 201.11474609375 1.4881129264831543 1.6819146871566772 3.8712592124938965 4.052998065948486 1.5522139072418213 40.93184280395508 -1.1691242029202336 0.1773587018251419
Car -1 -1 -0.66 0.4317108690738678 196.34202575683594 224.34003606438637 347.8176574707031 1.5651216506958008 1.7257628440856934 4.200565338134766 -5.158203601837158 1.7881221771240234 5.389980316162109 -1.427325670983926 0.17607465386390686
Car -1 -1 -2.55 1093.0093994140625 140.57266235351562 1237.57958984375 304.55743408203125 1.7817579507827759 1.5849933624267578 4.479094982147217 2.529545307159424 1.3040372729301453 2.003804922103882 -1.6523023391423335 0.17573198676109314
Car -1 -1 -2.58 1016.4957885742188 165.8095245361328 1224.1639404296875 354.7221374511719 1.536407232284546 1.6842676401138306 3.8822290897369385 1.952478051185608 1.2152034640312195 1.4926643371582031 -1.6575413838216955 0.16207951307296753
Car -1 -1 -2.48 1167.1990966796875 158.36935424804688 1243.1368408203125 308.87030029296875 1.7372424602508545 1.572287678718567 3.7552199363708496 3.2476444244384766 1.4810763001441956 2.318601608276367 -1.5330810112453275 0.16137447953224182
Car -1 -1 -2.42 1176.4693603515625 148.44517517089844 1245.0086669921875 289.16290283203125 1.6326366662979126 1.5525614023208618 3.6549248695373535 3.4172818660736084 1.3267354369163513 2.5737528800964355 -1.499511508570997 0.15659788250923157
Car -1 -1 2.3 1076.2288818359375 131.88291931152344 1214.2198486328125 180.5086669921875 1.6233597993850708 1.793177604675293 4.940776824951172 21.917205810546875 0.2629185914993286 28.480133056640625 2.954374826161793 0.15025024116039276
Car -1 -1 -1.53 650.4825439453125 174.136474609375 686.6530151367188 197.5302734375 1.4666951894760132 1.6618976593017578 3.9956750869750977 4.167532920837402 1.4969215989112854 52.11307907104492 -1.451873095975352 0.14956064522266388
Car -1 -1 -2.71 1075.40673828125 128.86912536621094 1227.2879638671875 322.7304382324219 1.7530702352523804 1.6946086883544922 4.054319381713867 3.9858791828155518 1.596876859664917 2.6813206672668457 -1.7338031254317334 0.11652523279190063
Car -1 -1 -0.51 1130.1839599609375 127.94113159179688 1242.0888671875 191.49771118164062 1.5366231203079224 1.6843984127044678 4.231132507324219 25.488048553466797 0.2905997037887573 27.956575393676758 0.23088018597957127 0.09820100665092468