Pedestrian -1 -1 1.1 825.294189453125 141.42637634277344 906.0540161132812 340.99114990234375 1.722398042678833 0.6152796149253845 0.7144355773925781 2.4008092880249023 1.3845075964927673 6.493075370788574 1.45571024751181 0.8514329791069031
Pedestrian -1 -1 1.18 759.554931640625 146.80462646484375 804.2827758789062 254.29995727539062 1.7137469053268433 0.6252192258834839 0.46629852056503296 2.678650379180908 1.150817632675171 10.702796936035156 1.4215401541208514 0.8075147867202759
Pedestrian -1 -1 1.43 647.9127807617188 143.76718139648438 671.4840698242188 204.6824951171875 1.6725801229476929 0.6064676642417908 0.5975950360298157 1.5223957300186157 0.6434043198823929 19.603670120239258 1.5119152389746349 0.7831454277038574
Pedestrian -1 -1 1.99 494.9559020996094 145.238525390625 515.034912109375 207.6795654296875 1.6648920774459839 0.5978055596351624 0.609757125377655 -2.717146158218384 0.7314438149333 19.735347747802734 1.8538624896213678 0.73221755027771
Pedestrian -1 -1 0.63 479.5111083984375 148.605712890625 500.116455078125 207.60897827148438 1.6022647619247437 0.5776981115341187 0.6409692168235779 -3.2100484371185303 0.7501524835824966 19.624866485595703 0.46548931868559107 0.6946742534637451
Cyclist -1 -1 2.83 383.714599609375 145.47398376464844 436.6132507324219 202.9072723388672 1.7432286739349365 0.670831561088562 1.591143250465393 -6.2955756187438965 0.689363032579422 23.03264045715332 2.5626709429222263 0.6808660626411438
Cyclist -1 -1 2.78 374.1238098144531 146.1004638671875 430.9486999511719 202.3529052734375 1.7285504341125488 0.6648927330970764 1.6036057472229004 -6.588756561279297 0.6901441514492035 23.135265350341797 2.5060819739589526 0.6238691210746765
Cyclist -1 -1 2.79 444.953857421875 144.85336303710938 471.1075439453125 196.5082244873047 1.6984633207321167 0.6446115374565125 1.6031475067138672 -5.188683032989502 0.5186615884304047 25.01520347595215 2.5866032798665106 0.6232560873031616
Cyclist -1 -1 2.77 413.7016296386719 146.4920654296875 453.0758056640625 200.07691955566406 1.7506849765777588 0.6540162563323975 1.5754799842834473 -5.634253978729248 0.617370992898941 23.228464126586914 2.536728999458507 0.6108843684196472
Cyclist -1 -1 -1.62 259.4158935546875 136.5526580810547 331.36328125 252.97109985351562 1.7475688457489014 0.5561301708221436 1.7196017503738403 -5.251470565795898 1.1263896524906158 11.992892265319824 -2.032715466118212 0.5905654430389404
Pedestrian -1 -1 0.73 238.20263671875 133.88845825195312 327.8556213378906 304.3412780761719 1.7708203792572021 0.6321775913238525 0.8291611075401306 -3.5855839252471924 1.3350479900836945 7.939999580383301 0.30221450898561386 0.5858204364776611
Cyclist -1 -1 2.92 393.4141845703125 143.56968688964844 432.9974670410156 204.59332275390625 1.752000331878662 0.606766402721405 1.7176164388656616 -6.277499675750732 0.6660831123590469 23.238079071044922 2.653100703462279 0.5557092428207397
Cyclist -1 -1 2.39 419.3197326660156 143.135498046875 457.54052734375 199.50631713867188 1.8541772365570068 0.6510236263275146 1.7121763229370117 -5.70595645904541 0.5921520888805389 25.07903480529785 2.1638258777531894 0.5523416996002197
Cyclist -1 -1 2.81 343.1544494628906 146.17160034179688 403.8244323730469 202.9002227783203 1.6812916994094849 0.6624194383621216 1.5025641918182373 -7.609280586242676 0.6788410991430283 23.424930572509766 2.498278109804943 0.5268293023109436
Cyclist -1 -1 2.89 399.6053466796875 146.80552673339844 442.1152038574219 204.270263671875 1.7601678371429443 0.6788511872291565 1.5555858612060547 -5.94489049911499 0.633267268538475 23.48288917541504 2.640648602490166 0.5245704650878906
Pedestrian -1 -1 2.01 492.8538513183594 142.5498504638672 512.7050170898438 204.21376037597656 1.710433006286621 0.6074602007865906 0.5609504580497742 -2.8483848571777344 0.6860533505678177 20.139022827148438 1.8719921973933058 0.5211257934570312
Cyclist -1 -1 2.76 362.0380859375 147.64715576171875 421.9792175292969 200.34564208984375 1.7103921175003052 0.6621621251106262 1.5999162197113037 -7.204411029815674 0.6806091219186783 23.646759033203125 2.464368621929591 0.5177971124649048
Cyclist -1 -1 2.38 377.517578125 143.9112548828125 454.28143310546875 202.2064971923828 1.7254226207733154 0.6455404162406921 1.7660714387893677 -6.32325553894043 0.6206179112195969 22.931808471679688 2.1079695332493964 0.4736928641796112
Pedestrian -1 -1 2.31 485.1197204589844 142.2890167236328 505.8099365234375 195.17129516601562 1.812751054763794 0.6156039834022522 0.47776612639427185 -3.827754020690918 0.4867488741874695 24.924474716186523 2.1582929103838424 0.46524596214294434
Pedestrian -1 -1 2.16 489.59930419921875 140.895263671875 509.5975341796875 197.81935119628906 1.7935285568237305 0.6130537986755371 0.4694261848926544 -3.4176011085510254 0.5336980223655701 23.456064224243164 2.0184417600712496 0.4549609124660492
Pedestrian -1 -1 1.46 752.9257202148438 146.53250122070312 796.9290161132812 256.6734619140625 1.6718870401382446 0.5968168377876282 0.631714940071106 2.6135780811309814 1.1370879709720612 10.694591522216797 1.7010991530580197 0.44726771116256714
Cyclist -1 -1 1.95 422.6327209472656 143.58615112304688 449.9964904785156 205.56918334960938 1.7687731981277466 0.6238675117492676 1.6964221000671387 -5.585877895355225 0.6379745900630951 23.652868270874023 1.7171556214748325 0.44407838582992554
Pedestrian -1 -1 -3.0 446.2867126464844 144.6569061279297 466.5315856933594 198.2472381591797 1.7457855939865112 0.6087672114372253 0.5475165843963623 -5.001950740814209 0.5561036765575409 24.041948318481445 3.075623497769138 0.44293272495269775
Cyclist -1 -1 -2.94 491.4476013183594 144.06544494628906 516.4541625976562 209.45938110351562 1.6933692693710327 0.6103593111038208 1.7403591871261597 -2.9927303791046143 0.6833244413137436 20.718915939331055 -3.0837801426015785 0.4303220808506012
Pedestrian -1 -1 1.01 483.59844970703125 144.1511993408203 503.29296875 199.61705017089844 1.8428239822387695 0.6262124180793762 0.4109475314617157 -4.279083251953125 0.45426520705223083 27.37366485595703 0.851135824208483 0.4186786711215973
Cyclist -1 -1 2.88 334.26715087890625 145.0177459716797 395.6712951660156 202.58094787597656 1.6722314357757568 0.6511896848678589 1.4979848861694336 -7.87333345413208 0.6455317288637161 23.443571090698242 2.560778806361874 0.41788941621780396
Cyclist -1 -1 -0.79 239.6419677734375 130.89686584472656 330.16595458984375 302.408935546875 1.8178341388702393 0.6078734397888184 1.733270525932312 -3.670825481414795 1.3027406632900238 8.253348350524902 -1.2114765497814188 0.41080063581466675
Cyclist -1 -1 1.12 483.8528747558594 141.6302490234375 508.5567626953125 190.7742919921875 1.8622201681137085 0.6841623187065125 1.648917317390442 -4.347362995147705 0.2848668098449707 29.08020782470703 0.9731386537634918 0.40987640619277954
Cyclist -1 -1 2.0 387.88873291015625 142.3367462158203 446.12060546875 200.9569549560547 1.7504222393035889 0.6330184936523438 1.7769830226898193 -6.039089679718018 0.6457057148218155 22.421308517456055 1.7323522128473634 0.4076380431652069
Cyclist -1 -1 2.4 408.2780456542969 144.74673461914062 443.5180358886719 204.18685913085938 1.7790780067443848 0.6067906022071838 1.7080169916152954 -5.947055816650391 0.6652525812387466 23.529312133789062 2.1540041786576927 0.3982635736465454
Cyclist -1 -1 2.58 424.42303466796875 143.2969512939453 462.1649169921875 195.8670654296875 1.7927007675170898 0.6311057806015015 1.7062793970108032 -5.4907965660095215 0.5411454141139984 25.22222900390625 2.368547807770785 0.39227303862571716
Pedestrian -1 -1 2.81 489.20654296875 144.77493286132812 515.5257568359375 205.98097229003906 1.7476027011871338 0.6389570832252502 0.5893095135688782 -2.9298312664031982 0.7667903229594231 20.59474754333496 2.6712380561068443 0.38532841205596924
Pedestrian -1 -1 2.44 488.109130859375 146.0536651611328 508.2517395019531 205.10760498046875 1.6063593626022339 0.6371066570281982 0.5900344252586365 -3.0459935665130615 0.6876155361533165 20.00149154663086 2.2912466313551167 0.3769061863422394
Pedestrian -1 -1 1.25 485.0152587890625 147.8659210205078 505.3984680175781 207.5477294921875 1.5741322040557861 0.611091136932373 0.633514940738678 -3.0258328914642334 0.7223645970225334 20.060821533203125 1.0980469567090196 0.3672989308834076
Pedestrian -1 -1 2.51 484.3908996582031 142.287109375 511.4124450683594 190.59597778320312 1.800062656402588 0.6659953594207764 0.3967698812484741 -4.352687358856201 0.34223634004592896 28.70242691040039 2.363469026755345 0.3659118711948395
Pedestrian -1 -1 -2.97 479.6054382324219 146.25421142578125 506.50360107421875 204.86265563964844 1.7173943519592285 0.6306028962135315 0.5754184722900391 -3.397007465362549 0.765782356262207 20.785524368286133 -3.128432304464898 0.3599471151828766
Pedestrian -1 -1 1.26 767.47900390625 148.27732849121094 813.6151733398438 253.3316650390625 1.6635454893112183 0.6009462475776672 0.6795445084571838 2.8451600074768066 1.1463597416877747 10.95374870300293 1.5163050179645428 0.3570500910282135
Pedestrian -1 -1 1.8 486.0147705078125 144.05953979492188 511.73809814453125 208.36338806152344 1.6803227663040161 0.667556643486023 0.7138108611106873 -3.1438169479370117 0.7001561671495438 20.007774353027344 1.6450320454836733 0.35697340965270996
Cyclist -1 -1 1.93 481.4150390625 144.1611785888672 503.36407470703125 198.79037475585938 1.7393748760223389 0.6573646664619446 1.6248064041137695 -3.525254011154175 0.5877763628959656 22.369152069091797 1.7772481051093418 0.3552904725074768
Cyclist -1 -1 2.78 349.79302978515625 143.31307983398438 397.171630859375 200.51255798339844 1.6933083534240723 0.6609236598014832 1.62716805934906 -7.612001895904541 0.6308769285678864 23.543529510498047 2.4643817464995488 0.3540993630886078
Cyclist -1 -1 2.02 475.30865478515625 147.02561950683594 507.0060119628906 204.78054809570312 1.7178021669387817 0.6899163126945496 1.5463696718215942 -3.4818665981292725 0.6771042793989182 21.1800537109375 1.85509967255138 0.35053151845932007
Cyclist -1 -1 2.16 480.9795227050781 145.3902587890625 512.4135131835938 205.32269287109375 1.7310532331466675 0.6612939238548279 1.6635395288467407 -3.564870595932007 0.58952796459198 22.10932731628418 2.0007033595950743 0.3436554968357086
Pedestrian -1 -1 1.32 258.9587707519531 135.33447265625 316.23431396484375 280.4847412109375 1.7796630859375 0.681265652179718 0.6578916311264038 -5.074254035949707 1.2093963027000427 11.340988159179688 0.8947408185569437 0.3417899012565613
Cyclist -1 -1 2.71 358.1197509765625 148.0642852783203 409.3678283691406 200.23988342285156 1.686220645904541 0.5766274929046631 1.6652971506118774 -7.430512428283691 0.6565102934837341 23.682662963867188 2.408813564099331 0.3393903076648712
Cyclist -1 -1 1.81 477.57763671875 145.0765838623047 501.91241455078125 201.95787048339844 1.7254873514175415 0.675142228603363 1.5721384286880493 -3.433912754058838 0.710673376917839 21.15256118774414 1.6464485657686057 0.3387496769428253
Cyclist -1 -1 -1.19 246.4589080810547 137.0665740966797 294.3909912109375 257.2226257324219 1.769830584526062 0.5314791202545166 1.7715092897415161 -5.255229473114014 1.1931534707546234 11.472321510314941 -1.619078907663532 0.33592644333839417
Cyclist -1 -1 1.97 489.95880126953125 142.2539825439453 511.0096740722656 189.3986358642578 1.8116146326065063 0.6946072578430176 1.6484190225601196 -4.808247089385986 0.13007807731628418 32.13446044921875 1.8218225514052975 0.3345983624458313
Pedestrian -1 -1 1.46 258.0902099609375 140.61627197265625 326.516845703125 264.1681823730469 1.7343299388885498 0.6308621168136597 0.558644711971283 -4.7344279289245605 1.2036409378051758 10.701688766479492 1.0476345954319166 0.3331815004348755
Cyclist -1 -1 2.21 434.1424255371094 143.96197509765625 459.5345764160156 196.5981903076172 1.7596855163574219 0.6387925148010254 1.7512646913528442 -5.588448524475098 0.49383705854415894 25.401504516601562 1.991287627490725 0.33279362320899963
Cyclist -1 -1 1.85 493.17657470703125 146.77267456054688 514.302490234375 203.18106079101562 1.7825690507888794 0.7049083113670349 1.6173856258392334 -2.8731563091278076 0.6957855224609375 20.76154136657715 1.7137927447104877 0.3319208323955536
Cyclist -1 -1 2.64 322.5480651855469 140.52679443359375 377.8447265625 200.99122619628906 1.7063415050506592 0.6280807256698608 1.5587453842163086 -8.339557647705078 0.5879901945590973 23.513511657714844 2.300023601731663 0.3250979483127594
Pedestrian -1 -1 1.28 492.8954772949219 142.9523468017578 510.8182678222656 193.12213134765625 1.8752328157424927 0.6365049481391907 0.4394191801548004 -3.9617466926574707 0.4332987666130066 27.15777587890625 1.1309042374155052 0.32050439715385437
Cyclist -1 -1 2.46 424.4756774902344 145.64462280273438 453.808837890625 200.9674530029297 1.6882859468460083 0.664388120174408 1.6468186378479004 -5.578112602233887 0.6071549206972122 24.724559783935547 2.2428880501573927 0.31899988651275635
Cyclist -1 -1 1.75 350.3260803222656 144.5467987060547 385.2861022949219 203.7928009033203 1.6912461519241333 0.6161512732505798 1.6849093437194824 -7.726439476013184 0.6272680014371872 22.984895706176758 1.4273748217914983 0.3136361241340637
Pedestrian -1 -1 1.74 417.4799499511719 144.43939208984375 450.9788818359375 205.24566650390625 1.8048667907714844 0.6142053008079529 0.5490787625312805 -5.116524696350098 0.7665628343820572 21.34626007080078 1.502002062911707 0.30658334493637085
Cyclist -1 -1 2.28 400.65673828125 142.32986450195312 457.04608154296875 201.7692413330078 1.7371293306350708 0.6558002829551697 1.776594877243042 -5.915193557739258 0.5567439198493958 23.02703857421875 2.02448424317008 0.30355072021484375
Cyclist -1 -1 2.7 440.62969970703125 144.38658142089844 465.89349365234375 196.48583984375 1.7478487491607666 0.6385776996612549 1.679387092590332 -5.581816673278809 0.5158345401287079 26.382038116455078 2.4866465818344494 0.30342966318130493
Car -1 -1 2.2 -11.150936126708984 127.28614044189453 265.83273696899414 377.2333755493164 1.5892499685287476 1.678052544593811 3.782522201538086 -3.3089067935943604 1.5160714387893677 3.437640428543091 1.4386363277194452 0.30277374386787415
Pedestrian -1 -1 1.4 253.1709747314453 142.6739959716797 310.5082702636719 265.64764404296875 1.708641529083252 0.622917890548706 0.6411586999893188 -4.76285982131958 1.1963259875774384 10.517036437988281 0.9768857496601964 0.29849323630332947
Pedestrian -1 -1 -1.83 387.7977294921875 141.640625 454.5359191894531 202.21331787109375 1.7919576168060303 0.6624677181243896 0.7232810258865356 -5.623323440551758 0.690300703048706 21.56890106201172 -2.089252725660833 0.2950454354286194
Pedestrian -1 -1 -1.86 388.8996887207031 143.16441345214844 436.8224182128906 205.86947631835938 1.7916425466537476 0.6288915872573853 0.6861921548843384 -5.69921350479126 0.687280461192131 21.297740936279297 -2.1224449956087668 0.29040056467056274
Cyclist -1 -1 2.38 359.1530456542969 144.93136596679688 399.2428283691406 202.63278198242188 1.6715229749679565 0.5898199677467346 1.6443649530410767 -7.3634138107299805 0.6393539160490036 23.35270881652832 2.071063179783563 0.2901189625263214
Pedestrian -1 -1 0.62 478.3992919921875 144.4958953857422 502.06048583984375 200.87783813476562 1.7132946252822876 0.5626590251922607 0.6276737451553345 -3.2752277851104736 0.6626279056072235 20.180130004882812 0.46100944165187796 0.28878253698349
Cyclist -1 -1 -1.64 255.77687072753906 133.87875366210938 298.84539794921875 262.0401916503906 1.8185845613479614 0.580295205116272 1.7444837093353271 -5.382471561431885 1.179385483264923 11.826947212219238 -2.0644860877403524 0.28764426708221436
Pedestrian -1 -1 0.77 242.43421936035156 133.76083374023438 304.8598327636719 291.72100830078125 1.837190866470337 0.6623787879943848 0.789512574672699 -4.523062229156494 1.320578694343567 9.521857261657715 0.3218598199826621 0.28691619634628296
Car -1 -1 2.25 379.3681945800781 142.64109802246094 453.1704406738281 199.85606384277344 1.6361157894134521 1.5145796537399292 3.5524094104766846 -7.383583068847656 0.5413437187671661 27.067289352416992 1.9827438612748143 0.2709660232067108
Pedestrian -1 -1 2.64 491.76666259765625 142.678955078125 516.0205688476562 195.56985473632812 1.770281195640564 0.6365247964859009 0.42063745856285095 -3.7347159385681152 0.4946436285972595 26.165775299072266 2.5016222572003564 0.26360830664634705
Cyclist -1 -1 0.66 333.2874755859375 142.70814514160156 370.0654602050781 203.45831298828125 1.723345160484314 0.6155530214309692 1.6778037548065186 -7.982430934906006 0.6393535882234573 22.80914306640625 0.3235246292360259 0.26344621181488037
Van -1 -1 2.22 -10.956707954406738 111.14258575439453 261.75288677215576 362.4916458129883 1.9162209033966064 1.7865922451019287 4.559317111968994 -3.5396921634674072 1.507338285446167 3.9695799350738525 1.4898166995353028 0.26296764612197876
Cyclist -1 -1 1.98 437.6946716308594 144.6117401123047 462.3196716308594 199.40834045410156 1.7385824918746948 0.6398499011993408 1.7228431701660156 -5.513197898864746 0.5379907190799713 25.282268524169922 1.7618267432889683 0.25763359665870667
Cyclist -1 -1 2.62 370.1993408203125 143.28610229492188 418.3099670410156 202.93893432617188 1.6945123672485352 0.6345282196998596 1.7449368238449097 -6.975412845611572 0.5953914523124695 23.398408889770508 2.325304200632683 0.25491440296173096
Pedestrian -1 -1 0.75 226.1770477294922 143.0863800048828 317.045166015625 307.12054443359375 1.7719686031341553 0.6212021112442017 0.8543861508369446 -3.6801936626434326 1.3737508356571198 7.722792625427246 0.3006288684701488 0.25254204869270325
Cyclist -1 -1 2.33 411.8666687011719 143.6338348388672 463.5653991699219 192.82205200195312 1.7960789203643799 0.6163691878318787 1.6930148601531982 -5.724889755249023 0.5007902383804321 24.55811882019043 2.1023502225911823 0.24982939660549164
Pedestrian -1 -1 0.81 242.8780059814453 135.8838348388672 286.0180358886719 255.57131958007812 1.7779747247695923 0.6437674164772034 0.6826604604721069 -5.107573509216309 1.159201443195343 10.721736907958984 0.3661126353257975 0.24953842163085938
Cyclist -1 -1 2.65 368.0955505371094 143.75091552734375 407.869873046875 203.53294372558594 1.6855823993682861 0.6315749883651733 1.7102361917495728 -7.172204494476318 0.5949600785970688 23.446212768554688 2.3509682086262664 0.24825939536094666
Pedestrian -1 -1 1.14 843.1333618164062 145.8318328857422 907.6153564453125 313.5224609375 1.6745598316192627 0.5883216857910156 0.6646966934204102 2.6142547130584717 1.329359769821167 6.871026039123535 1.5073539373871316 0.24749834835529327
Pedestrian -1 -1 1.25 249.39183044433594 136.7130584716797 332.2344665527344 285.880615234375 1.8152543306350708 0.6562394499778748 0.7226501107215881 -3.848419427871704 1.2698810398578644 8.684802055358887 0.8306248047033993 0.24538202583789825
Cyclist -1 -1 1.82 494.5597229003906 141.66844177246094 512.7741088867188 196.9273681640625 1.7242968082427979 0.606673538684845 1.6574290990829468 -2.9323530197143555 0.5681784152984619 20.447668075561523 1.67836360683218 0.24511244893074036
Pedestrian -1 -1 -2.24 398.99530029296875 139.07542419433594 457.9017028808594 207.3460693359375 1.7665090560913086 0.673883318901062 0.7024335265159607 -5.289375305175781 0.7231302112340927 21.13401985168457 -2.4833678362012 0.24399039149284363
Cyclist -1 -1 2.66 428.6642150878906 144.21444702148438 457.7261657714844 201.26138305664062 1.7125740051269531 0.5975507497787476 1.696192741394043 -5.505958557128906 0.5533094704151154 25.106721878051758 2.4426112458265337 0.2437031865119934
Pedestrian -1 -1 -2.89 438.4835510253906 144.3216552734375 462.99212646484375 199.13555908203125 1.743928074836731 0.5913709402084351 0.535192608833313 -5.144351005554199 0.5728054940700531 23.74186134338379 -3.10624327452474 0.2402755469083786
Cyclist -1 -1 1.88 403.9923400878906 146.0174102783203 449.5474853515625 202.6682586669922 1.821842074394226 0.6150250434875488 1.9003498554229736 -5.545013427734375 0.762386828660965 21.69089126586914 1.629382929999056 0.23970776796340942
Cyclist -1 -1 0.9 478.87872314453125 141.6576385498047 511.7289123535156 188.27723693847656 1.7735944986343384 0.6744158267974854 1.648917317390442 -4.287342548370361 0.2179710865020752 28.763124465942383 0.7548948406056546 0.23838523030281067
Pedestrian -1 -1 1.3 644.0868530273438 144.9236297607422 667.1085815429688 203.86090087890625 1.6269822120666504 0.5952683687210083 0.5913352370262146 1.4657773971557617 0.6213565766811371 19.92131233215332 1.3763887052735733 0.23585620522499084
Cyclist -1 -1 2.46 436.16827392578125 142.64613342285156 471.7611083984375 196.3629913330078 1.8026973009109497 0.6159966588020325 1.7996963262557983 -5.43729305267334 0.5552139580249786 24.782997131347656 2.240348102172762 0.23532629013061523
Cyclist -1 -1 1.58 486.5670471191406 144.2522735595703 506.31695556640625 195.10202026367188 1.7989627122879028 0.684545636177063 1.5694464445114136 -4.511061668395996 0.28651899099349976 30.040325164794922 1.4270181066403618 0.23322033882141113
Pedestrian -1 -1 -2.61 434.1424255371094 143.96197509765625 459.5345764160156 196.5981903076172 1.7557839155197144 0.615608811378479 0.5971842408180237 -5.161641597747803 0.5386459827423096 23.601137161254883 -2.8259941317974535 0.23210594058036804
Pedestrian -1 -1 -2.07 421.3511962890625 144.8284454345703 454.1182861328125 199.49368286132812 1.722731113433838 0.5919004082679749 0.5565733313560486 -5.179229736328125 0.5863430202007294 23.004596710205078 -2.296105563007984 0.23054008185863495
Cyclist -1 -1 1.65 492.19879150390625 143.98045349121094 509.3041687011719 196.16192626953125 1.82150137424469 0.6790114641189575 1.5788697004318237 -4.245453834533691 0.2996007800102234 28.646286010742188 1.5007507689918391 0.229574054479599
Pedestrian -1 -1 -1.97 408.5420837402344 143.54945373535156 443.739013671875 205.267578125 1.7528598308563232 0.6227443218231201 0.6756961941719055 -5.443812847137451 0.6838530600070953 21.318496704101562 -2.2192017647321265 0.22889484465122223
Cyclist -1 -1 0.57 251.3365020751953 142.778564453125 317.9866027832031 236.19149780273438 1.805355191230774 0.6467130184173584 1.797966718673706 -6.368721961975098 1.099671334028244 14.105633735656738 0.15081045822779515 0.22747308015823364
Cyclist -1 -1 1.55 418.27520751953125 147.4364471435547 447.6492004394531 208.50296020507812 1.6856465339660645 0.5838707685470581 1.60841965675354 -5.373921871185303 0.7488889470696449 21.8995361328125 1.3044435975781639 0.22480686008930206
Pedestrian -1 -1 -2.11 441.0547790527344 143.20660400390625 470.55377197265625 198.0205841064453 1.7737666368484497 0.6364824175834656 0.6077144742012024 -4.965909004211426 0.5797384977340698 23.44769287109375 -2.3146258627602903 0.22326907515525818
Pedestrian -1 -1 -1.87 371.9642333984375 144.1028594970703 425.0908203125 201.48643493652344 1.7904516458511353 0.6291612982749939 0.6177007555961609 -6.333950519561768 0.688946083188057 21.807662963867188 -2.1491151769988086 0.2216540277004242
Cyclist -1 -1 1.47 400.5108642578125 141.2707061767578 473.1949157714844 248.04005432128906 1.7244904041290283 0.6454660892486572 1.724271297454834 -2.9893693923950195 1.112395465373993 12.308578491210938 1.2313149907017156 0.2214859277009964
Pedestrian -1 -1 0.68 812.2446899414062 152.28396606445312 887.7333374023438 320.6618957519531 1.6757105588912964 0.6437194347381592 0.8867936730384827 2.37774658203125 1.3630103468894958 6.805627346038818 1.0172126958707475 0.21964065730571747
Cyclist -1 -1 -1.86 649.0726928710938 144.3660430908203 671.9630126953125 204.35214233398438 1.628922462463379 0.5301759839057922 1.6556669473648071 1.5756793022155762 0.5934910178184509 20.45672607421875 -1.7854667754577722 0.21864642202854156
Pedestrian -1 -1 3.05 350.3260803222656 144.5467987060547 385.2861022949219 203.7928009033203 1.784899353981018 0.6013398766517639 0.5566520094871521 -7.309972286224365 0.6907996833324432 21.759233474731445 2.726689575393391 0.21727117896080017
Cyclist -1 -1 0.4 336.4219665527344 140.0015411376953 385.88555908203125 203.74366760253906 1.7027112245559692 0.5987778902053833 1.7059404850006104 -7.789829730987549 0.6261760592460632 22.74748992919922 0.07392762329630287 0.2161022424697876
Pedestrian -1 -1 1.57 335.2032165527344 142.11514282226562 368.6034851074219 203.67726135253906 1.8050600290298462 0.6024099588394165 0.5053035020828247 -7.5675435066223145 0.6939700692892075 21.482643127441406 1.2322515191685035 0.2149275690317154
Cyclist -1 -1 0.07 260.2466125488281 127.05976867675781 330.7095642089844 298.58135986328125 1.853805422782898 0.6645976901054382 1.8360369205474854 -3.6648502349853516 1.2928939759731293 8.48245620727539 -0.3426063220271165 0.2145237773656845
Pedestrian -1 -1 0.93 760.7473754882812 145.65052795410156 811.0242309570312 270.3118896484375 1.7608321905136108 0.5942285060882568 0.8358465433120728 2.579836845397949 1.3243028223514557 10.67692756652832 1.163347071964317 0.2128257304430008
Pedestrian -1 -1 1.73 399.6053466796875 146.80552673339844 442.1152038574219 204.270263671875 1.8345988988876343 0.6164968013763428 0.4541487395763397 -5.470586776733398 0.7411180734634399 21.68376350402832 1.4834484717661125 0.2121593952178955
Cyclist -1 -1 2.36 363.48919677734375 144.08050537109375 440.55072021484375 201.46888732910156 1.762186884880066 0.5762501358985901 1.7694613933563232 -6.771191596984863 0.6237086355686188 22.963197708129883 2.069267059169446 0.21196091175079346
Cyclist -1 -1 2.55 405.1707458496094 137.62538146972656 460.2098693847656 214.72608947753906 1.837180733680725 0.6493064165115356 1.769527792930603 -4.084468364715576 0.9407210350036621 16.38349723815918 2.3097652993265028 0.21144312620162964
Cyclist -1 -1 1.93 491.76666259765625 142.678955078125 516.0205688476562 195.56985473632812 1.8505456447601318 0.6677336692810059 1.6540372371673584 -3.5569984912872314 0.5785293281078339 24.51127815246582 1.782975406606484 0.20831269025802612
Pedestrian -1 -1 1.7 841.3031005859375 150.5049591064453 892.9629516601562 273.5894470214844 1.64408540725708 0.5665311217308044 0.6256672739982605 4.278229713439941 1.1945010721683502 11.679677963256836 2.0492949202715636 0.2079775333404541
Pedestrian -1 -1 0.54 252.9958038330078 133.95579528808594 352.65802001953125 283.8939208984375 1.7977969646453857 0.693527102470398 0.8616744875907898 -3.6286635398864746 1.3654287457466125 8.322593688964844 0.13349015839810363 0.2075679451227188
Cyclist -1 -1 2.23 496.496337890625 145.51025390625 516.5588989257812 206.27047729492188 1.6584763526916504 0.6297892332077026 1.6333839893341064 -2.8788046836853027 0.6708490252494812 20.066028594970703 2.0898840953941864 0.206889808177948
Pedestrian -1 -1 1.16 257.0456848144531 134.09849548339844 300.6145935058594 271.7119445800781 1.7864831686019897 0.6401490569114685 0.7386639714241028 -4.82914924621582 1.225179523229599 10.557755470275879 0.7278393677734067 0.2067621797323227
Pedestrian -1 -1 0.86 247.40023803710938 137.10435485839844 293.6263732910156 252.31039428710938 1.716038465499878 0.6148245334625244 0.6772714257240295 -5.075339317321777 1.144690364599228 10.98509407043457 0.42297043919832333 0.20496037602424622
Pedestrian -1 -1 -1.71 347.4081115722656 147.0575408935547 396.2881774902344 205.1626739501953 1.7801514863967896 0.6515092849731445 0.6328408122062683 -6.980844974517822 0.7176888734102249 21.380338668823242 -2.0270867952884055 0.20283348858356476
Car -1 -1 -2.05 485.1197204589844 142.2890167236328 505.8099365234375 195.17129516601562 1.6612387895584106 1.4715102910995483 3.082888126373291 -5.256235122680664 0.1501528024673462 35.05486297607422 -2.1994142323447097 0.2013847380876541
Car -1 -1 2.52 390.6532287597656 145.09063720703125 437.4167175292969 206.3458251953125 1.6259294748306274 1.5127800703048706 3.2838752269744873 -6.733781337738037 0.6432711482048035 25.751935958862305 2.266494297935271 0.20103426277637482
Cyclist -1 -1 2.4 357.9241638183594 144.19577026367188 388.815673828125 202.9067840576172 1.685949683189392 0.5879279971122742 1.6549714803695679 -7.484655380249023 0.6465305536985397 23.3026180267334 2.086244170797581 0.19878263771533966
Cyclist -1 -1 0.5 488.0914306640625 141.7405242919922 511.2536315917969 208.62063598632812 1.6797343492507935 0.6066747307777405 1.7378976345062256 -2.8052353858947754 0.7475833594799042 20.10747528076172 0.36380530264752764 0.19874580204486847
Pedestrian -1 -1 0.78 230.06484985351562 141.6516876220703 297.6663513183594 289.8759460449219 1.800203561782837 0.6715446710586548 0.7804778814315796 -4.510179042816162 1.3045190870761871 9.273561477661133 0.32412588128279607 0.19691790640354156
Pedestrian -1 -1 1.32 749.1455078125 140.2005157470703 793.0073852539062 269.6725769042969 1.7456536293029785 0.6465389728546143 0.8108929395675659 2.567685842514038 1.1581708788871765 10.483750343322754 1.559246527811979 0.196661114692688
Cyclist -1 -1 1.0 311.5933532714844 148.797119140625 349.29815673828125 204.9774932861328 1.6175978183746338 0.5804567337036133 1.5781543254852295 -8.52365493774414 0.7230982482433319 22.131860733032227 0.6349709468614222 0.19068951904773712
Pedestrian -1 -1 1.97 481.003662109375 141.75723266601562 507.66827392578125 192.07505798339844 1.7714558839797974 0.6180616617202759 0.47895288467407227 -3.910844087600708 0.46232956647872925 25.479421615600586 1.8167212575448577 0.18922272324562073
Cyclist -1 -1 1.5 476.8364562988281 142.57046508789062 506.09619140625 193.86074829101562 1.8071995973587036 0.6552388668060303 1.565736174583435 -3.9806969165802 0.4531805217266083 25.111801147460938 1.3401059349247824 0.18884721398353577
Pedestrian -1 -1 1.0 338.2569580078125 141.17996215820312 385.1497802734375 206.06333923339844 1.835219144821167 0.5999498963356018 0.5853967070579529 -7.425639629364014 0.7652537822723389 21.54855728149414 0.6664280998724585 0.1881522685289383
Pedestrian -1 -1 1.13 475.7298278808594 147.73440551757812 498.6973571777344 203.6451873779297 1.6309717893600464 0.5850331783294678 0.7405526041984558 -3.365044593811035 0.6735242009162903 19.96112823486328 0.9589970832034531 0.18773077428340912
Cyclist -1 -1 2.38 419.0632629394531 139.33807373046875 468.0032043457031 215.21054077148438 1.7968217134475708 0.5980872511863708 1.7429219484329224 -3.6514148712158203 0.9264687281101942 15.574807167053223 2.1464180992671498 0.18756704032421112
Pedestrian -1 -1 0.83 778.567626953125 145.06800842285156 846.4515380859375 302.66229248046875 1.7226988077163696 0.6110938191413879 0.8582721948623657 2.336317777633667 1.3697733283042908 7.777230262756348 1.123174668461946 0.1843954473733902
Pedestrian -1 -1 1.93 843.2608642578125 157.2064208984375 901.4252319335938 253.29942321777344 1.5507456064224243 0.5381960868835449 0.654723584651947 4.408560276031494 1.1574634611606598 11.555954933166504 2.2947609946541556 0.18179477751255035
Cyclist -1 -1 2.31 479.9416198730469 144.16317749023438 518.7381591796875 199.1663055419922 1.7896140813827515 0.6695982217788696 1.6320126056671143 -3.8549225330352783 0.5131092965602875 24.589643478393555 2.157895761848411 0.18042156100273132
Cyclist -1 -1 -0.55 250.85321044921875 136.67742919921875 309.9530029296875 259.96466064453125 1.8206367492675781 0.6218833923339844 1.821948528289795 -5.8224968910217285 1.1620687544345856 12.6588716506958 -0.9775948322952779 0.18040789663791656
Cyclist -1 -1 2.02 471.80841064453125 145.01846313476562 510.4555969238281 199.29608154296875 1.7097529172897339 0.6444705724716187 1.603505253791809 -3.6220510005950928 0.5593428015708923 21.838560104370117 1.85615889429687 0.1787251979112625
Cyclist -1 -1 2.11 470.88433837890625 144.4496612548828 501.8973083496094 196.8289794921875 1.7748908996582031 0.6623587608337402 1.5735055208206177 -4.115782260894775 0.5951620042324066 22.631942749023438 1.9262793807093752 0.17592975497245789
Cyclist -1 -1 2.32 432.5384216308594 138.84298706054688 469.22314453125 209.25006103515625 1.7591400146484375 0.5875619053840637 1.727360725402832 -4.6893534660339355 0.683381512761116 20.857868194580078 2.0966860952965716 0.17169885337352753
Truck -1 -1 1.99 4.3842244148254395 78.56158447265625 250.53180742263794 336.11767578125 3.2491729259490967 2.420654296875 7.1684088706970215 -4.319986343383789 1.705311842262745 5.27499532699585 1.3065853586589045 0.17031703889369965
Cyclist -1 -1 -0.12 242.57553100585938 133.07308959960938 303.2398681640625 261.7820739746094 1.822281837463379 0.6759008169174194 1.8212257623672485 -5.835350513458252 1.1969352066516876 12.655564308166504 -0.553607565908397 0.16531288623809814
Pedestrian -1 -1 2.52 396.18853759765625 139.8078155517578 467.5497131347656 231.5590362548828 1.6860597133636475 0.6957562565803528 0.6628060936927795 -4.301107883453369 0.9806588143110275 17.389244079589844 2.2760865788544447 0.1645355522632599
Cyclist -1 -1 2.5 385.2237548828125 141.20567321777344 453.93597412109375 227.010009765625 1.751583218574524 0.6564550995826721 1.7862309217453003 -4.646568775177002 0.9804250001907349 17.158885955810547 2.2390419808801916 0.15800787508487701
Cyclist -1 -1 2.64 466.7059631347656 145.47256469726562 494.9604187011719 198.7586669921875 1.6937201023101807 0.6206561326980591 1.723000407218933 -3.988626718521118 0.6238758265972137 21.899059295654297 2.4623808303693764 0.1544235497713089
Cyclist -1 -1 2.06 435.32635498046875 140.7992401123047 476.0939025878906 212.4676513671875 1.7266829013824463 0.6173111200332642 1.6974422931671143 -3.969843626022339 0.7659901678562164 18.389829635620117 1.8512927479841563 0.13542436063289642