Car -1 -1 -2.13 288.7495422363281 164.26101684570312 367.391845703125 198.6845245361328 1.538472056388855 1.678380012512207 3.6742372512817383 -13.648799896240234 1.144562840461731 34.70391845703125 -2.5011708162357884 0.8164131045341492
Car -1 -1 -1.98 220.0201873779297 163.32241821289062 293.2660217285156 203.0827178955078 1.5319154262542725 1.6449755430221558 3.9560155868530273 -15.322344779968262 1.1599113941192627 31.17302894592285 -2.4395200303299696 0.7905734777450562
Van -1 -1 0.25 469.410400390625 151.33033752441406 556.8463745117188 192.87179565429688 2.108553886413574 1.921791434288025 4.8572678565979 -5.323157787322998 0.9952722154557705 40.133995056152344 0.12262727019619524 0.7023462653160095
Car -1 -1 -0.85 567.2283935546875 161.8476104736328 628.16162109375 188.08229064941406 1.6258289813995361 1.6274521350860596 3.4146676063537598 -0.8411539196968079 0.8900377526879311 45.02683639526367 -0.8733983954451832 0.6339137554168701
Car -1 -1 1.16 146.86688232421875 157.15167236328125 228.69903564453125 206.94015502929688 1.832834005355835 1.6593745946884155 4.175290107727051 -17.415008544921875 1.2818945944309235 29.710710525512695 0.6305092771429854 0.5116347074508667
Van -1 -1 1.11 145.173583984375 157.13018798828125 227.36412048339844 206.76193237304688 1.876904010772705 1.9194129705429077 4.767682075500488 -18.45531463623047 1.3158058822154999 31.355449676513672 0.5751006300751627 0.44643762707710266
Van -1 -1 -2.58 460.65252685546875 158.59271240234375 550.6654052734375 195.78836059570312 2.0087814331054688 1.9121898412704468 4.829650402069092 -5.476459980010986 1.098972037434578 39.08787155151367 -2.716002903643699 0.4232628047466278
Pedestrian -1 -1 -3.08 158.7715606689453 154.98995971679688 214.7796173095703 210.5943145751953 1.8637441396713257 0.6126660704612732 0.7531203627586365 -15.002303123474121 1.3157897591590881 25.61372184753418 2.6686826337368608 0.3872438371181488
Car -1 -1 -2.56 461.4380798339844 158.4122772216797 550.5304565429688 195.65945434570312 1.7381243705749512 1.642124056816101 4.484500408172607 -5.256827354431152 1.0713333040475845 37.298377990722656 -2.697247360726233 0.37493085861206055
Van -1 -1 1.34 154.0493927001953 153.39186096191406 219.38302612304688 208.2360382080078 1.9259310960769653 1.8707172870635986 4.550067901611328 -18.520523071289062 1.2788893580436707 31.534095764160156 0.8133843279234387 0.37234261631965637
Car -1 -1 2.67 156.00611877441406 153.26800537109375 214.45095825195312 210.1038818359375 1.9158856868743896 1.782963514328003 4.35084867477417 -17.814756393432617 1.2748688459396362 30.304107666015625 2.1348296314048882 0.3088904321193695
Cyclist -1 -1 0.41 151.17799377441406 155.56175231933594 224.9342498779297 209.0793914794922 1.8341081142425537 0.6464164853096008 1.9591219425201416 -13.912718772888184 1.2165260314941406 23.871328353881836 -0.11403269230222035 0.29471489787101746
Van -1 -1 -2.3 477.3268127441406 158.02964782714844 558.3618774414062 192.45953369140625 2.036707639694214 1.8565534353256226 4.7249979972839355 -5.3924560546875 1.070859905332327 39.459598541259766 -2.4338004174193264 0.28315016627311707
Car -1 -1 -1.86 472.1771240234375 155.20848083496094 559.1839599609375 193.4973907470703 1.7974656820297241 1.723008155822754 4.1811699867248535 -4.897541046142578 1.0314278304576874 36.735172271728516 -1.9918942616354842 0.2820846438407898
Cyclist -1 -1 0.76 157.6498260498047 152.8716583251953 212.7474822998047 211.574951171875 1.8560072183609009 0.5793437957763672 1.9698410034179688 -14.351832389831543 1.2308903634548187 24.412355422973633 0.2255442035134081 0.2766992151737213
Pedestrian -1 -1 -1.8 150.50238037109375 156.98867797851562 223.38856506347656 207.2102813720703 1.8963662385940552 0.6157780289649963 0.80811607837677 -13.952475547790527 1.3131681382656097 23.861913681030273 -2.3311745484980584 0.22597825527191162
Car -1 -1 0.36 675.271240234375 164.1638641357422 739.048828125 189.06817626953125 1.528342843055725 1.5873286724090576 3.8044140338897705 6.8147196769714355 0.9708094149827957 50.66565704345703 0.4947766693547191 0.2257518768310547
Van -1 -1 -2.42 490.49542236328125 157.96934509277344 567.4510498046875 191.8534393310547 1.8917486667633057 1.7938915491104126 4.488778114318848 -4.765718936920166 0.9795304350554943 39.99402618408203 -2.534290375860424 0.2208787053823471
Car -1 -1 2.64 502.78070068359375 157.8578643798828 573.9961547851562 191.0030517578125 1.5696651935577393 1.6623766422271729 4.302316665649414 -4.231112957000732 1.0337857753038406 40.14707565307617 2.5360688500708166 0.209605872631073
Car -1 -1 -1.66 1201.0604248046875 170.04354858398438 1234.90771484375 273.1505432128906 1.3363652229309082 1.609383225440979 3.665827751159668 11.662415504455566 1.4158107042312622 12.108471870422363 -0.8888184811128594 0.20939446985721588
Car -1 -1 1.33 619.8148803710938 161.9141387939453 670.125244140625 189.31771850585938 1.5598719120025635 1.5825145244598389 3.5650999546051025 2.4052300453186035 0.9273555278778076 46.19259262084961 1.3799400068183267 0.20712482929229736
Pedestrian -1 -1 -3.01 166.5502166748047 153.91458129882812 203.66749572753906 212.4066925048828 1.8057637214660645 0.6275811195373535 0.7727192640304565 -14.571331977844238 1.2678188979625702 24.74768829345703 2.7377797541661844 0.19621291756629944
Van -1 -1 1.85 1051.0430908203125 154.22259521484375 1086.5933837890625 173.1688690185547 1.9645271301269531 1.8943285942077637 4.8053436279296875 45.103126525878906 0.058291733264923096 71.01307678222656 2.414215484255811 0.19079381227493286
Car -1 -1 -0.18 665.3434448242188 165.59523010253906 725.391845703125 188.75038146972656 1.4769256114959717 1.6264840364456177 3.574502944946289 5.877625942230225 1.013124406337738 48.538818359375 -0.062208533335299965 0.18682004511356354
Car -1 -1 2.89 449.8625183105469 160.08822631835938 539.3953857421875 195.93701171875 1.6170337200164795 1.6183617115020752 4.257476806640625 -5.544904708862305 1.0490746051073074 37.10173034667969 2.7419720276735857 0.1787026971578598
Car -1 -1 -0.4 396.74261474609375 27.420475006103516 522.0458374023438 95.04423904418945 1.9481018781661987 1.9072771072387695 5.7944722175598145 -8.558525085449219 -3.78041273355484 35.23678207397461 -0.6429657796721902 0.10829475522041321