Car -1 -1 -0.38 326.7091064453125 176.19937133789062 450.266845703125 224.8585968017578 1.5097267627716064 1.6349983215332031 3.815275192260742 -7.012749671936035 1.3651388883590698 24.19452476501465 -0.6634047362358713 0.8015648126602173
Car -1 -1 -1.45 556.2660522460938 172.49057006835938 591.5108642578125 199.57342529296875 1.5019538402557373 1.6479363441467285 4.227513790130615 -1.5998613834381104 0.9996626377105713 44.12888717651367 -1.4855128363236165 0.7882787585258484
Car -1 -1 -1.55 588.0228271484375 170.17791748046875 615.9985961914062 192.6405487060547 1.6184701919555664 1.6967229843139648 4.259922027587891 0.15773561596870422 0.7629317827522755 53.35627365112305 -1.54976310131718 0.5684338212013245
Car -1 -1 2.2 335.1393127441406 174.61766052246094 401.4789123535156 204.3592987060547 1.5780613422393799 1.653427004814148 4.205809116363525 -14.09786319732666 1.2502003908157349 43.21255874633789 1.889122679007297 0.5249190330505371
Car -1 -1 -0.22 338.3719482421875 174.45449829101562 435.0482482910156 218.78839111328125 1.4823482036590576 1.6082873344421387 3.9376347064971924 -7.285536766052246 1.3223800659179688 24.652576446533203 -0.5029265571440051 0.3955245912075043
Car -1 -1 2.06 339.7244567871094 173.59161376953125 421.1715087890625 207.7911834716797 1.5479638576507568 1.5622154474258423 4.183961391448975 -13.848523139953613 1.237472653388977 44.460044860839844 1.7607231491144022 0.37900570034980774
Car -1 -1 -1.51 575.3653564453125 171.1150665283203 609.5597534179688 193.5759735107422 1.630692958831787 1.670085072517395 4.290310859680176 -0.11613858491182327 0.719748392701149 53.23430633544922 -1.5133716686561671 0.30149662494659424
Van -1 -1 2.23 338.20025634765625 174.572509765625 402.0119323730469 201.96778869628906 1.93309485912323 1.6619218587875366 4.531014919281006 -13.834794044494629 1.4406230747699738 43.08561706542969 1.9147104354750972 0.2547024190425873
Van -1 -1 -0.54 330.0712890625 176.72076416015625 450.5674743652344 225.56640625 1.7703840732574463 1.7235853672027588 3.9106671810150146 -7.438551425933838 1.5229104161262512 25.087230682373047 -0.8282314493752887 0.1920241266489029
Car -1 -1 2.64 328.8233642578125 174.8336639404297 404.4772644042969 211.975830078125 1.487073540687561 1.5691622495651245 4.13363790512085 -11.316309928894043 1.3639366626739502 35.32410430908203 2.334804245623051 0.1760638952255249
Van -1 -1 2.26 334.433837890625 173.92953491210938 413.39825439453125 204.7411651611328 2.04836106300354 1.6323039531707764 4.7488508224487305 -13.802191734313965 1.5766732692718506 42.90166091918945 1.9512543566235498 0.1732618808746338
Car -1 -1 2.21 344.61181640625 175.20208740234375 412.4397277832031 202.77003479003906 1.5176337957382202 1.5611262321472168 4.256728172302246 -13.75535774230957 1.2426650524139404 44.84962463378906 1.9137622392710156 0.15813156962394714
Pedestrian -1 -1 -1.33 336.24395751953125 173.5771942138672 408.1789245605469 205.81556701660156 1.86723792552948 0.7123150825500488 0.7241611480712891 -10.486364364624023 1.2597636282444 32.91209030151367 -1.6412936444314887 0.15754707157611847