Car -1 -1 -1.57 631.9690551757812 179.54019165039062 702.2958374023438 242.8743896484375 1.5622014999389648 1.6516493558883667 3.5175697803497314 1.685880184173584 1.4475095868110657 19.73692512512207 -1.4815392929322977 0.8925057053565979
Car -1 -1 -1.4 703.0879516601562 183.57106018066406 735.1245727539062 207.03814697265625 1.4751334190368652 1.5898672342300415 3.3445887565612793 7.505359649658203 1.3911256194114685 48.0506706237793 -1.2442684132706043 0.8077037334442139
Truck -1 -1 -1.49 479.43817138671875 142.81686401367188 539.2213134765625 206.63136291503906 3.4464831352233887 2.6885128021240234 9.445159912109375 -5.756903171539307 1.188506305217743 43.90837097167969 -1.6159174784122259 0.7926079034805298
Car -1 -1 -1.45 443.6072082519531 179.82582092285156 496.6092224121094 217.8535614013672 1.5093308687210083 1.6459280252456665 4.129091262817383 -5.818720817565918 1.3033703565597534 31.088659286499023 -1.6368577467963723 0.7924748063087463
Car -1 -1 -1.4 407.31304931640625 182.31874084472656 474.79400634765625 228.757080078125 1.468410849571228 1.6673738956451416 4.320312023162842 -5.68281364440918 1.4146234393119812 25.16618537902832 -1.6178254923644388 0.783223569393158
Van -1 -1 -1.01 7.4458909034729 -14.463459014892578 457.4698166847229 372.90864181518555 2.9316935539245605 2.1901822090148926 6.8587260246276855 -3.6077311038970947 1.4649825682281516 7.749341011047363 -1.4465278478458394 0.7551535367965698
Truck -1 -1 2.1 9.86379623413086 -14.225029945373535 460.5923728942871 350.8422918319702 3.440075159072876 2.408315420150757 8.796475410461426 -4.0709147453308105 1.407238781452179 9.74845027923584 1.7068170265363687 0.6196783781051636
Car -1 -1 1.74 398.66339111328125 180.17715454101562 481.11187744140625 233.59033203125 1.5110516548156738 1.672938585281372 4.34780740737915 -5.5116987228393555 1.4511795043945312 24.244775772094727 1.5126777025572729 0.546177864074707
Car -1 -1 -1.58 419.03070068359375 182.54791259765625 480.7232666015625 226.5093231201172 1.4824539422988892 1.6872646808624268 4.305225372314453 -5.585309028625488 1.4178821444511414 25.905805587768555 -1.7889222101626068 0.4908858835697174
Car -1 -1 -1.41 441.0884094238281 182.86264038085938 490.69927978515625 220.00135803222656 1.455026388168335 1.645728349685669 4.129918575286865 -6.036508560180664 1.374470055103302 31.046142578125 -1.6008707047213306 0.31431496143341064
Truck -1 -1 1.91 80.57001495361328 27.626628875732422 468.39075469970703 321.0061149597168 3.4207730293273926 2.461594820022583 8.650200843811035 -4.308052062988281 1.434458166360855 11.101089477539062 1.5412469656552492 0.30350226163864136
Car -1 -1 2.06 148.9308624267578 112.8951187133789 446.38832092285156 328.74332427978516 2.0954155921936035 1.8420318365097046 5.024322509765625 -4.326414108276367 1.5415366888046265 10.994154930114746 1.6839238650929422 0.2695014476776123
Car -1 -1 -1.56 638.02685546875 179.16055297851562 698.1923217773438 232.91929626464844 1.5964628458023071 1.670121431350708 3.7501308917999268 1.8098586797714233 1.42739999294281 20.827741622924805 -1.4772123090185127 0.26540040969848633
Car -1 -1 2.06 175.01109313964844 144.65711975097656 445.9669647216797 319.8995056152344 1.9205269813537598 1.7738920450210571 4.790652751922607 -4.324652194976807 1.4800835251808167 11.19588851928711 1.686978319622666 0.25828298926353455
Truck -1 -1 2.1 35.7347526550293 -4.787840843200684 404.69721603393555 303.58758640289307 3.5621089935302734 2.4471492767333984 8.491820335388184 -4.071747303009033 1.4376408159732819 8.121524810791016 1.6369217096252733 0.2519022524356842
Truck -1 -1 -2.32 11.4955415725708 -19.201963424682617 365.7333345413208 374.43582344055176 3.683195114135742 2.458338737487793 8.317602157592773 -4.003712177276611 1.71639983355999 6.858854293823242 -2.8531485230332176 0.25094857811927795
Car -1 -1 -1.52 431.3658752441406 179.1508331298828 485.4024963378906 218.6206512451172 1.5281922817230225 1.6083213090896606 4.210738658905029 -5.848255634307861 1.3742332458496094 29.913070678710938 -1.7111154184967061 0.23643368482589722
Van -1 -1 -1.4 407.9153137207031 179.47181701660156 479.6756286621094 232.18006896972656 1.7926448583602905 1.7665627002716064 4.407039165496826 -5.658278942108154 1.4807297587394714 25.299423217773438 -1.6228490931841115 0.22192151844501495
Car -1 -1 1.83 340.5132751464844 170.9220733642578 454.5839538574219 247.69712829589844 1.5734302997589111 1.6622087955474854 4.396209716796875 -5.412899494171143 1.479765236377716 19.32796287536621 1.561322454331112 0.21310655772686005
Truck -1 -1 -1.61 475.58062744140625 151.58657836914062 533.9297485351562 205.21678161621094 3.429380178451538 2.6967074871063232 9.289228439331055 -5.847871780395508 1.205216646194458 42.39475631713867 -1.7494971807609305 0.2122960239648819
Car -1 -1 1.83 386.6058044433594 182.00856018066406 459.3308410644531 237.06788635253906 1.4240816831588745 1.6127018928527832 4.197434425354004 -5.41370964050293 1.4109678268432617 21.684125900268555 1.582485316509242 0.21011225879192352
Car -1 -1 -1.41 431.85198974609375 183.8983154296875 486.8504333496094 224.76370239257812 1.457586407661438 1.6452406644821167 4.126495361328125 -5.964118480682373 1.4229049682617188 29.473173141479492 -1.6081057256415567 0.20262029767036438
Car -1 -1 1.83 357.9190673828125 176.29989624023438 460.3235778808594 242.61715698242188 1.4914562702178955 1.6356040239334106 4.352848529815674 -5.310042381286621 1.4333084225654602 19.413070678710938 1.5642515268914732 0.20180818438529968
Van -1 -1 -1.5 478.4012451171875 140.32305908203125 540.455810546875 206.00701904296875 2.901808977127075 2.1342082023620605 6.403575897216797 -5.222515106201172 0.8525581359863281 39.694053649902344 -1.6301591967502889 0.20148268342018127
Car -1 -1 -1.93 381.8260498046875 174.7303009033203 468.87432861328125 241.31788635253906 1.5382087230682373 1.6909425258636475 4.169963836669922 -5.876461505889893 1.4429908990859985 24.376441955566406 -2.1685214627579636 0.19430015981197357
Car -1 -1 -1.0 -10.262301445007324 106.06312561035156 340.8541841506958 382.57545471191406 1.6321966648101807 1.6962915658950806 4.109053134918213 -3.952441453933716 1.4948704838752747 6.203596115112305 -1.5645220105222064 0.17493674159049988
Truck -1 -1 1.45 8.946235656738281 40.595375061035156 422.59513092041016 391.5700149536133 3.105247974395752 2.3307785987854004 7.228673458099365 -4.327142715454102 1.9466285407543182 8.361059188842773 0.972855332861867 0.1627345085144043
Van -1 -1 1.79 -82.58108520507812 -10.214773178100586 488.8042907714844 393.1961154937744 2.538881301879883 2.173743963241577 6.238927364349365 -1.7740778923034668 1.2601650264114141 4.651248931884766 1.4212693522614366 0.16270294785499573
Car -1 -1 -1.57 629.8582153320312 178.8155975341797 686.8197021484375 232.8968963623047 1.6349319219589233 1.6418808698654175 3.732116937637329 1.6742315292358398 1.4579814076423645 22.739002227783203 -1.4945578746605124 0.15973983705043793