Car -1 -1 1.66 512.1317138671875 172.2255859375 596.7318115234375 241.07127380371094 1.510587453842163 1.617002248764038 3.7327678203582764 -1.1223019361495972 1.3008117079734802 17.819047927856445 1.5955609562083781 0.875329315662384
Van -1 -1 -1.67 633.9387817382812 138.1800994873047 715.08251953125 221.23941040039062 2.514887809753418 2.0383315086364746 5.752804279327393 2.4278199672698975 1.0711252689361572 25.429597854614258 -1.572766753561714 0.8440929055213928
Pedestrian -1 -1 2.85 1074.9486083984375 148.14373779296875 1184.3992919921875 362.0592041015625 1.6421184539794922 0.5929983258247375 0.531298041343689 4.165604591369629 1.3790489435195923 5.66225004196167 -2.797371334528462 0.807017982006073
Truck -1 -1 -1.66 638.1029663085938 142.76290893554688 712.1038818359375 220.30361938476562 3.2336487770080566 2.493882179260254 7.351992130279541 2.727177858352661 1.4280640333890915 28.143856048583984 -1.5647547031779734 0.47073057293891907
Car -1 -1 -1.88 933.404296875 161.9055633544922 1209.0260009765625 371.7107849121094 1.5489648580551147 1.573636531829834 3.3399693965911865 4.7733235359191895 1.518340289592743 6.540966987609863 -1.2514776701309902 0.33804553747177124
Pedestrian -1 -1 -2.42 1056.1898193359375 142.91343688964844 1180.2962646484375 334.1358947753906 1.6550568342208862 0.6307552456855774 0.7775935530662537 3.9225597381591797 1.2568376660346985 5.45343542098999 -1.8012559693100973 0.309797465801239
Cyclist -1 -1 0.13 1066.2718505859375 147.77999877929688 1191.5784912109375 368.3987731933594 1.5858515501022339 0.5311364531517029 1.630158543586731 4.057679176330566 1.325386881828308 5.767115116119385 0.7419076782494081 0.3051341474056244
Car -1 -1 1.08 1013.4373779296875 160.89334106445312 1143.5562744140625 226.0706024169922 1.4240366220474243 1.466565728187561 3.544670820236206 11.207242012023926 0.9579744786024094 17.042789459228516 1.661003141461519 0.30484411120414734
Pedestrian -1 -1 1.76 965.396728515625 162.92999267578125 1217.2724609375 374.21417236328125 1.646084189414978 0.5630029439926147 0.7253663539886475 3.473419666290283 1.368947446346283 4.890387535095215 2.377623457868137 0.29828935861587524
Pedestrian -1 -1 2.11 564.2898559570312 168.83677673339844 593.0118408203125 213.77182006835938 1.7464039325714111 0.6762382984161377 0.7880030870437622 -0.6432244181632996 1.1130383610725403 26.38150978088379 2.082622547105183 0.27547791600227356
Pedestrian -1 -1 -1.52 1057.392822265625 162.8881378173828 1192.85498046875 370.0482482910156 1.5645807981491089 0.568240225315094 0.7088668346405029 3.9897162914276123 1.4252032041549683 5.554444789886475 -0.8944952496627891 0.2722189128398895
Cyclist -1 -1 -1.06 933.404296875 161.9055633544922 1209.0260009765625 371.7107849121094 1.7153290510177612 0.6082810759544373 1.6841990947723389 3.6102566719055176 1.4803648591041565 5.167058944702148 -0.4488975057197919 0.25700685381889343
Car -1 -1 -1.65 638.3175048828125 159.25949096679688 707.9155883789062 220.8030548095703 1.7766649723052979 1.7340195178985596 4.427110195159912 2.2691285610198975 1.1415454745292664 24.293109893798828 -1.5615411968384318 0.23763185739517212
Pedestrian -1 -1 0.65 521.7261962890625 164.59788513183594 545.3927612304688 218.29930114746094 1.7204145193099976 0.641800582408905 0.7222991585731506 -2.43210768699646 1.1074404865503311 25.85761833190918 0.5541256593654871 0.2356795072555542
Car -1 -1 1.51 519.3496704101562 174.07492065429688 591.093994140625 234.700927734375 1.4496803283691406 1.6253299713134766 4.029013633728027 -1.133437156677246 1.2235028147697449 18.461807250976562 1.4462804613934024 0.23402652144432068
Pedestrian -1 -1 1.51 1093.697998046875 131.50462341308594 1193.76416015625 373.8819274902344 1.7190922498703003 0.7313286066055298 0.6177972555160522 4.021960735321045 1.490128517150879 5.6470794677734375 2.132969416816481 0.2198667824268341
Pedestrian -1 -1 1.78 559.1828002929688 170.29241943359375 593.99365234375 218.23776245117188 1.71045982837677 0.6999561786651611 0.7701035141944885 -0.6387273073196411 1.1050765663385391 25.17624282836914 1.7516711770497455 0.19732257723808289
Pedestrian -1 -1 0.45 523.3582153320312 164.62571716308594 541.0159301757812 212.5682830810547 1.7154805660247803 0.6292216181755066 0.762580394744873 -2.4709110260009766 1.0828573107719421 26.48636817932129 0.3618041208311027 0.19212877750396729
Pedestrian -1 -1 -2.71 996.165771484375 151.51419067382812 1158.792236328125 250.95101928710938 1.7280298471450806 0.7007741928100586 0.7462868690490723 8.069982528686523 1.1412671208381653 11.858438491821289 -2.1170787841586183 0.19205109775066376
Pedestrian -1 -1 2.45 1015.9505615234375 144.87863159179688 1163.662353515625 287.11016845703125 1.7077836990356445 0.6996391415596008 0.7249413132667542 5.981971263885498 1.2705553770065308 8.510455131530762 3.0639803234844347 0.18805474042892456
Pedestrian -1 -1 -0.96 513.4232177734375 173.17098999023438 597.633056640625 241.31838989257812 1.814700722694397 0.6561444997787476 0.870042085647583 -1.3702640533447266 1.3610291481018066 18.360483169555664 -1.0353383522451116 0.1870812326669693
Pedestrian -1 -1 0.91 1101.1121826171875 166.64796447753906 1213.5960693359375 372.7300720214844 1.6820628643035889 0.5764512419700623 0.7716574668884277 3.9361684322357178 1.5543579459190369 5.181002140045166 1.555107642324585 0.18095692992210388
Pedestrian -1 -1 -0.47 571.193359375 168.80078125 589.07177734375 204.95387268066406 1.6062983274459839 0.7119552493095398 0.8779042959213257 -0.7888761758804321 1.0292269885540009 29.60379409790039 -0.49669826085464175 0.17630822956562042
Pedestrian -1 -1 -2.8 1043.303955078125 158.65304565429688 1222.467529296875 373.8658752441406 1.7623193264007568 0.6324418187141418 0.7799121737480164 4.044657230377197 1.5203319787979126 5.33588171005249 -2.1542128417708373 0.17122840881347656
Pedestrian -1 -1 -0.21 571.6746215820312 168.16928100585938 591.5983276367188 210.95338439941406 1.659563422203064 0.6702735424041748 0.8308030366897583 -0.7904802560806274 1.13378444314003 28.600698471069336 -0.23677786228146402 0.17084531486034393
Cyclist -1 -1 -1.62 997.0872192382812 162.32418823242188 1214.3040771484375 369.8852233886719 1.7031831741333008 0.5796725749969482 1.6452436447143555 3.740290403366089 1.4341624975204468 5.108632564544678 -0.9890245048563955 0.17082808911800385
Pedestrian -1 -1 -0.73 517.001220703125 169.84918212890625 567.4090576171875 227.30943298339844 1.7632603645324707 0.6912203431129456 0.8233619332313538 -1.5203914642333984 1.2870167791843414 17.92609405517578 -0.8184002618772008 0.16567586362361908
Pedestrian -1 -1 -2.04 516.92236328125 170.61831665039062 584.9171752929688 234.74842834472656 1.809644103050232 0.6386629343032837 0.8031579256057739 -1.5079971551895142 1.3436551988124847 20.076539993286133 -2.117328993606945 0.16487768292427063
Car -1 -1 -2.65 1201.368896484375 257.0253601074219 1237.74658203125 375.2069396972656 1.5546292066574097 1.5741016864776611 3.445209503173828 1.9624171257019043 1.2446586787700653 1.1870169639587402 -1.6227706771344277 0.16198791563510895
Pedestrian -1 -1 1.63 1109.4573974609375 141.44163513183594 1204.2008056640625 368.80682373046875 1.7529332637786865 0.6937302350997925 0.6612389087677002 3.9838271141052246 1.6217069029808044 5.417433261871338 2.2686080502486767 0.1587318629026413
Pedestrian -1 -1 -0.13 520.1773071289062 166.52825927734375 556.0177001953125 221.7431182861328 1.750876545906067 0.6932169198989868 0.7425310611724854 -1.7994037866592407 1.236963301897049 21.088733673095703 -0.2120214175288644 0.157398983836174
Pedestrian -1 -1 -2.06 1042.3492431640625 146.94248962402344 1168.463134765625 296.41973876953125 1.7256780862808228 0.6719052195549011 0.7280452251434326 4.516308307647705 1.3045253157615662 6.593657970428467 -1.4562519200320185 0.15343046188354492
Pedestrian -1 -1 1.65 556.258544921875 172.48760986328125 596.1119995117188 225.38682556152344 1.6546186208724976 0.6981863379478455 0.811704695224762 -0.5852514505386353 1.2838740646839142 20.24392318725586 1.6259172932083414 0.1414809674024582
Pedestrian -1 -1 0.62 575.4256591796875 167.27206420898438 589.9403686523438 202.9297637939453 1.6949824094772339 0.6998851299285889 0.9225434064865112 -0.6545023918151855 1.0872977077960968 32.02564239501953 0.6008439144953996 0.12933249771595
Pedestrian -1 -1 1.73 1140.661865234375 160.63978576660156 1213.41162109375 369.5341796875 1.8049412965774536 0.7185547351837158 0.6185775399208069 3.5564582347869873 1.633258044719696 4.370683670043945 2.4084851466218655 0.12260644137859344