Car -1 -1 1.79 408.83721923828125 188.31613159179688 507.7410888671875 253.8661651611328 1.3986873626708984 1.5876169204711914 3.926470994949341 -3.7225372791290283 1.8315520286560059 18.124235153198242 1.586812279045076 0.8741602897644043
Car -1 -1 1.74 463.93023681640625 176.38975524902344 526.25537109375 226.31578063964844 1.728447437286377 1.6114392280578613 3.993333339691162 -4.199451446533203 1.8582488298416138 26.68327522277832 1.585677841606599 0.8416202068328857
Car -1 -1 2.5 -0.3771957755088806 197.6622772216797 227.54669338464737 371.3396301269531 1.548091173171997 1.6000455617904663 3.807742118835449 -3.059603214263916 1.700676143169403 2.3203189373016357 1.5815247125639793 0.8154866099357605
Car -1 -1 1.63 526.1260986328125 174.48712158203125 557.9136352539062 201.1239776611328 1.6068000793457031 1.6356782913208008 4.043076992034912 -4.280573844909668 1.7621271014213562 45.63644790649414 1.5390031126207084 0.7771360874176025
Car -1 -1 1.63 529.3944702148438 171.3333740234375 558.9951782226562 199.61407470703125 1.6509590148925781 1.6228736639022827 3.764366626739502 -4.291382789611816 1.7482478618621826 46.12028503417969 1.5368414298136015 0.582633912563324
Van -1 -1 1.74 466.6211242675781 175.2398681640625 525.460693359375 226.019287109375 1.8588677644729614 1.702934741973877 4.320433616638184 -4.34919548034668 1.9580898880958557 27.86383819580078 1.582309854170572 0.5265520811080933
Car -1 -1 1.6 533.1144409179688 168.35012817382812 560.8231201171875 197.6091766357422 1.715724229812622 1.6919329166412354 4.137561321258545 -4.288158893585205 1.6677390336990356 47.019813537597656 1.5092461285067476 0.4893745183944702
Pedestrian -1 -1 2.12 1147.4305419921875 175.5474853515625 1235.1763916015625 384.6580810546875 1.5642549991607666 0.6488378047943115 0.5148288011550903 3.3386988639831543 1.6891189217567444 3.6521856784820557 2.862755622639817 0.3516239821910858
Car -1 -1 2.41 0.525871992111206 199.46597290039062 125.96088480949402 351.75775146484375 1.6156872510910034 1.616463541984558 4.0119476318359375 -5.930706977844238 1.8436757922172546 5.466124057769775 1.5836285805621717 0.2976941466331482
Car -1 -1 1.6 536.43017578125 165.87234497070312 561.5065307617188 195.5014190673828 1.944141149520874 1.7580021619796753 4.261785984039307 -4.406185626983643 1.544016420841217 52.534481048583984 1.513508869572024 0.29314008355140686
Pedestrian -1 -1 2.08 1177.575439453125 179.4390411376953 1236.122314453125 383.863037109375 1.4943022727966309 0.6628665328025818 0.5803964734077454 3.428710699081421 1.603765845298767 3.650421380996704 2.835049523523357 0.2747417688369751
Car -1 -1 1.75 445.63714599609375 179.39141845703125 522.9029541015625 233.68295288085938 1.5891376733779907 1.6120764017105103 3.9773223400115967 -4.358508586883545 1.9446019530296326 27.351972579956055 1.594901501296416 0.2590803802013397
Pedestrian -1 -1 1.18 1124.6136474609375 157.3190460205078 1234.3714599609375 365.6139831542969 1.57590913772583 0.5930549502372742 0.8083894848823547 2.7967565059661865 1.4399117231369019 3.2597227096557617 1.8911746425468818 0.21171218156814575
Car -1 -1 1.75 418.072021484375 183.24411010742188 516.349365234375 248.67391967773438 1.506462574005127 1.6510955095291138 3.9799647331237793 -3.623368263244629 1.7909083366394043 18.305673599243164 1.5544415757148036 0.20583300292491913
Car -1 -1 2.38 6.8526482582092285 208.36904907226562 290.59413385391235 363.1046447753906 1.5565102100372314 1.5877989530563354 4.1535515785217285 -2.342195510864258 1.415798842906952 2.1143674850463867 1.5388541989460132 0.20212456583976746
Pedestrian -1 -1 1.19 1183.48388671875 162.05838012695312 1240.8125 372.5598449707031 1.6370556354522705 0.666581928730011 0.6768963932991028 3.2128169536590576 1.5120841264724731 3.445957899093628 1.9380246021940035 0.19231927394866943
Car -1 -1 2.4 3.3195571899414062 213.8110809326172 179.82376861572266 343.6062316894531 1.7139471769332886 1.66527259349823 4.04525089263916 -2.253304958343506 1.4202459454536438 2.0979228019714355 1.5838922618089377 0.1708565354347229