Car -1 -1 -1.73 643.63037109375 178.88636779785156 712.6865234375 232.77880859375 1.5469781160354614 1.6502681970596313 4.069808483123779 2.1516430377960205 1.7872160077095032 23.767845153808594 -1.6371580544634154 0.8828235268592834
Car -1 -1 -2.02 787.0 213.01797485351562 1230.435791015625 371.491455078125 1.4604387283325195 1.6048129796981812 4.092348098754883 2.8005740642547607 1.7733911275863647 5.804976940155029 -1.5742589351673457 0.8539695143699646
Car -1 -1 1.77 463.44769287109375 185.5123748779297 538.841796875 240.8988494873047 1.3892260789871216 1.5725663900375366 3.6348252296447754 -3.0252389907836914 1.799292504787445 20.816255569458008 1.6228895716036078 0.850525975227356
Car -1 -1 -3.01 353.619384765625 178.4951934814453 478.5704650878906 222.7206573486328 1.4720474481582642 1.6636602878570557 4.171657085418701 -7.165933132171631 1.764966070652008 26.84788703918457 3.014779764092191 0.8071190118789673
Car -1 -1 -2.64 21.79903221130371 180.67398071289062 338.5049648284912 288.17236328125 1.551024317741394 1.6498253345489502 4.3133087158203125 -6.7452216148376465 1.764723002910614 11.779444694519043 3.1236001043587382 0.7558614015579224
Car -1 -1 0.9 -21.298877716064453 193.51722717285156 254.12372970581055 310.6705627441406 1.454318881034851 1.6129770278930664 4.076715469360352 -7.228944301605225 1.7046916484832764 9.819347381591797 0.26429746805308874 0.7350063920021057
Car -1 -1 -1.66 612.8572998046875 179.47769165039062 636.5794067382812 198.6248779296875 1.4668967723846436 1.6373987197875977 3.572282314300537 1.155505895614624 2.009003520011902 55.76652526855469 -1.6362934387329915 0.6473206877708435
Car -1 -1 -2.13 0.7889516949653625 200.23504638671875 113.80494290590286 378.18463134765625 1.4699819087982178 1.5377476215362549 3.7799365520477295 -5.557132244110107 1.6748168468475342 4.702447414398193 -3.00230840603904 0.6144042611122131
Car -1 -1 -2.72 0.4202685058116913 185.61904907226562 319.0953173339367 303.2581481933594 1.5560308694839478 1.6414754390716553 4.127420902252197 -6.700170040130615 1.692027986049652 11.391637802124023 3.0292156684538636 0.5951100587844849
Van -1 -1 -2.41 461.0260314941406 171.26988220214844 533.4618530273438 203.9456329345703 1.9957908391952515 1.856462001800537 4.559420108795166 -7.0055646896362305 1.9626386165618896 45.62788391113281 -2.559067305764607 0.5908688306808472
Car -1 -1 -2.92 465.52203369140625 172.31411743164062 533.0691528320312 204.16354370117188 1.6571460962295532 1.677014708518982 4.123450756072998 -6.209630012512207 1.7574987411499023 40.00787353515625 -3.0720970783694916 0.540356457233429
Car -1 -1 2.46 450.7723693847656 175.04415893554688 525.0595703125 208.92445373535156 1.5087969303131104 1.610718011856079 4.086849689483643 -6.3581767082214355 1.7965213060379028 38.615543365478516 2.295887767367004 0.47047582268714905
Car -1 -1 1.83 460.3357238769531 181.6095733642578 537.21435546875 230.3039093017578 1.3552236557006836 1.5995535850524902 3.68050479888916 -3.046481132507324 1.6412329077720642 20.737695693969727 1.679160771995737 0.4669385850429535
Car -1 -1 2.68 170.49111938476562 189.64370727539062 327.95819091796875 241.8345489501953 1.390365719795227 1.4634579420089722 3.754080057144165 -9.113137245178223 1.7078960537910461 18.21617889404297 2.219228637440353 0.4273907244205475
Car -1 -1 -2.71 374.42486572265625 178.69989013671875 497.31854248046875 222.16737365722656 1.4517840147018433 1.635939598083496 4.2200751304626465 -6.360576629638672 1.7351589798927307 27.111509323120117 -2.938251015332307 0.4116937518119812
Car -1 -1 1.01 -7.510732650756836 180.93844604492188 130.5411777496338 357.8876953125 1.5002882480621338 1.6570442914962769 4.044336318969727 -5.459567070007324 1.612748384475708 4.808281421661377 0.16170478344455885 0.40022847056388855
Car -1 -1 0.96 -9.992645263671875 194.28466796875 215.17922973632812 326.6454162597656 1.5144487619400024 1.637157917022705 4.067060470581055 -7.556576251983643 1.7472966313362122 9.042316436767578 0.2637713812942035 0.3846839964389801
Car -1 -1 -0.41 149.4068603515625 185.62022399902344 327.1047058105469 246.774658203125 1.426957368850708 1.501975655555725 3.9628989696502686 -9.192405700683594 1.7042415142059326 18.008451461791992 -0.8807308840042651 0.3653131425380707
Car -1 -1 1.03 432.00933837890625 178.12936401367188 510.62945556640625 214.9415740966797 1.5149914026260376 1.5532745122909546 3.814213514328003 -6.53944206237793 1.8481208682060242 33.93938064575195 0.8394939672957804 0.35870665311813354
Car -1 -1 -3.06 406.60321044921875 180.39984130859375 504.81842041015625 217.51934814453125 1.4558008909225464 1.6376453638076782 4.020027160644531 -6.234190464019775 1.7692152857780457 29.433908462524414 3.012305241080317 0.3547784388065338
Car -1 -1 -2.35 97.76907348632812 183.4855194091797 331.7716369628906 266.52117919921875 1.4469287395477295 1.5456870794296265 3.8628578186035156 -7.566854000091553 1.6647188663482666 14.76070499420166 -2.8209307611645036 0.33856678009033203
Van -1 -1 -0.39 472.06890869140625 171.49378967285156 534.114013671875 199.38734436035156 1.9191523790359497 1.736512541770935 4.181045055389404 -6.9404168128967285 1.775849461555481 47.9906120300293 -0.5316447324107592 0.33739203214645386
Car -1 -1 0.64 -7.156627178192139 192.93447875976562 177.485249042511 354.9515686035156 1.528046727180481 1.641527771949768 3.8930728435516357 -5.016246795654297 1.5171532034873962 4.8659491539001465 -0.15720725250139989 0.3242247998714447
Car -1 -1 1.87 469.42596435546875 177.93405151367188 535.419921875 222.42929077148438 1.4574713706970215 1.585953950881958 3.806657314300537 -4.099682807922363 1.742414951324463 27.82111930847168 1.7237439695586767 0.3068101704120636
Car -1 -1 -2.76 -7.210755825042725 196.74014282226562 290.94436502456665 331.08294677734375 1.4648321866989136 1.5947703123092651 4.294000148773193 -6.310296058654785 1.6818625330924988 9.897854804992676 2.95137587589685 0.29473528265953064
Car -1 -1 1.25 451.6361999511719 178.6405487060547 521.7827758789062 214.51658630371094 1.4878485202789307 1.5770552158355713 3.9381916522979736 -6.18085241317749 1.8783786296844482 35.86075210571289 1.0771614677257872 0.29056426882743835
Car -1 -1 -1.62 611.242431640625 175.4287109375 635.0869750976562 198.02809143066406 1.4918158054351807 1.6341760158538818 3.687681198120117 1.1439197063446045 1.9228613376617432 55.7180061340332 -1.6004435306478904 0.2865816056728363
Car -1 -1 0.87 16.065509796142578 199.74476623535156 278.3784065246582 312.76934814453125 1.3849143981933594 1.606587529182434 3.869004487991333 -6.8253397941589355 1.8417688608169556 10.548547744750977 0.29598972193783446 0.2596001625061035
Car -1 -1 -2.55 482.6781311035156 172.71253967285156 536.2312622070312 200.5854034423828 1.6238625049591064 1.6155222654342651 4.124056339263916 -6.263526439666748 1.7817867398262024 43.86676025390625 -2.6934392767370117 0.24752888083457947
Car -1 -1 0.73 -6.69183874130249 189.64964294433594 268.41146326065063 285.4029846191406 1.392406940460205 1.6180611848831177 3.9131054878234863 -6.953569412231445 1.6213776469230652 10.205571174621582 0.13650519948134487 0.2460256963968277
Car -1 -1 -2.27 4.491843223571777 199.66378784179688 149.49043941497803 366.20867919921875 1.5525569915771484 1.6365196704864502 4.026071548461914 -5.537669658660889 1.702552080154419 4.7025275230407715 -3.137507922971376 0.23904527723789215
Car -1 -1 2.15 460.38037109375 175.8043975830078 530.7946166992188 216.58599853515625 1.3858498334884644 1.6063822507858276 3.6307485103607178 -4.082796096801758 1.6716522574424744 26.2987060546875 1.9982074855137215 0.23169280588626862
Car -1 -1 1.43 2.6524829864501953 190.13809204101562 91.22567939758301 363.57635498046875 1.6138368844985962 1.639017105102539 3.8845255374908447 -6.216734886169434 1.6280906796455383 5.478330612182617 0.5851431438377723 0.22336652874946594
Car -1 -1 -2.46 46.65978240966797 181.4783935546875 292.19603729248047 271.575439453125 1.4718118906021118 1.6177363395690918 4.010734558105469 -6.922820091247559 1.6119058728218079 11.788031578063965 -2.993022824646019 0.22064445912837982
Car -1 -1 1.83 -3.408966541290283 205.2198944091797 229.38902235031128 347.4868469238281 1.4443786144256592 1.5887209177017212 3.834702253341675 -7.1440277099609375 1.9753528833389282 9.443802833557129 1.1848799375589678 0.2039148360490799
Car -1 -1 1.69 433.1961669921875 180.59896850585938 505.0057067871094 221.0034637451172 1.5208239555358887 1.5691341161727905 3.6685736179351807 -6.193306922912598 1.91376531124115 31.212717056274414 1.4977250567349323 0.19992980360984802
Car -1 -1 0.37 946.8512573242188 192.21365356445312 1273.3880615234375 399.2810974121094 1.431827425956726 1.6523966789245605 4.884962558746338 2.6464216709136963 1.518529236316681 4.213564395904541 0.930855008033185 0.19488179683685303
Car -1 -1 -0.6 472.06890869140625 171.49378967285156 534.114013671875 199.38734436035156 1.552939772605896 1.6204800605773926 3.8901376724243164 -6.301262855529785 1.6466425061225891 44.16761016845703 -0.744706772292802 0.1942962259054184
Car -1 -1 -2.71 5.317997932434082 198.828857421875 79.79809284210205 353.4898681640625 1.5488847494125366 1.6304731369018555 3.757277250289917 -6.2156782150268555 1.7190927267074585 5.52427864074707 2.727651001676236 0.1936187744140625
Van -1 -1 -2.67 455.858154296875 174.78073120117188 530.1503295898438 206.82032775878906 1.795292615890503 1.7393370866775513 4.2072296142578125 -6.661884307861328 1.8624164462089539 41.59880447387695 -2.832928788140606 0.19050437211990356
Car -1 -1 1.07 -6.308408260345459 181.45401000976562 156.3791069984436 336.4200439453125 1.437239408493042 1.6851006746292114 3.9822909832000732 -5.810401916503906 1.5563810467720032 5.810572147369385 0.2866592184958412 0.1797417402267456
Car -1 -1 2.18 142.9900360107422 185.04515075683594 356.555419921875 265.1953125 1.4066301584243774 1.5755999088287354 3.958468198776245 -8.102298736572266 1.6948946118354797 15.990925788879395 1.7064042059656641 0.17935112118721008
Car -1 -1 -2.92 470.13458251953125 177.07858276367188 528.380615234375 212.8860321044922 1.4078295230865479 1.598973035812378 3.8647048473358154 -5.363166809082031 1.9889570474624634 36.355873107910156 -3.066302490499554 0.17675402760505676
Car -1 -1 -2.09 732.1860961914062 200.99559020996094 1117.9112548828125 379.6755065917969 1.2399848699569702 1.5673823356628418 3.759575843811035 2.355741024017334 1.5719853639602661 5.036762714385986 -1.6493708574477512 0.17658731341362
Car -1 -1 2.77 161.42050170898438 190.712646484375 338.0963439941406 255.1519317626953 1.4072742462158203 1.5785201787948608 3.819135904312134 -8.40736198425293 1.7770649194717407 16.71472930908203 2.302149828252195 0.17625592648983002
Car -1 -1 0.98 761.691162109375 180.8948211669922 1243.2904052734375 404.4949035644531 1.6740182638168335 1.3555855751037598 3.5056304931640625 2.8358566761016846 1.776431381702423 5.475791931152344 1.4585871630745926 0.1737378090620041
Van -1 -1 -2.73 468.98388671875 174.85247802734375 536.0304565429688 208.02023315429688 2.004967451095581 1.910273551940918 4.796629428863525 -6.771353721618652 1.8598378896713257 47.7707633972168 -2.8721598783881124 0.16756169497966766
Van -1 -1 2.82 474.62042236328125 176.97015380859375 528.9683227539062 213.77578735351562 2.0211591720581055 1.793043851852417 4.587618350982666 -5.963324546813965 2.3274831771850586 40.4995002746582 2.6779923654128774 0.16327063739299774
Van -1 -1 2.88 460.38037109375 175.8043975830078 530.7946166992188 216.58599853515625 1.9166512489318848 1.724403977394104 4.125696659088135 -5.625641345977783 1.8821378350257874 35.58174133300781 2.72214244594326 0.15192484855651855
Van -1 -1 2.77 466.380859375 177.02772521972656 536.1813354492188 222.74566650390625 1.985708475112915 1.791035532951355 4.0911641120910645 -5.9874138832092285 1.9518963694572449 41.482421875 2.6288168905807776 0.14240868389606476
Car -1 -1 0.76 -5.567005634307861 183.9031524658203 175.35831785202026 311.3005065917969 1.481880784034729 1.5872081518173218 3.816713809967041 -9.404207229614258 1.7733750939369202 10.862305641174316 0.050354188615952644 0.13072335720062256
Car -1 -1 -1.08 496.5800476074219 175.53392028808594 541.1976928710938 198.7353057861328 1.569476842880249 1.6154669523239136 4.0440216064453125 -6.099109649658203 1.7716118693351746 46.7955436706543 -1.2106153283440282 0.11798802763223648
Car -1 -1 1.46 448.8442687988281 179.8587646484375 532.0213623046875 226.75376892089844 1.5373647212982178 1.665865182876587 3.925410509109497 -4.2613725662231445 1.8173177242279053 26.531278610229492 1.3035120955674024 0.10714763402938843