Car -1 -1 -1.39 402.6787414550781 166.38694763183594 489.7255859375 237.51089477539062 1.9252183437347412 1.7545099258422852 4.665548801422119 -4.607912063598633 1.3751035630702972 21.089399337768555 -1.6014122257156833 0.8857818245887756
Car -1 -1 -1.56 572.1609497070312 176.31695556640625 620.2659912109375 220.2075958251953 1.5909314155578613 1.6960604190826416 4.065439224243164 -0.43257609009742737 1.2594802975654602 27.855844497680664 -1.57901592523464 0.8672398328781128
Car -1 -1 -1.46 477.6035461425781 179.33375549316406 521.827392578125 213.1067657470703 1.506113052368164 1.6572134494781494 4.2121124267578125 -5.175161838531494 1.253802478313446 35.00168991088867 -1.606474540547774 0.8386356830596924
Van -1 -1 -1.02 -3.6440985202789307 53.1334342956543 367.34158873558044 381.5716972351074 2.4379687309265137 2.0215272903442383 5.58876895904541 -4.272809028625488 1.5336540639400482 7.028616428375244 -1.5661114466690291 0.8269833922386169
Van -1 -1 1.72 508.3023986816406 162.1934814453125 545.8370971679688 203.27452087402344 2.5727150440216064 2.038738965988159 5.873639106750488 -5.321948051452637 1.084585890173912 48.39408493041992 1.611153845366978 0.6714173555374146
Car -1 -1 0.75 380.9100646972656 178.88250732421875 434.009033203125 215.27162170410156 1.5370323657989502 1.6541565656661987 3.7676339149475098 -9.073488235473633 1.287377655506134 32.77214050292969 0.48388003686148684 0.5409603714942932
Van -1 -1 -1.4 402.2221984863281 166.20480346679688 491.5240478515625 237.5087432861328 1.8822572231292725 1.8675119876861572 4.630878448486328 -4.782092094421387 1.4049519896507263 21.86932945251465 -1.6164524132222358 0.512641966342926
Car -1 -1 1.5 514.3626098632812 165.9654541015625 546.9425048828125 203.16334533691406 2.0227885246276855 1.7638959884643555 4.2367730140686035 -5.103287696838379 1.135256215929985 47.20286178588867 1.3916828216764774 0.44038745760917664
Truck -1 -1 2.04 -0.24627962708473206 35.039573669433594 366.95180997252464 377.92122650146484 3.2119364738464355 2.3016281127929688 7.518568515777588 -4.696570873260498 1.73763607442379 7.581779479980469 1.4850772941661488 0.4355314373970032
Car -1 -1 -1.4 481.3853759765625 175.53146362304688 526.3009033203125 212.92965698242188 1.4302105903625488 1.5759203433990479 3.782127857208252 -5.141414642333984 1.2353498339653015 34.357730865478516 -1.5505197692648256 0.3834153413772583
Car -1 -1 2.05 251.9599609375 179.85629272460938 370.5326843261719 232.50311279296875 1.5034635066986084 1.6308495998382568 4.0414886474609375 -9.473196983337402 1.4782962203025818 23.231298446655273 1.664635873328721 0.3554762601852417
Car -1 -1 1.96 275.1169128417969 175.50025939941406 365.79437255859375 220.56649780273438 1.6228076219558716 1.574202537536621 4.101377487182617 -13.214073181152344 1.3171379566192627 34.17140579223633 1.5959570864790358 0.3283965289592743
Car -1 -1 -1.58 574.5100708007812 174.28472900390625 613.5414428710938 214.13963317871094 1.653654932975769 1.6735703945159912 4.021353721618652 -0.5479611754417419 1.1851024329662323 30.15212631225586 -1.6030795261174697 0.3250060975551605
Car -1 -1 0.76 509.61199951171875 160.4806365966797 546.7242431640625 202.47633361816406 2.1646151542663574 1.7330965995788574 4.246442794799805 -5.1053690910339355 1.063374049961567 45.68886947631836 0.6531902805276952 0.2984617352485657
Van -1 -1 1.48 514.91259765625 169.1081085205078 547.903564453125 203.4561309814453 2.2605443000793457 1.949470043182373 5.296638011932373 -5.570852756500244 1.2891218960285187 51.0889778137207 1.3718127239138163 0.27726081013679504
Car -1 -1 1.63 522.961181640625 171.156005859375 551.5646362304688 200.10206604003906 1.834023118019104 1.7317386865615845 4.268502235412598 -5.589053630828857 1.0420630723237991 56.21769714355469 1.5284780730439236 0.27663522958755493
Car -1 -1 -2.38 21.373151779174805 176.63356018066406 219.10761833190918 248.74090576171875 1.3122726678848267 1.6762608289718628 3.9138526916503906 -12.630399703979492 1.4118961095809937 18.70030403137207 -2.9790272437639604 0.2740980386734009
Car -1 -1 -0.8 517.20556640625 168.63995361328125 552.0737915039062 202.76268005371094 1.8870840072631836 1.7087615728378296 4.290378093719482 -5.191906452178955 1.0278886705636978 51.97422790527344 -0.9045447275123353 0.26777854561805725
Car -1 -1 1.6 530.379638671875 173.76144409179688 555.5159912109375 197.44248962402344 1.6567974090576172 1.7310538291931152 4.2530741691589355 -5.064894676208496 0.9579527080059052 57.443721771240234 1.5103854137427923 0.25927668809890747
Truck -1 -1 -1.77 508.260986328125 161.50938415527344 545.5380249023438 202.4958953857422 3.3018393516540527 2.4549479484558105 8.240540504455566 -5.809452056884766 1.3355930149555206 53.52716064453125 -1.8775478802707992 0.25449317693710327
Van -1 -1 1.3 517.1832275390625 164.5186004638672 552.3477172851562 200.8730926513672 2.413111925125122 2.0306284427642822 6.079677104949951 -5.269615650177002 1.0441981256008148 53.37708282470703 1.1968345175700303 0.25054439902305603
Car -1 -1 0.28 506.4450988769531 172.1579132080078 540.3016357421875 204.67596435546875 1.685797929763794 1.5756385326385498 4.074494361877441 -5.198306083679199 1.124658077955246 46.194313049316406 0.16670620379646373 0.2377718687057495
Car -1 -1 2.06 290.01849365234375 176.3252716064453 362.857177734375 214.45684814453125 1.4671192169189453 1.6224608421325684 4.46453332901001 -13.54556655883789 1.2498023509979248 35.12440490722656 1.693617142597578 0.23084530234336853
Van -1 -1 1.62 525.2368774414062 166.68939208984375 555.5637817382812 199.36708068847656 2.396503448486328 2.040358304977417 6.01818323135376 -5.174071311950684 0.9749966710805893 54.46122741699219 1.5297137752328211 0.2248276174068451
Car -1 -1 -1.59 494.8817443847656 169.48741149902344 535.9378051757812 207.18417358398438 1.570154070854187 1.647513747215271 4.0320210456848145 -4.808549404144287 1.1865766048431396 35.067039489746094 -1.727907169708896 0.2116868495941162
Car -1 -1 -1.31 509.48712158203125 169.82643127441406 546.3248291015625 204.98460388183594 1.8164457082748413 1.7080566883087158 4.196107864379883 -5.059983730316162 1.1017181426286697 45.752994537353516 -1.421765877173332 0.20730938017368317
Car -1 -1 2.22 280.2840270996094 177.54054260253906 373.3109436035156 225.92520141601562 1.4366936683654785 1.5555320978164673 3.811194896697998 -10.578807830810547 1.4367526769638062 26.51142692565918 1.8373172326479104 0.20458635687828064
Car -1 -1 1.7 534.7108154296875 175.1300506591797 556.4488525390625 199.4761505126953 1.6023650169372559 1.5819567441940308 3.897993564605713 -4.691753387451172 1.0376561284065247 55.267765045166016 1.6142914747540917 0.2023826390504837
Cyclist -1 -1 2.05 510.26171875 160.76980590820312 546.96923828125 202.67340087890625 1.9973973035812378 0.5606642365455627 1.877919316291809 -3.976714849472046 1.1380262225866318 37.149627685546875 1.9386704741540646 0.19610074162483215
Car -1 -1 -1.06 -16.89125633239746 83.24591064453125 369.2314853668213 380.5337829589844 1.9234797954559326 1.7346537113189697 4.807791233062744 -4.615145206451416 1.5584863424301147 7.753540992736816 -1.5938131540194984 0.1956433653831482
Pedestrian -1 -1 -0.1 509.61199951171875 160.4806365966797 546.7242431640625 202.47633361816406 1.9264520406723022 0.5979004502296448 0.7559195756912231 -4.5849127769470215 1.1665596216917038 39.99333953857422 -0.21582388470056646 0.1956077367067337
Car -1 -1 1.95 246.98532104492188 184.42306518554688 362.3570861816406 241.8310089111328 1.4595410823822021 1.5924346446990967 3.9816901683807373 -8.312210083007812 1.4420167207717896 19.83055877685547 1.5513628855274906 0.19168700277805328
Van -1 -1 1.39 236.40994262695312 146.94725036621094 385.082763671875 249.94711303710938 2.156667947769165 2.040635824203491 5.375548839569092 -7.150163650512695 1.6212924718856812 16.853450775146484 0.9839421963604629 0.18766042590141296
Car -1 -1 -2.42 28.535640716552734 169.14430236816406 250.54221725463867 248.0274658203125 1.37409245967865 1.5768438577651978 4.034771919250488 -11.69654369354248 1.3193008303642273 17.287670135498047 -3.0160443503165233 0.18544338643550873
Car -1 -1 2.46 101.6022720336914 187.16119384765625 216.8427734375 231.67710876464844 1.341334342956543 1.571210503578186 3.835871934890747 -15.068418502807617 1.3882039189338684 23.77833366394043 1.8951309105061016 0.1742205023765564
Cyclist -1 -1 1.8 517.1832275390625 164.5186004638672 552.3477172851562 200.8730926513672 1.884055733680725 0.5747011303901672 1.9551442861557007 -3.718153715133667 1.0436215922236443 40.50666809082031 1.709933784039091 0.17311465740203857
Van -1 -1 3.08 505.3144226074219 169.30430603027344 542.3272094726562 205.1632537841797 2.2427480220794678 1.8437951803207397 5.373398303985596 -5.426673889160156 1.2643421590328217 48.62863540649414 2.970555953569873 0.16975189745426178
Car -1 -1 1.96 228.280029296875 186.45811462402344 347.3666687011719 238.79544067382812 1.4894371032714844 1.5340914726257324 3.8486626148223877 -9.65338134765625 1.503761112689972 22.3143310546875 1.5521744796102208 0.16469496488571167
Car -1 -1 1.27 241.70803833007812 148.64962768554688 377.4887390136719 247.56492614746094 1.4719568490982056 1.6618155241012573 4.279942035675049 -9.714648246765137 1.41102534532547 23.473247528076172 0.8796467567458937 0.16120201349258423
Car -1 -1 1.09 230.280029296875 130.71603393554688 378.971435546875 265.931640625 1.5105324983596802 1.5821603536605835 4.235049724578857 -9.756314277648926 1.2623115181922913 23.35777473449707 0.6930526608545176 0.16084374487400055
Van -1 -1 1.06 230.280029296875 130.71603393554688 378.971435546875 265.931640625 2.243746757507324 1.9246711730957031 5.364617347717285 -5.808599948883057 1.507175475358963 12.686384201049805 0.6302319440885409 0.15523117780685425
Car -1 -1 2.18 298.6390686035156 175.72491455078125 376.3631896972656 220.2435302734375 1.3875600099563599 1.5605212450027466 3.939021110534668 -12.350427627563477 1.4721689224243164 32.313232421875 1.812241097842179 0.14065662026405334
Car -1 -1 -1.73 -1.3490538597106934 53.826332092285156 13.552752017974854 93.44267272949219 1.8186028003692627 1.819663166999817 4.194828510284424 -23.660057067871094 -2.5019391775131226 25.730623245239258 -2.4774100998623094 0.12811337411403656