Car -1 -1 -1.69 659.1079711914062 175.67868041992188 724.2994995117188 223.72592163085938 1.411429524421692 1.6239851713180542 3.9602065086364746 2.6477272510528564 1.559735655784607 23.992008209228516 -1.5784918893695288 0.8828495144844055
Car -1 -1 0.59 237.0550079345703 171.9180908203125 453.75653076171875 246.6640625 1.440536618232727 1.6251487731933594 4.157867908477783 -5.599335193634033 1.4346158504486084 15.658589363098145 0.25120230943807 0.8274052739143372
Van -1 -1 -2.05 752.0029907226562 6.310504913330078 1250.03369140625 373.0012092590332 2.4716010093688965 2.0455029010772705 6.033668041229248 2.793360948562622 1.5334470570087433 6.138430118560791 -1.6202411819215543 0.7678877115249634
Car -1 -1 -2.59 20.984926223754883 175.63803100585938 357.76468086242676 290.15899658203125 1.4470471143722534 1.5716876983642578 4.061046600341797 -5.933200359344482 1.5105611681938171 10.18648910522461 -3.1157598244559557 0.757610023021698
Car -1 -1 -1.74 732.2677001953125 173.9141082763672 835.9931030273438 254.04563903808594 1.5331815481185913 1.5982203483581543 3.767141819000244 3.6370022296905518 1.5677343010902405 16.051286697387695 -1.517697246435958 0.7213736176490784
Car -1 -1 0.67 -3.2079741954803467 166.1499481201172 297.6305572986603 321.3007507324219 1.564405918121338 1.6192066669464111 4.085385322570801 -5.923828601837158 1.525829792022705 8.020899772644043 0.03437890565508539 0.7154186367988586
Van -1 -1 -2.71 346.2438049316406 144.02146911621094 514.774658203125 218.44529724121094 2.444716691970825 2.08227801322937 5.91308069229126 -6.351267337799072 1.4419549405574799 25.637958526611328 -2.949101292134996 0.6884031891822815
Car -1 -1 -2.6 312.77880859375 171.72720336914062 464.864013671875 229.86695861816406 1.4264193773269653 1.533475399017334 3.735001564025879 -5.9897050857543945 1.5182597637176514 19.683135986328125 -2.8907123325711073 0.6351019144058228
Car -1 -1 3.13 456.6122131347656 169.27040100097656 543.6741333007812 200.72006225585938 1.5483845472335815 1.6142070293426514 4.208582878112793 -5.632049083709717 1.3787838816642761 38.59617233276367 2.9830861805450475 0.623822808265686
Car -1 -1 1.35 724.5537719726562 171.2743682861328 818.4793701171875 253.38426208496094 1.52632737159729 1.600104808807373 3.6551434993743896 3.6897733211517334 1.635241150856018 17.0195369720459 1.5630349958625462 0.5725743770599365
Car -1 -1 -2.53 327.12115478515625 164.5582733154297 473.42938232421875 227.92828369140625 1.5303255319595337 1.6357258558273315 3.88289737701416 -5.8989481925964355 1.4661337733268738 19.2045955657959 -2.8274908025466408 0.5216935873031616
Car -1 -1 -2.26 -3.7535722255706787 177.5786590576172 40.64124894142151 366.5685729980469 1.4718509912490845 1.6276887655258179 4.0701704025268555 -6.4429497718811035 1.5136189460754395 4.918521404266357 3.109131157943323 0.5209535360336304
Car -1 -1 -1.77 735.2666015625 167.16070556640625 849.1620483398438 260.04840087890625 1.6710667610168457 1.6032929420471191 3.720362901687622 3.6574909687042236 1.6778273582458496 15.219463348388672 -1.5321422675481404 0.49064332246780396
Car -1 -1 -2.99 437.7539978027344 168.52761840820312 535.0853271484375 204.64488220214844 1.536686897277832 1.6372406482696533 4.135709762573242 -5.57039213180542 1.4361317157745361 32.58749008178711 3.1248963328965935 0.4895210564136505
Car -1 -1 -2.16 -0.2501836121082306 183.60867309570312 35.09621760249138 359.4582824707031 1.519649624824524 1.590014100074768 3.8914172649383545 -6.560305118560791 1.548030436038971 5.460433483123779 -3.032817486329753 0.46881499886512756
Car -1 -1 -0.89 1015.4490356445312 88.82457733154297 1078.400634765625 119.60330963134766 1.5340176820755005 1.756493091583252 4.093466281890869 20.82829475402832 -2.391833007335663 34.59450149536133 -0.345893303637713 0.4611635208129883
Car -1 -1 -0.18 689.7388305664062 171.18516540527344 742.2474975585938 207.9195098876953 1.4817259311676025 1.5576046705245972 3.8614370822906494 4.684807777404785 1.4971431493759155 32.99576950073242 -0.03467681057426519 0.4545883536338806
Car -1 -1 0.11 277.0902099609375 174.8780059814453 455.699462890625 239.82656860351562 1.4894099235534668 1.5017929077148438 3.7367103099823 -5.6444220542907715 1.4843068718910217 17.776432037353516 -0.19530422558268512 0.45264554023742676
Car -1 -1 2.12 684.5830078125 171.17349243164062 733.177001953125 210.6907501220703 1.5074443817138672 1.5632435083389282 3.873417854309082 4.615661144256592 1.5185508728027344 32.527549743652344 2.2644694470624236 0.42584991455078125
Car -1 -1 -1.7 661.04296875 173.51927185058594 711.765625 214.79556274414062 1.4954516887664795 1.5460716485977173 3.629452705383301 2.549189805984497 1.4743992686271667 24.280916213989258 -1.5953595395967488 0.41745203733444214
Car -1 -1 -2.95 417.01513671875 162.34918212890625 534.8956298828125 207.8689727783203 1.7875521183013916 1.6958708763122559 4.586562156677246 -5.64939546585083 1.3751214444637299 30.368608474731445 -3.1379070031368883 0.4146442413330078
Car -1 -1 1.49 1021.112060546875 89.02019500732422 1068.8743896484375 117.28380584716797 1.5248733758926392 1.7746431827545166 3.8497848510742188 23.67633819580078 -2.8968982100486755 39.40050506591797 2.028760573159026 0.4073862135410309
Truck -1 -1 -1.92 750.3951416015625 3.415290355682373 1219.7017822265625 383.0868601799011 3.432929754257202 2.6517014503479004 8.286460876464844 3.5632071495056152 1.901043564081192 8.050267219543457 -1.502568484546373 0.4053044021129608
Car -1 -1 -1.75 674.7640380859375 171.363037109375 730.5717163085938 213.47755432128906 1.4946630001068115 1.5903222560882568 3.9499666690826416 3.2239232063293457 1.5068798661231995 25.805400848388672 -1.6252507134419307 0.3873177170753479
Car -1 -1 -2.27 -6.561401844024658 173.42945861816406 59.536765575408936 360.11419677734375 1.6203111410140991 1.6077438592910767 4.032078266143799 -6.318428993225098 1.6253548860549927 4.9427618980407715 3.1067179569237275 0.3869277238845825
Car -1 -1 3.14 474.14990234375 168.81362915039062 546.912109375 198.70066833496094 1.5770622491836548 1.6286484003067017 4.1242523193359375 -5.55125093460083 1.407036542892456 38.653343200683594 2.9924662163917457 0.37520334124565125
Car -1 -1 -2.62 341.21038818359375 150.7156219482422 499.1587829589844 220.8573455810547 1.736519455909729 1.7302253246307373 4.402538299560547 -5.735801696777344 1.3956790566444397 22.170886993408203 -2.876469746877861 0.37436529994010925
Van -1 -1 -2.04 743.0770263671875 40.701866149902344 1104.783935546875 345.06114959716797 2.3697164058685303 1.9803099632263184 5.508339881896973 2.8946774005889893 1.5736349523067474 6.603006362915039 -1.62365156048247 0.3662817180156708
Pedestrian -1 -1 2.55 734.1339721679688 168.5325469970703 827.2276611328125 258.5706481933594 1.7417048215866089 0.6486989259719849 0.7524645328521729 3.0037717819213867 1.5786770582199097 12.899859428405762 2.778601304284429 0.3587222397327423
Car -1 -1 -1.73 751.4743041992188 175.55218505859375 870.85107421875 282.4866027832031 1.5021027326583862 1.569133996963501 4.06617546081543 3.53564453125 1.7006494402885437 13.257076263427734 -1.4659810882181068 0.35692891478538513
Car -1 -1 -2.05 796.4964599609375 67.60417175292969 1220.6099853515625 382.56040954589844 1.742720365524292 1.6688696146011353 4.485247611999512 2.503295660018921 1.563336968421936 5.205427646636963 -1.604195860497443 0.3538660407066345
Car -1 -1 -2.3 1.6354635953903198 195.21383666992188 50.526065707206726 342.6800231933594 1.699739694595337 1.6180002689361572 4.070992946624756 -5.913980007171631 1.6835313439369202 5.110130310058594 3.1272551934486863 0.35110345482826233
Car -1 -1 -1.87 727.2681274414062 149.1064453125 865.7669677734375 276.0586242675781 1.5324617624282837 1.5455322265625 3.958768844604492 3.974273681640625 1.519615352153778 16.46817398071289 -1.6283114757138168 0.34117913246154785
Car -1 -1 0.43 354.4807434082031 156.87525939941406 512.3330688476562 218.3770294189453 1.767641305923462 1.6978102922439575 4.410496234893799 -5.627663612365723 1.4419020414352417 23.57955551147461 0.19347612742513265 0.32975468039512634
Car -1 -1 1.31 1022.42529296875 89.28711700439453 1062.7113037109375 113.45708465576172 1.630744218826294 1.81816828250885 3.7499451637268066 26.284963607788086 -3.2638620138168335 43.894073486328125 1.8519641392460127 0.31329718232154846
Van -1 -1 -2.72 376.51446533203125 150.9468536376953 528.9827270507812 213.67031860351562 2.0660688877105713 1.7956702709197998 5.03099250793457 -5.666221618652344 1.3593159914016724 26.205827713012695 -2.9318920004327875 0.31028419733047485
Car -1 -1 1.58 626.7811889648438 171.89120483398438 646.5087280273438 188.0834503173828 1.4469363689422607 1.6464122533798218 3.737675189971924 2.4793033599853516 1.3569543361663818 65.28959655761719 1.6146927809332094 0.3076339364051819
Car -1 -1 -2.48 -2.3123908042907715 185.16085815429688 54.27733087539673 330.1258544921875 1.6745986938476562 1.603914737701416 4.011191368103027 -5.956949710845947 1.6023418307304382 5.204625606536865 2.952009457484456 0.302672803401947
Van -1 -1 -3.0 339.909912109375 155.49513244628906 497.5569763183594 213.0255126953125 2.261613130569458 1.9433715343475342 5.593926429748535 -6.798632621765137 1.4675829708576202 27.87502670288086 3.042119469646077 0.30241674184799194
Car -1 -1 0.96 695.9734497070312 172.0881805419922 737.4014892578125 213.68087768554688 1.4194129705429077 1.5029404163360596 3.809396743774414 4.577996730804443 1.5498994588851929 30.681377410888672 1.1128158163911959 0.3020450472831726
Van -1 -1 -2.93 417.01513671875 162.34918212890625 534.8956298828125 207.8689727783203 1.8701210021972656 1.7136188745498657 4.508252143859863 -6.000545024871826 1.360984742641449 31.9032039642334 -3.119516658874554 0.2985534965991974
Car -1 -1 -1.71 745.4573364257812 180.9850616455078 847.0845947265625 265.8369140625 1.356681227684021 1.5641509294509888 3.7137577533721924 3.597120523452759 1.608166754245758 15.396760940551758 -1.48153783068265 0.29807180166244507
Car -1 -1 -1.67 339.3934631347656 172.58441162109375 462.12725830078125 226.23944091796875 1.5415705442428589 1.5380973815917969 3.3788840770721436 -5.834969997406006 1.5364875793457031 19.7495059967041 -1.9550180329286349 0.28886738419532776
Car -1 -1 1.39 720.0850219726562 172.73565673828125 805.5960693359375 236.6178436279297 1.494468331336975 1.5942411422729492 3.8462817668914795 4.00169038772583 1.6000263690948486 19.79534149169922 1.589016370863459 0.28250652551651
Car -1 -1 -2.94 389.24822998046875 156.50711059570312 529.030029296875 212.5384063720703 1.7064872980117798 1.5845052003860474 4.437101364135742 -5.593299388885498 1.3689744472503662 28.491125106811523 -3.1288901893898604 0.28177782893180847
Car -1 -1 -2.25 61.344947814941406 177.4724578857422 336.99710845947266 281.86492919921875 1.434648871421814 1.615575909614563 4.135372638702393 -6.047244071960449 1.5136168599128723 10.865047454833984 -2.7529865154748556 0.2804126441478729
Car -1 -1 1.04 204.13214111328125 179.01507568359375 409.5492248535156 249.1290740966797 1.4262583255767822 1.5614452362060547 4.195785999298096 -6.154393196105957 1.5462783575057983 15.016494750976562 0.6527293122731663 0.27606481313705444
Van -1 -1 -2.15 802.3389282226562 62.708213806152344 1225.1434326171875 381.30489349365234 2.2985973358154297 1.9245221614837646 5.305830478668213 2.7848010063171387 1.6618123650550842 5.220777988433838 -1.6553228508889388 0.2712792158126831
Car -1 -1 0.54 346.1609191894531 164.52694702148438 485.0407409667969 221.66648864746094 1.66218101978302 1.622225046157837 3.8327834606170654 -5.7333903312683105 1.4665103554725647 22.419954299926758 0.29018878405062143 0.2686656415462494
Van -1 -1 1.47 336.2350158691406 161.01480102539062 488.1978759765625 219.7732696533203 2.1480472087860107 1.8779499530792236 5.452693939208984 -7.294200897216797 1.6629205346107483 28.144723892211914 1.2154192690338803 0.2657506763935089
Van -1 -1 -3.0 432.6615295410156 164.46925354003906 538.7572021484375 203.8707275390625 1.7785515785217285 1.6975408792495728 4.41314172744751 -5.902820587158203 1.2931828796863556 33.81657791137695 3.1133884070631463 0.254960834980011
Car -1 -1 3.13 90.84283447265625 178.3851776123047 361.49951171875 272.4269714355469 1.4419053792953491 1.559943675994873 4.057004928588867 -6.680524826049805 1.5347099304199219 12.723616600036621 2.646190266286405 0.25410810112953186
Pedestrian -1 -1 -2.94 731.4803466796875 171.81068420410156 849.0360107421875 261.925537109375 1.7797831296920776 0.6457918882369995 0.7714645862579346 3.2757270336151123 1.6369799375534058 12.686471939086914 -2.6863300974856177 0.253793865442276
Cyclist -1 -1 -2.82 -0.06328387558460236 171.2470245361328 37.29414562880993 375.1932678222656 1.6543986797332764 0.6845678687095642 1.8214508295059204 -5.044261455535889 1.583814799785614 5.1461920738220215 2.6875820739777376 0.25311973690986633
Car -1 -1 -1.59 732.8991088867188 148.00941467285156 836.9782104492188 259.54266357421875 1.5128192901611328 1.6710264682769775 3.790513038635254 3.5021321773529053 1.5343469381332397 16.337133407592773 -1.3802077418853056 0.24929174780845642
Car -1 -1 0.46 306.61407470703125 166.35122680664062 490.456298828125 232.80975341796875 1.5598434209823608 1.5775480270385742 3.8854801654815674 -5.19061803817749 1.530527949333191 16.433502197265625 0.15837895610033792 0.2416984736919403
Car -1 -1 1.23 702.6267700195312 171.7439727783203 752.1517944335938 214.16587829589844 1.4736379384994507 1.5083611011505127 3.751749277114868 4.825448513031006 1.5274206399917603 29.062402725219727 1.3980576447986879 0.23617637157440186
Car -1 -1 -1.68 756.13134765625 185.14967346191406 887.1453857421875 296.8014221191406 1.4034799337387085 1.5645949840545654 4.076218605041504 3.591066598892212 1.7697396874427795 13.20159912109375 -1.4142194626309426 0.235223188996315
Van -1 -1 -2.1 835.2581787109375 -13.000577926635742 1235.166259765625 358.67898750305176 2.601032018661499 2.132373332977295 5.995841979980469 3.1066157817840576 1.5179777890443802 5.208853244781494 -1.5661069277067217 0.23513531684875488
Car -1 -1 -1.79 764.587890625 184.91888427734375 854.044677734375 262.2752380371094 1.3171379566192627 1.5499496459960938 3.4128668308258057 3.806300401687622 1.6532593965530396 14.416791915893555 -1.5283951373662799 0.23408034443855286
Car -1 -1 2.38 727.6898803710938 170.5464324951172 798.1945190429688 247.9170684814453 1.4184967279434204 1.5372213125228882 3.4415926933288574 4.317396640777588 1.6390603184700012 21.289352416992188 2.577850749580448 0.22768272459506989
Car -1 -1 -1.81 170.7599639892578 179.6781463623047 377.456787109375 257.2362976074219 1.4701189994812012 1.5537943840026855 3.7413980960845947 -6.479270935058594 1.6115674376487732 14.881635665893555 -2.220176231915447 0.22757627069950104
Car -1 -1 -1.73 777.4595336914062 178.56417846679688 875.1471557617188 273.75958251953125 1.2882509231567383 1.5468380451202393 3.7629640102386475 3.875823736190796 1.6371234059333801 13.711128234863281 -1.4513082924111416 0.22689715027809143
Van -1 -1 -2.24 -0.37426066398620605 211.4606475830078 43.053324937820435 364.063232421875 1.8315790891647339 1.8511905670166016 4.258641719818115 -8.917928695678711 2.196143090724945 7.689184665679932 -3.0971028575161856 0.22447086870670319
Pedestrian -1 -1 -2.87 -0.06328387558460236 171.2470245361328 37.29414562880993 375.1932678222656 1.6570382118225098 0.6025097966194153 0.7848002910614014 -4.539562702178955 1.5607151985168457 5.012506484985352 2.6740693970435068 0.22207094728946686
Car -1 -1 -3.09 492.94012451171875 168.71202087402344 553.9987182617188 195.35743713378906 1.6175169944763184 1.6656367778778076 4.141491889953613 -5.704530239105225 1.3641409277915955 47.52006912231445 3.0726666545330055 0.21888837218284607
Car -1 -1 -1.86 725.9853515625 141.339599609375 887.8685913085938 289.9959716796875 1.5702142715454102 1.5615670680999756 4.003859996795654 4.090188503265381 1.5288052558898926 16.284351348876953 -1.614351095033177 0.21850255131721497
Car -1 -1 -2.96 293.0083923339844 157.77972412109375 481.6578674316406 228.71414184570312 1.648576021194458 1.6089552640914917 4.32561731338501 -6.025662422180176 1.3894307613372803 19.07618522644043 3.0180101110030373 0.20965299010276794
Car -1 -1 -1.76 729.4278564453125 179.4026336669922 848.385009765625 284.776611328125 1.4120646715164185 1.5475218296051025 3.8859643936157227 3.6041972637176514 1.6506489515304565 15.580305099487305 -1.5337642672880047 0.20589227974414825
Car -1 -1 -3.05 485.2909240722656 171.2678985595703 550.16357421875 199.5443572998047 1.4766833782196045 1.6040256023406982 4.0845489501953125 -5.405305862426758 1.3693270683288574 40.14622497558594 3.1028351377452896 0.2052941918373108
Car -1 -1 0.71 21.625640869140625 167.6501007080078 268.44805908203125 288.1969909667969 1.4753592014312744 1.6194026470184326 4.172027587890625 -6.955803871154785 1.4635024666786194 9.448407173156738 0.07312312125643494 0.20261640846729279
Car -1 -1 -2.37 1.0603890419006348 160.9950408935547 28.79504632949829 336.4150390625 1.5639886856079102 1.6399511098861694 4.019280433654785 -6.090559959411621 1.48096764087677 5.1954026222229 3.048663783696604 0.20238713920116425
Van -1 -1 -2.62 -13.95151138305664 166.9859619140625 324.285945892334 312.86407470703125 2.03365421295166 1.8918554782867432 4.588912487030029 -8.598734855651855 2.044612169265747 13.40939998626709 3.097091002422541 0.20200428366661072
Car -1 -1 0.33 362.2966613769531 166.22344970703125 504.4553527832031 220.00738525390625 1.6583282947540283 1.704088807106018 4.279267311096191 -5.680205345153809 1.4836648106575012 23.51863670349121 0.09020182086044581 0.20020531117916107
Van -1 -1 -2.08 954.8438720703125 -15.025516510009766 1240.5823974609375 291.21828842163086 2.6672472953796387 2.172323226928711 6.0813727378845215 3.084476947784424 1.4195809438824654 4.367042541503906 -1.462471302697546 0.20014588534832
Car -1 -1 -2.21 -7.811320781707764 181.1507568359375 29.6713604927063 356.70184326171875 1.4472912549972534 1.624200701713562 4.0761494636535645 -6.459585189819336 1.5504589676856995 4.942677974700928 -3.1261273941784893 0.20013530552387238
Car -1 -1 1.89 711.938232421875 173.85366821289062 786.5551147460938 226.65777587890625 1.466335654258728 1.5767465829849243 3.8330321311950684 4.325224876403809 1.6292949318885803 23.11612319946289 2.077729699174279 0.19873309135437012
Car -1 -1 -2.2 0.0184349212795496 200.63287353515625 44.37039033509791 361.061767578125 1.5228437185287476 1.6420124769210815 4.312066555023193 -6.939908981323242 1.7890751957893372 5.537038803100586 -3.0958449010820397 0.19722436368465424
Car -1 -1 1.08 724.87060546875 175.525634765625 791.1360473632812 229.22897338867188 1.3591872453689575 1.5230940580368042 3.2504677772521973 4.720858573913574 1.5919684767723083 23.317338943481445 1.278648611896041 0.19721902906894684
Van -1 -1 -2.03 771.1473999023438 102.09745025634766 1194.3814697265625 376.0035171508789 2.1692287921905518 2.0094244480133057 5.147144317626953 2.7940316200256348 1.5968290567398071 6.034299373626709 -1.5980906327562945 0.1971537172794342
Car -1 -1 -3.03 505.39947509765625 168.78526306152344 558.7594604492188 193.02194213867188 1.5632818937301636 1.6506825685501099 4.022221088409424 -5.448487281799316 1.3142103552818298 51.65751266479492 -3.135920459095166 0.1966152787208557
Car -1 -1 -2.12 838.1357421875 117.59396362304688 1227.2252197265625 378.00750732421875 1.6745479106903076 1.7160459756851196 4.398385524749756 2.7623887062072754 1.6038713455200195 5.224510192871094 -1.6371564877060356 0.19638901948928833
Car -1 -1 -2.93 512.7816162109375 168.88551330566406 562.7763671875 190.9602813720703 1.5839545726776123 1.6535062789916992 4.0677876472473145 -5.422521591186523 1.3110488653182983 51.593379974365234 -3.0381887933722336 0.19373424351215363
Cyclist -1 -1 -0.95 727.1538696289062 171.7333221435547 824.6729125976562 255.56019592285156 1.663102388381958 0.5839083790779114 1.7698062658309937 2.980396032333374 1.6306331753730774 13.4220609664917 -0.7333720888686694 0.1916542649269104
Van -1 -1 -0.78 321.0664367675781 151.39205932617188 512.7461547851562 222.47169494628906 2.313291549682617 1.9702502489089966 5.606164455413818 -6.629777908325195 1.267813429236412 24.551639556884766 -1.0402645066540055 0.19136586785316467
Car -1 -1 -1.73 765.928466796875 185.694091796875 862.2800903320312 281.4228210449219 1.3317962884902954 1.576837420463562 3.4748215675354004 3.3990492820739746 1.6437625885009766 12.195186614990234 -1.4631391979122368 0.19033651053905487
Car -1 -1 -1.6 677.1264038085938 45.72026062011719 1215.282958984375 365.7694549560547 1.7381064891815186 1.622153878211975 4.901540756225586 2.1070785522460938 1.5623416304588318 5.588153839111328 -1.2428013932911144 0.1900676190853119
Pedestrian -1 -1 -3.07 1.6354635953903198 195.21383666992188 50.526065707206726 342.6800231933594 1.7373627424240112 0.46196287870407104 0.8217161297798157 -4.82624626159668 1.6262064576148987 5.282206058502197 2.4721739192174077 0.18776527047157288
Car -1 -1 1.16 239.8421173095703 163.099365234375 466.228515625 237.59457397460938 1.5980992317199707 1.6450353860855103 4.237241268157959 -5.319321632385254 1.4779332876205444 15.243890762329102 0.8246609029986054 0.18547984957695007
Van -1 -1 -3.01 449.6507568359375 165.93798828125 544.6094360351562 199.8397979736328 1.7111634016036987 1.667385458946228 4.317953109741211 -5.871665000915527 1.3290554881095886 38.25489807128906 3.1186538088095954 0.18413789570331573
Car -1 -1 0.74 699.1827392578125 175.57183837890625 740.4091796875 222.3978271484375 1.4043679237365723 1.4929496049880981 3.742187261581421 4.596564769744873 1.6268916130065918 30.696548461914062 0.8844020227150748 0.18382811546325684
Car -1 -1 -2.58 139.2247314453125 174.04806518554688 384.7447814941406 264.4133605957031 1.458569049835205 1.6249746084213257 4.091169834136963 -5.709989547729492 1.423332929611206 11.947958946228027 -3.0223271313351745 0.1837826669216156
Van -1 -1 -1.52 677.1264038085938 45.72026062011719 1215.282958984375 365.7694549560547 1.954949140548706 1.9164047241210938 5.9892354011535645 2.156785249710083 1.4196564555168152 5.620931148529053 -1.1502000583028895 0.18262052536010742
Car -1 -1 -2.08 -2.2133278846740723 158.62832641601562 44.67930746078491 337.1346740722656 1.568884253501892 1.6717956066131592 3.9776558876037598 -5.394807815551758 1.4474225640296936 4.438059329986572 -2.964063710322092 0.1820431649684906
Car -1 -1 -2.5 31.324298858642578 169.8850860595703 314.48942947387695 274.37396240234375 1.4745122194290161 1.620705246925354 4.173541069030762 -6.776873588562012 1.4634885787963867 11.394124984741211 -3.0351410635342937 0.17887404561042786
Car -1 -1 3.04 -11.07883071899414 157.3915252685547 75.50030136108398 339.08270263671875 1.6722683906555176 1.6274594068527222 4.039661407470703 -6.0424017906188965 1.516279697418213 5.1669111251831055 2.1769020223487923 0.1773495078086853
Van -1 -1 -3.1 396.1051330566406 157.64585876464844 521.8584594726562 213.03553771972656 1.9702510833740234 1.7701520919799805 5.086457252502441 -6.005325794219971 1.430321604013443 28.793643951416016 2.9775154594384468 0.1762257218360901
Car -1 -1 -0.96 1024.6141357421875 90.15502166748047 1058.4176025390625 108.33935546875 1.4788589477539062 1.7332500219345093 3.864473819732666 30.132463455200195 -3.784745693206787 50.127037048339844 -0.42082550875330904 0.17442640662193298
Car -1 -1 -2.39 363.0782165527344 146.80262756347656 523.8287963867188 216.17942810058594 1.802682638168335 1.6129233837127686 4.438720703125 -5.384610652923584 1.332150787115097 25.1175537109375 -2.6027344097987655 0.17273326218128204
Car -1 -1 -3.05 -10.331740379333496 172.30821228027344 59.085984230041504 314.0830993652344 1.626049280166626 1.5719565153121948 3.9524824619293213 -6.094365119934082 1.4980506896972656 5.500273704528809 2.397868302730773 0.16717326641082764
Car -1 -1 -2.46 44.65687942504883 177.70211791992188 316.5433540344238 311.53826904296875 1.4572941064834595 1.6043825149536133 3.9865236282348633 -5.5256547927856445 1.5139595866203308 8.979483604431152 -3.0153844301087496 0.16310933232307434
Car -1 -1 -1.71 679.959228515625 168.66928100585938 728.0007934570312 207.74412536621094 1.4445953369140625 1.5583628416061401 3.9755799770355225 4.243971347808838 1.3810392618179321 34.887542724609375 -1.5939138165283255 0.16294971108436584
Car -1 -1 -2.0 737.9487915039062 119.78462219238281 933.4940185546875 296.6604919433594 1.6103763580322266 1.5748518705368042 4.173321723937988 4.380960464477539 1.4919432997703552 13.100963592529297 -1.6811716077390901 0.16172125935554504
Car -1 -1 0.49 1003.9691162109375 86.73838806152344 1083.0301513671875 122.99730682373047 1.4930980205535889 1.6632087230682373 3.58021879196167 17.1744327545166 -1.581011414527893 27.1440486907959 1.0518600672495282 0.15821988880634308
Van -1 -1 1.28 690.0617065429688 92.52993774414062 1261.5179443359375 377.5574645996094 2.5128226280212402 2.4773647785186768 5.689225673675537 3.2820675373077393 1.4771219491958618 6.661605358123779 1.7354656721392994 0.1579780876636505
Car -1 -1 -0.43 1024.523193359375 92.78531646728516 1085.080322265625 121.15907287597656 1.458326816558838 1.698577880859375 4.198310375213623 21.70823860168457 -2.3434674739837646 35.88378143310547 0.11264179140923725 0.15741311013698578
Car -1 -1 -1.7 731.6969604492188 174.7312469482422 879.7615356445312 308.8558654785156 1.4198769330978394 1.5554392337799072 3.994420289993286 3.947442054748535 1.6817259192466736 15.710774421691895 -1.4550084527737939 0.1466457098722458
Van -1 -1 2.46 293.0083923339844 157.77972412109375 481.6578674316406 228.71414184570312 2.1662709712982178 1.8843309879302979 5.8595452308654785 -7.105617046356201 1.1738716289401054 25.830698013305664 2.1919080446529664 0.12519115209579468
Van -1 -1 2.75 312.3670654296875 167.00250244140625 475.6716003417969 227.6334991455078 2.0136420726776123 1.8292851448059082 5.42154598236084 -7.350416660308838 1.52845299243927 26.42654037475586 2.4739843313645675 0.11909428983926773