Cyclist -1 -1 -1.55 699.2955322265625 157.53948974609375 729.7642211914062 219.86822509765625 1.8799493312835693 0.5402063131332397 1.985919713973999 3.194781541824341 1.3962015807628632 22.316349029541016 -1.4123972551217383 0.7775396108627319
Car -1 -1 -1.59 585.435302734375 171.20584106445312 612.0827026367188 196.25267028808594 1.5371778011322021 1.6532843112945557 4.213409423828125 -0.7587798833847046 1.492283046245575 47.88909149169922 -1.6097756864302522 0.7741206288337708
Truck -1 -1 2.64 -24.185190200805664 119.27391052246094 345.8770046234131 246.60870361328125 3.1372292041778564 2.5938427448272705 13.504569053649902 -14.787349700927734 1.7178947180509567 23.697994232177734 2.078000936942633 0.6501961350440979
Pedestrian -1 -1 1.18 700.0540771484375 155.7427978515625 730.1748657226562 218.27572631835938 1.9328044652938843 0.6401262283325195 1.0900315046310425 3.2464334964752197 1.4099105894565582 22.51080894470215 1.328065787465242 0.44982606172561646
Truck -1 -1 2.63 73.73641204833984 129.9105224609375 366.6054916381836 227.76710510253906 3.22286057472229 2.6170735359191895 12.708039283752441 -16.025968551635742 1.8443405479192734 29.468250274658203 2.1304346127383447 0.41895750164985657
Truck -1 -1 2.46 -10.567023277282715 122.0826416015625 254.99059391021729 245.73609924316406 3.4329421520233154 2.5736985206604004 12.328434944152832 -16.358903884887695 2.006559282541275 23.665803909301758 1.8508887384535502 0.40242499113082886
Van -1 -1 2.6 -10.433290481567383 127.18914794921875 257.75951957702637 243.79562377929688 2.8128280639648438 2.061323642730713 7.050570011138916 -13.742843627929688 1.6544097661972046 20.306638717651367 2.0020899721718477 0.3759767413139343
Truck -1 -1 2.64 116.44043731689453 135.2056884765625 362.17716217041016 220.6977996826172 3.333073616027832 2.638744354248047 12.083598136901855 -16.45450210571289 1.8937207013368607 31.408414840698242 2.162177569979397 0.3601076006889343
Truck -1 -1 2.41 4.310275077819824 125.1929702758789 321.3938627243042 226.31935119628906 3.5928657054901123 2.693546772003174 13.951530456542969 -16.134859085083008 1.9057172760367393 26.695520401000977 1.8708368453978554 0.3582126796245575
Van -1 -1 2.51 4.310275077819824 125.1929702758789 321.3938627243042 226.31935119628906 2.9862914085388184 2.3479137420654297 7.893263816833496 -13.079776763916016 1.6674860119819641 21.566017150878906 1.9690452978254163 0.27580833435058594
Van -1 -1 2.48 -8.586922645568848 119.8492431640625 346.3031530380249 246.25909423828125 2.9536898136138916 1.794803500175476 7.794599533081055 -13.546874046325684 1.4421404041349888 21.976898193359375 1.9253311134444306 0.20790480077266693
Truck -1 -1 2.36 -18.429536819458008 100.36215209960938 291.15319633483887 258.4759521484375 3.5666286945343018 2.7090117931365967 13.324503898620605 -15.918485641479492 1.8344513848423958 24.270992279052734 1.7779447206766221 0.1917257308959961
Van -1 -1 1.68 470.689697265625 173.26046752929688 493.6541748046875 192.28370666503906 1.978192925453186 1.9250837564468384 4.893527984619141 -12.586581230163574 1.8888846635818481 70.77494049072266 1.5001642206361652 0.187881201505661
Truck -1 -1 2.41 48.553688049316406 128.3084259033203 342.64417266845703 217.26344299316406 3.7785656452178955 2.5297131538391113 13.984163284301758 -16.214210510253906 1.9481105171144009 27.771514892578125 1.8823072710637323 0.18502779304981232
Truck -1 -1 2.59 -21.871326446533203 102.5298080444336 353.3315849304199 225.22647094726562 3.6776583194732666 2.5955867767333984 14.03758716583252 -14.973888397216797 1.9291326776146889 23.755205154418945 2.030517839580124 0.1595376580953598
Car -1 -1 -1.29 682.055419921875 27.776315689086914 772.889892578125 79.2663745880127 1.793601393699646 1.8809431791305542 5.174765110015869 7.0060577392578125 -5.264606297016144 40.31417465209961 -1.1157648270703948 0.13022369146347046