Car -1 -1 -1.72 722.8638305664062 181.68067932128906 812.0504150390625 246.3092498779297 1.4140464067459106 1.6021709442138672 3.8753550052642822 3.901031732559204 1.7025607228279114 18.609111785888672 -1.5104309540669911 0.8907479047775269
Car -1 -1 -1.81 754.2020263671875 187.0860137939453 915.5300903320312 284.9525451660156 1.4021875858306885 1.6336363554000854 4.048234939575195 3.646095037460327 1.6541340351104736 12.561868667602539 -1.5317740859312536 0.8807877898216248
Car -1 -1 1.78 475.78924560546875 183.12217712402344 538.5919799804688 227.0784149169922 1.5248208045959473 1.5764238834381104 3.638158082962036 -3.8791685104370117 1.9673653841018677 27.69667625427246 1.645357539794464 0.8737591505050659
Car -1 -1 1.73 506.69049072265625 181.66848754882812 558.4276123046875 218.74365234375 1.600242257118225 1.614007592201233 3.994964838027954 -3.564371347427368 2.038828670978546 33.388755798339844 1.6241831343217719 0.8265355229377747
Car -1 -1 -1.59 688.5299072265625 174.77423095703125 719.5057373046875 203.92735290527344 1.6589163541793823 1.6516939401626587 4.3115105628967285 5.7423176765441895 1.8062662482261658 44.0523681640625 -1.462032018785476 0.8190934658050537
Car -1 -1 1.82 1014.2627563476562 172.82566833496094 1207.4111328125 241.4884490966797 1.4098179340362549 1.6353155374526978 4.16025447845459 12.056532859802246 1.4570375084877014 17.50420379638672 2.426179953551184 0.7280294299125671
Car -1 -1 1.72 538.5247802734375 183.134033203125 578.8334350585938 211.1316680908203 1.4461086988449097 1.5659667253494263 4.009665489196777 -2.830562114715576 2.045103967189789 40.355098724365234 1.6480828141041606 0.7210828065872192
Car -1 -1 2.35 1121.2552490234375 178.21421813964844 1240.3602294921875 249.64712524414062 1.473636269569397 1.6283774375915527 4.317148208618164 12.749757766723633 1.486252784729004 14.905293464660645 3.054931464844188 0.6948662400245667
Car -1 -1 1.78 486.4396057128906 182.38197326660156 549.4854125976562 223.47059631347656 1.5553772449493408 1.5698224306106567 4.087439060211182 -3.5563549995422363 2.0071537494659424 32.970943450927734 1.6716964200016697 0.573211133480072
Car -1 -1 1.72 602.4802856445312 178.8665008544922 628.5586547851562 196.5893096923828 1.5315436124801636 1.6256208419799805 4.088751792907715 0.59096759557724 2.0778016448020935 65.58572387695312 1.7321895637811195 0.5630468726158142
Car -1 -1 0.56 240.91519165039062 185.96798706054688 342.1800537109375 226.113037109375 1.5939842462539673 1.52462637424469 3.787606716156006 -14.038593292236328 2.308531105518341 31.975378036499023 0.144510739801742 0.49386152625083923
Car -1 -1 1.7 511.7904968261719 183.39382934570312 565.2450561523438 216.96408081054688 1.467814326286316 1.5048092603683472 4.044150352478027 -3.216494083404541 2.0048460364341736 37.99679946899414 1.6156679228790205 0.45383918285369873
Car -1 -1 0.11 228.92437744140625 188.5233917236328 330.7870178222656 224.49559020996094 1.6277151107788086 1.6021925210952759 4.236071586608887 -16.1458797454834 2.5435807704925537 35.699668884277344 -0.30994294441068604 0.40581685304641724
Car -1 -1 1.68 531.7196655273438 183.164794921875 574.5031127929688 212.0221710205078 1.4329338073730469 1.5174397230148315 4.110284805297852 -2.8912839889526367 2.070514440536499 40.0636100769043 1.60970794072818 0.40045517683029175
Car -1 -1 2.3 998.503662109375 174.96519470214844 1173.1502685546875 235.09017944335938 1.40245521068573 1.6324070692062378 4.229367256164551 12.268427848815918 1.475718379020691 18.05191993713379 2.8925212123791813 0.36091378331184387
Van -1 -1 2.74 233.89720153808594 184.70321655273438 342.78485107421875 226.2656707763672 1.8955124616622925 1.8161810636520386 4.434770107269287 -15.827996253967285 2.4765772223472595 35.629764556884766 2.318698238234349 0.3295283019542694
Car -1 -1 2.5 1059.388427734375 174.22447204589844 1222.4273681640625 242.95639038085938 1.381996750831604 1.5902559757232666 4.128658771514893 12.117856979370117 1.4676292538642883 16.574268341064453 3.1359057794863787 0.3256639540195465
Pedestrian -1 -1 3.0 1100.58056640625 160.2025604248047 1112.7216796875 201.73753356933594 1.7828389406204224 0.6741192936897278 0.5490850806236267 20.40056037902832 1.2801867723464966 29.652240753173828 -2.681105554817435 0.31316548585891724
Pedestrian -1 -1 -0.99 1086.707275390625 159.72105407714844 1124.8521728515625 199.52078247070312 1.8083200454711914 0.70970618724823 0.7107480764389038 19.669843673706055 1.347935974597931 28.557661056518555 -0.3895902467647656 0.25124308466911316
Car -1 -1 1.68 523.2716064453125 184.79751586914062 568.8848876953125 216.36184692382812 1.4288233518600464 1.5717203617095947 4.039874076843262 -3.0588719844818115 2.0614044070243835 36.843345642089844 1.5965999634186048 0.22072386741638184
Pedestrian -1 -1 1.74 1096.8216552734375 159.302978515625 1110.2237548828125 203.6110076904297 1.8400689363479614 0.6661314964294434 0.5856229066848755 19.615976333618164 1.2572162747383118 28.652544021606445 2.336746496222645 0.21429286897182465
Car -1 -1 1.73 499.9405517578125 183.35353088378906 553.320068359375 219.58999633789062 1.5155950784683228 1.5768458843231201 3.907370090484619 -3.6987452507019043 2.0314287543296814 33.39136505126953 1.6186856427858114 0.21188285946846008
Van -1 -1 2.27 238.0552520751953 180.16473388671875 362.732421875 224.59947204589844 1.9273179769515991 1.841199278831482 4.677684307098389 -15.261491775512695 2.27495139837265 34.878990173339844 1.8588036869596172 0.2024994045495987
Car -1 -1 1.73 532.3488159179688 186.24888610839844 571.7359619140625 215.36817932128906 1.4339194297790527 1.595198392868042 3.8246419429779053 -3.091175079345703 2.2003047466278076 39.53124237060547 1.648851226232928 0.19425484538078308
Car -1 -1 2.12 1087.53173828125 169.5817413330078 1239.0501708984375 248.30044555664062 1.444353461265564 1.6158331632614136 3.709656238555908 11.818785667419434 1.3225044012069702 14.396849632263184 2.8069875261951616 0.19035714864730835
Car -1 -1 2.55 988.8474731445312 176.8480224609375 1139.6651611328125 229.90780639648438 1.3571525812149048 1.5978604555130005 4.204922676086426 13.984633445739746 1.4982280731201172 21.76555061340332 3.1179673751697017 0.18975810706615448
Car -1 -1 0.91 1202.8575439453125 179.63034057617188 1238.695068359375 260.2312316894531 1.4352494478225708 1.549533486366272 3.5589184761047363 12.457687377929688 1.477708876132965 12.428804397583008 1.7000187182377484 0.18351605534553528
Pedestrian -1 -1 1.36 1097.8798828125 160.9604034423828 1114.4276123046875 203.60682678222656 1.7993321418762207 0.6543561816215515 0.5435980558395386 20.056663513183594 1.3464795351028442 29.068470001220703 1.9624749177698364 0.18091535568237305
Car -1 -1 1.45 1143.401611328125 172.42018127441406 1240.6719970703125 257.758544921875 1.5319087505340576 1.592132329940796 3.9562387466430664 12.401849746704102 1.4737858176231384 13.804238319396973 2.177559283737124 0.18004828691482544
Pedestrian -1 -1 -1.4 1091.908935546875 158.8176727294922 1121.4312744140625 202.3894500732422 1.8368635177612305 0.7145842909812927 0.6629840731620789 19.35347557067871 1.2428919076919556 28.083648681640625 -0.7943912716095891 0.17975085973739624
Car -1 -1 0.25 238.0552520751953 180.16473388671875 362.732421875 224.59947204589844 1.7006824016571045 1.5890288352966309 4.3442702293396 -14.472359657287598 2.1796759366989136 33.14272689819336 -0.1641532410489499 0.17872487008571625
Pedestrian -1 -1 3.11 1103.21533203125 161.4733428955078 1117.809326171875 201.96823120117188 1.770702600479126 0.6552363634109497 0.5466957092285156 20.528791427612305 1.3113875985145569 29.518001556396484 -2.5659775497643516 0.1682804822921753
Car -1 -1 -0.29 1213.754150390625 183.2198028564453 1240.5360107421875 263.2645263671875 1.3849989175796509 1.527718424797058 3.6356489658355713 11.407485008239746 1.5122650861740112 10.867082595825195 0.516262463834047 0.15994827449321747
Pedestrian -1 -1 -0.86 1057.9010009765625 166.5552215576172 1149.287109375 226.2501220703125 1.76995849609375 0.684419572353363 0.7467132210731506 19.511804580688477 1.4278791546821594 28.464923858642578 -0.26353446417505655 0.09842529147863388