Car -1 -1 1.67 629.6109619140625 148.3011474609375 663.8838500976562 177.23912048339844 1.745318055152893 1.7576385736465454 4.009798049926758 2.377321243286133 0.2084639072418213 45.786163330078125 1.7268535395834794 0.7715240120887756
Pedestrian -1 -1 1.93 146.3541717529297 144.55447387695312 350.7348327636719 370.9821472167969 1.8011401891708374 0.6480997800827026 0.8347978591918945 -2.0164084434509277 1.6532617211341858 4.151923179626465 1.4746093021155584 0.7079970836639404
Pedestrian -1 -1 2.83 174.75149536132812 159.16490173339844 339.5960388183594 376.7567443847656 1.7141705751419067 0.6541686058044434 0.668185830116272 -2.050276756286621 1.6494911909103394 4.313671588897705 2.384309361043904 0.6974812150001526
Pedestrian -1 -1 -2.44 214.4349822998047 161.4238739013672 336.3902587890625 377.4786682128906 1.656337857246399 0.6267858147621155 0.795589029788971 -2.140615940093994 1.6656940579414368 4.59805965423584 -2.8737968233232936 0.37097227573394775
Pedestrian -1 -1 -1.5 240.66781616210938 206.42547607421875 353.2768859863281 368.89849853515625 1.4844704866409302 0.6000852584838867 0.6052696704864502 -2.2707579135894775 1.7648040652275085 5.012332916259766 -1.9238297340715977 0.3398746848106384
Pedestrian -1 -1 1.73 131.7498321533203 167.48858642578125 331.2802734375 379.5703125 1.687706470489502 0.6210330724716187 0.7361109852790833 -1.9845311641693115 1.6752265691757202 4.0769243240356445 1.2798290874760285 0.30326393246650696
Pedestrian -1 -1 -1.82 194.96710205078125 175.8320770263672 365.9864807128906 365.4137268066406 1.6352137327194214 0.6309767961502075 0.7897251844406128 -1.9578754901885986 1.6218685507774353 4.230414867401123 -2.2581046653132084 0.2641341984272003
Cyclist -1 -1 2.25 134.272216796875 154.8010711669922 376.296142578125 367.4908752441406 1.718480110168457 0.5839537978172302 1.8345531225204468 -1.7573356628417969 1.6390419006347656 3.6934220790863037 1.8076014495765573 0.23243553936481476
Pedestrian -1 -1 1.57 89.71954345703125 178.0455322265625 313.14788818359375 381.6639404296875 1.6961932182312012 0.6285344958305359 0.7784885168075562 -1.8794093132019043 1.657854974269867 3.7053449153900146 1.0993870396112992 0.2280014306306839
Pedestrian -1 -1 -3.01 236.8029022216797 172.2555389404297 344.0504455566406 366.2636413574219 1.6021466255187988 0.6039747595787048 0.6778079271316528 -2.30027174949646 1.664932370185852 4.989171504974365 2.840209705543227 0.1997639387845993
Pedestrian -1 -1 1.74 112.25481414794922 113.19401550292969 336.8600387573242 349.5278625488281 1.743028998374939 0.5384312272071838 0.8825662732124329 -1.7273166179656982 1.5131675004959106 3.5421409606933594 1.2846961364216591 0.1870153844356537