Car -1 -1 -0.81 3.4960174560546875 198.6485137939453 295.54869079589844 366.2035827636719 1.5459153652191162 1.621906042098999 3.9110984802246094 -3.272646427154541 1.6728457808494568 3.56441593170166 -1.5521316283141697 0.8079503774642944
Car -1 -1 1.68 433.0777587890625 174.63633728027344 469.7920837402344 200.64019775390625 1.4719122648239136 1.6286534070968628 4.13350248336792 -9.14708423614502 1.1395233273506165 42.336402893066406 1.464444355527509 0.7686429619789124
Car -1 -1 1.73 419.439453125 173.91824340820312 451.87664794921875 194.40135192871094 1.5626869201660156 1.5892997980117798 4.137590408325195 -13.555194854736328 1.0489290654659271 56.87930679321289 1.5003201981649816 0.5692349076271057
Pedestrian -1 -1 1.32 1004.689697265625 151.00221252441406 1024.7708740234375 215.75083923339844 1.7988706827163696 0.6323373913764954 0.7663156986236572 11.503984451293945 0.9738363176584244 19.75346565246582 1.8427615513219404 0.49513500928878784
Pedestrian -1 -1 2.36 1012.9763793945312 151.23341369628906 1035.8414306640625 216.1957550048828 1.77933931350708 0.6344135999679565 0.861113429069519 11.480873107910156 0.9855663999915123 19.458417892456055 2.889971540658328 0.4566734731197357
Pedestrian -1 -1 1.77 1007.6598510742188 151.32174682617188 1030.2220458984375 216.71292114257812 1.7788704633712769 0.640472412109375 0.8128385543823242 11.473626136779785 0.9928343668580055 19.600805282592773 2.3042360684155394 0.4068247079849243
Car -1 -1 1.68 428.250244140625 173.2556915283203 466.9060974121094 198.5880584716797 1.5242410898208618 1.6113247871398926 3.8727617263793945 -9.4158296585083 1.1503920257091522 43.21596145629883 1.464216982510158 0.35201436281204224
Car -1 -1 1.71 425.0283508300781 173.5361328125 459.3504333496094 196.3434295654297 1.5440906286239624 1.5799192190170288 4.348827362060547 -12.8167142868042 1.056996375322342 54.64140319824219 1.4828181268362393 0.33782222867012024
Van -1 -1 1.71 419.4106140136719 172.3757781982422 447.1791687011719 193.7362060546875 2.126366138458252 1.75099778175354 5.086347579956055 -15.252145767211914 1.1943988502025604 63.26055145263672 1.4749541976766718 0.3175906538963318
Pedestrian -1 -1 -2.89 1013.4739379882812 153.09140014648438 1041.6732177734375 223.6812744140625 1.776707410812378 0.6248436570167542 1.0075063705444336 11.315234184265137 1.0267468392848969 19.11161994934082 -2.3564812372357995 0.3160068392753601
Pedestrian -1 -1 2.42 880.8462524414062 152.8460693359375 899.3153686523438 195.31124877929688 1.8443268537521362 0.6123695373535156 0.9828510880470276 12.622462272644043 0.6496447026729584 31.26119041442871 2.8075916325705794 0.31216493248939514
Pedestrian -1 -1 -2.16 1003.5592041015625 150.9515380859375 1035.38134765625 215.84603881835938 1.8210670948028564 0.5939814448356628 0.8797074556350708 11.795154571533203 1.0050711557269096 20.102890014648438 -1.6322339499525524 0.30647867918014526
Pedestrian -1 -1 1.23 517.0589599609375 173.1627197265625 528.941162109375 198.7506866455078 1.7238126993179321 0.5952228903770447 0.8367329835891724 -4.388132572174072 1.125584900379181 38.47478103637695 1.1189877171549618 0.2770109176635742
Car -1 -1 1.76 423.440185546875 172.15037536621094 455.1738586425781 194.40550231933594 1.5622972249984741 1.5894874334335327 4.128044128417969 -13.472925186157227 0.9506639242172241 56.54908752441406 1.5241614736266627 0.2743374705314636
Pedestrian -1 -1 -1.87 1010.7376708984375 153.74798583984375 1031.9132080078125 212.25320434570312 1.7981431484222412 0.6457068920135498 0.817392110824585 12.116732597351074 1.002014935016632 20.52251434326172 -1.3409560662593059 0.2619624137878418
Pedestrian -1 -1 -2.47 1015.7642822265625 149.91073608398438 1038.5928955078125 213.5929412841797 1.8976562023162842 0.6100845336914062 1.1175867319107056 12.191603660583496 0.9388764128088951 20.497406005859375 -1.9298145421817532 0.2592817544937134
Cyclist -1 -1 -3.12 1002.3259887695312 152.4246063232422 1035.723876953125 212.91319274902344 1.6888957023620605 0.5776832103729248 1.7320582866668701 12.22154712677002 0.9833773672580719 20.87761878967285 -2.5935588916324708 0.25719350576400757
Pedestrian -1 -1 2.85 1006.5508422851562 156.37818908691406 1040.3656005859375 211.50791931152344 1.7788227796554565 0.6360781788825989 0.765043318271637 12.3009033203125 1.01188462972641 20.8471736907959 -2.897744127365721 0.25244930386543274
Cyclist -1 -1 0.07 517.1376953125 169.40878295898438 530.7513427734375 197.47262573242188 1.720685601234436 0.5399327278137207 1.725928783416748 -4.320837020874023 0.9773975685238838 38.082786560058594 -0.03915099165167435 0.24458257853984833
Pedestrian -1 -1 -0.43 1001.5173950195312 154.7206268310547 1022.8790283203125 212.99722290039062 1.719653844833374 0.6047323346138 0.8127920031547546 11.831039428710938 0.9542294517159462 20.332778930664062 0.09945168312535557 0.22622482478618622
Cyclist -1 -1 -3.1 1012.8543701171875 153.5576934814453 1038.509033203125 209.17678833007812 1.8460328578948975 0.6129469275474548 1.9252361059188843 13.027015686035156 0.971663773059845 22.136943817138672 -2.565272354712784 0.22574228048324585
Pedestrian -1 -1 0.51 517.1376953125 169.40878295898438 530.7513427734375 197.47262573242188 1.7748746871948242 0.6321980953216553 0.802672266960144 -4.352109909057617 1.1184833198785782 38.53706359863281 0.39697645921993896 0.20793862640857697