Car -1 -1 -1.59 591.91845703125 170.77032470703125 626.7869873046875 204.2545623779297 1.6451178789138794 1.7050946950912476 4.33773946762085 -0.03090662881731987 1.5635694861412048 37.54450607299805 -1.5905975214332013 0.8750635981559753
Van -1 -1 1.86 364.9110107421875 151.06842041015625 443.934814453125 207.98326110839844 2.9856319427490234 2.056060314178467 7.235993385314941 -12.318988800048828 1.9126819968223572 43.54537582397461 1.58883002782275 0.821405291557312
Car -1 -1 1.77 438.0523986816406 178.64259338378906 469.0789489746094 197.80096435546875 1.532910943031311 1.6072688102722168 4.340736389160156 -13.334028244018555 2.037953794002533 61.199100494384766 1.5572638867530806 0.5724842548370361
Truck -1 -1 1.77 368.5673828125 151.0522918701172 440.341064453125 209.66896057128906 3.3455398082733154 2.551478385925293 10.22852611541748 -12.796636581420898 2.132983684539795 45.57456588745117 1.4988357646317425 0.38766491413116455
Car -1 -1 1.85 370.27227783203125 160.26942443847656 442.098388671875 208.96420288085938 2.1679954528808594 1.880673885345459 4.873193740844727 -12.350943565368652 1.9409687519073486 43.98248291015625 1.5735319552795115 0.2736468017101288
Car -1 -1 1.78 441.1256408691406 180.3333740234375 466.392333984375 197.34317016601562 1.4734879732131958 1.6249239444732666 3.827136278152466 -14.061491012573242 2.1116324067115784 65.19010162353516 1.5718199602984262 0.24542704224586487
Car -1 -1 1.83 361.4027404785156 172.08055114746094 403.5198669433594 206.7112579345703 1.5823969841003418 1.689333200454712 4.297036647796631 -14.682092666625977 1.9132236242294312 46.35835266113281 1.5193094624606172 0.24487899243831635
Truck -1 -1 1.62 533.5823364257812 156.34283447265625 565.63623046875 192.59378051757812 3.2469990253448486 2.4170033931732178 8.649828910827637 -5.544782638549805 1.8290676325559616 68.41959381103516 1.53546357114221 0.23609289526939392
Van -1 -1 1.85 369.9403076171875 161.5487518310547 439.9221496582031 208.63648986816406 2.881444215774536 2.070652484893799 6.929805755615234 -12.564873695373535 2.156330168247223 44.44148254394531 1.5778976258492001 0.22528307139873505
Car -1 -1 1.83 359.8896789550781 177.60833740234375 396.47113037109375 207.92735290527344 1.5107446908950806 1.618007779121399 4.143858432769775 -14.891419410705566 2.0454933047294617 46.5193977355957 1.5236907168158993 0.2176000326871872
Van -1 -1 1.47 537.3005981445312 156.4764404296875 568.9305419921875 191.02474975585938 2.7671399116516113 2.2553160190582275 6.80703067779541 -5.030086517333984 1.472032755613327 64.61295318603516 1.3967552419326408 0.1997208595275879
Car -1 -1 1.79 361.5736999511719 168.21441650390625 411.8846435546875 206.6839141845703 1.6959450244903564 1.74424147605896 4.50958776473999 -14.03053092956543 1.8954435586929321 45.553314208984375 1.491589923626063 0.193528950214386
Car -1 -1 1.78 362.25970458984375 163.79637145996094 422.2519836425781 208.04249572753906 1.9070420265197754 1.8643370866775513 4.685160160064697 -14.081233978271484 1.969565749168396 46.973758697509766 1.4935589132368525 0.17556022107601166
Car -1 -1 1.73 416.65447998046875 173.00177001953125 460.8574523925781 200.10203552246094 1.5678991079330444 1.7025353908538818 4.6849846839904785 -13.020480155944824 2.0056925415992737 55.044212341308594 1.5006056833169605 0.17383988201618195
Car -1 -1 1.82 378.73309326171875 165.2169189453125 440.8138122558594 206.50384521484375 1.8858602046966553 1.8245621919631958 5.028926849365234 -14.096242904663086 2.017060875892639 50.96934127807617 1.5512034657021934 0.16186898946762085