Car -1 -1 -1.42 435.0372009277344 175.73216247558594 531.3321533203125 252.2874755859375 1.584889531135559 1.709083080291748 4.485278606414795 -2.9518566131591797 1.7403741478919983 17.451082229614258 -1.5909222697333396 0.9071857929229736
Car -1 -1 1.98 267.0859680175781 187.6071319580078 345.2125549316406 225.23468017578125 1.448309063911438 1.6539905071258545 3.9991886615753174 -12.642829895019531 2.0670822262763977 30.129182815551758 1.5827512329701232 0.8762552738189697
Car -1 -1 2.28 0.7068724632263184 196.1312713623047 126.34015035629272 306.1180419921875 1.4899990558624268 1.6171785593032837 4.4027862548828125 -9.626005172729492 1.91097891330719 11.086496353149414 1.5653739188915416 0.8532283306121826
Car -1 -1 -1.58 585.8780517578125 173.70263671875 613.3633422851562 199.49302673339844 1.532218337059021 1.6384360790252686 4.1740336418151855 -0.6974641680717468 1.650547206401825 46.29804611206055 -1.5992767095877873 0.8161803483963013
Cyclist -1 -1 -1.14 666.1455078125 162.70706176757812 710.4306640625 220.7392578125 1.8246331214904785 0.5795049071311951 1.898351788520813 2.6101813316345215 1.5213248133659363 24.175434112548828 -1.037410019223822 0.7796542048454285
Pedestrian -1 -1 0.97 650.8232421875 166.57786560058594 668.8998413085938 215.7108154296875 1.7847145795822144 0.6536338925361633 0.6519476175308228 1.813855528831482 1.5747007131576538 26.50054168701172 1.0371236784500155 0.6566296219825745
Cyclist -1 -1 -2.37 649.75048828125 169.3069305419922 674.8029174804688 216.98377990722656 1.743173599243164 0.5769389867782593 1.8544069528579712 2.1208138465881348 1.5859706401824951 27.45811653137207 -2.2963684937592674 0.5114401578903198
Pedestrian -1 -1 1.47 658.30810546875 165.1309356689453 678.5010986328125 215.48355102539062 1.8008415699005127 0.65505051612854 0.7424535751342773 2.0610365867614746 1.5569264888763428 25.982175827026367 1.552264539337024 0.509137749671936
Pedestrian -1 -1 1.87 661.3236083984375 166.61090087890625 682.1361694335938 215.25238037109375 1.815694808959961 0.6933907270431519 0.889402449131012 2.202561140060425 1.574916958808899 25.964290618896484 1.9582956410479486 0.5013930797576904
Pedestrian -1 -1 1.28 655.6453857421875 167.062744140625 673.7962646484375 214.9762420654297 1.814522624015808 0.6657239198684692 0.9050285220146179 1.9856715202331543 1.5677337050437927 26.21693229675293 1.3589772290126163 0.46449583768844604
Cyclist -1 -1 -2.23 661.132080078125 165.81069946289062 691.2625732421875 216.771240234375 1.815585732460022 0.5418317914009094 1.8583835363388062 2.547959804534912 1.630939543247223 26.09222412109375 -2.13259365286358 0.4460029900074005
Pedestrian -1 -1 1.7 659.8466796875 165.48382568359375 688.302734375 218.5233154296875 1.7548041343688965 0.6295788288116455 0.8023743629455566 2.202716112136841 1.518337368965149 24.91750144958496 1.7858569807956828 0.4280552864074707
Cyclist -1 -1 -2.41 666.3139038085938 163.7135772705078 698.4067993164062 218.24957275390625 1.7939565181732178 0.6604933738708496 1.8815566301345825 2.6638340950012207 1.553799033164978 25.67827033996582 -2.3085545159526006 0.4207269251346588
Pedestrian -1 -1 2.48 672.895751953125 161.99655151367188 709.6312866210938 220.2702178955078 1.9370157718658447 0.6620022058486938 0.9683011770248413 2.6413302421569824 1.5664640665054321 23.925941467285156 2.591184650020608 0.3991639018058777
Pedestrian -1 -1 2.52 671.1119995117188 163.0916290283203 699.7603759765625 217.50692749023438 1.8946774005889893 0.6837341785430908 0.9585275053977966 2.554086923599243 1.568967342376709 24.157262802124023 2.6249156899326014 0.3573139011859894
Cyclist -1 -1 -2.31 657.11767578125 166.84632873535156 682.7391357421875 217.80551147460938 1.7514784336090088 0.634666383266449 1.860846757888794 2.3951549530029297 1.5605306029319763 26.779481887817383 -2.2173543923171017 0.3408016264438629
Van -1 -1 -1.4 435.4076232910156 175.017333984375 531.5051879882812 253.06153869628906 1.806450366973877 1.7210333347320557 4.289791584014893 -2.938030958175659 1.803850769996643 17.457752227783203 -1.5676834374425814 0.2988004982471466
Cyclist -1 -1 -1.22 653.2310791015625 166.37571716308594 676.2520141601562 215.08538818359375 1.8280398845672607 0.5989894270896912 1.8584192991256714 2.1498634815216064 1.6624062657356262 27.700572967529297 -1.1450312006547865 0.28596460819244385
Cyclist -1 -1 -2.14 662.476318359375 165.5876922607422 684.444091796875 217.6586151123047 1.7854000329971313 0.5860311388969421 1.792840838432312 2.5180625915527344 1.571853518486023 27.125873565673828 -2.047987589285791 0.26531586050987244
Cyclist -1 -1 -1.79 668.5974731445312 164.78744506835938 692.4751586914062 215.70111083984375 1.867525339126587 0.578224778175354 1.8663352727890015 2.669149875640869 1.6006063222885132 26.709688186645508 -1.6948881811841652 0.2571599781513214
Cyclist -1 -1 -1.9 650.4951171875 166.13671875 669.2294311523438 216.2794952392578 1.7999814748764038 0.5805303454399109 1.8798280954360962 1.8936618566513062 1.6225560903549194 27.42409324645996 -1.829667272611971 0.23738914728164673
Car -1 -1 2.23 7.722165584564209 195.1614990234375 115.84631109237671 292.4755554199219 1.4819544553756714 1.5857833623886108 3.782676935195923 -9.628034591674805 1.8660127520561218 11.416725158691406 1.5293959838030782 0.2373552918434143
Car -1 -1 -1.39 434.9591979980469 178.0620880126953 517.6514282226562 242.3253936767578 1.621907114982605 1.6798797845840454 4.33715295791626 -3.154672145843506 1.7098748683929443 18.014198303222656 -1.5673425663236458 0.23166809976100922
Pedestrian -1 -1 2.17 668.5974731445312 164.78744506835938 692.4751586914062 215.70111083984375 1.8887073993682861 0.6680237054824829 0.9787392020225525 2.421234607696533 1.5765753984451294 24.484561920166016 2.2673293350209214 0.22447741031646729
Pedestrian -1 -1 2.42 665.3759765625 165.48544311523438 684.8505249023438 212.03076171875 1.8294609785079956 0.6976983547210693 0.9215529561042786 2.3561196327209473 1.491105318069458 25.50116539001465 2.5108477132996168 0.21584007143974304
Cyclist -1 -1 -1.78 676.1695556640625 163.3421630859375 715.4490966796875 216.73583984375 1.801339864730835 0.5897964239120483 1.8475033044815063 2.8415451049804688 1.4810093641281128 24.470680236816406 -1.6604714944739483 0.20894500613212585
Pedestrian -1 -1 1.86 653.0172119140625 166.56137084960938 690.3563232421875 216.59361267089844 1.7654707431793213 0.6866370439529419 0.8274263739585876 1.964918851852417 1.5503706336021423 25.07886505126953 1.9422506622120128 0.20248189568519592
Pedestrian -1 -1 1.9 650.6864013671875 167.98660278320312 676.1082153320312 215.56883239746094 1.8209351301193237 0.6309484243392944 0.7313992977142334 1.9195765256881714 1.6287309527397156 26.501388549804688 1.977066142846322 0.19723370671272278
Car -1 -1 2.6 5.197122097015381 191.999755859375 34.02043867111206 269.72601318359375 1.3335472345352173 1.545520544052124 3.8880906105041504 -16.600120544433594 2.0939443707466125 17.777069091796875 1.8461781356451876 0.1431795209646225