Car -1 -1 -1.72 664.5608520507812 174.21810913085938 755.190185546875 241.60098266601562 1.5056889057159424 1.6507301330566406 3.9967072010040283 2.409073829650879 1.5506176948547363 18.36844253540039 -1.5945846768215697 0.8948041200637817
Car -1 -1 -1.38 222.16844177246094 181.18649291992188 429.7033386230469 318.3904113769531 1.3750842809677124 1.5854439735412598 3.6057097911834717 -3.7753055095672607 1.5724883079528809 10.059701919555664 -1.7344247687948897 0.8558995127677917
Car -1 -1 -1.53 513.3661499023438 172.76560974121094 558.9725341796875 211.57518005371094 1.5977646112442017 1.6727396249771118 4.135932445526123 -3.1657607555389404 1.5993896126747131 31.48687171936035 -1.6252310845946916 0.8499928116798401
Car -1 -1 -1.74 639.0831298828125 173.03607177734375 690.5980224609375 212.5156707763672 1.5030344724655151 1.5835494995117188 3.7772841453552246 2.20645809173584 1.5445919036865234 30.443470001220703 -1.6638496827692606 0.8461994528770447
Car -1 -1 -0.97 -0.2041746973991394 188.17335510253906 388.40629893541336 373.094482421875 1.507077693939209 1.5846874713897705 3.60105037689209 -2.7025914192199707 1.6420881748199463 4.159356594085693 -1.542278198487364 0.8178744316101074
Car -1 -1 -2.45 930.9277954101562 199.24832153320312 1237.6805419921875 370.64404296875 1.5511540174484253 1.615012526512146 3.825002670288086 2.6230599880218506 1.6762545704841614 2.290109872817993 -1.5928095607617614 0.7188386917114258
Pedestrian -1 -1 0.2 167.44508361816406 151.73399353027344 231.28721618652344 303.9267578125 1.8039133548736572 0.6518455743789673 0.7716476917266846 -5.286271572113037 1.53591787815094 9.421761512756348 -0.3158192212947353 0.6840354204177856
Car -1 -1 -1.68 635.2805786132812 172.94908142089844 678.3723754882812 208.72222900390625 1.5031131505966187 1.5456600189208984 3.845752716064453 2.0501868724823 1.5516260266304016 32.34154510498047 -1.6143029589478983 0.6738489270210266
Pedestrian -1 -1 2.06 248.0635528564453 158.33999633789062 298.4602355957031 275.021240234375 1.7988367080688477 0.6364514231681824 0.4793330729007721 -5.371520042419434 1.5739262104034424 11.725468635559082 1.634549645124613 0.6463634967803955
Pedestrian -1 -1 0.45 177.3344268798828 157.9037322998047 224.82501220703125 292.2441711425781 1.7663432359695435 0.6445846557617188 0.43823498487472534 -5.4864912033081055 1.5618298053741455 9.742744445800781 -0.06197651494066436 0.6333652138710022
Pedestrian -1 -1 1.65 252.96218872070312 153.356201171875 293.3891906738281 265.54608154296875 1.8699191808700562 0.6379491686820984 0.43322688341140747 -5.467809200286865 1.5874322056770325 11.848684310913086 1.2148307116289798 0.5933851599693298
Pedestrian -1 -1 1.85 241.58041381835938 160.84033203125 310.6281433105469 279.5087890625 1.750356674194336 0.6447535753250122 0.5377665162086487 -5.444588661193848 1.5902779698371887 11.805769920349121 1.41370849757444 0.5698416233062744
Car -1 -1 -1.52 528.4668579101562 174.2247772216797 564.6524658203125 203.7147674560547 1.4722015857696533 1.5806050300598145 4.235362529754639 -3.3089847564697266 1.6098436117172241 41.93267822265625 -1.599412937606635 0.5541565418243408
Pedestrian -1 -1 -0.32 160.08035278320312 155.43653869628906 236.4043731689453 321.39544677734375 1.7606948614120483 0.6635987758636475 0.654059648513794 -5.2470245361328125 1.590674102306366 9.305541038513184 -0.831571811804082 0.4991719126701355
Car -1 -1 -1.99 161.193115234375 188.5950927734375 423.6494445800781 324.799072265625 1.422309160232544 1.5410079956054688 3.655071258544922 -3.816410541534424 1.6876953840255737 10.04293441772461 -2.353467095854894 0.4828769862651825
Car -1 -1 -1.51 520.460693359375 173.9084014892578 564.222412109375 208.61729431152344 1.5105273723602295 1.6738320589065552 4.254210472106934 -3.084108829498291 1.5660668015480042 32.43476486206055 -1.6053382309637216 0.47700539231300354
Car -1 -1 -2.16 117.95418548583984 186.24591064453125 435.08675384521484 344.63201904296875 1.4458059072494507 1.6013826131820679 3.7174010276794434 -3.8410608768463135 1.724518597126007 10.095511436462402 -2.521650156042819 0.46822673082351685
Car -1 -1 2.41 12.472320556640625 190.7170867919922 164.28811645507812 375.1675109863281 1.4874252080917358 1.619263768196106 4.128820896148682 -5.78302526473999 1.6779580116271973 5.535945892333984 1.600154425926152 0.4428764581680298
Car -1 -1 2.37 -4.166799545288086 187.82012939453125 137.73406410217285 369.811279296875 1.4604902267456055 1.6155116558074951 4.136282920837402 -5.85634183883667 1.633360207080841 5.446234703063965 1.5459000468115107 0.4408826231956482
Car -1 -1 1.64 250.936767578125 175.04025268554688 382.27337646484375 240.88421630859375 1.4595428705215454 1.5736788511276245 3.7002675533294678 -7.458591938018799 1.5914201140403748 18.26323890686035 1.2499291318310792 0.432662695646286
Car -1 -1 -1.28 202.87600708007812 174.51783752441406 394.8655700683594 306.55694580078125 1.5453581809997559 1.5658111572265625 3.369312286376953 -3.77119517326355 1.6046059131622314 9.874361991882324 -1.644580567471161 0.42738077044487
Car -1 -1 -1.66 629.957763671875 172.64889526367188 668.1507568359375 204.97918701171875 1.5983167886734009 1.554978609085083 3.719651699066162 1.865832805633545 1.5313709378242493 40.339900970458984 -1.6181285517333919 0.40657731890678406
Car -1 -1 2.36 -3.871541976928711 186.578857421875 192.57900428771973 366.43511962890625 1.5678805112838745 1.6529386043548584 4.298522472381592 -5.3741374015808105 1.6499305963516235 5.417766094207764 1.5759134505493932 0.4061467945575714
Pedestrian -1 -1 -0.06 235.80722045898438 161.7987518310547 342.2139892578125 294.2414855957031 1.8313542604446411 0.6890825629234314 0.5857253074645996 -5.4583516120910645 1.5939222574234009 11.956661224365234 -0.48334339175299545 0.4044443964958191
Pedestrian -1 -1 -0.17 138.64219665527344 164.68931579589844 250.00839233398438 331.4430847167969 1.7770154476165771 0.6673021912574768 0.623075544834137 -5.5106401443481445 1.616409957408905 9.611604690551758 -0.6906852921692614 0.3825424909591675
Pedestrian -1 -1 -1.41 109.14132690429688 172.24168395996094 295.23748779296875 322.1603698730469 1.7392024993896484 0.6653072237968445 0.5225633382797241 -5.002269268035889 1.5675234198570251 8.933103561401367 -1.9194403139182068 0.3723524510860443
Car -1 -1 -2.57 927.6427001953125 154.13479614257812 1229.1573486328125 384.6456604003906 1.8218780755996704 1.671347975730896 4.234818935394287 2.9397313594818115 1.6937132477760315 2.145033121109009 -1.6259301623515077 0.3594680428504944
Pedestrian -1 -1 -1.78 87.49031066894531 179.99298095703125 321.3713684082031 342.1298828125 1.7612659931182861 0.6701323986053467 0.5409014821052551 -4.933587074279785 1.599641501903534 8.90555477142334 -2.282626491743075 0.34425419569015503
Car -1 -1 2.36 0.9814900159835815 177.6831512451172 129.5883778333664 345.98052978515625 1.4881688356399536 1.6045552492141724 3.9628117084503174 -6.54197359085083 1.6353803873062134 6.311870574951172 1.5552850766055784 0.3273983597755432
Car -1 -1 -1.29 223.54745483398438 169.82394409179688 374.31085205078125 303.19921875 1.4805412292480469 1.5430110692977905 3.298468828201294 -4.845973968505859 1.521718680858612 11.644322395324707 -1.6881030696975028 0.3237852454185486
Car -1 -1 -1.53 533.9783935546875 174.33331298828125 568.7447509765625 201.74317932128906 1.5594325065612793 1.6901679039001465 4.195488929748535 -3.3114521503448486 1.647375762462616 42.002681732177734 -1.608822090406158 0.3228485584259033
Pedestrian -1 -1 0.91 218.5302276611328 170.20518493652344 383.91522216796875 310.389404296875 1.8661999702453613 0.6943274140357971 0.6829280853271484 -4.35416316986084 1.6627196073532104 10.178112030029297 0.5073826643390369 0.3200087547302246
Car -1 -1 -1.66 629.288818359375 171.59466552734375 661.232421875 202.65554809570312 1.6117582321166992 1.5522074699401855 3.739333152770996 1.8184795379638672 1.5353788137435913 40.24985122680664 -1.6164563097386484 0.31128695607185364
Pedestrian -1 -1 0.98 242.93106079101562 153.982177734375 327.02337646484375 283.9983825683594 1.8318133354187012 0.6988359689712524 0.6352507472038269 -4.942154407501221 1.512359380722046 11.056137084960938 0.5609896882744927 0.30797427892684937
Pedestrian -1 -1 -1.26 158.7809295654297 179.1133270263672 252.24090576171875 319.9083251953125 1.6873315572738647 0.6320082545280457 0.5483527779579163 -4.7337446212768555 1.6916097402572632 8.44564437866211 -1.771619357784493 0.29895728826522827
Pedestrian -1 -1 -0.52 212.49952697753906 168.23910522460938 356.28515625 280.1416015625 1.8265173435211182 0.6697639226913452 0.636782705783844 -5.30578088760376 1.6547317504882812 11.652718544006348 -0.951548891285281 0.2789294719696045
Pedestrian -1 -1 0.91 248.11178588867188 161.68060302734375 313.98248291015625 260.9058532714844 1.7344478368759155 0.6380363702774048 0.5710762143135071 -5.605236053466797 1.5806182026863098 12.491795539855957 0.48823276281742967 0.27247354388237
Car -1 -1 2.39 2.5147323608398438 180.3780975341797 111.6046371459961 373.32586669921875 1.547133445739746 1.6058659553527832 4.139923095703125 -6.106566429138184 1.6794298887252808 5.460616588592529 1.5455759142669283 0.2633228003978729
Pedestrian -1 -1 -1.21 129.50914001464844 162.576416015625 276.1246032714844 302.642578125 1.7154722213745117 0.6715503931045532 0.6361352801322937 -5.279776096343994 1.6093657612800598 9.32872486114502 -1.7249222515207494 0.2566792070865631
Car -1 -1 1.17 225.87657165527344 175.271484375 408.90203857421875 275.13067626953125 1.4461199045181274 1.5242562294006348 3.737271308898926 -6.939214706420898 1.5656839609146118 17.281896591186523 0.7856626744074298 0.24886175990104675
Van -1 -1 -2.51 921.8731079101562 169.60447692871094 1244.235107421875 376.3578796386719 2.0080056190490723 1.7569133043289185 4.369395732879639 2.735272169113159 1.656999409198761 2.167860984802246 -1.6141475274265868 0.24719975888729095
Van -1 -1 -1.64 629.2494506835938 168.88583374023438 657.694580078125 197.82835388183594 2.3902955055236816 1.879787564277649 5.144735336303711 2.250434398651123 1.4750125110149384 48.26611328125 -1.5958923931076168 0.24543458223342896
Car -1 -1 1.83 249.8082733154297 173.87548828125 387.95220947265625 261.4667053222656 1.4864968061447144 1.5606263875961304 3.735504150390625 -7.3032355308532715 1.7228276133537292 18.351991653442383 1.4464068387735107 0.24208442866802216
Car -1 -1 -1.0 163.84616088867188 174.0119171142578 381.75146484375 328.6158752441406 1.5068769454956055 1.588433027267456 3.41326904296875 -4.09495210647583 1.7003631591796875 8.975532531738281 -1.4251807529253417 0.2364940345287323
Pedestrian -1 -1 -0.8 234.8609619140625 168.18544006347656 302.33935546875 292.0474853515625 1.7540291547775269 0.6464074850082397 0.6737050414085388 -5.410124778747559 1.6628783345222473 11.501569747924805 -1.2351019785167718 0.23598621785640717
Car -1 -1 -2.41 956.2071533203125 178.8436737060547 1195.7252197265625 373.0993347167969 1.5348471403121948 1.5603708028793335 3.411703109741211 2.8905792236328125 1.6854473948478699 2.4729599952697754 -1.5473407800449106 0.23466856777668
Car -1 -1 1.6 270.2408447265625 180.2379913330078 381.9123229980469 237.1465301513672 1.417386770248413 1.494318962097168 3.137451171875 -7.377455234527588 1.5665565729141235 18.95246124267578 1.2336930105885697 0.23150429129600525
Car -1 -1 -1.71 645.0857543945312 175.62213134765625 694.368408203125 215.0746612548828 1.460215449333191 1.5297263860702515 3.8162033557891846 2.3135874271392822 1.5585553050041199 30.007997512817383 -1.6380462252692531 0.22975187003612518
Car -1 -1 2.66 253.0921630859375 169.9387664794922 357.5708923339844 246.51478576660156 1.547179937362671 1.511387586593628 3.5706987380981445 -7.544240474700928 1.654415488243103 18.21030616760254 2.271587910672072 0.22961930930614471
Car -1 -1 -1.0 81.39026641845703 191.39952087402344 402.08850860595703 367.1449890136719 1.462611436843872 1.56602144241333 3.4636003971099854 -2.5322961807250977 1.5354163646697998 4.357779026031494 -1.5225416480158476 0.22784584760665894
Car -1 -1 -0.96 157.66244506835938 154.77655029296875 241.89476013183594 315.49951171875 1.5739856958389282 1.580599069595337 3.5092759132385254 -5.8785905838012695 1.5279111862182617 10.722643852233887 -1.4649195554107965 0.22652871906757355
Pedestrian -1 -1 -0.68 146.8498992919922 167.6542510986328 240.2151641845703 306.40618896484375 1.6295684576034546 0.5789278745651245 0.5366415977478027 -4.976065635681152 1.5046700835227966 8.73551082611084 -1.1962718943952115 0.22632402181625366
Car -1 -1 -1.25 229.16468811035156 164.64553833007812 344.6151123046875 289.5307922363281 1.515127182006836 1.484486699104309 3.2871735095977783 -5.777549743652344 1.485101044178009 13.606904029846191 -1.6492347770968694 0.2256588488817215
Car -1 -1 2.72 -1.1617575883865356 189.27537536621094 258.40498435497284 369.7096252441406 1.4565306901931763 1.6547119617462158 4.01619291305542 -4.4068169593811035 1.6057193875312805 5.166962146759033 2.0122478923475224 0.2252112627029419
Pedestrian -1 -1 2.61 257.4594421386719 157.72901916503906 290.98162841796875 254.17527770996094 1.8494460582733154 0.6355156302452087 0.4181513488292694 -6.331197738647461 1.5484524369239807 13.66374397277832 2.17308581529199 0.22348064184188843
Car -1 -1 -1.0 60.54349136352539 186.52830505371094 356.0733070373535 350.2077941894531 1.449066400527954 1.5716981887817383 3.3528172969818115 -2.7219297885894775 1.4619498252868652 4.5346574783325195 -1.5421166047865569 0.22283075749874115
Pedestrian -1 -1 -0.13 170.735595703125 165.52781677246094 217.3128204345703 291.1485900878906 1.6749284267425537 0.5963546633720398 0.5176249146461487 -5.747481822967529 1.6113681197166443 10.044931411743164 -0.64642970648999 0.21937580406665802
Truck -1 -1 -2.88 936.2064208984375 112.20085906982422 1220.1688232421875 370.6458969116211 3.3843154907226562 2.421348810195923 7.038354873657227 3.750844717025757 1.9095418155193329 3.543333053588867 -2.0655316117580345 0.21665619313716888
Car -1 -1 2.32 2.841371536254883 179.3821258544922 107.21032905578613 323.83013916015625 1.4779239892959595 1.6293654441833496 4.135622501373291 -6.8889031410217285 1.6215150356292725 6.7892680168151855 1.5255109750751323 0.21196317672729492
Cyclist -1 -1 -0.64 157.66244506835938 154.77655029296875 241.89476013183594 315.49951171875 1.6651899814605713 0.593626081943512 1.7129335403442383 -5.523651599884033 1.5311381816864014 9.932478904724121 -1.146646705030716 0.21182973682880402
Pedestrian -1 -1 -0.5 219.6531982421875 161.80702209472656 341.55322265625 267.0379333496094 1.806509256362915 0.702231228351593 0.7542372345924377 -5.64387321472168 1.6250396370887756 12.30734634399414 -0.9316284967223805 0.20794644951820374
Car -1 -1 -1.61 233.35818481445312 169.81948852539062 325.37738037109375 287.236083984375 1.468609094619751 1.5290358066558838 3.1877999305725098 -6.029605865478516 1.5804712176322937 13.016746520996094 -2.0444375938028436 0.2026490718126297
Van -1 -1 -1.63 630.723876953125 170.9849090576172 667.2918701171875 202.983154296875 2.200772285461426 1.7695398330688477 4.860132217407227 2.1898062229156494 1.5117074847221375 46.45090103149414 -1.5868306838013826 0.20145553350448608
Pedestrian -1 -1 -0.2 264.0111083984375 158.64694213867188 297.0585632324219 258.4300537109375 1.8003709316253662 0.6162808537483215 0.4610871970653534 -5.932680606842041 1.571312427520752 13.114948272705078 -0.625589841366577 0.19998420774936676
Pedestrian -1 -1 1.11 205.63552856445312 177.87786865234375 421.34979248046875 321.19805908203125 1.7847626209259033 0.6543505191802979 0.7252611517906189 -3.7757251262664795 1.6668323874473572 9.25473403930664 0.7248200397377218 0.19851787388324738
Pedestrian -1 -1 0.34 237.6098175048828 157.96600341796875 293.4163818359375 270.2477722167969 1.7500685453414917 0.6341546177864075 0.6299150586128235 -5.385922908782959 1.524753451347351 11.400904655456543 -0.10593959397554853 0.19497300684452057
Van -1 -1 -2.18 936.2064208984375 112.20085906982422 1220.1688232421875 370.6458969116211 2.4958341121673584 1.9845093488693237 5.279861927032471 2.208444118499756 1.6212545931339264 1.9235928058624268 -1.32498571624724 0.1924993097782135
Pedestrian -1 -1 -1.0 155.79391479492188 176.52481079101562 318.80224609375 305.7041015625 1.7576740980148315 0.6689448356628418 0.6072016954421997 -5.004645824432373 1.6524545550346375 9.494857788085938 -1.4874149221069697 0.19063356518745422
Car -1 -1 -0.89 157.79405212402344 182.83653259277344 255.83535766601562 321.8422546386719 1.5413272380828857 1.516227126121521 3.0498239994049072 -5.074854373931885 1.6077062487602234 9.011065483093262 -1.3998000396121677 0.19060038030147552
Van -1 -1 -1.62 627.8316040039062 163.284423828125 654.9046020507812 192.8795928955078 2.5029420852661133 1.9400737285614014 5.392820358276367 2.110724449157715 1.4560621976852417 49.71226119995117 -1.5813023395749761 0.18833021819591522
Car -1 -1 2.15 242.30113220214844 172.63226318359375 377.6730651855469 282.35906982421875 1.497644305229187 1.5872008800506592 3.545358657836914 -7.7260589599609375 1.7790655493736267 18.72349739074707 1.7631970550161853 0.18702423572540283
Pedestrian -1 -1 -0.06 195.1787567138672 169.9237823486328 367.8341979980469 302.3925476074219 1.900511622428894 0.6599742770195007 0.5776129961013794 -5.104482650756836 1.67994225025177 11.220621109008789 -0.48993790028664685 0.18677939474582672
Car -1 -1 -1.04 7.746570110321045 168.08328247070312 341.4135012626648 359.7579040527344 1.5604716539382935 1.6061491966247559 3.7610023021698 -3.927461624145508 1.781395971775055 5.608516693115234 -1.6526358718737164 0.18321044743061066
Pedestrian -1 -1 0.06 -1.2759428024291992 186.60604858398438 380.1406831741333 370.7254333496094 1.7354062795639038 0.6973592638969421 0.7345042824745178 -2.6918091773986816 1.6171667575836182 4.714600563049316 -0.4547587660286121 0.1827748864889145
Truck -1 -1 -2.76 954.897705078125 64.5826187133789 1200.572021484375 333.6713333129883 3.521063804626465 2.332475423812866 7.380344867706299 3.709625720977783 1.8896909058094025 3.9444849491119385 -2.00534679086024 0.17847616970539093
Pedestrian -1 -1 0.36 99.50774383544922 176.52867126464844 255.0046615600586 337.35601806640625 1.7782200574874878 0.6007899045944214 0.6377965807914734 -5.5109639167785645 1.6633174419403076 9.519375801086426 -0.16941148036340747 0.17735089361667633
Car -1 -1 2.36 -1.6341127157211304 211.0563201904297 98.64220869541168 361.52838134765625 1.3845347166061401 1.6174918413162231 3.9281439781188965 -6.279915809631348 1.6793701648712158 6.172295570373535 1.562983439014177 0.1732732206583023
Car -1 -1 -0.82 97.40837097167969 181.93626403808594 324.1278076171875 340.7262268066406 1.4113446474075317 1.4995180368423462 2.924715518951416 -4.007201671600342 1.5181919932365417 7.159547805786133 -1.3277593472176825 0.17287588119506836
Pedestrian -1 -1 2.05 225.58160400390625 176.25686645507812 390.817138671875 264.91754150390625 1.829465389251709 0.7163292765617371 0.7003559470176697 -5.495433807373047 1.6645267009735107 13.125783920288086 1.6500699916605575 0.17256894707679749
Car -1 -1 -1.66 626.9610595703125 170.55804443359375 652.550048828125 198.25335693359375 1.6119438409805298 1.5590482950210571 3.8211116790771484 1.8060451745986938 1.5343319177627563 42.95286178588867 -1.6210195358954858 0.17072851955890656
Car -1 -1 1.12 -12.514496803283691 183.69036865234375 304.71026515960693 353.7793273925781 1.4243091344833374 1.5992820262908936 3.7287349700927734 -3.997636079788208 1.5812488794326782 5.469362258911133 0.4860616535554003 0.1690928041934967
Pedestrian -1 -1 -0.05 207.23081970214844 172.98561096191406 304.6408996582031 295.9384765625 1.7123970985412598 0.6648963689804077 0.6657401919364929 -5.04571533203125 1.5571953058242798 10.037556648254395 -0.512129624260349 0.1686619073152542
Pedestrian -1 -1 -0.98 101.65189361572266 188.68817138671875 281.4539260864258 350.1546630859375 1.7813628911972046 0.7197997570037842 0.6305080652236938 -5.199690818786621 1.7983985543251038 9.053142547607422 -1.498712847470765 0.1593635529279709
Car -1 -1 2.35 -1.6768428087234497 221.4398193359375 132.73725020885468 376.1754455566406 1.4141157865524292 1.5593339204788208 3.546961545944214 -5.917341709136963 1.8542138934135437 5.8608808517456055 1.5622309145080875 0.15508520603179932
Car -1 -1 -1.2 86.95088195800781 180.2689971923828 363.4870147705078 326.25616455078125 1.272352933883667 1.6352574825286865 3.6661627292633057 -3.8696208000183105 1.4808059334754944 6.6808881759643555 -1.7260769288797029 0.14923205971717834
Pedestrian -1 -1 1.97 629.4474487304688 170.14675903320312 659.6360473632812 200.2469482421875 1.8088645935058594 0.6901964545249939 0.811458170413971 1.603083848953247 1.388193279504776 35.365543365478516 2.018768457729829 0.1460982710123062
Car -1 -1 -2.5 1213.8240966796875 338.2322692871094 1238.0133056640625 385.37689208984375 1.3099833726882935 1.4559738636016846 3.393035650253296 3.708062171936035 1.8084636330604553 3.1460232734680176 -1.6308245148466431 0.13002777099609375
Car -1 -1 -2.5 1210.1461181640625 338.2915344238281 1233.977294921875 384.0690612792969 1.2758060693740845 1.4406267404556274 3.554685115814209 3.0913169384002686 1.6135389804840088 2.6354799270629883 -1.6358703091101496 0.12427303940057755