Car -1 -1 -1.94 848.9351196289062 192.90956115722656 1232.5128173828125 378.25994873046875 1.5562103986740112 1.5784852504730225 3.4678945541381836 2.8175878524780273 1.6779216527938843 4.705108165740967 -1.397482663752414 0.8554872274398804
Car -1 -1 2.18 2.2575249671936035 191.43734741210938 405.17030572891235 377.17352294921875 1.5536015033721924 1.6335585117340088 3.916745185852051 -2.624102830886841 1.7238754034042358 3.8340165615081787 1.5797052816783674 0.8168046474456787
Car -1 -1 1.65 637.3235473632812 175.72805786132812 668.7227172851562 201.24679565429688 1.4938277006149292 1.6578161716461182 4.143080711364746 2.6750245094299316 1.720234215259552 44.79359436035156 1.71415350926842 0.8033690452575684
Car -1 -1 2.26 1.9735695123672485 213.6602783203125 158.6730934381485 370.3902587890625 1.3661314249038696 1.5314868688583374 3.603581190109253 -4.617709159851074 1.6370972990989685 4.795909881591797 1.4933795949203965 0.2646424174308777
Car -1 -1 -2.09 854.5068359375 194.3560028076172 1057.0965576171875 364.3675537109375 1.4419164657592773 1.5018099546432495 2.9979448318481445 3.3456618785858154 1.6740754842758179 5.481141090393066 -1.5394104669983584 0.24690565466880798
Car -1 -1 -2.0 882.1282958984375 190.15951538085938 1237.3167724609375 342.78179931640625 1.4407941102981567 1.5634688138961792 3.5581061840057373 2.8464770317077637 1.5195841193199158 4.605983734130859 -1.4462988928705833 0.2404538244009018
Car -1 -1 -2.08 867.7432861328125 190.167236328125 1137.6563720703125 360.62750244140625 1.5245527029037476 1.5634316205978394 3.1439099311828613 2.7386105060577393 1.6413751244544983 4.736032009124756 -1.5551193632479112 0.23439480364322662
Car -1 -1 2.26 -0.9626783132553101 203.81590270996094 200.25013601779938 373.2048034667969 1.4490147829055786 1.5416733026504517 3.5655524730682373 -4.453466415405273 1.6652144193649292 4.789554595947266 1.5069117343405454 0.22899694740772247
Car -1 -1 0.9 1058.15380859375 194.8221893310547 1232.6937255859375 303.38983154296875 1.4544670581817627 1.5093977451324463 3.304014205932617 8.15336799621582 1.753158688545227 9.89192008972168 1.5939430255081106 0.22543351352214813
Car -1 -1 -2.64 1174.4044189453125 234.8717498779297 1240.3353271484375 377.9936218261719 1.5145630836486816 1.6221199035644531 3.7295150756835938 1.6641321182250977 1.2596814036369324 0.9410178661346436 -1.5885744224883585 0.2216172069311142
Car -1 -1 -2.54 1118.25244140625 229.69189453125 1244.966064453125 383.7771301269531 1.5144596099853516 1.5538164377212524 3.7439258098602295 1.097136378288269 1.1147432625293732 0.6361072659492493 -1.4905095536319237 0.21836915612220764
Car -1 -1 0.25 1161.1300048828125 204.13796997070312 1244.1153564453125 305.0418395996094 1.4044573307037354 1.4889148473739624 3.242983341217041 8.207221031188965 1.7899149656295776 8.053257942199707 1.0477129960274958 0.2109765112400055
Car -1 -1 -2.5 1145.8826904296875 214.6220245361328 1250.11083984375 382.64459228515625 1.6444292068481445 1.533447027206421 3.5948269367218018 1.3553467988967896 1.2730899453163147 0.8265969753265381 -1.4797122805796512 0.20904278755187988
Car -1 -1 2.17 -16.972166061401367 175.76083374023438 419.56131172180176 353.3081970214844 1.6346204280853271 1.5266295671463013 4.658629894256592 -2.933645009994507 1.7010592818260193 5.061017990112305 1.6489508620669966 0.19738948345184326
Car -1 -1 -1.87 968.7523803710938 202.7502899169922 1246.800537109375 372.8675231933594 1.5329171419143677 1.6026332378387451 3.5151431560516357 2.914421558380127 1.610032320022583 4.077269077301025 -1.2501576989250855 0.19680139422416687
Car -1 -1 -1.25 1177.4901123046875 206.49636840820312 1241.08447265625 315.1124267578125 1.4466958045959473 1.4579676389694214 3.235703706741333 7.854655742645264 1.8477423191070557 7.216001510620117 -0.41853169998024065 0.19640474021434784
Pedestrian -1 -1 -0.96 1207.5819091796875 177.72482299804688 1239.470458984375 274.74737548828125 1.7042973041534424 0.5909807085990906 0.6281758546829224 10.013535499572754 1.6881183981895447 11.385513305664062 -0.23577952909332733 0.18852543830871582
Car -1 -1 2.28 -48.852699279785156 164.53102111816406 458.0871810913086 396.1796875 1.4010881185531616 1.7984111309051514 4.667922019958496 -3.082437753677368 1.656711995601654 5.578111171722412 1.776922322083342 0.18383225798606873
Car -1 -1 -2.58 1180.3406982421875 208.30691528320312 1239.8701171875 387.2265625 1.4751052856445312 1.5848873853683472 3.744908571243286 1.7416858673095703 1.1926013231277466 0.979682981967926 -1.5188794920835536 0.1827373206615448
Car -1 -1 2.26 -26.581565856933594 184.23692321777344 322.9338150024414 400.0691223144531 1.5353220701217651 1.6977605819702148 4.902249813079834 -2.6947195529937744 1.5356131792068481 4.272385597229004 1.6971700953316011 0.18244795501232147
Car -1 -1 -2.49 1168.702392578125 238.98785400390625 1250.448486328125 366.3264465332031 1.6866554021835327 1.6038970947265625 3.918017864227295 1.7532639503479004 1.358964741230011 1.2352828979492188 -1.532684034175782 0.1780162900686264
Car -1 -1 -2.84 1035.6650390625 204.18014526367188 1244.9600830078125 376.2448425292969 1.5948269367218018 1.5406787395477295 3.4248390197753906 5.039405822753906 2.104920268058777 5.065342903137207 -2.0597623737903357 0.17550791800022125
Pedestrian -1 -1 -0.33 1213.3504638671875 173.64617919921875 1239.4951171875 263.89935302734375 1.7215486764907837 0.6539337635040283 0.5938889384269714 10.61245059967041 1.656074345111847 11.840865135192871 0.40093444746095486 0.16497623920440674
Car -1 -1 -2.64 1191.546875 235.3196258544922 1241.1602783203125 380.2718505859375 1.544640064239502 1.6093276739120483 3.66796612739563 1.5185776948928833 1.2244224548339844 0.8620206117630005 -1.586348134953809 0.1648302525281906
Car -1 -1 -2.5 1110.4490966796875 203.63763427734375 1233.5618896484375 375.895751953125 1.5518611669540405 1.5846320390701294 3.7100348472595215 1.2250789403915405 1.1330153942108154 0.8433120846748352 -1.5327268850338998 0.16231566667556763
Car -1 -1 2.33 1.570623517036438 226.1405487060547 105.9964200258255 369.21185302734375 1.4615436792373657 1.6190370321273804 3.7168850898742676 -4.91646146774292 1.8491821885108948 4.7879557609558105 1.5304999707064812 0.15739202499389648
Car -1 -1 -2.56 1159.9263916015625 221.20126342773438 1241.7525634765625 375.2379455566406 1.403878092765808 1.5552995204925537 3.6386983394622803 1.4998198747634888 1.0894305408000946 0.9978142976760864 -1.5787177713625402 0.15221689641475677
Car -1 -1 -2.43 1083.1046142578125 214.6255645751953 1242.24365234375 385.2064514160156 1.5970673561096191 1.4545389413833618 3.328853130340576 2.1996073722839355 1.4794356226921082 1.649256706237793 -1.4980580743633203 0.14045903086662292
Car -1 -1 -1.87 1163.559326171875 211.7332305908203 1242.25 323.11083984375 1.5025877952575684 1.4423505067825317 3.4445948600769043 6.5610857009887695 1.8407788276672363 5.770322799682617 -1.0183864797089281 0.1392170935869217
Car -1 -1 -1.08 1075.3370361328125 194.30447387695312 1221.681884765625 347.81689453125 1.4600051641464233 1.5750563144683838 3.5903191566467285 6.139772891998291 1.674829363822937 6.258378982543945 -0.30594648916770373 0.12970665097236633
Car -1 -1 -2.55 1203.4625244140625 221.0647735595703 1240.9273681640625 390.7287292480469 1.5232738256454468 1.6353336572647095 3.5678064823150635 1.2741425037384033 1.0634670853614807 0.7340666651725769 -1.4991993758140456 0.1236909031867981
Car -1 -1 -1.9 1185.2607421875 210.3349151611328 1238.3179931640625 325.011962890625 1.4752126932144165 1.425183653831482 3.454268217086792 6.538303852081299 1.81034916639328 5.533069133758545 -1.0322427560995022 0.12211523205041885
Car -1 -1 -2.66 1154.849365234375 193.36280822753906 1245.5872802734375 361.8898010253906 1.5624028444290161 1.5688579082489014 3.6873128414154053 1.7744512557983398 1.2342666685581207 1.3073607683181763 -1.7192212325197191 0.09236139059066772