Car -1 -1 -1.81 791.2811279296875 178.51031494140625 958.9393920898438 291.9908142089844 1.4893773794174194 1.6109176874160767 3.856015920639038 3.9616894721984863 1.6075095534324646 11.565065383911133 -1.4829758791732788 0.88634192943573
Car -1 -1 1.39 738.0150756835938 182.63563537597656 826.5078735351562 251.1390380859375 1.422658920288086 1.5926527976989746 3.8590660095214844 4.1145853996276855 1.6812683939933777 17.601478576660156 1.6235022414109714 0.8837647438049316
Car -1 -1 1.84 585.29638671875 174.18312072753906 633.3482666015625 208.9805450439453 1.732735276222229 1.6036403179168701 3.85044002532959 0.014086668379604816 1.7749666571617126 37.51350402832031 1.8411501024059422 0.8725650906562805
Car -1 -1 -2.72 1093.49658203125 197.5323944091797 1238.5858154296875 376.01202392578125 1.5783964395523071 1.7184791564941406 4.192710876464844 2.8760604858398438 1.5802546739578247 1.1891450881958008 -1.5384146267574081 0.4720170199871063
Car -1 -1 1.8 623.4945068359375 179.46246337890625 660.92333984375 203.6275634765625 1.4777802228927612 1.571601390838623 3.763537645339966 2.0451648235321045 1.8434118628501892 45.019466400146484 1.8449015750842914 0.4636473059654236
Pedestrian -1 -1 0.79 718.0718994140625 175.643798828125 733.333740234375 214.2618408203125 1.749228835105896 0.6295750737190247 0.8279865980148315 5.343731880187988 1.7962294816970825 32.90544128417969 0.9545535505525589 0.42731624841690063
Car -1 -1 -2.72 1121.1868896484375 232.5533905029297 1242.1173095703125 373.7398376464844 1.5005009174346924 1.6855019330978394 4.070302963256836 3.2785675525665283 1.6278072595596313 1.6822113990783691 -1.6272309974801367 0.396194726228714
Cyclist -1 -1 -1.65 716.864990234375 173.46109008789062 733.3428955078125 212.54945373535156 1.718611717224121 0.5914876461029053 1.8121323585510254 5.275477886199951 1.7061148881912231 32.9823112487793 -1.4927714623554333 0.39046207070350647
Car -1 -1 -2.72 1141.26708984375 241.39129638671875 1236.9039306640625 371.0517272949219 1.4774848222732544 1.7017858028411865 4.188344478607178 3.1061675548553467 1.5565833449363708 1.7664903402328491 -1.6693681122034105 0.31742754578590393
Pedestrian -1 -1 2.3 716.6819458007812 172.61277770996094 731.776611328125 209.4789581298828 1.704168677330017 0.6173454523086548 0.8440995216369629 5.387266159057617 1.6701579093933105 33.72649383544922 2.4562002364850857 0.2764899432659149
Car -1 -1 -2.7 1144.9434814453125 221.74575805664062 1247.053466796875 374.2742919921875 1.5397112369537354 1.6580438613891602 3.991694688796997 3.1655263900756836 1.59116530418396 1.6900495290756226 -1.616804950540864 0.24816225469112396
Car -1 -1 -2.72 1064.84521484375 208.8179168701172 1232.873779296875 378.3229675292969 1.469515085220337 1.685258388519287 4.11948299407959 2.8783645629882812 1.5476998686790466 1.2854442596435547 -1.567868267735717 0.24787935614585876
Car -1 -1 -2.65 1162.6619873046875 234.1752471923828 1240.88720703125 369.1461181640625 1.5030549764633179 1.6425710916519165 3.887036085128784 3.2328131198883057 1.539239764213562 1.927138328552246 -1.6164601101015412 0.22844189405441284
Car -1 -1 -1.18 688.7705078125 30.22123146057129 800.8291015625 108.72945594787598 1.9738221168518066 2.0341765880584717 4.073914527893066 4.910614013671875 -2.3919708728790283 30.23784828186035 -1.0195024980879612 0.225179523229599
Car -1 -1 -2.7 1139.447265625 193.5465545654297 1240.83544921875 368.81536865234375 1.5596071481704712 1.6937854290008545 4.220248699188232 3.2363879680633545 1.531438171863556 1.411450743675232 -1.5416300967900858 0.20120489597320557
Car -1 -1 -2.66 1168.506591796875 248.44662475585938 1240.209716796875 358.8539123535156 1.6996368169784546 1.6070570945739746 3.9478864669799805 2.930288553237915 1.6673558950424194 2.0179355144500732 -1.6946476743051502 0.18785230815410614
Car -1 -1 -2.68 1165.8970947265625 224.79095458984375 1246.7979736328125 341.5150451660156 1.6748651266098022 1.6031689643859863 3.7623836994171143 2.7723822593688965 1.4868233799934387 1.9188934564590454 -1.7178463221606428 0.1797361969947815
Car -1 -1 -2.73 1122.8380126953125 178.07273864746094 1243.77685546875 380.4162292480469 1.5730658769607544 1.7215217351913452 4.152729034423828 2.8690996170043945 1.5450355410575867 1.2201893329620361 -1.5638226497160153 0.17499935626983643
Car -1 -1 -2.58 1123.963134765625 225.73922729492188 1226.5859375 362.0390319824219 1.467524528503418 1.5252742767333984 3.6214187145233154 2.337953805923462 1.3357381224632263 1.660417914390564 -1.6267973571178516 0.17243629693984985
Pedestrian -1 -1 2.81 3.5814599990844727 114.73109436035156 25.0387544631958 370.07147216796875 1.7705734968185425 0.6865318417549133 0.7034497261047363 -3.9023220539093018 1.633779764175415 3.9455833435058594 2.0290682013560914 0.15826702117919922
Car -1 -1 -2.73 1109.309326171875 191.9847412109375 1243.619873046875 337.55047607421875 1.5870599746704102 1.577610731124878 3.8875863552093506 3.1185803413391113 1.5039702653884888 2.3402607440948486 -1.8060932143656068 0.11068223416805267