Car -1 -1 1.77 403.6955871582031 186.40383911132812 498.8213195800781 257.2419128417969 1.5012359619140625 1.576729655265808 3.7369580268859863 -3.8656582832336426 1.888858437538147 17.816946029663086 1.5556820303396224 0.8848716616630554
Car -1 -1 1.72 454.9145202636719 172.7752685546875 524.7437744140625 234.19544982910156 1.9445656538009644 1.7144654989242554 4.290946960449219 -4.052842617034912 1.9437835216522217 24.55719566345215 1.5526641793536662 0.8421921730041504
Van -1 -1 1.71 456.13592529296875 172.43963623046875 527.0595092773438 233.3266143798828 1.9465287923812866 1.7991868257522583 4.5970683097839355 -4.23370361328125 2.006853401660919 26.185680389404297 1.5526083386669072 0.793982207775116
Car -1 -1 1.65 529.9964599609375 176.8652801513672 565.2982177734375 204.55723571777344 1.731689453125 1.7591164112091064 4.3412089347839355 -4.045587539672852 2.0369151830673218 46.87409973144531 1.559042336523306 0.7607304453849792
Car -1 -1 0.78 724.0433349609375 185.5768280029297 830.8479614257812 233.7161102294922 1.5972529649734497 1.6822633743286133 4.292712211608887 5.678031921386719 2.130921423435211 24.487430572509766 1.0102930573786466 0.2905389368534088
Car -1 -1 1.67 416.60302734375 179.00701904296875 504.71405029296875 250.3472900390625 1.7407673597335815 1.6272859573364258 3.8582687377929688 -3.8855464458465576 1.9453967213630676 18.49736976623535 1.4633822630990574 0.28818967938423157
Car -1 -1 -0.11 722.317626953125 177.73895263671875 824.6788940429688 242.02737426757812 1.6888091564178467 1.7183386087417603 4.0434722900390625 5.516390323638916 2.16004741191864 24.180585861206055 0.11040603930304416 0.22400139272212982
Car -1 -1 1.66 536.33740234375 177.24598693847656 570.0053100585938 203.81163024902344 1.649833083152771 1.6800917387008667 4.4190850257873535 -3.8438940048217773 2.0133751034736633 50.46181106567383 1.582119830031683 0.1975174844264984
Van -1 -1 1.64 530.4436645507812 176.82110595703125 564.3464965820312 204.5911865234375 1.930413007736206 1.8298933506011963 5.042486190795898 -4.5139899253845215 2.291526436805725 52.469364166259766 1.5570435629287136 0.19622595608234406
Car -1 -1 1.73 434.4486999511719 178.4628448486328 514.9259033203125 242.44151306152344 1.6855937242507935 1.6806460618972778 4.121274471282959 -4.051644802093506 1.9100667834281921 22.598825454711914 1.5550082932816895 0.1953933984041214
Car -1 -1 1.55 730.1713256835938 192.91943359375 802.2916259765625 238.1922607421875 1.4342739582061768 1.5241037607192993 3.6782188415527344 5.865170955657959 2.3181705474853516 27.547082901000977 1.7618163022044957 0.1907496601343155
Car -1 -1 -0.7 713.9148559570312 176.77223205566406 806.0718994140625 237.4595947265625 1.7670456171035767 1.7664636373519897 4.1702985763549805 5.762069225311279 2.268506944179535 26.8880615234375 -0.49055530537267744 0.1582430750131607
Car -1 -1 -2.67 1209.1922607421875 230.76219177246094 1241.3575439453125 379.1857604980469 1.5640112161636353 1.6522917747497559 3.898426055908203 2.301440715789795 1.3048287630081177 1.3206636905670166 -1.6220565508122977 0.15719307959079742