Car -1 -1 -1.7 618.4820556640625 174.4166717529297 744.8065795898438 276.234375 1.5343902111053467 1.6690318584442139 4.130372047424316 1.09954833984375 1.5785440802574158 12.773189544677734 -1.6121093268892785 0.8809374570846558
Van -1 -1 2.04 0.3346891701221466 3.3523144721984863 389.972109824419 375.006000995636 2.596789598464966 2.081331968307495 6.785079002380371 -3.5682361125946045 1.674366146326065 6.353085041046143 1.5289932522957494 0.7671571969985962
Pedestrian -1 -1 1.43 606.14306640625 166.6729736328125 654.265625 249.59869384765625 1.8034121990203857 0.6586754322052002 1.0035392045974731 0.3039449453353882 1.6081918478012085 14.749430656433105 1.4497367164863793 0.7190965414047241
Pedestrian -1 -1 1.83 607.90673828125 163.9356231689453 643.8104858398438 256.70599365234375 1.8279330730438232 0.7239327430725098 1.0172102451324463 0.23072542250156403 1.6135767698287964 13.982150077819824 1.8485049932077597 0.6896421313285828
Truck -1 -1 1.98 25.001699447631836 0.38051605224609375 396.96178245544434 376.2254867553711 3.2301104068756104 2.229383707046509 7.627404689788818 -4.028381824493408 1.847808599472046 7.561344146728516 1.4889143568029537 0.5566526055335999
Pedestrian -1 -1 1.65 602.862060546875 166.49473571777344 636.4629516601562 251.04876708984375 1.7979469299316406 0.6895402073860168 0.9948274493217468 0.15771658718585968 1.5976685285568237 14.80454158782959 1.6579882045683734 0.48622074723243713
Car -1 -1 1.62 311.7952575683594 175.8203887939453 372.1138610839844 201.1761474609375 1.4181010723114014 1.5172853469848633 3.5999956130981445 -16.883752822875977 1.7802001237869263 45.75279235839844 1.2621234091685736 0.4793606400489807
Pedestrian -1 -1 1.83 612.689208984375 164.9021759033203 649.0451049804688 245.81048583984375 1.8045681715011597 0.6967915296554565 1.0096139907836914 0.3741734027862549 1.5439030528068542 14.75250244140625 1.8555649550782878 0.47933557629585266
Car -1 -1 -1.61 606.6572875976562 174.2680206298828 674.4296875 253.265625 1.5015782117843628 1.6446353197097778 4.147718906402588 0.5923581719398499 1.6501232385635376 17.14385414123535 -1.5775668781582022 0.43946531414985657
Cyclist -1 -1 -1.72 603.6986083984375 166.83753967285156 658.854736328125 256.7205505371094 1.730983853340149 0.554193913936615 1.7816487550735474 0.3715035915374756 1.609406590461731 13.993673324584961 -1.6889070907499493 0.42986682057380676
Pedestrian -1 -1 1.88 614.71630859375 163.6123046875 659.2244873046875 247.60549926757812 1.7941969633102417 0.710167646408081 0.9881801009178162 0.44157660007476807 1.5478967428207397 13.913294792175293 1.9165584707879404 0.42527902126312256
Car -1 -1 1.87 322.38641357421875 176.7362060546875 371.2743225097656 198.61801147460938 1.5615603923797607 1.6527013778686523 4.706127643585205 -16.826610565185547 1.6753000617027283 46.250946044921875 1.5191733994538286 0.41944563388824463
Car -1 -1 -1.59 600.4303588867188 170.36083984375 664.7175903320312 255.67514038085938 1.5331206321716309 1.646284818649292 3.977163314819336 0.4578646719455719 1.6460960507392883 17.39557456970215 -1.5616515176636891 0.36463087797164917
Pedestrian -1 -1 -0.46 15.701855659484863 163.90606689453125 240.282940864563 378.8827209472656 1.7289807796478271 0.6518598198890686 0.6077430248260498 -2.7704977989196777 1.5825138688087463 4.0608906745910645 -1.0614827522838102 0.34651410579681396
Car -1 -1 -1.59 615.5834350585938 167.75950622558594 667.4852294921875 236.5695343017578 1.587811827659607 1.6474707126617432 3.959681749343872 0.6069965958595276 1.601855993270874 17.63047218322754 -1.5601854035547777 0.33261483907699585
Pedestrian -1 -1 2.66 613.0458984375 169.66285705566406 639.7195434570312 256.01922607421875 1.5242472887039185 0.5792729258537292 0.7648536562919617 0.35625019669532776 1.5315346121788025 14.12501335144043 2.687436894013455 0.32891765236854553
Pedestrian -1 -1 1.74 619.8782348632812 163.81423950195312 664.5333862304688 234.0426788330078 1.724919319152832 0.718281090259552 0.9373570680618286 0.5114104151725769 1.4751853942871094 14.916391372680664 1.7770814833832933 0.3249451816082001
Car -1 -1 1.86 315.3347473144531 177.21630859375 362.8810729980469 198.78274536132812 1.5359277725219727 1.6208583116531372 4.631196975708008 -17.604496002197266 1.6693177819252014 47.21433639526367 1.5079564225316462 0.32204389572143555
Car -1 -1 2.11 18.043119430541992 115.81783294677734 348.7241802215576 381.77388763427734 1.8336513042449951 1.7057673931121826 4.302737712860107 -3.6235432624816895 1.7513424754142761 6.229148864746094 1.5811251649995128 0.3161434531211853
Pedestrian -1 -1 1.55 596.4955444335938 168.58560180664062 629.6533203125 247.20066833496094 1.7907692193984985 0.675563633441925 0.9719156622886658 0.0772293284535408 1.6024776101112366 15.012260437011719 1.555137466813445 0.31543421745300293
Cyclist -1 -1 1.35 14.337352752685547 164.4767303466797 258.10168075561523 373.20233154296875 1.746216058731079 0.5753657817840576 1.7486857175827026 -2.5724799633026123 1.5390745997428894 3.882551670074463 0.7675191091597284 0.31516018509864807
Van -1 -1 2.03 65.29585266113281 11.224369049072266 431.79762268066406 335.9854164123535 2.4780590534210205 2.024989366531372 6.695303916931152 -3.5824742317199707 1.753889262676239 6.632744789123535 1.5355403384298167 0.3119099736213684
Car -1 -1 2.01 298.8304748535156 174.84335327148438 364.23236083984375 200.95089721679688 1.391641616821289 1.4929989576339722 3.800025463104248 -18.130125045776367 1.791013240814209 46.25083923339844 1.6332747323253969 0.31077998876571655
Car -1 -1 1.64 315.4774169921875 177.87753295898438 377.81134033203125 203.64353942871094 1.4685794115066528 1.550571322441101 3.6966142654418945 -16.757572174072266 1.9415830969810486 45.58176803588867 1.2892759763952029 0.30298322439193726
Van -1 -1 2.02 23.619585037231445 110.08356475830078 388.3384265899658 377.52600860595703 2.120375394821167 1.827331304550171 5.0710906982421875 -3.582204818725586 1.8133925795555115 6.887717247009277 1.5439366888895565 0.30042368173599243
Car -1 -1 2.09 191.3393096923828 182.8015899658203 255.33267211914062 214.8427734375 1.4860421419143677 1.5739290714263916 4.106518268585205 -21.81421661376953 2.1992961764335632 40.893314361572266 1.601349000611898 0.29959821701049805
Car -1 -1 2.03 186.06179809570312 180.13241577148438 249.73696899414062 213.30064392089844 1.5364716053009033 1.5522781610488892 4.088699817657471 -21.712574005126953 2.00767719745636 40.26219177246094 1.5375044744278297 0.29618674516677856
Car -1 -1 -1.06 626.5422973632812 169.5158233642578 664.167236328125 205.395751953125 1.5502586364746094 1.637713074684143 4.090147495269775 1.7286572456359863 1.4543858170509338 36.499717712402344 -1.01221761049778 0.2903587818145752
Car -1 -1 2.25 5.3455610275268555 164.02638244628906 220.96934032440186 375.5391540527344 1.7133660316467285 1.6158076524734497 3.570070743560791 -3.2262470722198486 1.7260105609893799 3.7617647647857666 1.5361925207985534 0.2862066626548767
Pedestrian -1 -1 1.64 618.318603515625 166.13670349121094 655.5321044921875 229.41734313964844 1.7412928342819214 0.6703466773033142 0.9660597443580627 0.4341011345386505 1.4585965275764465 15.370184898376465 1.6723605391745977 0.2857787311077118
Car -1 -1 -1.3 623.3738403320312 168.3496856689453 666.876953125 210.67611694335938 1.5610464811325073 1.6666114330291748 4.171712875366211 1.6884247064590454 1.5012094378471375 35.25055694580078 -1.2485814798898183 0.28338560461997986
Pedestrian -1 -1 -0.06 0.5480117797851562 165.30519104003906 182.66101837158203 369.4229736328125 1.7349309921264648 0.6900951266288757 0.5574199557304382 -3.450436592102051 1.6403446793556213 4.4966254234313965 -0.715406406009822 0.2796553671360016
Car -1 -1 -1.62 605.702392578125 167.77304077148438 657.7944946289062 251.12310791015625 1.636970043182373 1.6646004915237427 4.157481670379639 0.42097634077072144 1.6082818508148193 17.304025650024414 -1.5971446440784627 0.27498412132263184
Cyclist -1 -1 2.13 -13.807730674743652 24.392322540283203 359.0663843154907 391.7456245422363 2.06978178024292 0.5696573853492737 1.8409873247146606 -2.9657962322235107 1.5717950463294983 4.9823317527771 1.5942264847963337 0.27339309453964233
Car -1 -1 -1.96 1143.8612060546875 314.17657470703125 1233.3822021484375 406.9787902832031 1.3749849796295166 1.571513295173645 4.033326625823975 3.514308452606201 1.7718229293823242 2.266207218170166 -0.9571579092812117 0.26920899748802185
Car -1 -1 1.97 210.46145629882812 181.25997924804688 270.2744140625 210.82481384277344 1.4789929389953613 1.500876784324646 4.001588821411133 -22.651044845581055 2.080425977706909 44.68641662597656 1.501715336881536 0.26827576756477356
Car -1 -1 -1.58 620.83349609375 164.3738250732422 668.9654541015625 228.2646026611328 1.6106066703796387 1.560196876525879 3.7304015159606934 1.207281470298767 1.6339613795280457 28.28028678894043 -1.5330266503209806 0.2656954526901245
Car -1 -1 0.74 914.3074951171875 203.24090576171875 1237.0096435546875 371.9969177246094 1.6663916110992432 1.6169660091400146 4.115316867828369 3.106522560119629 1.6533867120742798 2.750214099884033 1.584290343042225 0.26335158944129944
Car -1 -1 2.12 215.40078735351562 183.3531494140625 276.8291931152344 215.5125274658203 1.392712950706482 1.5901418924331665 4.35870885848999 -21.53215980529785 2.2438787817955017 42.391719818115234 1.6520326159965846 0.263182133436203
Car -1 -1 2.0 199.66427612304688 181.34632873535156 260.1167907714844 212.67506408691406 1.4671343564987183 1.506159782409668 4.042941093444824 -22.437135696411133 2.091334044933319 42.87047576904297 1.515009382688226 0.26096850633621216
Pedestrian -1 -1 2.75 616.9837036132812 172.388427734375 645.1328735351562 253.21388244628906 1.5249860286712646 0.5646133422851562 0.7841832637786865 0.3966904282569885 1.5132033824920654 13.729782104492188 2.782944410227378 0.2601328492164612
Car -1 -1 1.87 307.40936279296875 177.07191467285156 353.1325378417969 198.8696746826172 1.5338194370269775 1.5966776609420776 4.555613040924072 -18.54810333251953 1.6520509123802185 48.16100311279297 1.5007025308565538 0.2557682394981384
Car -1 -1 1.95 219.13563537597656 180.80206298828125 277.97216796875 209.02403259277344 1.5026459693908691 1.5134676694869995 3.9814789295196533 -22.816097259521484 2.0181809663772583 45.851356506347656 1.4843685561508728 0.2531845271587372
Pedestrian -1 -1 2.38 618.8941040039062 173.49002075195312 743.5747680664062 277.048583984375 1.6837177276611328 0.6550909876823425 0.8431959748268127 0.888149619102478 1.545293152332306 10.125653266906738 2.4675157636537453 0.24759498238563538
Car -1 -1 1.84 313.322265625 180.3040771484375 377.35479736328125 208.29612731933594 1.4207239151000977 1.5254706144332886 3.808058261871338 -17.038902282714844 2.1558244228363037 46.0048713684082 1.483570755397177 0.24539627134799957
Car -1 -1 -1.59 612.689208984375 164.9021759033203 649.0451049804688 245.81048583984375 1.6457170248031616 1.5704313516616821 3.8336074352264404 0.3659767806529999 1.641738474369049 20.667308807373047 -1.5757447534268092 0.24323919415473938
Car -1 -1 2.3 10.06202507019043 144.00355529785156 175.80352592468262 350.6661071777344 1.7097722291946411 1.7433438301086426 4.558282852172852 -4.925415515899658 1.7736663222312927 4.647891521453857 1.4899096906592053 0.23625655472278595
Truck -1 -1 2.05 7.372368812561035 25.156599044799805 321.1646661758423 358.61097526550293 3.6287946701049805 2.2755930423736572 7.918984889984131 -5.8547515869140625 1.8444767147302628 9.657692909240723 1.5028068879181413 0.2331821471452713
Car -1 -1 2.1 29.171375274658203 57.112457275390625 393.6533088684082 377.5224609375 1.9263231754302979 1.7387113571166992 4.5639519691467285 -3.590740203857422 1.7261059284210205 6.646919250488281 1.6031219751898096 0.2306329607963562
Pedestrian -1 -1 1.67 609.99365234375 170.28204345703125 665.5843505859375 248.2561798095703 1.7911570072174072 0.6410912871360779 0.9131743907928467 0.6285381317138672 1.5948341488838196 14.299612045288086 1.7148858862319631 0.22765043377876282
Cyclist -1 -1 -1.5 605.3527221679688 165.0481719970703 643.4313354492188 252.8263397216797 1.810374140739441 0.5354838967323303 1.8332314491271973 0.18473654985427856 1.6120609045028687 15.74152660369873 -1.4857070876117628 0.2268371284008026
Car -1 -1 2.07 224.014404296875 182.39102172851562 282.2532653808594 213.62945556640625 1.3855159282684326 1.6213781833648682 4.294858932495117 -20.898534774780273 2.2465291023254395 42.2071418762207 1.6137181941722591 0.22681781649589539
Car -1 -1 2.1 -13.807730674743652 24.392322540283203 359.0663843154907 391.7456245422363 2.2699599266052246 1.8561179637908936 4.895267009735107 -3.6970584392547607 1.7271401286125183 6.173861503601074 1.5619424173879102 0.22561967372894287
Pedestrian -1 -1 1.71 601.341796875 172.11669921875 658.4927368164062 261.3365173339844 1.7385973930358887 0.6562675833702087 0.8821510672569275 0.47391557693481445 1.6797555685043335 13.395124435424805 1.7427045224465392 0.2248840630054474
Cyclist -1 -1 -1.67 607.1847534179688 169.30279541015625 650.237060546875 261.9727783203125 1.7477607727050781 0.568501353263855 1.7454314231872559 0.21126115322113037 1.623669981956482 14.01608657836914 -1.6555090690193799 0.22470331192016602
Car -1 -1 -1.6 614.71630859375 163.6123046875 659.2244873046875 247.60549926757812 1.6822305917739868 1.583508014678955 3.808042526245117 0.48413240909576416 1.6345549821853638 19.706321716308594 -1.5744534072699476 0.22411546111106873
Van -1 -1 2.07 -9.334123611450195 53.52018737792969 343.71534538269043 384.7048797607422 2.4797182083129883 2.0408694744110107 6.211685657501221 -3.4408559799194336 1.794211208820343 5.970531463623047 1.547058836468647 0.2181587815284729
Car -1 -1 2.11 14.432516098022461 71.0478744506836 261.4034481048584 369.44527435302734 2.101439952850342 1.8700342178344727 4.743263244628906 -3.409881830215454 1.8803848624229431 4.101009845733643 1.416188092002482 0.21563707292079926
Car -1 -1 -0.64 1138.16455078125 326.2394714355469 1227.7396240234375 417.1759948730469 1.3556632995605469 1.58936607837677 4.228122711181641 3.9557111263275146 1.999879002571106 2.865628242492676 0.3004660535504051 0.21471789479255676
Car -1 -1 1.61 313.0196533203125 170.37692260742188 367.8786315917969 195.5990447998047 1.4183650016784668 1.5284854173660278 3.8715875148773193 -17.285558700561523 1.347066342830658 46.21150588989258 1.2531612571581174 0.20966912806034088
Cyclist -1 -1 2.55 14.432516098022461 71.0478744506836 261.4034481048584 369.44527435302734 2.1557347774505615 0.6421170830726624 1.9162551164627075 -2.4244461059570312 1.61187344789505 3.2603886127471924 1.9078915537092787 0.2094568908214569
Car -1 -1 1.88 300.1374816894531 176.5905303955078 344.029052734375 198.53866577148438 1.5447180271148682 1.578003168106079 4.463953971862793 -19.320194244384766 1.5984366536140442 48.62223815917969 1.5061165874481413 0.20698091387748718
Car -1 -1 1.91 229.15707397460938 178.47442626953125 280.86224365234375 206.22775268554688 1.506155014038086 1.499734878540039 3.9570555686950684 -22.306068420410156 1.6804529428482056 45.37674331665039 1.4503361313875471 0.20662115514278412
Cyclist -1 -1 -1.69 610.7523803710938 165.4407196044922 653.1178588867188 249.66563415527344 1.793191909790039 0.5810523629188538 1.8704042434692383 0.4357243478298187 1.5468149781227112 14.509600639343262 -1.659035211360429 0.20467253029346466
Cyclist -1 -1 2.53 8.904304504394531 110.24297332763672 325.02323150634766 378.4023666381836 2.0245957374572754 0.6479251980781555 1.915268898010254 -2.722858428955078 1.6206061244010925 4.256904602050781 1.9621254453635606 0.20292729139328003
Van -1 -1 2.08 -64.71324920654297 33.93071746826172 461.24805450439453 381.3175582885742 2.249431610107422 1.8365614414215088 5.766496658325195 -3.1637163162231445 1.6608824729919434 6.1428542137146 1.6084836862125842 0.20252129435539246
Car -1 -1 -1.67 625.509521484375 165.3975067138672 664.3015747070312 219.0390625 1.5967098474502563 1.6496397256851196 3.9501216411590576 1.5017584562301636 1.6793970465660095 30.80094337463379 -1.6170708628303903 0.20206037163734436
Car -1 -1 2.04 293.05047607421875 176.71945190429688 359.58416748046875 205.094970703125 1.408139705657959 1.4885361194610596 3.8087737560272217 -18.55049705505371 1.9474647045135498 46.7089958190918 1.66284842510027 0.20150263607501984
Truck -1 -1 1.88 56.112037658691406 9.123472213745117 409.08231353759766 315.93990898132324 3.1618313789367676 2.3511545658111572 7.380665302276611 -4.365778923034668 1.5562440175563097 7.648402214050293 1.358010891450233 0.1965518593788147
Car -1 -1 -1.6 622.2574462890625 169.1366424560547 661.996826171875 224.6328887939453 1.5540465116500854 1.5869075059890747 3.827080249786377 1.2468981742858887 1.6489892601966858 27.403182983398438 -1.5543828721935489 0.19121041893959045
Car -1 -1 -1.59 617.7503662109375 174.18646240234375 710.222412109375 257.1249694824219 1.5311576128005981 1.6561635732650757 4.0519232749938965 0.8353778719902039 1.6001963019371033 15.595011711120605 -1.535846393464018 0.1897066831588745
Pedestrian -1 -1 0.65 -9.023019790649414 111.37732696533203 327.90199851989746 386.16407012939453 1.9613219499588013 0.657769501209259 0.8236952424049377 -3.292038679122925 1.7085790634155273 5.585306644439697 0.11859200303115047 0.18692392110824585
Pedestrian -1 -1 1.61 607.2281494140625 169.31295776367188 671.6986083984375 260.40399169921875 1.6668211221694946 0.6165816187858582 0.8036007881164551 0.5785425305366516 1.5988473296165466 12.685529708862305 1.6569432903879964 0.18629859387874603
Car -1 -1 1.78 631.8247680664062 169.4506378173828 661.5716552734375 200.72422790527344 1.60970938205719 1.6415561437606812 3.884751558303833 1.9883973598480225 1.4995126128196716 39.41707229614258 1.8266801297638278 0.18502001464366913
Pedestrian -1 -1 -1.01 99.65235137939453 191.83140563964844 189.55245971679688 320.1182556152344 1.6156150102615356 0.6323677897453308 0.5990211963653564 -4.447689056396484 1.6308667063713074 7.028453826904297 -1.5700575108048307 0.18213072419166565
Car -1 -1 2.04 265.25653076171875 174.81698608398438 316.8527526855469 203.2570343017578 1.4897656440734863 1.5422015190124512 3.820063352584839 -21.17868995666504 1.7801380157470703 47.803016662597656 1.6188680253078545 0.18090762197971344
Pedestrian -1 -1 1.3 88.5232162475586 197.79049682617188 199.25233459472656 330.46697998046875 1.571860671043396 0.6344696879386902 0.6115530729293823 -4.13330078125 1.6633813381195068 6.4892072677612305 0.7363816901808065 0.1792604774236679
Cyclist -1 -1 2.13 18.291513442993164 61.127098083496094 393.5469150543213 378.2994613647461 2.0083401203155518 0.6933081150054932 1.88276207447052 -2.935899257659912 1.6500141024589539 5.282544136047363 1.6199260015935257 0.1780690997838974
Car -1 -1 1.96 294.41796875 177.4972686767578 348.7644958496094 202.0770263671875 1.404280424118042 1.4905738830566406 3.7669076919555664 -19.73006820678711 1.7337394952774048 48.769107818603516 1.5720948684451717 0.17704209685325623
Car -1 -1 2.02 311.2940673828125 176.81935119628906 361.0843505859375 206.00039672851562 1.5556633472442627 1.5523815155029297 3.8009369373321533 -17.375356674194336 1.961846113204956 45.971492767333984 1.653942387996251 0.17691831290721893
Car -1 -1 2.15 193.26747131347656 187.01287841796875 258.3016052246094 218.886962890625 1.4183510541915894 1.5832099914550781 4.0474772453308105 -20.54412269592285 2.2947115302085876 38.59621810913086 1.6604702583670585 0.17653974890708923
Car -1 -1 -1.41 624.9192504882812 168.2071533203125 658.4549560546875 213.27378845214844 1.5681700706481934 1.6047744750976562 4.000730991363525 1.6971561908721924 1.6192975044250488 35.89820098876953 -1.3606568137840993 0.17493927478790283
Cyclist -1 -1 2.24 38.389610290527344 171.18963623046875 308.0236129760742 368.97015380859375 1.7490168809890747 0.6026254892349243 1.8472120761871338 -2.983335018157959 1.6352935433387756 5.087667465209961 1.7146035750255662 0.17347697913646698
Pedestrian -1 -1 1.97 604.7334594726562 172.5099334716797 698.2608642578125 261.2360534667969 1.6299232244491577 0.6808068752288818 0.8167730569839478 0.6715661883354187 1.5502477884292603 12.755372047424316 2.0184007011031184 0.17179009318351746
Car -1 -1 1.94 327.8728942871094 176.25668334960938 378.71942138671875 198.99563598632812 1.560867190361023 1.6521402597427368 4.597193717956543 -15.701238632202148 1.6777671575546265 44.55659103393555 1.6003397528976375 0.17054297029972076
Car -1 -1 -2.45 1129.9012451171875 299.7920227050781 1233.6849365234375 392.9861755371094 1.4432464838027954 1.6207326650619507 3.9877817630767822 2.9297924041748047 1.6047129034996033 1.8484104871749878 -1.4392655772791958 0.1680671125650406
Car -1 -1 1.89 631.7630004882812 167.11863708496094 658.0548095703125 206.2091522216797 1.5733356475830078 1.6662440299987793 4.1151347160339355 1.8930405378341675 1.534130871295929 39.94756317138672 1.9333279969618848 0.16635793447494507
Pedestrian -1 -1 -0.72 112.69465637207031 184.51719665527344 180.62432861328125 304.86785888671875 1.6349380016326904 0.605760931968689 0.5592347383499146 -5.458832263946533 1.6517757773399353 8.668267250061035 -1.2777639589842789 0.16470924019813538
Car -1 -1 2.06 222.9515380859375 183.1407012939453 273.2281188964844 211.0162353515625 1.3731168508529663 1.5575610399246216 3.916471481323242 -21.183462142944336 2.234677255153656 42.21281814575195 1.597990896065479 0.16307152807712555
Pedestrian -1 -1 1.44 622.32861328125 164.5908966064453 667.8084716796875 221.8748779296875 1.7746204137802124 0.731438934803009 0.9200257062911987 0.6863347887992859 1.4630106687545776 18.6236629486084 1.4743171016289232 0.16092786192893982
Car -1 -1 2.11 205.07467651367188 172.33859252929688 256.6231384277344 207.79180908203125 1.5640385150909424 1.530037522315979 3.9082343578338623 -22.15643882751465 1.7320290207862854 42.49654006958008 1.629548959228508 0.16008196771144867
Car -1 -1 2.03 232.92140197753906 181.3206024169922 285.96319580078125 210.2338409423828 1.4908537864685059 1.626340389251709 4.180691242218018 -22.39691162109375 2.1443482637405396 46.2252311706543 1.5751795528033439 0.1492013782262802