Car -1 -1 -1.46 439.3359375 176.84133911132812 525.9070434570312 245.59381103515625 1.6513240337371826 1.7403665781021118 4.651503086090088 -3.3084309101104736 1.4820578694343567 19.79151725769043 -1.6229339595192744 0.898900032043457
Car -1 -1 -1.58 556.419921875 180.7050018310547 611.873779296875 230.4685821533203 1.594343662261963 1.685001254081726 3.8572893142700195 -0.8044679760932922 1.463617742061615 24.937009811401367 -1.615278153548017 0.8815063834190369
Car -1 -1 -1.37 377.98455810546875 183.4000701904297 437.64215087890625 220.38206481933594 1.495009183883667 1.6593438386917114 4.074281215667725 -8.488215446472168 1.4503629207611084 30.915538787841797 -1.6368610823167167 0.8693493604660034
Car -1 -1 -0.96 0.3574936091899872 164.18043518066406 358.394358843565 374.4021301269531 1.7180193662643433 1.6765004396438599 4.133423805236816 -3.2782115936279297 1.5808654427528381 4.94862699508667 -1.5419722815192536 0.8673598170280457
Car -1 -1 -1.12 225.28717041015625 181.3753662109375 356.2133483886719 245.35519409179688 1.5549952983856201 1.6404354572296143 3.7225024700164795 -7.999547004699707 1.434379518032074 18.691072463989258 -1.520299725888167 0.8297136425971985
Car -1 -1 -1.47 495.9825439453125 182.52362060546875 537.31494140625 217.41973876953125 1.5220386981964111 1.609890341758728 3.849966049194336 -4.229999542236328 1.4648897647857666 33.779239654541016 -1.5950538777995318 0.7468627095222473
Car -1 -1 2.53 341.2137145996094 182.76254272460938 388.9410705566406 210.25486755371094 1.417884111404419 1.5567436218261719 3.789191722869873 -13.28565788269043 1.312233567237854 39.461395263671875 2.2067566331938577 0.739812433719635
Car -1 -1 -1.5 524.197021484375 184.69912719726562 553.131103515625 207.05337524414062 1.451387643814087 1.6287658214569092 4.060160160064697 -4.618100643157959 1.4204756617546082 48.91905212402344 -1.5913734347234758 0.648786723613739
Car -1 -1 -1.48 486.3891906738281 181.7352752685547 535.6788330078125 220.1361541748047 1.5559520721435547 1.632401466369629 4.417210578918457 -4.3296308517456055 1.4960522055625916 33.31154251098633 -1.6103927518221717 0.6218127608299255
Car -1 -1 0.82 692.6803588867188 235.4763641357422 1023.3584594726562 375.60076904296875 1.6312215328216553 1.5203171968460083 3.475374937057495 0.9086707830429077 1.7048173546791077 2.7855629920959473 1.1305982791993117 0.39972877502441406
Car -1 -1 -1.53 470.7417297363281 178.8567352294922 534.1041259765625 227.09249877929688 1.6546255350112915 1.683152675628662 4.335618495941162 -4.306809425354004 1.5467642545700073 32.22453689575195 -1.6641659773455721 0.38045787811279297
Car -1 -1 0.71 715.693115234375 247.32643127441406 995.3240356445312 367.9526062011719 1.459640622138977 1.5398200750350952 3.3197286128997803 0.9230393171310425 1.7140271663665771 2.6319162845611572 1.0436228911671392 0.3771229088306427
Car -1 -1 -1.46 453.2134094238281 179.3524932861328 529.3447875976562 239.69654846191406 1.5553441047668457 1.6613661050796509 4.444541931152344 -3.2227628231048584 1.4685361981391907 20.20328712463379 -1.6165092778922272 0.3718108832836151
Car -1 -1 -1.53 519.9970703125 183.13983154296875 550.4500122070312 208.9799346923828 1.5637317895889282 1.6082903146743774 4.210183620452881 -4.6075263023376465 1.4575914144515991 48.29047775268555 -1.6281849124178098 0.36900830268859863
Car -1 -1 0.75 750.7727661132812 231.5558319091797 1082.892822265625 371.4532775878906 1.527043342590332 1.6329560279846191 4.1657891273498535 2.4030048847198486 1.8406319618225098 2.6838929653167725 1.4829778614484725 0.3461659848690033
Van -1 -1 -1.56 216.04678344726562 180.75196838378906 365.4589538574219 251.3893280029297 1.7444595098495483 1.7072160243988037 4.282551288604736 -7.995251178741455 1.5290362238883972 18.656906127929688 -1.967109019705254 0.30697885155677795
Car -1 -1 -1.46 440.3694763183594 178.19874572753906 509.29437255859375 238.8071746826172 1.6459251642227173 1.7055065631866455 4.248716354370117 -3.4816734790802 1.4354159235954285 19.58720588684082 -1.6372540540509366 0.2790602445602417
Van -1 -1 -1.46 440.5777587890625 178.05979919433594 522.7479858398438 245.9745330810547 1.8363914489746094 1.7754552364349365 4.505630016326904 -3.401120662689209 1.583091914653778 20.31364631652832 -1.623862988127148 0.2519480884075165
Car -1 -1 -1.78 168.32211303710938 170.5719451904297 360.0929870605469 269.887451171875 1.5374805927276611 1.7138748168945312 4.060627460479736 -8.477956771850586 1.460899531841278 18.882368087768555 -2.20628492750318 0.23253752291202545
Car -1 -1 0.73 784.5161743164062 245.0786895751953 1048.8577880859375 370.670166015625 1.5697638988494873 1.6549603939056396 4.111747741699219 2.3703861236572266 1.830367922782898 2.566709280014038 1.4803527865802986 0.21898475289344788
Car -1 -1 -1.01 21.219348907470703 155.224609375 320.0333442687988 349.5355224609375 1.7531993389129639 1.7141488790512085 4.2714619636535645 -3.585317373275757 1.5685986280441284 5.183741569519043 -1.6158707964587062 0.21718654036521912
Car -1 -1 0.73 738.33056640625 257.2600402832031 1026.7081298828125 370.6844482421875 1.4766558408737183 1.5988109111785889 3.638824462890625 0.608843982219696 1.674332082271576 2.3522138595581055 0.9872247698538974 0.21509939432144165
Car -1 -1 -1.92 199.13876342773438 177.15377807617188 359.0921936035156 255.2845458984375 1.5659525394439697 1.6748555898666382 3.917358160018921 -8.058704376220703 1.4996698498725891 18.70640754699707 -2.3305799775737395 0.20271717011928558
Van -1 -1 -0.92 7.380546569824219 168.05178833007812 354.64913177490234 379.4095458984375 1.8592609167099 1.7569807767868042 3.9178755283355713 -3.632443428039551 1.7014158964157104 5.431168556213379 -1.514340831432599 0.19624453783035278
Car -1 -1 -1.47 506.82794189453125 184.34521484375 542.5278930664062 217.2377471923828 1.4779918193817139 1.5869942903518677 3.9262919425964355 -4.029098033905029 1.486861228942871 34.79887008666992 -1.5817996719273797 0.19539745151996613
Car -1 -1 -1.61 559.1947021484375 180.06956481933594 604.4911499023438 222.7461700439453 1.6856805086135864 1.6937518119812012 4.021481513977051 -0.9508455395698547 1.470693051815033 26.548099517822266 -1.6422572522658196 0.1911308467388153
Car -1 -1 0.79 680.458984375 215.5625762939453 1002.372802734375 365.6470947265625 1.5658531188964844 1.5998082160949707 3.7389533519744873 1.2132753133773804 1.62151437997818 2.8571841716766357 1.196501676471442 0.18594546616077423
Car -1 -1 2.99 265.96514892578125 183.307373046875 341.6812744140625 220.94483947753906 1.4465452432632446 1.5179091691970825 3.6209871768951416 -13.080195426940918 1.4051474332809448 31.208803176879883 2.597811425450094 0.17760992050170898
Car -1 -1 -1.6 513.1172485351562 183.9897918701172 544.2198486328125 209.2832794189453 1.4768047332763672 1.618788242340088 3.96978759765625 -4.783934593200684 1.4052687287330627 47.49571228027344 -1.7013064961630473 0.1766473352909088
Car -1 -1 -1.3 180.61465454101562 183.15066528320312 365.1256103515625 278.67510986328125 1.6741816997528076 1.6502635478973389 4.041434288024902 -8.435991287231445 1.6022918820381165 19.195703506469727 -1.7154659265207037 0.17542141675949097
Car -1 -1 -1.44 356.0197448730469 182.506103515625 415.64666748046875 214.5889129638672 1.4470651149749756 1.6562769412994385 3.7813472747802734 -9.819171905517578 1.3954132795333862 33.38606643676758 -1.7256871013889548 0.16221418976783752
Car -1 -1 -1.21 258.0268859863281 182.07286071777344 348.02398681640625 226.67503356933594 1.505211591720581 1.5347816944122314 3.6143059730529785 -8.897894859313965 1.355026662349701 20.839599609375 -1.6185017652245843 0.15605846047401428
Car -1 -1 -1.54 510.7553405761719 185.64529418945312 546.1080322265625 214.699462890625 1.424185872077942 1.612764835357666 4.0551652908325195 -4.146476745605469 1.4753419160842896 38.03592300415039 -1.6498525614237458 0.15389449894428253
Car -1 -1 -1.35 170.7748565673828 186.25238037109375 366.56951904296875 310.68670654296875 1.6866909265518188 1.591890811920166 4.0500969886779785 -8.257046699523926 1.799325406551361 17.80704689025879 -1.7797026541272425 0.1389676183462143
Car -1 -1 -1.64 127.40933990478516 175.6126251220703 353.7764358520508 296.98541259765625 1.4697390794754028 1.6681510210037231 4.097593784332275 -7.059732913970947 1.7049333453178406 13.512293815612793 -2.124116723490702 0.1102796345949173
Car -1 -1 -1.16 110.57731628417969 185.01486206054688 365.34942626953125 328.1866149902344 1.6068944931030273 1.5733925104141235 3.8562421798706055 -6.853044509887695 1.812109112739563 13.67553997039795 -1.622824207708418 0.10264263302087784