Car -1 -1 1.72 525.4758911132812 181.47039794921875 569.719482421875 214.3251190185547 1.4917833805084229 1.544207215309143 3.498945951461792 -2.95310115814209 1.898197054862976 34.70173645019531 1.6399597835133646 0.8624797463417053
Car -1 -1 -1.6 672.592529296875 171.8999481201172 724.40234375 214.47096252441406 1.529803991317749 1.608517050743103 3.517932176589966 3.4750893115997314 1.5546937584877014 28.14410972595215 -1.4734810533083227 0.8250810503959656
Van -1 -1 -1.93 792.045166015625 79.33011627197266 1211.1368408203125 382.3205337524414 2.1335973739624023 1.9299323558807373 5.111352920532227 3.3882951736450195 1.5726454854011536 7.344381809234619 -1.4991316036616817 0.8001378178596497
Car -1 -1 1.32 718.8082885742188 164.56153869628906 843.2537231445312 262.1712341308594 1.7885048389434814 1.6534321308135986 3.8955891132354736 3.3983306884765625 1.6151724457740784 14.943663597106934 1.5434531997264616 0.7945258021354675
Car -1 -1 1.67 576.5764770507812 176.1117401123047 614.4306030273438 206.22592163085938 1.7134597301483154 1.6119859218597412 3.619218111038208 -0.8618104457855225 1.9173271656036377 42.42388153076172 1.6493181823202923 0.7650005221366882
Car -1 -1 2.97 668.5476684570312 173.9002685546875 717.0441284179688 209.16773986816406 1.5114632844924927 1.571838140487671 3.527709484100342 3.8250651359558105 1.6332451701164246 35.44750213623047 3.0795291928160697 0.5223033428192139
Van -1 -1 1.34 716.4954833984375 163.6139678955078 842.2127075195312 260.2367858886719 1.8878803253173828 1.765028715133667 4.329320907592773 3.504302978515625 1.6909304857254028 15.572776794433594 1.5625913642129081 0.4459042549133301
Car -1 -1 -1.9 786.469482421875 82.69869995117188 1219.136962890625 385.41168212890625 2.049180269241333 1.781830072402954 4.598059177398682 2.994518518447876 1.5478285551071167 6.72980260848999 -1.4799246811126157 0.4272575378417969
Car -1 -1 1.99 666.3528442382812 175.56089782714844 710.21875 206.5992889404297 1.4419811964035034 1.6014882326126099 3.620450496673584 3.9300601482391357 1.6089661121368408 37.181556701660156 2.0942876792944594 0.3611639142036438
Car -1 -1 1.65 663.06787109375 174.0102996826172 704.0321044921875 205.7718505859375 1.5013232231140137 1.584793210029602 3.9268887042999268 3.908812999725342 1.6195773482322693 37.936561584472656 1.7482779081883537 0.34421905875205994
Car -1 -1 1.72 659.0407104492188 171.82553100585938 698.1133422851562 204.4333953857422 1.5876097679138184 1.6853673458099365 4.185396671295166 3.615295886993408 1.623533010482788 39.907596588134766 1.8062744849419543 0.29297637939453125
Car -1 -1 -2.6 1159.8773193359375 160.03233337402344 1252.2725830078125 380.0126953125 1.7334444522857666 1.553621530532837 3.5479860305786133 1.9048138856887817 1.3846952319145203 1.050610065460205 -1.5317556012456972 0.2842024862766266
Car -1 -1 -2.56 1168.0997314453125 187.0459747314453 1246.312255859375 353.4411926269531 1.7718597650527954 1.6175566911697388 3.7501676082611084 1.9249858856201172 1.3508295118808746 1.2715331315994263 -1.5707982208783609 0.24926072359085083
Car -1 -1 -2.02 931.2529296875 120.19114685058594 1227.16015625 374.9169616699219 1.7988502979278564 1.740586757659912 4.399212837219238 3.637030601501465 1.5120097398757935 6.136451721191406 -1.4810203126968826 0.2373514473438263
Van -1 -1 -2.4 775.5533447265625 37.75366973876953 1178.9410400390625 340.78202056884766 2.409726619720459 2.0894103050231934 5.446242332458496 3.3377370834350586 1.5995156466960907 6.650392532348633 -1.9307783965087566 0.2290450930595398
Car -1 -1 1.81 651.7448120117188 170.6560516357422 689.6553955078125 201.51951599121094 1.5518126487731934 1.7141635417938232 4.358952522277832 3.458824872970581 1.5560876727104187 42.628562927246094 1.8880518850910937 0.21343587338924408
Car -1 -1 1.39 724.0488891601562 166.0939178466797 827.1099853515625 251.2162322998047 1.6220757961273193 1.6135571002960205 3.8454692363739014 3.4479713439941406 1.5479604005813599 15.595071792602539 1.6030417348664479 0.21279840171337128
Car -1 -1 -2.63 1170.717041015625 229.46707153320312 1246.0570068359375 367.8761291503906 1.7187565565109253 1.602704405784607 3.951143503189087 2.097649097442627 1.4537257552146912 1.3978534936904907 -1.6494957454280232 0.20976917445659637
Car -1 -1 -1.61 678.3631591796875 168.60060119628906 731.17724609375 211.07298278808594 1.558089256286621 1.5940814018249512 3.473405122756958 3.3952388763427734 1.5079668760299683 27.212778091430664 -1.483805053641916 0.20126645267009735
Car -1 -1 -0.05 737.461669921875 45.05393981933594 1257.291259765625 360.0338592529297 1.7173508405685425 1.6253520250320435 4.798137664794922 2.075040102005005 1.5539759397506714 5.639540672302246 0.2988163491722724 0.19748222827911377
Car -1 -1 -2.43 1214.1717529296875 130.69390869140625 1242.28515625 376.9003601074219 1.61116361618042 1.6231600046157837 3.9076015949249268 3.310448169708252 1.5570812225341797 1.766594409942627 -1.349006567495974 0.18717969954013824
Car -1 -1 -2.7 1196.8665771484375 231.7611846923828 1239.1971435546875 379.0835266113281 1.4974827766418457 1.6829262971878052 3.9270987510681152 2.5466501712799072 1.4443970918655396 1.3551955223083496 -1.6204530772151458 0.18514570593833923
Car -1 -1 -2.7 1207.8502197265625 229.5072784423828 1239.7027587890625 378.0021057128906 1.5314860343933105 1.6485364437103271 3.825439929962158 2.105081558227539 1.340506136417389 1.1210359334945679 -1.622650260512665 0.17951659858226776
Car -1 -1 -2.68 1215.27490234375 166.25076293945312 1240.03125 364.9468994140625 1.5968148708343506 1.6007457971572876 3.628066062927246 2.7765276432037354 1.4202743768692017 1.4976794719696045 -1.6041275301750293 0.15447211265563965