Car -1 -1 -1.06 908.4158935546875 148.99998474121094 1092.904296875 248.56541442871094 1.4823039770126343 1.5406361818313599 3.037522077560425 6.993982315063477 1.129788726568222 12.81478500366211 -0.5559003301494965 0.8675503134727478
Car -1 -1 2.77 277.1319274902344 168.08395385742188 468.1965026855469 224.4524688720703 1.4509326219558716 1.7306487560272217 4.6894731521606445 -6.257175445556641 1.3281983733177185 19.20221710205078 2.459024912162768 0.8081855177879333
Car -1 -1 2.41 882.8158569335938 148.3752899169922 1022.3983764648438 202.2245635986328 1.5675386190414429 1.6123079061508179 4.1601457595825195 10.66882610321045 0.7628940008580685 22.2668399810791 2.8550158999981896 0.7324260473251343
Car -1 -1 2.42 1198.7955322265625 153.42401123046875 1240.27392578125 191.1919403076172 1.4370993375778198 1.6147634983062744 3.80971622467041 24.72050666809082 0.6675178855657578 27.35240364074707 -3.1272721455864545 0.7000266313552856
Car -1 -1 2.54 894.7330322265625 144.75216674804688 1036.9503173828125 205.4577178955078 1.5632901191711426 1.577375054359436 3.8397576808929443 10.693549156188965 0.7831302684498951 21.795469284057617 2.9958423739954636 0.6463972330093384
Car -1 -1 2.47 1200.8262939453125 154.89491271972656 1235.3265380859375 195.29327392578125 1.568912148475647 1.6345137357711792 4.044732093811035 25.596214294433594 0.8779494911432266 28.26067352294922 -3.0791874246608257 0.6353990435600281
Car -1 -1 2.68 891.0186767578125 146.1621856689453 1058.662841796875 217.7919464111328 1.554997444152832 1.624293327331543 3.6468048095703125 10.810385704040527 0.741347286850214 21.86663818359375 3.1343303169406553 0.4837624430656433
Car -1 -1 2.63 1209.9609375 148.9114990234375 1241.4691162109375 188.65203857421875 1.465236783027649 1.6704541444778442 4.246675491333008 24.101036071777344 0.6272213011980057 26.58902359008789 -2.915082597613398 0.390758752822876
Car -1 -1 2.48 1209.677734375 151.55645751953125 1238.5372314453125 194.73785400390625 1.6014244556427002 1.6408573389053345 4.102770805358887 25.7285213470459 0.8182497136294842 27.991931915283203 -3.061052661940204 0.3834720551967621
Van -1 -1 -1.05 910.9149780273438 148.28221130371094 1086.671142578125 245.83030700683594 1.7736337184906006 1.6533167362213135 3.725541353225708 7.346431255340576 1.2477954626083374 13.652425765991211 -0.5560517899273751 0.3576599359512329
Car -1 -1 -3.06 894.1998901367188 146.3895721435547 1076.5697021484375 233.61378479003906 1.5768836736679077 1.5369559526443481 3.3961589336395264 10.278614044189453 0.7092858627438545 20.662046432495117 -2.5934755983126294 0.3178262412548065
Car -1 -1 2.63 1203.315185546875 148.71315002441406 1237.91259765625 189.18824768066406 1.4597464799880981 1.6913678646087646 4.294960021972656 24.068695068359375 0.5976083427667618 26.832448959350586 -2.925523670232037 0.30056872963905334
Van -1 -1 2.46 883.02392578125 146.64540100097656 1024.9586181640625 201.35595703125 1.7373546361923218 1.7480049133300781 4.236876010894775 11.083338737487793 0.8235575519502163 22.972673416137695 2.907569039228852 0.28170251846313477
Car -1 -1 2.52 1203.4293212890625 154.28878784179688 1243.3115234375 195.55638122558594 1.5777082443237305 1.6373822689056396 4.030041694641113 25.402414321899414 0.8918564468622208 27.78127098083496 -3.021214239752357 0.26368290185928345
Car -1 -1 2.43 1219.00537109375 152.1265411376953 1241.827880859375 192.11279296875 1.6208264827728271 1.6408650875091553 4.065557479858398 25.641342163085938 0.7788667753338814 27.835378646850586 -3.1062314601598517 0.252268522977829
Car -1 -1 2.75 1214.50537109375 146.29673767089844 1242.3897705078125 185.9571533203125 1.554714560508728 1.678696870803833 3.9149041175842285 24.785356521606445 0.5803674757480621 27.20955467224121 -2.7965590058996384 0.23959000408649445
Car -1 -1 2.56 1196.849609375 145.1388397216797 1239.647216796875 188.40208435058594 1.5526689291000366 1.629665493965149 4.261790752410889 24.172256469726562 0.5838158577680588 25.935787200927734 -2.9706306761370325 0.22602665424346924
Car -1 -1 2.1 327.0345458984375 166.5286865234375 437.2415466308594 205.296875 1.4906545877456665 1.6375987529754639 4.562866687774658 -9.574584007263184 1.2176061570644379 30.835514068603516 1.796920939276152 0.21543645858764648
Car -1 -1 2.62 302.9819030761719 168.05145263671875 457.3723449707031 218.25015258789062 1.4680241346359253 1.6214449405670166 4.380596160888672 -6.894768238067627 1.3086812496185303 21.84441375732422 2.310374703640597 0.21393658220767975
Car -1 -1 -1.1 926.3349609375 148.2340545654297 1088.748779296875 231.7689971923828 1.541540265083313 1.5420302152633667 3.3883213996887207 7.076847076416016 1.14665949344635 13.043381690979004 -0.6045320046658649 0.206284299492836
Car -1 -1 2.55 1187.590087890625 151.71986389160156 1234.92578125 196.29644775390625 1.480309009552002 1.6525135040283203 4.148499488830566 23.418956756591797 0.740713226783555 25.3345947265625 -2.98243917771605 0.20400096476078033
Van -1 -1 2.02 898.6444702148438 147.49449157714844 1074.792236328125 228.63626098632812 1.7548221349716187 1.6823740005493164 3.931839942932129 11.779645919799805 0.6872263997793198 23.345924377441406 2.4825719329024185 0.20391152799129486
Pedestrian -1 -1 -1.43 883.02392578125 146.64540100097656 1024.9586181640625 201.35595703125 1.8171764612197876 0.6488327383995056 0.8947674036026001 8.270055770874023 0.9006335781887174 17.283248901367188 -0.9816696842341175 0.20281656086444855
Pedestrian -1 -1 0.29 909.9232788085938 149.0484619140625 1094.244384765625 251.08056640625 1.7026811838150024 0.6567849516868591 0.7372680902481079 5.867924690246582 1.165315866470337 10.9695463180542 0.779880208866846 0.2000405639410019
Cyclist -1 -1 -0.55 909.9232788085938 149.0484619140625 1094.244384765625 251.08056640625 1.7384225130081177 0.5901509523391724 1.7271302938461304 5.856966972351074 1.2317040264606476 10.942238807678223 -0.05799512513693994 0.19936873018741608
Car -1 -1 2.55 1214.343505859375 152.4449005126953 1247.71142578125 186.5329132080078 1.4898349046707153 1.5562976598739624 3.7957723140716553 19.869300842285156 0.7791565731167793 22.231399536132812 -3.0078774364851686 0.19359168410301208
Van -1 -1 2.47 890.2826538085938 146.30245971679688 1038.4830322265625 212.08810424804688 1.797911524772644 1.6855721473693848 4.3602824211120605 11.242093086242676 0.911632333882153 23.466575622558594 2.9157153130482243 0.19263437390327454
Car -1 -1 3.14 892.2896728515625 151.06961059570312 1027.0609130859375 215.78195190429688 1.5384999513626099 1.6165173053741455 3.848928213119507 10.101160049438477 0.9420677125453949 21.095561981201172 -2.7008779446051268 0.1828213781118393
Car -1 -1 -1.96 885.654052734375 154.67369079589844 1045.4703369140625 227.59893798828125 1.5105162858963013 1.5838547945022583 3.693673849105835 9.300042152404785 1.0198143422603607 19.514894485473633 -1.511098592167075 0.17571093142032623
Car -1 -1 1.68 349.655029296875 165.4431915283203 463.71820068359375 203.19610595703125 1.482055902481079 1.4747779369354248 4.0795369148254395 -7.314577579498291 1.2248636782169342 26.3687744140625 1.4141047937198445 0.17232370376586914
Car -1 -1 2.56 310.548583984375 165.2900848388672 446.51739501953125 212.17214965820312 1.4610168933868408 1.6276524066925049 4.3402862548828125 -7.044312477111816 1.3204481601715088 21.781522750854492 2.2432661590964944 0.16972047090530396