Cyclist -1 -1 -1.96 917.8421020507812 158.68984985351562 992.6019287109375 263.4202575683594 1.792689561843872 0.5476040244102478 1.6839947700500488 6.2999091148376465 1.5525962114334106 13.362669944763184 -1.5207506897046752 0.8293555974960327
Pedestrian -1 -1 2.21 1003.319580078125 159.07806396484375 1037.27685546875 238.73011779785156 1.820297360420227 0.6664738059043884 0.9171090722084045 9.403907775878906 1.4834251403808594 16.50653648376465 2.730867339956969 0.7343393564224243
Cyclist -1 -1 -1.95 774.8525390625 168.02761840820312 802.4556274414062 209.80628967285156 1.740727186203003 0.5058540105819702 1.7639273405075073 7.36259651184082 1.5479118824005127 29.909616470336914 -1.7090378447247483 0.7221890091896057
Pedestrian -1 -1 2.09 964.978515625 159.6674041748047 1002.2371826171875 240.5931854248047 1.8302934169769287 0.6790355443954468 0.8603829145431519 8.332547187805176 1.5030585527420044 16.094614028930664 2.566683272181397 0.7150812149047852
Cyclist -1 -1 -1.89 935.2562255859375 160.65878295898438 1007.6954345703125 254.88519287109375 1.7905769348144531 0.5084050297737122 1.7335126399993896 6.3648552894592285 1.5039231777191162 13.001028060913086 -1.437133273972929 0.6236320734024048
Pedestrian -1 -1 2.71 997.2078247070312 161.4336700439453 1042.0523681640625 240.10032653808594 1.767876148223877 0.6397818922996521 0.917484700679779 9.135980606079102 1.4964280128479004 16.063385009765625 -3.054534122712618 0.610983669757843
Cyclist -1 -1 -1.95 956.17626953125 160.535400390625 1003.1622314453125 245.2240447998047 1.74801766872406 0.5661132335662842 1.8465009927749634 8.393238067626953 1.4759743213653564 16.42653465270996 -1.4775228330380443 0.5192345976829529
Cyclist -1 -1 -1.8 942.8950805664062 162.16445922851562 1012.7365112304688 245.52206420898438 1.7308499813079834 0.5920775532722473 1.7740528583526611 6.483630657196045 1.4138559103012085 13.051898002624512 -1.3419275821454324 0.4739024341106415
Car -1 -1 0.76 1124.2303466796875 168.68661499023438 1207.3572998046875 197.4314727783203 1.5717960596084595 1.5996688604354858 3.3832547664642334 32.42979431152344 1.3680809140205383 42.1729736328125 1.411002996063 0.45731642842292786
Cyclist -1 -1 -2.02 999.27880859375 160.05812072753906 1042.2208251953125 238.3257598876953 1.7467257976531982 0.5314238667488098 1.7089779376983643 9.448994636535645 1.4594810009002686 16.729736328125 -1.5038459904846038 0.44824203848838806
Cyclist -1 -1 -1.84 934.2132568359375 159.863525390625 997.8983154296875 241.99038696289062 1.7340983152389526 0.5875975489616394 1.8095628023147583 6.604171276092529 1.3852382898330688 13.419844627380371 -1.3838024337330372 0.41716107726097107
Pedestrian -1 -1 2.16 953.8075561523438 161.35533142089844 1004.0113525390625 241.17941284179688 1.7588199377059937 0.707666277885437 0.813026487827301 8.194485664367676 1.4982539415359497 15.84444808959961 2.64084829657091 0.41605761647224426
Truck -1 -1 -0.42 712.811279296875 127.8214340209961 816.092041015625 184.61349487304688 3.7771952152252197 2.898916721343994 12.572648048400879 10.987982749938965 0.7470239400863647 50.86919021606445 -0.20537932610124843 0.3298473656177521
Cyclist -1 -1 -1.87 949.8898315429688 165.5643310546875 1013.7870483398438 233.886962890625 1.813625454902649 0.6084068417549133 1.8075052499771118 9.085139274597168 1.4902353882789612 17.49456214904785 -1.3900151656007749 0.3254649043083191
Cyclist -1 -1 -1.58 966.6366577148438 159.89340209960938 1000.8309326171875 238.2698516845703 1.7904809713363647 0.5479217767715454 1.7417480945587158 8.911718368530273 1.447182297706604 17.24951934814453 -1.1079650318378116 0.3172575831413269
Car -1 -1 -1.75 955.0291748046875 161.8055419921875 1005.0282592773438 236.74798583984375 1.6091586351394653 1.5672104358673096 3.5056562423706055 11.201441764831543 1.5305047035217285 21.762624740600586 -1.2787370048993107 0.31255030632019043
Pedestrian -1 -1 2.12 998.4656982421875 161.68199157714844 1032.9371337890625 232.9706573486328 1.7738800048828125 0.6773132085800171 0.9089027643203735 9.294744491577148 1.4608864188194275 16.476594924926758 2.633053340782097 0.3082050383090973
Pedestrian -1 -1 2.1 992.6836547851562 157.41372680664062 1032.608154296875 239.4238739013672 1.8260709047317505 0.7181546092033386 0.8919015526771545 8.92778205871582 1.4770657420158386 16.12571907043457 2.6091036171255837 0.2707195281982422
Pedestrian -1 -1 2.33 972.648681640625 157.05255126953125 1016.948486328125 238.8589324951172 1.799027919769287 0.6955404877662659 0.907777726650238 8.86259937286377 1.4708558917045593 16.519935607910156 2.826214604191474 0.27051717042922974
Car -1 -1 -1.83 917.4625854492188 157.14845275878906 995.0958251953125 261.2182312011719 1.7125808000564575 1.5971094369888306 3.970099449157715 7.522818088531494 1.5640642046928406 15.92823314666748 -1.3914311209975043 0.26949888467788696
Pedestrian -1 -1 2.34 952.0645751953125 161.70584106445312 996.4356079101562 234.0840301513672 1.7970030307769775 0.6927679777145386 0.9218251705169678 8.255173683166504 1.4700299501419067 16.194168090820312 2.8079559639866627 0.2649421691894531
Pedestrian -1 -1 2.23 984.9739990234375 158.66091918945312 1026.0406494140625 234.630615234375 1.770053505897522 0.6725671887397766 0.9021486639976501 9.08417797088623 1.4572033882141113 16.568798065185547 2.735423232677144 0.26141443848609924
Pedestrian -1 -1 2.08 970.5237426757812 163.27102661132812 1004.3314819335938 235.37803649902344 1.7800672054290771 0.6860331892967224 0.9110133647918701 8.623108863830566 1.4989570379257202 16.362911224365234 2.563921535565113 0.2604236900806427
Pedestrian -1 -1 2.49 926.3612670898438 157.06060791015625 998.7745971679688 254.7373809814453 1.810573935508728 0.6875824332237244 0.9862083792686462 6.279903411865234 1.5092524290084839 12.892662048339844 2.9412102143204146 0.25303828716278076
Cyclist -1 -1 -1.99 991.0772705078125 164.58201599121094 1037.8057861328125 229.3782958984375 1.8491580486297607 0.5787955522537231 1.7288044691085815 9.959758758544922 1.5351464748382568 18.110143661499023 -1.487664575989717 0.25285112857818604
Car -1 -1 -1.78 934.2132568359375 159.863525390625 997.8983154296875 241.99038696289062 1.6183096170425415 1.6044225692749023 3.751124858856201 9.700011253356934 1.515088975429535 19.749834060668945 -1.3217463678886912 0.2440851628780365
Car -1 -1 -1.78 998.7794799804688 160.50204467773438 1042.6021728515625 236.72286987304688 1.733026146888733 1.6020824909210205 3.545863151550293 12.555075645446777 1.5718871355056763 22.46148109436035 -1.2684025457853547 0.24121645092964172
Car -1 -1 -1.75 965.3289184570312 158.3190460205078 1003.5136108398438 238.31759643554688 1.8147891759872437 1.5401432514190674 3.302478075027466 11.30638313293457 1.6042278409004211 21.77947425842285 -1.2718153121161677 0.2404005527496338
Pedestrian -1 -1 2.3 1006.4944458007812 162.34259033203125 1046.2674560546875 233.1080322265625 1.7583835124969482 0.7392867207527161 1.045925259590149 9.550070762634277 1.450133204460144 16.583629608154297 2.82718946508837 0.22120597958564758
Cyclist -1 -1 -1.64 970.1754150390625 161.03738403320312 1008.1083984375 233.65426635742188 1.7831337451934814 0.5615676641464233 1.7835992574691772 9.253466606140137 1.4381016492843628 17.68419075012207 -1.1545544994205716 0.2196827232837677
Pedestrian -1 -1 2.16 1009.2483520507812 162.5432891845703 1038.74072265625 235.1491241455078 1.7190686464309692 0.6598851084709167 0.9177616834640503 9.480287551879883 1.4615263938903809 16.574617385864258 2.6803815377028304 0.21906815469264984
Car -1 -1 -1.86 922.3513793945312 159.48342895507812 986.9850463867188 251.004638671875 1.66319739818573 1.609614372253418 3.7526252269744873 7.505683422088623 1.5048049688339233 15.822293281555176 -1.4183875078178856 0.21768395602703094
Cyclist -1 -1 -2.04 972.648681640625 157.05255126953125 1016.948486328125 238.8589324951172 1.8337713479995728 0.5666935443878174 1.8116555213928223 9.789617538452148 1.4916622638702393 18.230844497680664 -1.5479893934406181 0.21360242366790771
Pedestrian -1 -1 2.48 938.1632080078125 157.93370056152344 1005.9089965820312 243.3489532470703 1.755814552307129 0.7388081550598145 0.9641468524932861 8.030620574951172 1.4923454523086548 15.847025871276855 2.953575321836478 0.2018192708492279
Cyclist -1 -1 -1.77 967.2769165039062 165.01361083984375 1020.5958251953125 236.2494659423828 1.7851002216339111 0.5970790386199951 1.9086666107177734 9.357945442199707 1.5422580242156982 17.033658981323242 -1.2657440149631753 0.2012706696987152
Car -1 -1 -1.75 974.1376342773438 165.43362426757812 1017.6536254882812 224.05364990234375 1.5584348440170288 1.5771783590316772 3.5863752365112305 14.532195091247559 1.5552746653556824 27.356212615966797 -1.2643413027229595 0.20011070370674133
Pedestrian -1 -1 2.4 990.08154296875 162.98460388183594 1038.7674560546875 230.97923278808594 1.7494838237762451 0.7154523730278015 0.9201595783233643 9.013374328613281 1.4139624238014221 16.01778221130371 2.91380260537258 0.19938714802265167
Cyclist -1 -1 -1.75 974.1376342773438 165.43362426757812 1017.6536254882812 224.05364990234375 1.8172986507415771 0.6436564922332764 1.8068989515304565 10.07888412475586 1.4701383113861084 18.765045166015625 -1.256187174717991 0.19508592784404755
Pedestrian -1 -1 1.93 964.3104248046875 157.7998046875 997.0927734375 230.57363891601562 1.8400852680206299 0.662213921546936 0.9379002451896667 8.615236282348633 1.4453590512275696 16.724380493164062 2.404973311895718 0.19431360065937042
Pedestrian -1 -1 2.08 991.6231689453125 163.1786651611328 1020.8184814453125 233.3248291015625 1.7809196710586548 0.6528148651123047 0.9046300053596497 9.240487098693848 1.4931253790855408 16.883737564086914 2.582317710834131 0.1899944543838501
Pedestrian -1 -1 2.27 942.510986328125 161.03782653808594 993.0437622070312 242.91754150390625 1.805213451385498 0.6831810474395752 0.9159859418869019 7.689168930053711 1.5128041505813599 15.351133346557617 2.730473714683642 0.18786917626857758
Pedestrian -1 -1 2.1 984.294921875 165.82321166992188 1015.629150390625 234.83782958984375 1.7402920722961426 0.6313289403915405 0.8457961082458496 8.972302436828613 1.5041677355766296 16.559995651245117 2.5946293234130113 0.18522801995277405
Pedestrian -1 -1 2.14 967.2769165039062 165.01361083984375 1020.5958251953125 236.2494659423828 1.7270960807800293 0.6784752011299133 0.8844120502471924 8.882501602172852 1.52076655626297 16.28241539001465 2.64364539839292 0.18364770710468292
Car -1 -1 -1.75 967.7296142578125 165.4340057373047 1022.4944458007812 232.98741149902344 1.6117650270462036 1.5970408916473389 3.8584048748016357 12.747008323669434 1.584539771080017 23.21868133544922 -1.2437714242875932 0.18270494043827057
Cyclist -1 -1 -1.98 943.221435546875 163.44967651367188 993.5780639648438 220.95584106445312 1.741299033164978 0.6715819835662842 1.8072359561920166 7.8985595703125 1.357980728149414 15.779621124267578 -1.5176160359566255 0.17645348608493805
Car -1 -1 -1.67 943.221435546875 163.44967651367188 993.5780639648438 220.95584106445312 1.5610641241073608 1.58396577835083 3.888972520828247 14.59980583190918 1.5281065702438354 29.310585021972656 -1.2102837634935728 0.1748199164867401
Car -1 -1 -1.79 931.93310546875 163.9868927001953 978.0131225585938 208.79026794433594 1.5472667217254639 1.6927495002746582 4.047379016876221 18.053903579711914 1.401927888393402 37.706607818603516 -1.3457452513019508 0.1556480973958969
Car -1 -1 -1.8 929.6420288085938 161.23231506347656 981.9310302734375 225.5421905517578 1.6918975114822388 1.6575782299041748 3.8084006309509277 15.03309440612793 1.5257184505462646 31.248594284057617 -1.3496552844430392 0.14928095042705536
Car -1 -1 1.14 1021.9080200195312 172.13771057128906 1077.6640625 195.02638244628906 1.3005008697509766 1.637357234954834 3.815690517425537 30.79100227355957 1.52955162525177 50.33060073852539 1.691902134375197 0.11415945738554001
Car -1 -1 -2.25 1005.8646240234375 166.60647583007812 1056.8897705078125 219.22410583496094 1.5546287298202515 1.6347310543060303 3.9595532417297363 20.229419708251953 1.7519671320915222 34.957489013671875 -1.7278713674923152 0.09184785932302475
Car -1 -1 2.57 1014.1644287109375 168.58872985839844 1063.1512451171875 201.46421813964844 1.4238488674163818 1.607918381690979 4.051845073699951 27.7274112701416 1.5237908959388733 46.925357818603516 3.1015956519153924 0.08223339170217514