Car -1 -1 -1.36 773.7476196289062 168.5791015625 854.0029907226562 220.06053161621094 1.4718797206878662 1.5998775959014893 3.9655141830444336 6.7457146644592285 1.380763590335846 23.423940658569336 -1.074858786624496 0.8870595097541809
Car -1 -1 -1.43 729.7327880859375 166.93865966796875 818.9600830078125 234.22152709960938 1.5334521532058716 1.610826015472412 3.5988404750823975 4.496104717254639 1.4251523613929749 19.048601150512695 -1.1943448550528997 0.8839321732521057
Car -1 -1 -1.65 962.714599609375 164.34524536132812 1076.7843017578125 258.3604431152344 1.5694334506988525 1.6459325551986694 3.822237491607666 7.764040470123291 1.4226617813110352 13.93474292755127 -1.1425911389559973 0.8645172715187073
Car -1 -1 -2.27 1074.84423828125 187.80577087402344 1237.8468017578125 375.4899597167969 1.430235743522644 1.6429250240325928 4.029097557067871 3.8014919757843018 1.54436194896698 3.1151411533355713 -1.3818548507732356 0.8259695768356323
Car -1 -1 -1.5 868.0482177734375 166.1844024658203 897.5449829101562 191.1045684814453 1.5256942510604858 1.6273623704910278 4.089173316955566 17.770051956176758 1.0953632593154907 46.752986907958984 -1.1406158493083858 0.784781277179718
Car -1 -1 -1.41 740.2046508789062 167.273193359375 834.9296875 229.1497802734375 1.506913661956787 1.6196143627166748 3.856234550476074 4.527751922607422 1.4191989302635193 18.99913787841797 -1.177490983461853 0.4933975338935852
Car -1 -1 -1.38 754.3389282226562 168.05604553222656 845.22265625 225.7785186767578 1.4737740755081177 1.6277815103530884 3.9902896881103516 6.581502437591553 1.3713507056236267 23.857547760009766 -1.1104318648097937 0.32345113158226013
Car -1 -1 -1.58 961.0485229492188 166.94387817382812 1020.1966552734375 225.60250854492188 1.5249247550964355 1.5955880880355835 3.465664863586426 10.48968505859375 1.39567631483078 19.896760940551758 -1.0905313786949087 0.30920329689979553
Car -1 -1 -1.58 958.5738525390625 165.8004150390625 1032.0028076171875 235.119873046875 1.535691261291504 1.6197375059127808 3.671260356903076 10.350312232971191 1.4141649007797241 19.697954177856445 -1.0986505984103943 0.3035784661769867
Car -1 -1 -1.65 962.02294921875 162.7571258544922 985.965087890625 192.82073974609375 1.5851300954818726 1.5403074026107788 3.7786200046539307 20.982702255249023 1.135246604681015 41.41665267944336 -1.1791268923902951 0.1550566554069519
Pedestrian -1 -1 1.9 961.10693359375 164.40255737304688 982.0042724609375 192.52294921875 1.7503690719604492 0.7198668718338013 0.7658994197845459 18.994266510009766 0.9121192581951618 38.095523834228516 2.3672829542999043 0.12124212831258774