Car -1 -1 0.02 502.0947570800781 178.67269897460938 555.6763916015625 224.28424072265625 1.5890343189239502 1.6740535497665405 3.9580307006835938 -3.0689520835876465 1.820359468460083 27.770437240600586 -0.09339113464732174 0.8814898729324341
Car -1 -1 -1.74 694.4290161132812 179.1055450439453 800.5950317382812 257.9877014160156 1.5059547424316406 1.6006126403808594 3.5727593898773193 2.880625009536743 1.6825494170188904 15.802718162536621 -1.561536096407023 0.8658015727996826
Car -1 -1 -1.68 670.1137084960938 178.3354949951172 738.7976684570312 234.3208770751953 1.5380176305770874 1.6283400058746338 3.9428646564483643 2.7448768615722656 1.7162933349609375 21.984939575195312 -1.5528266582862873 0.8617584705352783
Car -1 -1 -1.82 726.887939453125 177.87930297851562 929.55126953125 319.679443359375 1.5029401779174805 1.6477402448654175 4.0566630363464355 2.7771754264831543 1.6678556203842163 10.147367477416992 -1.5494960798757536 0.861749529838562
Van -1 -1 -2.2 832.8504028320312 54.076019287109375 1245.506591796875 378.8524475097656 2.2505311965942383 1.9283524751663208 4.924315929412842 3.179668426513672 1.6208505034446716 4.531394004821777 -1.5919236289119194 0.7519600987434387
Car -1 -1 -1.69 661.2626953125 178.71975708007812 706.30126953125 218.79534912109375 1.4947113990783691 1.5880038738250732 3.4029159545898438 2.9939887523651123 1.7655826807022095 29.303394317626953 -1.5866308525519273 0.7481285333633423
Car -1 -1 -1.7 647.4984130859375 179.43955993652344 681.5405883789062 208.6914520263672 1.461403250694275 1.561455249786377 3.5837340354919434 2.885892629623413 1.8402840495109558 38.74070739746094 -1.6206554452680626 0.7063594460487366
Car -1 -1 -1.65 636.0680541992188 177.87164306640625 664.4534301757812 201.8740234375 1.4772571325302124 1.599937081336975 3.912665605545044 2.647653102874756 1.851706087589264 48.784027099609375 -1.5975142851990345 0.6278126239776611
Car -1 -1 -1.67 643.98974609375 178.10726928710938 676.6050415039062 205.43736267089844 1.4382623434066772 1.5567511320114136 3.665503978729248 2.7174768447875977 1.8100714087486267 39.10700988769531 -1.6023976050739144 0.4888469874858856
Car -1 -1 -1.67 638.62255859375 178.67843627929688 668.6702880859375 203.2499542236328 1.4541469812393188 1.5742878913879395 3.8828415870666504 2.6924173831939697 1.841478407382965 48.15726089477539 -1.6124405842153315 0.45361801981925964
Car -1 -1 -1.66 661.7119140625 178.87176513671875 716.1044311523438 222.79112243652344 1.537915587425232 1.5151422023773193 3.771989583969116 2.9444596767425537 1.7567726373672485 28.239418029785156 -1.5537159154930436 0.445424884557724
Car -1 -1 -1.67 665.2987670898438 178.16702270507812 727.4348754882812 229.2814483642578 1.5398379564285278 1.623581886291504 3.887563467025757 2.692519426345825 1.66567724943161 22.25295066833496 -1.553872584310735 0.44284647703170776
Car -1 -1 -1.63 655.0659790039062 178.67471313476562 701.260498046875 215.8483123779297 1.5229793787002563 1.5750912427902222 3.4861443042755127 3.003298759460449 1.7710291743278503 29.397518157958984 -1.5325486103818058 0.442196786403656
Car -1 -1 -1.6 634.9190673828125 167.37782287597656 663.5279541015625 199.72755432128906 1.703667163848877 1.6321367025375366 3.9708962440490723 2.520904541015625 1.7420012950897217 46.906497955322266 -1.548219312071316 0.4397766590118408
Car -1 -1 -1.72 673.1245727539062 177.81210327148438 758.20361328125 241.60240173339844 1.5390071868896484 1.6344987154006958 3.9094135761260986 2.74045467376709 1.7131280899047852 21.75788688659668 -1.5957778338955766 0.42054232954978943
Car -1 -1 -1.52 638.2529296875 172.27442932128906 667.7877197265625 202.3660888671875 1.5950061082839966 1.593484878540039 3.8542661666870117 2.5674118995666504 1.8094906210899353 41.94086456298828 -1.4614996330964596 0.3861222267150879
Car -1 -1 2.28 515.9937744140625 177.25848388671875 559.78759765625 216.01727294921875 1.633404016494751 1.6137375831604004 3.839292287826538 -3.4300107955932617 1.9707672595977783 36.46259307861328 2.181337201232213 0.3748645484447479
Car -1 -1 -1.66 654.3500366210938 178.49497985839844 690.1278076171875 212.49169921875 1.3997029066085815 1.5338393449783325 3.7135002613067627 2.9639909267425537 1.8382301926612854 40.129276275634766 -1.5821860005951027 0.35391613841056824
Car -1 -1 -1.08 632.740478515625 174.21827697753906 666.7615966796875 200.47357177734375 1.4211580753326416 1.5933318138122559 3.7201364040374756 2.741161823272705 1.788527011871338 49.19552993774414 -1.0284418079807107 0.32878994941711426
Car -1 -1 -1.74 703.41552734375 182.0441436767578 859.2740478515625 285.6010437011719 1.4562900066375732 1.6227883100509644 3.7858352661132812 3.171038866043091 1.7800699472427368 15.791482925415039 -1.541417215392757 0.30681315064430237
Van -1 -1 -0.8 636.3082885742188 167.71897888183594 666.4338989257812 200.3838653564453 2.486252784729004 2.0273759365081787 5.454845428466797 2.775531053543091 1.7309194505214691 50.1546516418457 -0.7408825435153159 0.30151739716529846
Car -1 -1 -2.15 827.2789306640625 56.59401321411133 1245.4544677734375 381.2303047180176 2.203960657119751 1.7600117921829224 4.603455066680908 3.0441954135894775 1.627558946609497 4.505738258361816 -1.5587670107947886 0.28743961453437805
Car -1 -1 -1.74 699.3338623046875 180.4081268310547 837.9343872070312 271.8400573730469 1.4614787101745605 1.650016188621521 3.8479957580566406 3.2037274837493896 1.7382813692092896 16.209659576416016 -1.5481670115699364 0.28650030493736267
Car -1 -1 2.45 523.6564331054688 177.68104553222656 560.6531982421875 213.2203826904297 1.5576492547988892 1.5983188152313232 3.885667562484741 -3.344252347946167 1.910445749759674 36.320186614990234 2.36103521437186 0.2730562090873718
Van -1 -1 -1.44 631.4574584960938 161.24435424804688 664.8016967773438 196.8676300048828 2.5342185497283936 2.0278701782226562 5.43393611907959 2.9426465034484863 1.6850026845932007 53.284549713134766 -1.389744665550423 0.26954638957977295
Pedestrian -1 -1 -1.63 1190.6392822265625 222.91200256347656 1238.262451171875 367.58685302734375 1.481300950050354 0.6139025092124939 0.5863891839981079 4.999060153961182 1.839863121509552 5.724830627441406 -0.9131546328781193 0.2534039318561554
Pedestrian -1 -1 -2.99 786.1788330078125 182.98092651367188 929.5509643554688 318.3479309082031 1.6844176054000854 0.6253947019577026 0.8035529255867004 2.705968141555786 1.6291163563728333 8.102791786193848 -2.6687666076325174 0.24797135591506958
Car -1 -1 -1.75 718.9964599609375 185.51730346679688 835.0165405273438 278.6452941894531 1.4613521099090576 1.5738294124603271 3.417304515838623 3.025487184524536 1.7189683318138123 13.589109420776367 -1.5290647150192793 0.2247311919927597
Van -1 -1 0.22 633.2631225585938 167.4849090576172 662.0779418945312 198.3513946533203 2.425265312194824 2.1000924110412598 5.511655330657959 2.716948986053467 1.7652032375335693 52.47452926635742 0.2709977360211151 0.2234959453344345
Car -1 -1 -1.85 711.9221801757812 181.62274169921875 885.0496215820312 299.227783203125 1.4842387437820435 1.6060280799865723 3.6468143463134766 2.6903574466705322 1.5882567763328552 10.861650466918945 -1.603619611206467 0.22304311394691467
Car -1 -1 1.44 510.52032470703125 178.82655334472656 558.6503295898438 220.7852783203125 1.5982006788253784 1.665653944015503 4.107272624969482 -3.0947461128234863 1.8318825364112854 28.61480712890625 1.334292036274614 0.21013210713863373
Truck -1 -1 -2.05 813.8917236328125 56.527339935302734 1262.35546875 372.89428329467773 3.195268392562866 2.5053861141204834 7.414320468902588 4.430852890014648 1.9074758887290955 6.897432327270508 -1.4797744129274992 0.20712357759475708
Pedestrian -1 -1 2.37 731.7774658203125 177.23135375976562 946.97900390625 324.2341613769531 1.7665421962738037 0.6463015079498291 0.8474029898643494 2.6526808738708496 1.6639221906661987 7.860138416290283 2.696713233207303 0.20245200395584106
Car -1 -1 -1.69 760.1325073242188 168.1929473876953 958.9310913085938 324.8825378417969 1.571220874786377 1.663804292678833 4.105881214141846 3.11039400100708 1.642327904701233 9.816003799438477 -1.3810601642405693 0.2020321637392044
Van -1 -1 -1.24 638.7919921875 169.90362548828125 668.8578491210938 202.84829711914062 2.4292471408843994 1.9495402574539185 5.409205913543701 2.8760249614715576 1.7416284680366516 50.53512191772461 -1.1844476809191704 0.19958338141441345
Car -1 -1 -1.01 633.460205078125 170.6195068359375 659.8753051757812 200.1484832763672 1.6290591955184937 1.6360152959823608 4.014684200286865 2.381819725036621 1.8558064103126526 46.684722900390625 -0.956035042237759 0.19892126321792603
Car -1 -1 -1.67 641.574951171875 173.1998748779297 677.2859497070312 203.80307006835938 1.3931595087051392 1.576874017715454 3.8018136024475098 2.7678635120391846 1.682496726512909 40.416412353515625 -1.6011154462037416 0.1982877254486084
Car -1 -1 -2.1 782.9971923828125 96.73014068603516 1255.469482421875 350.40174102783203 1.683130145072937 1.396713137626648 4.2585978507995605 2.868987798690796 1.5492821335792542 4.656380653381348 -1.5438556545245605 0.1959257572889328
Van -1 -1 -1.16 744.8130493164062 84.45319366455078 1277.89990234375 413.4896926879883 1.8162524700164795 1.9155571460723877 5.431419372558594 2.1696388721466064 1.4619204998016357 5.228805065155029 -0.7645105362370295 0.1911885291337967
Pedestrian -1 -1 -0.11 1150.442626953125 69.41309356689453 1243.877197265625 367.6919937133789 2.092545986175537 0.7248448133468628 0.8047405481338501 3.6254665851593018 1.643624186515808 4.073243141174316 0.6219381835715265 0.18412216007709503
Car -1 -1 -1.52 744.8130493164062 84.45319366455078 1277.89990234375 413.4896926879883 1.7378029823303223 1.5117976665496826 4.721901893615723 2.161085605621338 1.696462333202362 5.310581207275391 -1.133448636014906 0.1801948845386505
Car -1 -1 -0.72 181.24099731445312 15.614398002624512 226.6521453857422 45.343886375427246 1.4917821884155273 1.5703048706054688 3.929877519607544 -26.167198181152344 -8.505073070526123 46.83015441894531 -1.2276667360815594 0.17899207770824432
Car -1 -1 -1.73 681.2667846679688 179.53858947753906 772.3863525390625 251.63552856445312 1.5315386056900024 1.5980371236801147 3.7140324115753174 2.8738536834716797 1.7322760224342346 19.441356658935547 -1.579392035803819 0.1717270165681839
Car -1 -1 -0.38 188.41500854492188 16.51075553894043 231.34266662597656 44.66901397705078 1.4833221435546875 1.5661511421203613 3.9177467823028564 -25.790645599365234 -8.453039169311523 46.63871383666992 -0.8807092553566038 0.16999788582324982
Car -1 -1 -0.37 0.6253456473350525 211.48388671875 21.004095494747162 371.83673095703125 1.5537052154541016 1.6715110540390015 3.8633697032928467 -2.5021378993988037 1.4178895354270935 1.2893320322036743 -1.460403892754086 0.11729346215724945