Car -1 -1 1.94 294.1457214355469 195.71051025390625 432.451904296875 275.6739196777344 1.3992555141448975 1.5386896133422852 3.651869297027588 -5.116751194000244 1.9181923866271973 15.383792877197266 1.6179790704279773 0.8920778036117554
Car -1 -1 1.83 474.46307373046875 185.88006591796875 528.3521118164062 219.6282958984375 1.4255036115646362 1.5571534633636475 3.775343418121338 -4.885525703430176 2.008396327495575 32.801414489746094 1.6857127999341168 0.816124439239502
Cyclist -1 -1 1.78 461.1058349609375 175.51596069335938 496.4768371582031 249.0018310546875 1.732893705368042 0.5931146740913391 1.7802298069000244 -3.3342397212982178 1.8570451140403748 18.398094177246094 1.5978111190351374 0.8143841624259949
Car -1 -1 -1.51 644.5853271484375 180.96923828125 679.2319946289062 210.7845001220703 1.4511027336120605 1.5958691835403442 3.075989007949829 2.5584397315979004 1.889274001121521 36.92658233642578 -1.4447909268230834 0.7841598987579346
Cyclist -1 -1 2.02 125.68205261230469 184.95848083496094 328.023193359375 372.6695251464844 1.676573395729065 0.5776867866516113 1.7716313600540161 -3.1796224117279053 1.7912055253982544 5.995779037475586 1.535000120461551 0.7680332660675049
Cyclist -1 -1 2.56 -0.48720186948776245 186.9327850341797 215.10459500551224 375.0628356933594 1.6182386875152588 0.5714071989059448 1.6081056594848633 -3.358433485031128 1.6998899579048157 4.894069671630859 1.9569031107519814 0.6940222978591919
Pedestrian -1 -1 0.57 462.28204345703125 177.94253540039062 496.4468994140625 246.30357360839844 1.7598017454147339 0.6591794490814209 0.5723391175270081 -3.47976016998291 1.9318297505378723 18.8636531829834 0.3857928417842338 0.6594620943069458
Pedestrian -1 -1 1.09 720.771484375 167.03367614746094 744.1932373046875 224.9811248779297 1.7421183586120605 0.6181776523590088 0.6724180579185486 3.8118646144866943 1.5965997576713562 22.814821243286133 1.2574342262736433 0.5992949604988098
Pedestrian -1 -1 -2.69 4.622765064239502 201.4411163330078 204.1763997077942 375.2112121582031 1.5562083721160889 0.5757261514663696 0.6407720446586609 -3.529489278793335 1.7221152186393738 5.088107585906982 2.9866138375440876 0.5963967442512512
Car -1 -1 1.85 478.4122314453125 183.8949737548828 523.4533081054688 224.6552276611328 1.4744689464569092 1.5241107940673828 3.708552598953247 -4.751450061798096 2.0953962802886963 32.4848518371582 1.704349833163362 0.5437847375869751
Car -1 -1 -1.47 648.9495849609375 179.1936492919922 681.6436157226562 208.83660888671875 1.4845514297485352 1.5532621145248413 3.1407887935638428 2.579484701156616 1.9101394414901733 37.29282760620117 -1.4049771543453504 0.5154823064804077
Cyclist -1 -1 2.17 65.74496459960938 183.77584838867188 296.8053894042969 364.6593017578125 1.7418090105056763 0.6591925024986267 1.7790088653564453 -3.2880656719207764 1.8295536637306213 5.57363748550415 1.6388299203085213 0.442781537771225
Cyclist -1 -1 -1.07 719.2784423828125 165.96829223632812 740.2086791992188 223.9754180908203 1.7782307863235474 0.5470314621925354 1.7779933214187622 3.8212106227874756 1.5343916416168213 23.016992568969727 -0.9053142526938043 0.3877682685852051
Car -1 -1 1.82 472.5065002441406 181.87567138671875 515.5869750976562 232.21969604492188 1.5805555582046509 1.5534076690673828 3.6198925971984863 -4.973517417907715 2.157921850681305 32.66689682006836 1.6666892932991182 0.37374362349510193
Car -1 -1 2.05 129.3209228515625 184.07415771484375 329.223876953125 371.7328796386719 1.5738840103149414 1.555124282836914 3.554706335067749 -3.8592238426208496 1.836371898651123 7.047449588775635 1.5523521006639784 0.35215985774993896
Cyclist -1 -1 -2.31 721.0910034179688 167.12557983398438 744.5299682617188 222.58218383789062 1.7729445695877075 0.5726088285446167 1.8276921510696411 3.881141424179077 1.5421032309532166 23.182292938232422 -2.1439282345502857 0.3125236928462982
Car -1 -1 1.82 461.7173767089844 176.90231323242188 495.6871032714844 249.73715209960938 1.7467137575149536 1.5198745727539062 3.3994719982147217 -4.1356096267700195 2.0460217595100403 23.51004409790039 1.6491517259647885 0.30452948808670044
Car -1 -1 0.76 25.92730712890625 186.11570739746094 319.3360900878906 374.7657470703125 1.7329050302505493 1.5633723735809326 3.5527074337005615 -3.910229206085205 1.9256781935691833 6.6612443923950195 0.22882465249998152 0.2811605632305145
Pedestrian -1 -1 -2.73 111.44255065917969 183.65496826171875 329.2520751953125 371.91748046875 1.6989156007766724 0.6180258989334106 0.8008044958114624 -2.987529754638672 1.7675526142120361 5.5565505027771 3.0641848793841593 0.2751311659812927
Pedestrian -1 -1 -1.86 37.55368423461914 183.29408264160156 320.08520889282227 371.5271911621094 1.6928683519363403 0.5647140741348267 0.7718918919563293 -3.0203535556793213 1.6037578582763672 5.257146835327148 -2.3814614961224496 0.27500805258750916
Pedestrian -1 -1 -0.18 458.5522766113281 180.66787719726562 499.58306884765625 239.01849365234375 1.781398892402649 0.6886575818061829 0.6234912276268005 -3.4621450901031494 1.9483864903450012 20.023080825805664 -0.3493422932642809 0.26887819170951843
Cyclist -1 -1 1.86 469.10235595703125 180.4530792236328 512.4940185546875 239.64710998535156 1.7656292915344238 0.5667777061462402 1.8510122299194336 -3.277954578399658 1.8822129964828491 18.81058120727539 1.6825235455845169 0.2615166902542114
Cyclist -1 -1 1.81 464.280517578125 182.06065368652344 503.8537292480469 247.128662109375 1.726345419883728 0.5833704471588135 1.7747119665145874 -3.3211705684661865 1.894787609577179 18.601600646972656 1.633833770651874 0.2561999559402466
Cyclist -1 -1 2.32 30.596435546875 190.39500427246094 327.2875671386719 372.17303466796875 1.7217462062835693 0.5236903429031372 1.7869828939437866 -2.960381031036377 1.6617454290390015 5.034980773925781 1.7856448791677604 0.24830685555934906
Car -1 -1 2.05 350.9366149902344 178.34658813476562 438.46527099609375 235.4227752685547 1.5676883459091187 1.5959527492523193 4.040770053863525 -7.645396709442139 1.966823399066925 25.65546989440918 1.7594039517490634 0.24291649460792542
Cyclist -1 -1 1.7 458.5522766113281 180.66787719726562 499.58306884765625 239.01849365234375 1.8122094869613647 0.6206397414207458 1.7779717445373535 -3.464967966079712 1.9418783783912659 19.59140396118164 1.5291339027250856 0.24212408065795898
Pedestrian -1 -1 3.1 57.94100570678711 204.01649475097656 227.43670272827148 371.5268249511719 1.6109342575073242 0.5939887762069702 0.7044143676757812 -3.3157262802124023 1.7286834120750427 5.13843297958374 2.5251597943284114 0.24070507287979126
Car -1 -1 2.48 2.2242884635925293 195.48013305664062 225.4612421989441 368.9843444824219 1.5798505544662476 1.4567912817001343 3.2709712982177734 -4.159366130828857 1.9984789490699768 5.703704833984375 1.8529609772659796 0.24047327041625977
Cyclist -1 -1 2.19 52.7830924987793 199.75140380859375 232.76948165893555 374.7279357910156 1.649569034576416 0.5827686786651611 1.64589524269104 -3.4977099895477295 1.7983633279800415 5.51904296875 1.6287588580235246 0.23740960657596588
Car -1 -1 1.84 469.10235595703125 180.4530792236328 512.4940185546875 239.64710998535156 1.6441407203674316 1.5500032901763916 3.5304934978485107 -4.581399917602539 2.1136767864227295 28.74997329711914 1.6771817396912772 0.22750109434127808
Car -1 -1 1.72 465.8066101074219 180.61837768554688 508.48968505859375 229.93057250976562 1.5121666193008423 1.5822571516036987 3.745990753173828 -5.114628314971924 2.1499627232551575 32.781803131103516 1.563342712397974 0.2163185030221939
Pedestrian -1 -1 -2.23 23.50271987915039 191.98536682128906 274.8296546936035 354.8326416015625 1.6934806108474731 0.6130610704421997 0.8401249051094055 -3.2309136390686035 1.7746886610984802 5.108710289001465 -2.7966130246460086 0.216127410531044
Car -1 -1 -1.27 721.06787109375 166.31631469726562 744.4979858398438 225.4432830810547 1.713228464126587 1.5784003734588623 3.6218619346618652 4.758671283721924 1.6739798188209534 28.670719146728516 -1.1015763399714853 0.21291197836399078
Cyclist -1 -1 1.86 472.5065002441406 181.87567138671875 515.5869750976562 232.21969604492188 1.7911070585250854 0.599048376083374 1.768059253692627 -3.4747848510742188 1.87074476480484 20.977502822875977 1.6980492914434846 0.21255002915859222
Pedestrian -1 -1 -0.24 717.4093017578125 160.76394653320312 750.5025634765625 222.6857452392578 1.923988938331604 0.6843664646148682 0.9385185241699219 4.051504611968994 1.523840606212616 24.191675186157227 -0.07093018689955555 0.20904093980789185
Car -1 -1 2.17 81.644775390625 192.58847045898438 352.88275146484375 366.8756408691406 1.4789928197860718 1.6030811071395874 3.7508127689361572 -4.310631275177002 1.8074929118156433 7.255765914916992 1.638104683609913 0.20455259084701538
Cyclist -1 -1 -1.17 712.542236328125 166.9529571533203 747.9234619140625 221.56863403320312 1.7790693044662476 0.5652051568031311 1.8440979719161987 3.9055142402648926 1.673433542251587 23.536497116088867 -1.001779421047135 0.19633892178535461
Car -1 -1 1.72 463.0435791015625 179.59884643554688 504.1775817871094 238.0548095703125 1.5754404067993164 1.5668379068374634 3.5505268573760986 -4.859406471252441 2.130544900894165 29.25391960144043 1.5570956183249614 0.19619089365005493
Cyclist -1 -1 2.36 2.7940824031829834 182.44183349609375 166.84197974205017 375.2060546875 1.7778276205062866 0.6855507493019104 1.850851058959961 -3.7215938568115234 1.8979504704475403 5.270415782928467 1.7488677827582206 0.19031351804733276
Cyclist -1 -1 1.94 454.1456604003906 177.22862243652344 493.1432800292969 241.52127075195312 1.747841715812683 0.6475573778152466 1.7972177267074585 -3.6467769145965576 1.8655800819396973 19.076114654541016 1.7485845016848467 0.18976755440235138
Van -1 -1 1.19 25.92730712890625 186.11570739746094 319.3360900878906 374.7657470703125 1.939689040184021 1.7613556385040283 4.032844066619873 -4.03604793548584 1.9468128085136414 6.860955238342285 0.6592816877114864 0.1875217705965042
Car -1 -1 1.9 464.4082946777344 180.34686279296875 496.5018005371094 229.6330108642578 1.4472931623458862 1.488843321800232 3.5590527057647705 -5.066835880279541 2.0394062399864197 29.4096736907959 1.7320588820476006 0.1859123706817627
Pedestrian -1 -1 -1.57 -5.247307300567627 179.43605041503906 278.6892466545105 377.90045166015625 1.7174787521362305 0.5664324164390564 0.7986634969711304 -3.0304903984069824 1.654889702796936 4.55857515335083 -2.1539362361223606 0.17574582993984222