Car -1 -1 -1.34 399.47467041015625 187.06536865234375 521.779052734375 269.2763671875 1.347968339920044 1.61745285987854 3.9437599182128906 -2.8419570922851562 1.6811931133270264 14.807943344116211 -1.528406624601975 0.8740426898002625
Car -1 -1 1.54 636.147216796875 179.6594696044922 681.173828125 215.46861267089844 1.4565849304199219 1.6208069324493408 4.0542755126953125 2.137453317642212 1.7590481042861938 31.769804000854492 1.6032186675629303 0.8687939643859863
Car -1 -1 1.99 72.75819396972656 172.1542510986328 435.93727111816406 374.0698547363281 1.6545008420944214 1.7069594860076904 4.105774879455566 -3.102470874786377 1.6654136180877686 7.196117401123047 1.578128433706091 0.8537119626998901
Car -1 -1 1.69 548.2062377929688 170.8636932373047 580.2864379882812 198.88491821289062 1.7690343856811523 1.7329388856887817 4.249749660491943 -3.0680794715881348 1.6640952229499817 48.61911392211914 1.626009418912444 0.7854032516479492
Car -1 -1 1.45 634.32080078125 176.68414306640625 676.5390625 212.50729370117188 1.5465396642684937 1.6385825872421265 4.018507480621338 2.0433855056762695 1.7118507027626038 31.344005584716797 1.5128449484862907 0.4336218237876892
Car -1 -1 1.9 485.14556884765625 176.74635314941406 536.8824462890625 200.28005981445312 1.4746367931365967 1.6110759973526 4.117877006530762 -6.1749796867370605 1.7105656862258911 45.44358444213867 1.7655829870130901 0.37102010846138
Car -1 -1 2.51 202.56893920898438 177.93946838378906 331.4466857910156 221.91842651367188 1.4239405393600464 1.5924118757247925 4.278663635253906 -12.294941902160645 1.6782541275024414 26.52073097229004 2.0739451160614184 0.3433280289173126
Car -1 -1 1.51 633.2278442382812 174.5158233642578 669.6937255859375 206.5477294921875 1.5336365699768066 1.643877387046814 4.053526878356934 1.9907652139663696 1.6553307175636292 32.04618835449219 1.5705721510544297 0.3294823467731476
Car -1 -1 1.34 632.213134765625 172.59326171875 658.9578857421875 201.0113525390625 1.6617414951324463 1.6855019330978394 4.325304985046387 2.280519723892212 1.7113916277885437 45.42982482910156 1.3904550711465813 0.30832570791244507
Car -1 -1 1.95 104.34368133544922 173.10690307617188 392.99825286865234 329.36907958984375 1.6401571035385132 1.6411134004592896 3.8602044582366943 -3.2273507118225098 1.6765063405036926 7.145156383514404 1.5255031015971294 0.2511826455593109
Van -1 -1 1.93 83.69803619384766 170.5822296142578 435.79346466064453 372.3818054199219 1.7902411222457886 1.6861107349395752 4.093008995056152 -3.44928240776062 1.8432584404945374 7.747294902801514 1.5070465244440667 0.2379421889781952
Car -1 -1 -2.98 476.1778869628906 177.68948364257812 540.8359985351562 202.0247344970703 1.39934241771698 1.6501749753952026 4.499320030212402 -6.108994007110596 1.6554397344589233 44.547115325927734 -3.1211566547659295 0.23769620060920715
Car -1 -1 1.67 551.122802734375 170.66893005371094 583.4599609375 195.66656494140625 1.6019374132156372 1.6707780361175537 3.9600961208343506 -3.040419816970825 1.5643053650856018 48.4646110534668 1.6106097644302135 0.19993361830711365
Car -1 -1 1.67 570.6203002929688 170.48312377929688 595.6449584960938 191.45799255371094 1.7165735960006714 1.630670189857483 4.250955581665039 -2.023409605026245 1.4387242197990417 62.131534576416016 1.6386504744590944 0.19446128606796265
Car -1 -1 1.67 573.013671875 169.0453338623047 597.8128662109375 190.41879272460938 1.697635293006897 1.6774930953979492 4.203239917755127 -2.0163328647613525 1.4599353671073914 64.09355926513672 1.6415809399355803 0.19317898154258728
Car -1 -1 2.27 179.3916778564453 182.69606018066406 346.22271728515625 246.8726806640625 1.4399174451828003 1.5394952297210693 3.9803481101989746 -8.725674629211426 1.7573202252388 19.2271785736084 1.8472036647932448 0.19273363053798676
Car -1 -1 1.63 559.83447265625 172.0445098876953 591.8307495117188 196.55184936523438 1.684585690498352 1.7433570623397827 4.341470718383789 -2.7252426147460938 1.6233962774276733 54.66207504272461 1.582427939182157 0.1837989240884781
Car -1 -1 2.42 207.01174926757812 180.1160888671875 355.7040100097656 234.44140625 1.487458348274231 1.6054136753082275 4.338679790496826 -11.38708782196045 1.847423493862152 25.02065658569336 1.990680705001867 0.17738161981105804
Car -1 -1 2.42 214.307373046875 182.55377197265625 335.8861999511719 226.0738983154297 1.4446333646774292 1.491391897201538 3.8549959659576416 -10.924150466918945 1.721810221672058 24.104883193969727 1.9921174406984221 0.1729404628276825
Car -1 -1 2.28 215.8657989501953 179.4300994873047 330.66339111328125 237.66793823242188 1.4635449647903442 1.5780473947525024 4.1469502449035645 -10.692841529846191 1.7799932360649109 23.7576904296875 1.8538640385422092 0.17291241884231567
Car -1 -1 1.89 479.6798095703125 175.8257293701172 533.1002807617188 203.39785766601562 1.5688889026641846 1.5982946157455444 4.069406032562256 -6.404752731323242 1.7642067670822144 45.44399642944336 1.7475828463950993 0.1670905500650406