Car -1 -1 -1.67 654.3615112304688 177.70260620117188 692.307861328125 207.21519470214844 1.4636340141296387 1.6261659860610962 4.037329196929932 3.297272205352783 1.7436875104904175 38.162437438964844 -1.5850805783136304 0.8531808257102966
Car -1 -1 -2.12 807.3063354492188 164.70166015625 1240.55224609375 374.882568359375 1.6399768590927124 1.6718859672546387 4.107787132263184 2.654118776321411 1.6237518191337585 4.2183661460876465 -1.5574285932248726 0.8468772172927856
Car -1 -1 -2.46 -7.235150337219238 195.4149627685547 234.897234916687 350.76776123046875 1.4578707218170166 1.6504868268966675 4.39626407623291 -6.529661178588867 1.6484862565994263 7.371504306793213 3.101809013369375 0.8270227313041687
Car -1 -1 -2.73 89.3179702758789 186.10740661621094 378.95352935791016 283.1282043457031 1.4403940439224243 1.6399987936019897 4.173844814300537 -6.221554279327393 1.7351588606834412 12.341440200805664 3.083316865191345 0.7885393500328064
Car -1 -1 -2.9 199.33807373046875 184.75360107421875 384.0561218261719 253.148681640625 1.4162498712539673 1.607741117477417 3.7899258136749268 -7.105268478393555 1.724530279636383 16.165414810180664 2.9642610521867407 0.7573085427284241
Car -1 -1 -2.69 423.59735107421875 166.4124298095703 536.0723876953125 215.0532989501953 1.8776228427886963 1.711908221244812 4.111979007720947 -5.221631050109863 1.6674157977104187 29.21458625793457 -2.8653052588420245 0.7078470587730408
Car -1 -1 -2.77 380.9449768066406 178.18939208984375 507.54364013671875 225.31105041503906 1.420546054840088 1.5139639377593994 3.9986941814422607 -5.568578720092773 1.6900876760482788 24.2101993560791 -2.9932419695841954 0.702539324760437
Car -1 -1 -3.11 473.79498291015625 171.02879333496094 556.9586181640625 204.08169555664062 1.6044865846633911 1.671703815460205 4.307557582855225 -5.0917744636535645 1.6615105271339417 39.31684875488281 3.0443096336823876 0.6954883933067322
Car -1 -1 0.79 322.3553771972656 181.74061584472656 468.41912841796875 230.7355194091797 1.3789286613464355 1.6117634773254395 3.989638328552246 -6.064114093780518 1.6611917614936829 21.080318450927734 0.5133548818749363 0.6711773872375488
Van -1 -1 -2.36 426.3851013183594 162.33535766601562 542.3079223632812 212.2813262939453 2.0494861602783203 1.855203628540039 4.514033794403076 -5.4742655754089355 1.6255477666854858 31.510005950927734 -2.5298791790077813 0.6213786602020264
Car -1 -1 -2.62 415.1356506347656 171.5454559326172 527.0614013671875 217.4994659423828 1.6972744464874268 1.6154329776763916 4.009390354156494 -5.360245704650879 1.6631909608840942 27.1953125 -2.8145334263575137 0.6208968162536621
Car -1 -1 -2.86 143.00247192382812 185.41226196289062 385.2218933105469 268.5063781738281 1.4766347408294678 1.596433401107788 4.046102523803711 -7.1518988609313965 1.7792232036590576 15.966717720031738 3.006348426438361 0.586503267288208
Car -1 -1 -2.96 401.3133544921875 175.35678100585938 519.1813354492188 220.98179626464844 1.57210111618042 1.6083159446716309 4.072790622711182 -5.548997402191162 1.7025558352470398 26.625812530517578 3.1197634400357295 0.5425532460212708
Car -1 -1 -1.63 650.5344848632812 172.59950256347656 687.4268798828125 205.03749084472656 1.506537914276123 1.5941396951675415 3.9117586612701416 3.368879795074463 1.7400372624397278 38.02870178222656 -1.538303216153702 0.5132582783699036
Car -1 -1 0.75 342.3282165527344 180.64830017089844 487.1912536621094 228.02516174316406 1.4152165651321411 1.5480334758758545 4.005306243896484 -5.826925277709961 1.6432186961174011 22.99595069885254 0.5016733412108625 0.5034850835800171
Van -1 -1 -2.72 411.96087646484375 168.9906463623047 526.9985961914062 217.00514221191406 1.8918571472167969 1.7615286111831665 4.654998302459717 -5.646968364715576 1.7053852081298828 28.823978424072266 -2.911460959075037 0.502851665019989
Car -1 -1 0.52 368.0887145996094 181.76632690429688 495.006591796875 226.22828674316406 1.4116837978363037 1.5640236139297485 4.006980895996094 -5.8684611320495605 1.7630149126052856 23.915584564208984 0.27873391631206346 0.4930146336555481
Car -1 -1 -2.66 37.05498123168945 196.03147888183594 340.1699409484863 300.1865234375 1.4589216709136963 1.6157690286636353 4.177077293395996 -6.051159858703613 1.599289894104004 12.064724922180176 -3.127757319384761 0.45857471227645874
Van -1 -1 -2.15 637.9235229492188 163.65936279296875 669.55859375 196.99099731445312 2.3217926025390625 1.9670016765594482 5.111147403717041 3.388960361480713 1.695408582687378 54.53285598754883 -2.0853142227993757 0.44291290640830994
Van -1 -1 -2.87 444.7658386230469 166.2661590576172 550.6013793945312 209.18682861328125 2.0361177921295166 1.8032881021499634 4.847089767456055 -5.635365009307861 1.618955373764038 35.489315032958984 -3.032292993899109 0.42450210452079773
Car -1 -1 -3.14 460.3021240234375 168.4613800048828 555.6246337890625 205.99839782714844 1.5797510147094727 1.6378741264343262 4.329684734344482 -5.0243964195251465 1.6416304111480713 38.30529022216797 3.012680543520288 0.370342493057251
Car -1 -1 -2.4 -1.722791075706482 192.1531524658203 272.66203558444977 324.97698974609375 1.3881055116653442 1.6306419372558594 4.11616325378418 -6.3461809158325195 1.601755678653717 7.450286388397217 -3.109354803959702 0.36139705777168274
Car -1 -1 -1.6 646.8306884765625 170.67588806152344 680.6380615234375 201.8809814453125 1.450212836265564 1.5802432298660278 3.737154006958008 3.399312734603882 1.829886257648468 38.06657791137695 -1.5129609480700648 0.31478434801101685
Car -1 -1 0.87 331.54412841796875 182.2804718017578 435.7402038574219 225.1651611328125 1.3582478761672974 1.5084370374679565 3.471360445022583 -7.202717304229736 1.6768857836723328 22.858200073242188 0.5684009841061481 0.29678595066070557
Van -1 -1 -2.87 481.20111083984375 168.74978637695312 558.6990356445312 203.4693145751953 1.963369607925415 1.7082948684692383 4.653990268707275 -5.237761497497559 1.7912635803222656 42.3741340637207 -2.9935753497367 0.28614509105682373
Car -1 -1 -2.92 497.3925476074219 172.77926635742188 561.9132080078125 201.09237670898438 1.70879328250885 1.7460498809814453 3.921865940093994 -4.82257080078125 1.6619141697883606 43.38040542602539 -3.0354836194715507 0.2840273976325989
Van -1 -1 1.57 643.1502075195312 165.74160766601562 675.2427368164062 197.92539978027344 2.3614776134490967 1.9483915567398071 5.317234516143799 3.504340887069702 1.708758294582367 52.88798141479492 1.6311866430478466 0.27602052688598633
Car -1 -1 0.73 1025.618896484375 164.703125 1234.7659912109375 338.6575622558594 1.518203616142273 1.5908640623092651 3.9094409942626953 6.418007850646973 1.6250203847885132 7.172837257385254 1.4567752115139925 0.2538471519947052
Van -1 -1 -2.71 395.4976501464844 174.3426055908203 515.5029296875 220.55154418945312 1.8342914581298828 1.818403720855713 4.409207344055176 -5.765730381011963 1.750000774860382 27.971067428588867 -2.909661627628773 0.24536626040935516
Car -1 -1 0.42 640.693115234375 167.0317840576172 671.228271484375 197.91629028320312 1.6744722127914429 1.5886133909225464 3.975646734237671 3.0571134090423584 1.609262764453888 48.59626007080078 0.48199397619642914 0.23064930737018585
Car -1 -1 -2.11 816.2440185546875 172.24168395996094 1115.7437744140625 365.3515319824219 1.5813874006271362 1.5573817491531372 3.4421498775482178 2.5996475219726562 1.6265056729316711 4.345608234405518 -1.5676353215295196 0.218515545129776
Van -1 -1 -2.25 807.8964233398438 164.87342834472656 1233.53076171875 379.85302734375 1.8774205446243286 1.7444429397583008 3.966289520263672 2.8067944049835205 1.6938613653182983 4.562952995300293 -1.6994112427164598 0.2104123830795288
Car -1 -1 -2.87 448.4014587402344 166.03338623046875 550.7426147460938 208.5763702392578 1.720248818397522 1.6638389825820923 4.215078830718994 -5.176955223083496 1.5931968688964844 37.21981430053711 -3.0101043422031744 0.21029303967952728
Car -1 -1 0.36 943.979736328125 152.05198669433594 1221.031982421875 334.0644226074219 1.4471113681793213 1.620226263999939 3.8842103481292725 6.770461082458496 1.4815155267715454 8.940536499023438 1.0106154151425786 0.2102273404598236
Car -1 -1 -0.88 885.4089965820312 164.5651397705078 1219.0604248046875 362.1279602050781 1.6151102781295776 1.6329647302627563 3.954838991165161 2.670443058013916 1.568831741809845 3.818283796310425 -0.2741100891525905 0.20944255590438843
Car -1 -1 -1.32 643.4771728515625 169.08453369140625 675.8762817382812 198.0436248779297 1.657452940940857 1.6416738033294678 4.0946197509765625 3.426028251647949 1.7504313588142395 48.91831588745117 -1.2510138837872455 0.20047642290592194
Car -1 -1 2.68 -9.260130882263184 189.6705322265625 77.27998447418213 348.1787109375 1.6009180545806885 1.6141180992126465 4.119902610778809 -6.848397731781006 1.7797241806983948 6.459849834442139 1.868547861211142 0.19094480574131012
Car -1 -1 -2.81 260.66351318359375 184.60848999023438 422.8018493652344 240.37945556640625 1.3940726518630981 1.5982590913772583 3.8437931537628174 -6.619062423706055 1.6829758882522583 17.584125518798828 3.112274576831263 0.1831590086221695
Car -1 -1 -2.64 -0.8063802123069763 199.32901000976562 319.2024698853493 337.7436828613281 1.3874481916427612 1.595078468322754 4.169550895690918 -6.898221969604492 1.7150874733924866 12.479957580566406 3.1350182353385474 0.18283432722091675
Van -1 -1 -2.81 367.0997314453125 177.25192260742188 509.21240234375 225.20953369140625 1.7752217054367065 1.690182089805603 4.348023891448975 -5.665513038635254 1.7702258229255676 24.914690017700195 -3.0343817957661017 0.1820882260799408
Car -1 -1 0.72 971.5767822265625 169.0462188720703 1234.967529296875 348.1896057128906 1.5361886024475098 1.588738203048706 3.9995481967926025 5.510070323944092 1.652326226234436 6.304654598236084 1.4389457484042758 0.17316076159477234
Car -1 -1 -0.27 925.5234375 171.27574157714844 1269.1864013671875 379.43243408203125 1.5440038442611694 1.6893742084503174 4.93869686126709 2.5970840454101562 1.5253694653511047 4.043397426605225 0.3045240112197405 0.16760775446891785