Car -1 -1 -2.01 136.1880645751953 202.08438110351562 278.9917297363281 268.29010009765625 1.3328256607055664 1.5587433576583862 3.4199392795562744 -9.111092567443848 1.930202841758728 16.004514694213867 -2.527908038175334 0.8708950281143188
Car -1 -1 -2.12 291.37371826171875 169.89830017089844 542.2513427734375 297.51055908203125 1.714416742324829 1.6355834007263184 3.846773386001587 -3.1688733100891113 1.6952964067459106 11.5006103515625 -2.3880474993871355 0.8637747764587402
Car -1 -1 1.28 601.01806640625 180.72227478027344 687.7461547851562 228.57801818847656 1.3940483331680298 1.5163079500198364 3.5969386100769043 1.0338035821914673 1.6656947135925293 22.562807083129883 1.3255533315020287 0.8590865731239319
Car -1 -1 1.4 525.5350952148438 180.011962890625 599.1688842773438 225.07350158691406 1.403823971748352 1.4748417139053345 3.298656463623047 -1.6031715869903564 1.6918004155158997 24.326007843017578 1.3384468657720987 0.8582887649536133
Car -1 -1 -1.74 1.8797584772109985 197.18043518066406 59.97464144229889 240.51412963867188 1.3755227327346802 1.624610185623169 3.5086748600006104 -20.150291442871094 2.193459212779999 24.252023696899414 -2.429116928678125 0.8324717879295349
Car -1 -1 2.32 202.8834686279297 185.26339721679688 304.3914489746094 222.43699645996094 1.5447474718093872 1.693563461303711 4.366514682769775 -15.266807556152344 2.071332633495331 31.079456329345703 1.8674369988512858 0.7545217871665955
Van -1 -1 -2.15 288.7084655761719 165.18670654296875 546.1402587890625 298.9010925292969 1.8404872417449951 1.7736493349075317 4.342804431915283 -3.4306530952453613 1.775234341621399 11.920245170593262 -2.434915522462113 0.6929974555969238
Car -1 -1 0.67 667.4644775390625 173.2074737548828 791.4633178710938 219.22366333007812 1.4055683612823486 1.565501093864441 3.739643096923828 4.214937686920166 1.4893064498901367 24.747318267822266 0.8380209363674407 0.5474313497543335
Car -1 -1 0.6 666.2988891601562 176.5791015625 801.9757690429688 225.5662384033203 1.4272785186767578 1.547588586807251 3.6252269744873047 3.6853930950164795 1.51482754945755 22.70975112915039 0.7645025542122266 0.47179511189460754
Car -1 -1 -2.27 151.8876953125 195.0316162109375 287.93658447265625 257.5234375 1.4154868125915527 1.6151490211486816 3.6223621368408203 -9.033535957336426 1.9021580219268799 16.501279830932617 -2.769425265519181 0.2966068983078003
Car -1 -1 2.83 132.26422119140625 188.86465454101562 232.61000061035156 223.16065979003906 1.4456208944320679 1.5793911218643188 4.096879005432129 -21.794565200805664 2.3170862793922424 36.54417037963867 2.2907192815461297 0.26758629083633423
Car -1 -1 2.77 175.84005737304688 188.6226806640625 292.7740478515625 237.56680297851562 1.5340518951416016 1.6242800951004028 3.9184083938598633 -14.483247756958008 2.0438859462738037 28.605993270874023 2.2967555309312786 0.24801719188690186
Car -1 -1 -2.16 135.67601013183594 194.36427307128906 260.57830810546875 251.38742065429688 1.3719663619995117 1.5726836919784546 3.547396659851074 -10.379820823669434 2.0545387268066406 18.421239852905273 -2.673289393087053 0.23299837112426758
Car -1 -1 1.2 597.7734375 178.549072265625 704.3529052734375 232.4458465576172 1.3702377080917358 1.5685311555862427 3.579787254333496 1.1963489055633545 1.6199246048927307 22.123952865600586 1.2544947254787209 0.22160986065864563
Van -1 -1 0.67 662.299072265625 174.66201782226562 787.3120727539062 221.70643615722656 1.7657654285430908 1.741007685661316 3.9426190853118896 4.148309707641602 1.6545878648757935 25.30594253540039 0.8314435503955799 0.20232321321964264
Van -1 -1 1.24 604.8240966796875 181.46226501464844 689.4531860351562 233.31390380859375 1.737177848815918 1.654316782951355 3.8530542850494385 1.0962671041488647 1.906028389930725 22.404537200927734 1.2935636010680867 0.20072828233242035
Car -1 -1 2.36 141.44554138183594 190.17518615722656 251.4225311279297 234.68357849121094 1.3913532495498657 1.5488749742507935 3.7597968578338623 -19.300827026367188 2.268213927745819 33.00824737548828 1.8299135095502645 0.19287164509296417
Car -1 -1 -2.34 816.3699951171875 152.587890625 982.9190063476562 225.19821166992188 1.8664875030517578 1.7257481813430786 3.375828504562378 7.600513458251953 1.593113660812378 19.3855037689209 -1.970696443119075 0.18165144324302673
Car -1 -1 -1.82 -9.309316635131836 203.02919006347656 29.658052444458008 240.55987548828125 1.4530497789382935 1.6619434356689453 4.331899166107178 -21.698928833007812 2.4340863823890686 25.25351333618164 -2.5251798910006897 0.18155695497989655
Van -1 -1 -2.54 810.6732788085938 151.19224548339844 976.5153198242188 220.7864227294922 2.007011651992798 1.9490058422088623 4.579247951507568 8.764973640441895 1.5724751353263855 22.177663803100586 -2.164795438573373 0.18096546828746796
Truck -1 -1 0.73 1139.9688720703125 70.3320083618164 1243.5565185546875 240.20819854736328 3.6921067237854004 2.2171571254730225 10.15789794921875 15.991974830627441 1.6604549884796143 14.684645652770996 1.562264963552563 0.1713009625673294