Car -1 -1 -1.34 461.055419921875 162.40016174316406 594.514892578125 265.23480224609375 1.674705982208252 1.6904765367507935 4.136439800262451 -1.4062525033950806 1.538370966911316 13.908876419067383 -1.4420795628310774 0.8833233118057251
Car -1 -1 1.9 314.603759765625 174.85000610351562 457.3948059082031 260.5692443847656 1.5336462259292603 1.5993971824645996 3.9097282886505127 -4.714303016662598 1.6577106714248657 15.454262733459473 1.6014393992902658 0.8804218173027039
Car -1 -1 -1.62 817.6488647460938 166.89878845214844 955.01708984375 288.72869873046875 1.5532313585281372 1.6347815990447998 3.8070175647735596 4.290053844451904 1.455055594444275 11.378862380981445 -1.2561292187943414 0.8624770641326904
Car -1 -1 2.25 5.737787246704102 195.1962432861328 288.6437015533447 372.4211730957031 1.5729132890701294 1.6140066385269165 3.6908438205718994 -3.3639938831329346 1.7275014519691467 3.972059965133667 1.5479561967171218 0.8331125974655151
Car -1 -1 -1.07 871.6362915039062 168.61929321289062 1023.5477294921875 241.46371459960938 1.4732894897460938 1.6359719038009644 3.978475332260132 7.9574384689331055 1.3906939029693604 16.928993225097656 -0.6332642852022126 0.8073316216468811
Van -1 -1 -1.4 457.9458923339844 164.0472412109375 596.7293090820312 263.2743835449219 1.8800023794174194 1.7518314123153687 4.290656089782715 -1.5707706212997437 1.7160311937332153 14.993260383605957 -1.501147543607102 0.5766029357910156
Car -1 -1 -1.4 845.379150390625 164.58627319335938 1011.0985717773438 258.3453369140625 1.6284180879592896 1.7107123136520386 4.272268772125244 6.591241836547852 1.4870393872261047 14.922358512878418 -0.9839643906342168 0.5748968124389648
Car -1 -1 -1.5 828.5996704101562 165.806884765625 982.3689575195312 276.4883117675781 1.580265760421753 1.6823238134384155 4.002506732940674 4.6202287673950195 1.5125532150268555 11.54500675201416 -1.1222962857347927 0.5287579894065857
Car -1 -1 -1.51 833.1414184570312 169.91482543945312 973.9176635742188 255.44029235839844 1.4335452318191528 1.625956416130066 3.7532942295074463 4.831421852111816 1.3957769870758057 12.187634468078613 -1.129859861521993 0.2567085921764374
Car -1 -1 0.75 1101.4559326171875 139.24964904785156 1238.3878173828125 239.01686096191406 1.7492934465408325 1.7006083726882935 4.392694473266602 13.554841995239258 1.2616734206676483 15.474884033203125 1.4721011694389672 0.2555406391620636
Car -1 -1 -2.04 831.8994750976562 160.26687622070312 1000.7119140625 242.572509765625 1.5246939659118652 1.6866936683654785 4.141878604888916 7.390235424041748 1.3734086155891418 17.7903995513916 -1.649929051920739 0.2543097138404846
Car -1 -1 -1.56 805.3120727539062 160.14703369140625 970.1660766601562 269.7818908691406 1.5782272815704346 1.6492199897766113 4.030405044555664 4.593567848205566 1.4531399011611938 11.728903770446777 -1.189056745735698 0.22865912318229675
Car -1 -1 -1.55 828.4656982421875 170.6085205078125 951.1595458984375 265.2075500488281 1.5804747343063354 1.624290108680725 3.6853830814361572 4.716611385345459 1.5110226273536682 12.185348510742188 -1.1852013469726463 0.21783752739429474
Car -1 -1 -0.91 864.66845703125 159.7908935546875 1010.3558959960938 232.7122802734375 1.4167571067810059 1.6369446516036987 4.1181640625 8.36917781829834 1.3073920607566833 18.12283706665039 -0.4773633185304855 0.21485210955142975
Car -1 -1 -1.48 876.5039672851562 163.05299377441406 1053.72509765625 236.81932067871094 1.4311174154281616 1.6121459007263184 4.108073711395264 7.840030670166016 1.4739876985549927 16.765113830566406 -1.0466039833533394 0.21122317016124725
Van -1 -1 0.85 1101.6072998046875 137.4235382080078 1238.587890625 237.011474609375 2.0628669261932373 2.0074102878570557 5.0905070304870605 13.55665397644043 1.3287020921707153 15.493613243103027 1.5664659594219659 0.20677921175956726
Car -1 -1 2.16 1.201269507408142 195.25608825683594 225.1413940191269 364.2643737792969 1.5470075607299805 1.602089762687683 3.9601447582244873 -5.821563243865967 1.9171561002731323 6.546952724456787 1.4360225123709425 0.20246204733848572
Car -1 -1 2.23 0.4704778492450714 203.97891235351562 125.52846124768257 361.8585510253906 1.4227927923202515 1.5854507684707642 3.665574073791504 -6.309520244598389 1.7534824013710022 7.08564567565918 1.5062000017150945 0.20067398250102997
Car -1 -1 -1.17 866.7164306640625 158.28170776367188 1040.9300537109375 226.2010498046875 1.6673370599746704 1.6617348194122314 4.280582904815674 7.869096755981445 1.5411149859428406 17.293001174926758 -0.7397262179799329 0.19125446677207947