Car -1 -1 -1.8 704.9594116210938 172.9508819580078 826.1127319335938 254.79220581054688 1.4854968786239624 1.5829719305038452 3.404045820236206 3.134192943572998 1.5123218894004822 15.372544288635254 -1.6037012757397022 0.8845988512039185
Car -1 -1 -2.05 812.13232421875 173.21163940429688 1245.9771728515625 372.3560485839844 1.5027446746826172 1.6207115650177002 4.231358051300049 3.300924062728882 1.5503142476081848 6.6483683586120605 -1.593635917044872 0.8778913021087646
Car -1 -1 1.86 363.4449462890625 180.74757385253906 457.07080078125 239.01422119140625 1.522786259651184 1.5559098720550537 3.6858277320861816 -5.789595603942871 1.7862935662269592 21.2047119140625 1.5972592548556754 0.8750990629196167
Car -1 -1 -1.7 682.789306640625 171.6502227783203 762.660400390625 227.97813415527344 1.4464106559753418 1.6496541500091553 4.177985191345215 3.201925039291382 1.463501214981079 21.200965881347656 -1.5497826031904456 0.8487194180488586
Car -1 -1 2.27 6.405588150024414 212.67733764648438 211.0503635406494 374.8350830078125 1.398110032081604 1.6185935735702515 4.320138454437256 -5.446760177612305 1.7892435193061829 6.202499866485596 1.550650684584932 0.8478605151176453
Car -1 -1 1.78 414.6715087890625 180.29441833496094 486.6015625 224.83323669433594 1.5119283199310303 1.5509182214736938 3.766639232635498 -5.795033931732178 1.792030930519104 26.47288703918457 1.5660996943079262 0.8384044170379639
Pedestrian -1 -1 1.17 745.1146240234375 152.10134887695312 762.6875 211.37017822265625 1.9363605976104736 0.6745749711990356 0.846427857875824 4.870960235595703 1.3030215501785278 24.538719177246094 1.3656258474679603 0.6296564936637878
Pedestrian -1 -1 1.89 741.3820190429688 152.61981201171875 760.0056762695312 207.8091583251953 1.9482395648956299 0.6740517020225525 0.9820177555084229 4.71381139755249 1.271852284669876 24.54934310913086 2.084500379225652 0.5801169872283936
Pedestrian -1 -1 1.61 735.4784545898438 152.05064392089844 754.2657470703125 209.10897827148438 1.954121708869934 0.6812878847122192 0.9533727765083313 4.501376152038574 1.2701236605644226 24.639699935913086 1.7885789114649295 0.5728402137756348
Pedestrian -1 -1 1.23 738.6524658203125 154.10928344726562 756.6455688476562 208.26895141601562 1.9226200580596924 0.6868801712989807 0.9359950423240662 4.607374668121338 1.267384558916092 24.5314884185791 1.4122168512488935 0.4305132031440735
Pedestrian -1 -1 1.78 731.59814453125 156.11016845703125 751.5205078125 205.91250610351562 1.8592580556869507 0.6633166074752808 0.8548675775527954 4.906735420227051 1.2974286675453186 26.63478660583496 1.9660997102328235 0.40085849165916443
Pedestrian -1 -1 2.04 728.4503173828125 153.72447204589844 749.8937377929688 210.0460662841797 1.9851319789886475 0.6898836493492126 0.904567539691925 4.389072418212891 1.3757930397987366 24.75543975830078 2.2120540159309963 0.3948986828327179
Car -1 -1 -1.79 681.4095458984375 174.9718475341797 750.703857421875 222.1076202392578 1.415802001953125 1.5415505170822144 3.5215296745300293 3.500673532485962 1.4892591834068298 25.96551513671875 -1.65814674921584 0.39202651381492615
Car -1 -1 -1.62 677.7047119140625 174.20106506347656 741.41552734375 218.28526306152344 1.3766847848892212 1.586059331893921 3.683499336242676 3.5004818439483643 1.4493604898452759 26.500272750854492 -1.485141645755963 0.34619465470314026
Pedestrian -1 -1 1.88 724.9104614257812 158.07437133789062 754.8905029296875 206.80459594726562 1.899021029472351 0.6833206415176392 0.7664377093315125 4.846600532531738 1.3310439586639404 26.47903823852539 2.0644405631860936 0.33841589093208313
Car -1 -1 -1.74 696.8562622070312 172.6392059326172 803.002197265625 242.645751953125 1.5064659118652344 1.5556646585464478 3.5571534633636475 2.968770980834961 1.4655027985572815 16.56581687927246 -1.5601703714124335 0.33049875497817993
Van -1 -1 -0.96 690.4066772460938 143.97442626953125 763.4157104492188 188.31924438476562 2.4353814125061035 2.1065146923065186 5.632593154907227 7.8606696128845215 0.8112494945526123 46.94906234741211 -0.7989867973662257 0.288343608379364
Car -1 -1 1.8 397.5950012207031 180.8008575439453 480.15606689453125 227.8319854736328 1.456863284111023 1.5754196643829346 3.684379816055298 -5.8680620193481445 1.776626169681549 25.727270126342773 1.5717402710018407 0.2856275141239166
Car -1 -1 -2.87 679.644287109375 175.7738037109375 731.8051147460938 213.68617248535156 1.3776295185089111 1.5500457286834717 3.41680908203125 3.578645706176758 1.4594839215278625 27.617481231689453 -2.744014496698087 0.2837335765361786
Pedestrian -1 -1 1.89 729.6551513671875 156.5109100341797 757.55126953125 210.4557647705078 1.8873913288116455 0.6634349226951599 0.8256749510765076 4.594418525695801 1.3989225029945374 24.918825149536133 2.0684885661527765 0.26862847805023193
Car -1 -1 -1.76 687.9595336914062 170.4324493408203 780.1365966796875 236.98838806152344 1.5132644176483154 1.6402597427368164 3.787060022354126 3.181442975997925 1.4577409625053406 21.005393981933594 -1.610346371983379 0.26619136333465576
Car -1 -1 -1.53 694.5388793945312 168.5399169921875 761.4782104492188 223.5340576171875 1.5115410089492798 1.626598596572876 3.979987621307373 3.4167611598968506 1.4729613661766052 21.85194206237793 -1.3798928058210072 0.24849791824817657
Pedestrian -1 -1 2.23 714.4313354492188 161.05618286132812 756.8339233398438 222.29119873046875 1.9204152822494507 0.6693010330200195 0.8405236601829529 3.77716064453125 1.4860913157463074 21.637897491455078 2.398129477466181 0.24372468888759613
Van -1 -1 -0.86 696.968505859375 149.27700805664062 761.4072875976562 193.60040283203125 2.256831407546997 2.0560812950134277 5.41978120803833 7.955623626708984 1.0013279914855957 47.20863723754883 -0.6888108481431061 0.22240976989269257
Pedestrian -1 -1 2.57 705.484375 172.69461059570312 826.11865234375 255.4901885986328 1.6919764280319214 0.6166435480117798 0.8295760750770569 2.833139419555664 1.519206702709198 13.811134338378906 2.7701753118042403 0.22128915786743164
Pedestrian -1 -1 2.28 683.873779296875 172.72091674804688 767.6578369140625 228.05238342285156 1.8297269344329834 0.6109170317649841 0.7983457446098328 2.9708125591278076 1.5277270674705505 18.135093688964844 2.444916981476383 0.2207939475774765
Pedestrian -1 -1 1.18 738.725341796875 157.53524780273438 764.3771362304688 208.31446838378906 1.8739666938781738 0.641973078250885 0.9101306200027466 4.792090892791748 1.272818386554718 24.246498107910156 1.3716624095251886 0.21732646226882935
Pedestrian -1 -1 1.69 718.3888549804688 156.15594482421875 756.6300659179688 213.1563720703125 1.9895789623260498 0.710787296295166 0.8512172102928162 4.388387203216553 1.421437382698059 24.986108779907227 1.866711182351736 0.21673712134361267
Pedestrian -1 -1 1.69 729.709228515625 154.10693359375 766.840087890625 212.389404296875 1.8269048929214478 0.687403678894043 0.8688942193984985 4.598524570465088 1.1890494525432587 24.174640655517578 1.8764011826583733 0.20676405727863312
Pedestrian -1 -1 0.91 737.9160766601562 156.85108947753906 768.2998046875 214.5236358642578 1.8921823501586914 0.6609834432601929 0.7880433201789856 4.8144354820251465 1.4544093608856201 24.5225830078125 1.1018439836218796 0.20563904941082
Car -1 -1 0.73 905.0154418945312 179.35142517089844 1211.6612548828125 315.2608947753906 1.6401461362838745 1.622689962387085 4.030129432678223 6.22387170791626 1.7384296655654907 10.499519348144531 1.2606232923736211 0.2054763287305832
Pedestrian -1 -1 1.73 733.1351928710938 159.15687561035156 756.6436767578125 215.1546173095703 1.9025825262069702 0.6609741449356079 0.8096986413002014 4.545483589172363 1.3792412877082825 24.530759811401367 1.914927938427871 0.20258665084838867
Pedestrian -1 -1 0.98 734.5439453125 158.50994873046875 763.3734130859375 215.99363708496094 1.8812270164489746 0.658105194568634 0.8089602589607239 4.731151103973389 1.4567911028862 24.522586822509766 1.1734673139271479 0.20213420689105988
Pedestrian -1 -1 2.02 728.0033569335938 160.50904846191406 774.0636596679688 219.64907836914062 1.8288525342941284 0.6634437441825867 0.6903179883956909 4.869616508483887 1.4574191570281982 25.042978286743164 2.208665263018646 0.1971685141324997
Pedestrian -1 -1 2.07 711.6753540039062 170.97406005859375 804.0996704101562 243.97122192382812 1.8066041469573975 0.6217103004455566 0.7553895711898804 3.3053970336914062 1.5236812829971313 16.875926971435547 2.258919320892014 0.19637486338615417
Car -1 -1 -1.73 699.4841918945312 169.53611755371094 776.30322265625 228.82632446289062 1.4756914377212524 1.586563229560852 3.7576377391815186 3.3889963626861572 1.4524007439613342 19.48929214477539 -1.5539292010433758 0.19535477459430695
Car -1 -1 0.96 934.699462890625 175.53485107421875 1219.4921875 286.27349853515625 1.5444984436035156 1.6410781145095825 3.971585750579834 6.763648509979248 1.6943240761756897 11.005757331848145 1.5158875619207342 0.19436457753181458
Pedestrian -1 -1 2.55 700.8731689453125 165.0476837158203 759.994873046875 221.37933349609375 1.8458083868026733 0.6762930154800415 0.8008332848548889 4.138828754425049 1.4531225562095642 24.490537643432617 2.7223716364665673 0.19228070974349976
Car -1 -1 1.82 380.18194580078125 179.15704345703125 462.846923828125 232.98387145996094 1.4661738872528076 1.6044228076934814 3.6662325859069824 -5.673121452331543 1.6769334077835083 21.676246643066406 1.5658513709455422 0.19227555394172668
Car -1 -1 -2.03 1201.8463134765625 215.44635009765625 1241.6427001953125 361.1672668457031 1.4476011991500854 1.497934103012085 3.3732221126556396 4.783026218414307 1.6499395966529846 3.5692708492279053 -1.1011039119061854 0.1865909844636917
Pedestrian -1 -1 2.01 718.642578125 164.78875732421875 761.0718994140625 218.69522094726562 1.8831220865249634 0.6048980951309204 0.7985539436340332 4.286291122436523 1.4506933689117432 23.770435333251953 2.184566707614504 0.18353937566280365
Pedestrian -1 -1 1.72 1217.3936767578125 126.43543243408203 1245.8367919921875 340.74735260009766 1.7895233631134033 0.5927129983901978 0.5250591039657593 5.3192033767700195 1.5186685919761658 5.368625164031982 2.5048618711216006 0.1805209219455719
Car -1 -1 1.04 942.0436401367188 163.89727783203125 1230.2772216796875 314.0948486328125 1.7095013856887817 1.6516138315200806 4.242516040802002 5.863079071044922 1.758609414100647 9.325304985046387 1.5993472910610302 0.17972175776958466
Pedestrian -1 -1 2.54 707.7194213867188 156.76686096191406 762.3694458007812 217.92457580566406 1.9724551439285278 0.7364152669906616 0.905509889125824 3.8063204288482666 1.3560940325260162 21.918672561645508 2.710741899346342 0.1631307601928711
Car -1 -1 -1.51 710.3948364257812 162.78839111328125 767.8916015625 216.05076599121094 1.4860620498657227 1.610175371170044 3.9004950523376465 3.9474446773529053 1.3717510104179382 22.205739974975586 -1.329874487644525 0.1550551801919937
Pedestrian -1 -1 2.34 728.5099487304688 161.93316650390625 789.6394653320312 227.40127563476562 1.8475600481033325 0.6560059189796448 0.7230086326599121 4.684859275817871 1.5484120845794678 23.250822067260742 2.537397011383451 0.1489836424589157
Pedestrian -1 -1 2.04 725.8449096679688 144.06350708007812 765.0564575195312 207.83290100097656 1.9360759258270264 0.7220017313957214 0.8811653256416321 4.873228073120117 1.1661690324544907 25.486583709716797 2.229032224708803 0.14104783535003662
Van -1 -1 -1.16 698.5826416015625 161.28152465820312 764.5059204101562 208.99758911132812 2.1086771488189697 1.9554442167282104 4.982127666473389 6.905741214752197 1.237207680940628 40.22174835205078 -0.9939192655358768 0.13631445169448853