Car -1 -1 -1.69 658.2493286132812 177.53282165527344 712.3602294921875 218.80419921875 1.4250246286392212 1.5960237979888916 3.6666719913482666 2.8123486042022705 1.6581342816352844 27.547109603881836 -1.5883880395103036 0.8683966994285583
Car -1 -1 -1.8 704.70068359375 165.54367065429688 847.5731201171875 280.3370361328125 1.779623031616211 1.6074206829071045 3.5024290084838867 2.773430109024048 1.6592121124267578 12.799089431762695 -1.5895239828330956 0.8646977543830872
Car -1 -1 -2.25 864.6659545898438 193.8274383544922 1243.54150390625 374.8661193847656 1.4554270505905151 1.619215726852417 4.079320907592773 2.9536895751953125 1.6263176202774048 3.8320000171661377 -1.5920011831799492 0.8437372446060181
Car -1 -1 -2.94 419.384765625 169.11566162109375 517.8234252929688 209.35838317871094 1.6332392692565918 1.681330919265747 4.132837295532227 -6.122840881347656 1.5780080556869507 30.878103256225586 -3.133802752054775 0.7598429918289185
Car -1 -1 0.5 53.29036331176758 176.3356170654297 383.7484931945801 284.976318359375 1.5333740711212158 1.6142698526382446 4.27427864074707 -5.894835472106934 1.6086387038230896 11.416265487670898 0.025632625075996174 0.7516804337501526
Car -1 -1 -2.55 215.5377655029297 161.9308319091797 421.572509765625 246.4297637939453 1.662792682647705 1.613236904144287 3.690592050552368 -6.455916404724121 1.5276004076004028 16.592618942260742 -2.9193256648663892 0.7508756518363953
Car -1 -1 -2.69 328.47186279296875 173.47715759277344 477.34490966796875 229.32443237304688 1.5183448791503906 1.6057467460632324 3.800748825073242 -5.910455703735352 1.5645714402198792 20.94948959350586 -2.9658683004387516 0.7343648076057434
Car -1 -1 -2.81 370.22760009765625 172.28494262695312 495.83416748046875 222.112060546875 1.6491514444351196 1.6728438138961792 4.03038215637207 -5.9469451904296875 1.6473895907402039 24.736921310424805 -3.0467511742917512 0.7239439487457275
Car -1 -1 -2.61 192.71249389648438 169.6204376220703 400.7390441894531 253.81198120117188 1.5858221054077148 1.6327366828918457 4.016866683959961 -6.190831184387207 1.5220666527748108 14.0956449508667 -3.028028560359423 0.6639939546585083
Car -1 -1 0.7 111.78158569335938 180.31692504882812 388.4443664550781 278.8703918457031 1.4654483795166016 1.6162621974945068 4.164597988128662 -5.906474590301514 1.6022149324417114 12.037516593933105 0.24333912901451837 0.650006890296936
Car -1 -1 -2.95 391.322998046875 171.35092163085938 512.150146484375 214.07418823242188 1.5266441106796265 1.686247706413269 4.19924783706665 -6.087774276733398 1.5320656299591064 29.09650993347168 3.130182523143625 0.6370927095413208
Car -1 -1 -2.12 9.136539459228516 174.34255981445312 264.51318740844727 373.96246337890625 1.540010929107666 1.5632551908493042 3.4397165775299072 -5.031365871429443 1.6283069252967834 6.561227321624756 -2.778036254847189 0.6284611821174622
Car -1 -1 -1.63 661.1356201171875 174.08924865722656 715.9506225585938 214.65701293945312 1.4626755714416504 1.566831350326538 3.538811683654785 2.836050033569336 1.555204689502716 26.499502182006836 -1.525929879924572 0.5627144575119019
Car -1 -1 -2.71 170.74281311035156 172.82179260253906 422.2044677734375 262.5746765136719 1.5716804265975952 1.5912871360778809 4.056973457336426 -5.896345138549805 1.5952339172363281 13.81529712677002 -3.113242654235175 0.5423784255981445
Car -1 -1 -1.59 627.2764282226562 172.53054809570312 650.478271484375 191.69540405273438 1.443291425704956 1.6291427612304688 3.722252607345581 2.375864028930664 1.4832656979560852 58.13874053955078 -1.5488325028871408 0.4923268258571625
Car -1 -1 1.3 702.4686889648438 168.5454559326172 794.31787109375 227.98260498046875 1.641670823097229 1.6508055925369263 4.034399509429932 4.421719074249268 1.6083550453186035 23.84720230102539 1.4825506462572138 0.4834536015987396
Car -1 -1 -2.81 345.4620666503906 172.08387756347656 487.0706481933594 224.6570281982422 1.5179626941680908 1.583353877067566 3.8804080486297607 -5.800323963165283 1.6067373156547546 24.89501953125 -3.040166696789808 0.46646371483802795
Car -1 -1 0.6 23.563661575317383 179.859130859375 354.88931465148926 317.8185729980469 1.5590081214904785 1.652313470840454 4.037594795227051 -5.606463432312012 1.5631080865859985 11.072988510131836 0.13435320198040346 0.44477230310440063
Van -1 -1 -1.83 706.9234008789062 166.88092041015625 845.5089111328125 281.1307678222656 1.9664541482925415 1.7235735654830933 4.441165924072266 2.9870896339416504 1.910769522190094 13.768623352050781 -1.6128656402740384 0.40443289279937744
Car -1 -1 -0.24 701.770751953125 172.46116638183594 772.5944213867188 216.6355438232422 1.5003533363342285 1.5852837562561035 3.8813705444335938 4.640201091766357 1.5132076740264893 27.12445640563965 -0.07465957483105834 0.38731133937835693
Car -1 -1 -1.82 705.0862426757812 170.4432830810547 830.0806274414062 263.07305908203125 1.6221418380737305 1.6534316539764404 3.638698101043701 2.6524293422698975 1.5233290195465088 12.880705833435059 -1.6174120028958576 0.3651820421218872
Car -1 -1 2.24 9.585921287536621 192.6392364501953 112.73963069915771 281.56494140625 1.4747018814086914 1.4956175088882446 3.333573818206787 -10.002030372619629 1.7604765892028809 11.549576759338379 1.5306272923432838 0.36261695623397827
Car -1 -1 -2.85 439.86077880859375 167.96435546875 524.69189453125 204.0559844970703 1.7530021667480469 1.752395510673523 4.231504440307617 -6.456299304962158 1.5250807404518127 36.38010025024414 -3.0208104073093462 0.3596642017364502
Car -1 -1 0.61 8.305156707763672 187.0361328125 339.6263236999512 341.8691711425781 1.5537017583847046 1.5899925231933594 3.832087993621826 -5.525240421295166 1.6181748509407043 10.714468002319336 0.13791187392981552 0.33891192078590393
Car -1 -1 -2.37 672.9280395507812 170.67440795898438 723.5264282226562 204.05416870117188 1.5589083433151245 1.6066490411758423 3.670708656311035 4.2519307136535645 1.534029245376587 35.09117889404297 -2.2525218920008827 0.33748167753219604
Car -1 -1 -2.22 280.8161315917969 170.6309051513672 437.9836730957031 234.77005004882812 1.5813536643981934 1.5776110887527466 3.761404275894165 -6.204262733459473 1.5438610315322876 18.429218292236328 -2.5417772169673665 0.3357672095298767
Car -1 -1 -1.7 668.296875 171.30377197265625 716.48486328125 210.16928100585938 1.5123801231384277 1.6105376482009888 3.5908491611480713 3.158005475997925 1.5374115109443665 28.608051300048828 -1.5921781854934292 0.32772403955459595
Car -1 -1 2.81 260.0448303222656 168.49790954589844 420.2270202636719 242.6990509033203 1.5810010433197021 1.5722522735595703 3.5437211990356445 -6.612497329711914 1.5734471678733826 18.51116943359375 2.4705205479582606 0.3222320079803467
Car -1 -1 0.37 42.34389877319336 183.14285278320312 337.9154624938965 293.4278869628906 1.4996790885925293 1.6455494165420532 3.9405877590179443 -5.984803676605225 1.6598926186561584 11.29356861114502 -0.11413933467499282 0.3180716037750244
Car -1 -1 -2.98 303.27691650390625 170.9615478515625 453.17108154296875 231.58029174804688 1.5647374391555786 1.616945505142212 3.7723631858825684 -6.055365562438965 1.569376528263092 21.66370391845703 3.029858089698621 0.30332136154174805
Car -1 -1 -2.55 26.168949127197266 179.36386108398438 270.2058448791504 319.64910888671875 1.4404315948486328 1.5521788597106934 3.250742197036743 -5.37783670425415 1.5737427473068237 8.167635917663574 -3.1331373069584814 0.29205596446990967
Car -1 -1 2.76 704.3377075195312 166.05975341796875 807.85791015625 245.79197692871094 1.6236498355865479 1.605698585510254 3.9098780155181885 4.44065523147583 1.671000897884369 22.552824020385742 2.955295827517702 0.27745383977890015
Car -1 -1 -0.13 120.00615692138672 169.6215362548828 415.5161361694336 267.9142761230469 1.5489680767059326 1.6390454769134521 4.226775646209717 -5.826509952545166 1.6050609350204468 12.000399589538574 -0.5821509226888586 0.265899658203125
Van -1 -1 -2.95 424.927490234375 169.2774658203125 519.4461669921875 207.70394897460938 1.850126028060913 1.68158757686615 4.445933818817139 -6.775966167449951 1.6608732342720032 34.55950927734375 3.137672797388035 0.24248486757278442
Car -1 -1 -2.37 319.7117004394531 172.21974182128906 458.67938232421875 224.84207153320312 1.5158047676086426 1.6182514429092407 3.7929625511169434 -6.22109842300415 1.5137987732887268 21.141372680664062 -2.655694220024433 0.2396494746208191
Van -1 -1 0.32 91.49153900146484 165.48622131347656 397.9498825073242 274.2991943359375 2.118347406387329 1.9859914779663086 4.904537200927734 -6.566389560699463 1.7880223989486694 13.616454124450684 -0.1250541372209324 0.23593567311763763
Van -1 -1 -2.66 202.73748779296875 168.5210418701172 421.29888916015625 250.8533935546875 1.9098575115203857 1.7047598361968994 4.927170276641846 -6.5710673332214355 1.6947940587997437 15.819352149963379 -3.0501004390568722 0.22868655622005463
Van -1 -1 -2.85 441.5918884277344 167.4593048095703 524.7437744140625 203.27182006835938 1.851145625114441 1.6703500747680664 4.339599609375 -6.861653804779053 1.5934780836105347 39.72486877441406 -3.020928315290293 0.2109590768814087
Car -1 -1 -2.09 674.4306640625 173.0012664794922 724.012939453125 212.7178497314453 1.5332427024841309 1.542993426322937 3.593996047973633 3.3443706035614014 1.5911505818367004 28.319486618041992 -1.9772655771668255 0.20938391983509064
Pedestrian -1 -1 -2.67 420.2885437011719 170.93560791015625 511.16522216796875 209.64947509765625 1.751116156578064 0.6602656245231628 0.8341023325920105 -4.844501495361328 1.5227429270744324 23.761837005615234 -2.87183180626287 0.18396884202957153
Van -1 -1 0.49 48.12955093383789 169.98121643066406 387.0332679748535 284.58404541015625 2.0375936031341553 1.920743465423584 4.740136623382568 -6.210846424102783 1.7114454507827759 12.709671020507812 0.030828832145743945 0.1785336285829544
Car -1 -1 -2.24 21.400760650634766 173.9269256591797 233.6146583557129 295.9841003417969 1.412490725517273 1.577854871749878 3.611111640930176 -6.253898620605469 1.5968270897865295 8.91788101196289 -2.854370188649481 0.1628655195236206
Car -1 -1 0.64 1118.6900634765625 205.15899658203125 1244.3822021484375 370.0094299316406 1.3784080743789673 1.6008729934692383 4.0761871337890625 4.581294059753418 1.5800722241401672 3.8149526119232178 1.5152522212607362 0.1402483433485031