Car -1 -1 1.8 362.6166076660156 187.49249267578125 505.88873291015625 293.8713073730469 1.496626853942871 1.5432254076004028 3.3621299266815186 -2.8210134506225586 1.7589339017868042 12.124077796936035 1.567323262911426 0.8907809257507324
Car -1 -1 -1.79 697.2526245117188 176.52874755859375 850.5595703125 290.4935607910156 1.6260461807250977 1.6143345832824707 3.8679049015045166 2.5433290004730225 1.6818904280662537 12.160511016845703 -1.5817292386365507 0.8819209337234497
Car -1 -1 -1.73 659.4951171875 172.99195861816406 734.8676147460938 235.01272583007812 1.6740285158157349 1.6383200883865356 3.9835364818573 2.3737287521362305 1.669697105884552 21.055320739746094 -1.6143098930663111 0.8666161298751831
Car -1 -1 1.67 526.0679931640625 176.5914306640625 568.5061645507812 211.0732421875 1.5539677143096924 1.672376275062561 4.069993019104004 -3.09318208694458 1.792705774307251 36.28322219848633 1.584440549189818 0.8532089591026306
Car -1 -1 -1.72 676.9758911132812 180.7801971435547 763.099365234375 251.90069580078125 1.482256293296814 1.5612581968307495 3.4164845943450928 2.5236048698425293 1.6733680963516235 17.30292510986328 -1.5737827619170046 0.8504552841186523
Car -1 -1 -1.7 644.9202880859375 171.13763427734375 693.9729614257812 212.24435424804688 1.7431296110153198 1.6725300550460815 4.0596442222595215 2.584777355194092 1.6915001273155212 32.454200744628906 -1.6158693978468115 0.8043764233589172
Car -1 -1 -1.72 666.448486328125 175.3690185546875 749.9256591796875 244.74911499023438 1.6390972137451172 1.6402984857559204 3.804135799407959 2.3401594161987305 1.7104592323303223 20.989734649658203 -1.6118598434186975 0.6229327917098999
Pedestrian -1 -1 2.28 844.9536743164062 188.68084716796875 889.8533935546875 272.1443176269531 1.4543696641921997 0.5306583642959595 0.584196925163269 4.562602519989014 1.6974784135818481 12.768329620361328 2.62592806326328 0.6147539019584656
Car -1 -1 -1.58 633.8446044921875 176.26950073242188 666.9398193359375 204.37608337402344 1.5183247327804565 1.6395082473754883 4.276340484619141 2.3072965145111084 1.772989809513092 43.12656021118164 -1.5275004820900868 0.5358580350875854
Car -1 -1 -1.89 635.93115234375 171.73358154296875 675.2744750976562 207.28855895996094 1.6635130643844604 1.6537052392959595 4.315029621124268 2.2739171981811523 1.7214333415031433 39.66669464111328 -1.8282437742044495 0.49322813749313354
Car -1 -1 -1.38 639.698974609375 172.1147918701172 684.1317749023438 209.36082458496094 1.7175188064575195 1.6654945611953735 4.24510383605957 2.387012481689453 1.6763453483581543 37.30786895751953 -1.3177462334191965 0.41458573937416077
Cyclist -1 -1 -1.45 842.848388671875 186.0140838623047 891.1596069335938 272.3172912597656 1.5758129358291626 0.4920474588871002 1.5658371448516846 4.589214324951172 1.716875672340393 12.919013023376465 -1.1109039033640524 0.3689514100551605
Car -1 -1 -1.69 653.1767578125 169.71835327148438 719.5072021484375 229.53091430664062 1.6538175344467163 1.6648000478744507 3.7777092456817627 2.3600313663482666 1.6581411957740784 21.34790802001953 -1.58381110437218 0.33459725975990295
Car -1 -1 -1.72 673.9459838867188 178.03717041015625 779.2133178710938 257.77569580078125 1.5379912853240967 1.6146225929260254 3.6623497009277344 2.4489963054656982 1.7142674326896667 17.11627960205078 -1.573161570484766 0.30400440096855164
Car -1 -1 -1.68 642.7213134765625 170.30015563964844 698.621337890625 218.51319885253906 1.7159841060638428 1.6590548753738403 3.9097461700439453 2.4450736045837402 1.6523467302322388 30.877731323242188 -1.6022367099684072 0.29515236616134644
Car -1 -1 1.56 582.5380859375 175.5528564453125 601.0982666015625 191.9025421142578 1.5335582494735718 1.6249014139175415 4.06355094909668 -1.9065650701522827 1.8755022883415222 72.2889633178711 1.5338916224506276 0.27722030878067017
Car -1 -1 -1.66 686.97607421875 185.88861083984375 771.1061401367188 259.5423278808594 1.488606333732605 1.5830292701721191 3.5233774185180664 2.7077817916870117 1.7632752060890198 16.014631271362305 -1.4934953444135806 0.2653226852416992
Car -1 -1 -1.78 694.9554443359375 177.80950927734375 826.767822265625 276.98858642578125 1.5145206451416016 1.5878942012786865 3.5212576389312744 2.4645912647247314 1.6301885843276978 12.285972595214844 -1.5774855583455798 0.24733449518680573
Car -1 -1 1.54 629.8464965820312 175.96986389160156 662.11767578125 202.85482788085938 1.4859397411346436 1.5781711339950562 3.9292869567871094 2.2415592670440674 1.7532390356063843 43.77889633178711 1.5877792403236972 0.24680152535438538
Car -1 -1 -1.66 652.11181640625 175.37777709960938 697.2601928710938 219.41635131835938 1.5105743408203125 1.564424753189087 3.760565757751465 2.7005887031555176 1.7571207284927368 30.371217727661133 -1.5737374120148466 0.21596075594425201
Car -1 -1 -1.77 658.2052612304688 172.54307556152344 712.971923828125 222.5358428955078 1.576318621635437 1.5845320224761963 3.6014113426208496 2.7376441955566406 1.6486929059028625 28.076419830322266 -1.6683560223697507 0.20396645367145538
Pedestrian -1 -1 -0.25 1181.4339599609375 152.2384796142578 1238.73291015625 383.3918762207031 1.7325546741485596 0.6633418202400208 0.6501550674438477 3.6600568294525146 1.5490756034851074 3.937629461288452 0.49859629476468514 0.2038964033126831
Car -1 -1 -1.73 676.9977416992188 177.64614868164062 797.1945190429688 270.79571533203125 1.5035579204559326 1.5663195848464966 3.7711052894592285 2.6017065048217773 1.7416961193084717 17.493274688720703 -1.5848284206069438 0.19301509857177734