Car -1 -1 -1.58 600.7136840820312 173.03904724121094 628.6014404296875 199.5948486328125 1.617806315422058 1.6916279792785645 4.358585834503174 0.25020474195480347 1.6405333280563354 45.56024932861328 -1.570014658194455 0.8397388458251953
Car -1 -1 1.83 408.837646484375 181.3812255859375 451.74908447265625 206.3196258544922 1.452309489250183 1.6631782054901123 4.105554103851318 -11.122655868530273 1.9586908221244812 44.871910095214844 1.5875736268366651 0.8246119618415833
Car -1 -1 2.27 -1.1877175569534302 184.7756805419922 98.45933902263641 274.2499694824219 1.6793627738952637 1.6474556922912598 4.28682804107666 -12.540811538696289 1.9801476001739502 14.388483047485352 1.548520617288296 0.8190783262252808
Cyclist -1 -1 -1.08 240.42140197753906 173.93922424316406 272.8486633300781 219.31520080566406 1.782734751701355 0.5392698049545288 1.810591220855713 -13.945603370666504 1.7780816555023193 28.55845069885254 -1.532286777846359 0.6420974731445312
Car -1 -1 2.3 16.309659957885742 182.93467712402344 101.51930809020996 264.1060485839844 1.5559145212173462 1.6795703172683716 4.248528480529785 -12.518529891967773 1.8266101479530334 14.50469970703125 1.5854995868922055 0.25636476278305054
Car -1 -1 2.34 6.282287120819092 176.51312255859375 109.91721296310425 270.61187744140625 1.694314956665039 1.69321870803833 4.138551235198975 -12.903712272644043 1.9592705965042114 14.602585792541504 1.6205611052766145 0.250580370426178
Car -1 -1 2.29 -5.703144550323486 165.35040283203125 114.08967161178589 265.0373840332031 1.7613887786865234 1.7246779203414917 4.529898166656494 -11.926350593566895 1.8674218654632568 13.055553436279297 1.5508896624725015 0.22476409375667572
Truck -1 -1 2.95 0.34105098247528076 141.36448669433594 127.82910335063934 239.42156982421875 3.3445541858673096 2.532548189163208 8.0146484375 -22.099210739135742 2.2643275260925293 25.645618438720703 2.23748335519079 0.2097003161907196
Van -1 -1 2.27 0.9097474813461304 173.5835723876953 109.78702867031097 272.3965148925781 1.8871793746948242 1.7809408903121948 4.55826473236084 -12.00948715209961 1.8800749778747559 13.173895835876465 1.5284904038079254 0.2005086988210678
Van -1 -1 2.34 -0.24124744534492493 188.58673095703125 100.55316326022148 277.8668518066406 1.878079891204834 1.830894112586975 4.636504650115967 -13.126964569091797 2.1778644323349 15.272071838378906 1.634463656158477 0.19642168283462524
Van -1 -1 2.1 -1.181026816368103 162.36660766601562 119.09388315677643 257.8677062988281 2.0508625507354736 1.8370182514190674 4.874874114990234 -13.38005256652832 1.8689844012260437 14.762104034423828 1.3625688755254846 0.17206518352031708
Van -1 -1 2.1 -8.104531288146973 147.1253662109375 122.12682247161865 242.01011657714844 2.521991729736328 1.9458489418029785 5.267535209655762 -16.23574447631836 2.0516611337661743 18.052886962890625 1.3693145108339237 0.16728755831718445