Car -1 -1 -1.47 464.66259765625 176.5072479248047 535.2037353515625 233.9736785888672 1.6648725271224976 1.7423690557479858 4.598320960998535 -3.27085542678833 1.4410600066184998 22.67322540283203 -1.6127392234309257 0.8850640654563904
Car -1 -1 -1.56 560.3555908203125 179.8165283203125 617.7095336914062 231.78123474121094 1.5669596195220947 1.667029619216919 3.771939992904663 -0.622727632522583 1.4044988751411438 23.738908767700195 -1.5893969515454192 0.8735085725784302
Car -1 -1 -1.26 193.40020751953125 165.57586669921875 454.94366455078125 351.2843017578125 1.7386770248413086 1.6711041927337646 4.006650447845459 -3.0473499298095703 1.5246074795722961 8.66529369354248 -1.5971001872003185 0.8672249913215637
Car -1 -1 -0.85 1.1486639976501465 186.6830291748047 194.02027654647827 320.7998046875 1.4295684099197388 1.6235768795013428 3.9396543502807617 -7.438858985900879 1.4860817193984985 9.521774291992188 -1.5091413497448496 0.8617607355117798
Car -1 -1 1.77 405.9523620605469 182.27561950683594 459.8706359863281 215.1204376220703 1.4770762920379639 1.6220122575759888 4.087926864624023 -8.20414924621582 1.3659009337425232 34.1276741027832 1.5386913642745998 0.715709924697876
Car -1 -1 1.55 88.8492431640625 186.68609619140625 196.09483337402344 240.45957946777344 1.4616063833236694 1.473078966140747 2.802727460861206 -13.546734809875488 1.5203928351402283 20.96538734436035 0.9760200189021813 0.7153676152229309
Car -1 -1 -1.5 532.6229858398438 182.94662475585938 558.7213745117188 204.19943237304688 1.4434210062026978 1.6156851053237915 3.9361701011657715 -4.4433112144470215 1.2920719385147095 51.129703521728516 -1.5888147383459366 0.5738990306854248
Car -1 -1 2.05 66.3114013671875 190.4893035888672 199.06585693359375 245.50924682617188 1.4717670679092407 1.5398890972137451 3.329697608947754 -13.07214069366455 1.537049412727356 20.0518741607666 1.4704334777911416 0.5389086008071899
Car -1 -1 -1.48 501.04827880859375 182.45233154296875 543.51611328125 215.65826416015625 1.459101676940918 1.6243677139282227 4.030388355255127 -3.866410493850708 1.371147632598877 33.312828063964844 -1.5924496179563468 0.4922127425670624
Car -1 -1 0.77 701.7418212890625 227.26353454589844 1047.013671875 376.0636901855469 1.5085315704345703 1.5152688026428223 3.4030544757843018 1.0426965951919556 1.690081775188446 3.030578851699829 1.1026429090551595 0.4419645667076111
Car -1 -1 1.71 415.0632629394531 183.453369140625 462.7048034667969 212.94676208496094 1.420376181602478 1.59574556350708 3.8987410068511963 -8.57405948638916 1.3478272557258606 36.79536056518555 1.4767451700202399 0.4136028289794922
Car -1 -1 -1.49 486.45867919921875 179.63104248046875 541.4930419921875 225.34902954101562 1.585201382637024 1.648519515991211 4.3730950355529785 -4.032288074493408 1.5063064694404602 31.198163986206055 -1.6157753727479847 0.40324667096138
Car -1 -1 1.9 395.9783630371094 183.53253173828125 452.1980285644531 216.73483276367188 1.4171206951141357 1.5566445589065552 3.8817009925842285 -8.674992561340332 1.37846177816391 34.52739334106445 1.656521247031736 0.39622583985328674
Van -1 -1 -1.25 195.65956115722656 167.73471069335938 454.33766174316406 348.7940368652344 1.908569574356079 1.7417652606964111 4.362303256988525 -3.212491035461426 1.7059803009033203 8.962099075317383 -1.592328817336881 0.3469984829425812
Car -1 -1 -1.47 475.411865234375 180.27284240722656 539.9009399414062 231.55262756347656 1.541994571685791 1.6780153512954712 4.411920547485352 -3.2884860038757324 1.4294594526290894 23.16564178466797 -1.6076465702803784 0.32994598150253296
Car -1 -1 -0.87 28.24761962890625 185.2605438232422 193.56809997558594 281.93719482421875 1.5059648752212524 1.5915095806121826 3.5134377479553223 -7.345637321472168 1.4159451127052307 9.75128173828125 -1.5193944934373231 0.3045542240142822
Car -1 -1 -1.58 560.8231201171875 179.1895294189453 607.0411376953125 223.01731872558594 1.6300408840179443 1.6700071096420288 3.924750566482544 -0.6970356702804565 1.3827714920043945 24.884546279907227 -1.6047821673005362 0.30427053570747375
Car -1 -1 -1.27 210.8299560546875 174.35910034179688 433.2933349609375 317.26287841796875 1.5473793745040894 1.6323387622833252 3.7154242992401123 -3.206195116043091 1.4339144229888916 8.63949966430664 -1.6213297653461698 0.29614970088005066
Car -1 -1 0.81 759.7978515625 215.48812866210938 1121.213134765625 379.8528137207031 1.6526731252670288 1.610239028930664 4.05127477645874 1.8916845321655273 1.6719410419464111 2.6569690704345703 1.4280518278878427 0.2810298800468445
Van -1 -1 -1.5 467.9172668457031 178.4595184326172 534.161376953125 235.46755981445312 1.8117791414260864 1.7325776815414429 4.314393520355225 -3.343428134918213 1.5231652855873108 23.09111213684082 -1.6408384938524465 0.256619930267334
Car -1 -1 -1.59 569.773193359375 180.48776245117188 618.0889282226562 224.40643310546875 1.6043373346328735 1.6830644607543945 4.030659198760986 -0.6572848558425903 1.4454981684684753 25.393857955932617 -1.6156405138846193 0.25300133228302
Car -1 -1 -1.51 524.9464111328125 182.90296936035156 557.758056640625 207.91639709472656 1.4188554286956787 1.6007813215255737 3.971754550933838 -4.440730571746826 1.335737705230713 49.855587005615234 -1.598410105947388 0.2435709685087204
Car -1 -1 -1.48 463.4365234375 178.44305419921875 522.0723266601562 232.1611785888672 1.6271733045578003 1.689138650894165 4.136297702789307 -3.4343557357788086 1.414303958415985 22.5788516998291 -1.6276012680219214 0.23265475034713745
Car -1 -1 -1.59 510.53338623046875 182.39712524414062 550.4329833984375 212.3675537109375 1.5249195098876953 1.5816493034362793 3.967538595199585 -4.950571537017822 1.4079450964927673 45.5667839050293 -1.6980123610142872 0.20821912586688995
Car -1 -1 2.11 251.1144561767578 185.0362091064453 353.6341857910156 225.8416290283203 1.5055328607559204 1.6257599592208862 4.28529691696167 -12.82192325592041 1.4250835180282593 30.4526309967041 1.7157001950077468 0.20421786606311798
Car -1 -1 2.34 -6.6928606033325195 184.79464721679688 165.19398021697998 304.41522216796875 1.5783495903015137 1.5050183534622192 3.5800256729125977 -5.93053674697876 1.4098729491233826 7.061351299285889 1.6433777951786883 0.20409439504146576
Car -1 -1 1.58 531.4735107421875 180.6245880126953 554.9015502929688 205.35081481933594 1.4802578687667847 1.618996500968933 4.203430652618408 -4.85495138168335 1.359345257282257 56.18336868286133 1.4933047074085568 0.20139579474925995
Car -1 -1 0.52 51.584754943847656 186.43777465820312 193.9850845336914 270.1623840332031 1.3701889514923096 1.5007646083831787 3.2921910285949707 -11.69043254852295 1.6153485774993896 16.792814254760742 -0.09263133818750102 0.19495797157287598
Car -1 -1 -0.82 24.463781356811523 190.9212646484375 196.78180503845215 305.2182922363281 1.4297726154327393 1.6089093685150146 3.766064405441284 -7.468928337097168 1.403135597705841 10.153103828430176 -1.45433310413478 0.1792268007993698
Car -1 -1 -1.46 517.2391357421875 181.6497802734375 551.548583984375 210.3738250732422 1.52617609500885 1.5778002738952637 3.8931379318237305 -5.121950626373291 1.3641754388809204 49.94477081298828 -1.5659313340456293 0.13500960171222687
Car -1 -1 0.98 525.1865234375 179.90660095214844 552.5992431640625 207.0934600830078 1.5108758211135864 1.577286958694458 4.131216526031494 -5.207900047302246 1.266014277935028 52.85189437866211 0.8839602848307084 0.11449816823005676