Car -1 -1 1.85 385.7397766113281 194.51002502441406 462.2906799316406 243.01846313476562 1.446054220199585 1.5253310203552246 3.5932934284210205 -6.110836505889893 2.169834613800049 23.934419631958008 1.6009085576065427 0.8919933438301086
Car -1 -1 1.84 430.423828125 191.66921997070312 490.87811279296875 230.9530487060547 1.473337173461914 1.5301698446273804 3.6365578174591064 -5.989095687866211 2.2471985816955566 29.359651565551758 1.6349036324086246 0.8353241682052612
Car -1 -1 -1.66 662.9505615234375 176.38523864746094 710.3639526367188 221.3857879638672 1.5873292684555054 1.6046159267425537 3.679741859436035 2.8275339603424072 1.7898683547973633 28.41489028930664 -1.5590525040857042 0.8026904463768005
Car -1 -1 1.74 471.3543395996094 183.18478393554688 515.9395751953125 217.43397521972656 1.703050136566162 1.627424955368042 3.8899054527282715 -6.116948127746582 2.251238703727722 37.81441116333008 1.5764910200977216 0.7866681814193726
Car -1 -1 -0.45 25.945560455322266 210.6476287841797 129.22140884399414 247.14862060546875 1.3990774154663086 1.581003189086914 3.8366522789001465 -23.36203384399414 3.217172384262085 31.877153396606445 -1.086332710053858 0.6805907487869263
Car -1 -1 -0.69 76.64675903320312 206.74244689941406 181.9285125732422 244.97686767578125 1.4023200273513794 1.570236325263977 3.8109495639801025 -20.47813606262207 3.0198352932929993 30.995771408081055 -1.270950531699743 0.6173334121704102
Van -1 -1 0.75 1029.7188720703125 136.0869140625 1131.1275634765625 179.09634399414062 1.9596015214920044 1.8294832706451416 4.507575035095215 21.74925422668457 0.20692670345306396 33.41629409790039 1.3312094297210137 0.546698272228241
Car -1 -1 0.74 1028.2921142578125 135.4363250732422 1131.1114501953125 179.2826690673828 1.7323973178863525 1.5999770164489746 3.7985405921936035 19.400901794433594 0.22611963748931885 30.04766845703125 1.3088566340149557 0.4596719741821289
Car -1 -1 -0.5 -1.4563090801239014 213.57989501953125 65.58979535102844 250.00929260253906 1.410685420036316 1.571109652519226 3.4121882915496826 -24.930734634399414 3.14868301153183 29.84691047668457 -1.1952351816235485 0.4461192786693573
Car -1 -1 -1.62 667.2199096679688 175.8527374267578 712.6686401367188 210.10751342773438 1.5306528806686401 1.6221048831939697 3.5731849670410156 2.9462661743164062 1.8107370734214783 28.845890045166016 -1.5180080651728716 0.40331006050109863
Car -1 -1 -0.42 55.12143325805664 208.60012817382812 165.8364143371582 243.9378204345703 1.4338356256484985 1.6135262250900269 4.037581920623779 -20.802793502807617 3.0215447545051575 30.50933837890625 -1.017419756816361 0.37031540274620056
Car -1 -1 2.3 142.3653564453125 205.3182373046875 235.79373168945312 241.49095153808594 1.375044822692871 1.5121984481811523 3.768329381942749 -17.63340950012207 2.817734479904175 30.16922950744629 1.7668961322445345 0.3598361015319824
Car -1 -1 1.77 404.44244384765625 193.01902770996094 477.6995849609375 236.66482543945312 1.436993956565857 1.5637158155441284 3.7002272605895996 -6.405456066131592 2.2597575783729553 28.35980796813965 1.5471292126215106 0.34755560755729675
Car -1 -1 2.42 11.184781074523926 212.7136993408203 95.93307209014893 248.02503967285156 1.382153034210205 1.5502387285232544 3.9867494106292725 -22.878921508789062 3.049727201461792 29.227848052978516 1.7550728043079342 0.30799904465675354
Car -1 -1 1.7 477.5602722167969 183.93991088867188 520.7150268554688 215.29933166503906 1.5983211994171143 1.6119221448898315 3.8015971183776855 -5.999921798706055 2.2124884128570557 37.99736785888672 1.5394656549984278 0.2874283492565155
Van -1 -1 2.68 1089.430419921875 113.7168960571289 1233.75244140625 171.51974487304688 2.446315288543701 1.9386674165725708 5.488687515258789 24.360904693603516 -0.029624223709106445 31.824853897094727 -2.952874655027065 0.28377410769462585
Car -1 -1 -0.93 40.300601959228516 209.78282165527344 152.25973892211914 244.5050811767578 1.5264790058135986 1.6579285860061646 4.2849531173706055 -21.266637802124023 3.082844376564026 30.2313232421875 -1.5466478800001333 0.2638281285762787
Car -1 -1 1.4 41.40952682495117 206.57347106933594 170.13051986694336 248.15957641601562 1.6211525201797485 1.6096382141113281 4.014229774475098 -20.850379943847656 3.134379208087921 30.045886993408203 0.7979986474780048 0.1964975744485855
Car -1 -1 1.8 439.71051025390625 188.63018798828125 498.07012939453125 228.02957153320312 1.4761618375778198 1.6363509893417358 3.8660354614257812 -6.185280799865723 2.2670941948890686 30.607257843017578 1.5994253558333345 0.19468876719474792
Car -1 -1 2.58 29.366670608520508 209.39598083496094 154.96649360656738 250.70431518554688 1.543975830078125 1.6399201154708862 3.9929752349853516 -22.281110763549805 3.223834276199341 30.917146682739258 1.9538377154540552 0.19421575963497162
Van -1 -1 -2.33 1068.7125244140625 125.34105682373047 1203.088134765625 172.98178100585938 2.3182013034820557 2.0092620849609375 5.611389636993408 26.012882232666016 -0.033650994300842285 35.9221305847168 -1.702768662884952 0.1825946569442749
Car -1 -1 1.74 483.1148986816406 185.90748596191406 527.8148193359375 215.03631591796875 1.561820149421692 1.623279333114624 3.8729419708251953 -6.00161075592041 2.2568337321281433 39.616233825683594 1.588456588111498 0.17387545108795166
Car -1 -1 -0.47 678.3836669921875 170.43035888671875 714.1270751953125 197.9865264892578 1.354799747467041 1.6245867013931274 3.9569344520568848 5.455087184906006 1.5964402556419373 48.04470443725586 -0.36016040615749034 0.1493997573852539