Car -1 -1 1.87 317.99755859375 182.27780151367188 445.3514099121094 265.35955810546875 1.6027709245681763 1.590127944946289 3.8232057094573975 -4.871337890625 1.7969143390655518 15.743376731872559 1.5718780163411168 0.8887653946876526
Car -1 -1 -1.76 695.7372436523438 170.44647216796875 827.2521362304688 278.3056335449219 1.5966846942901611 1.605616569519043 3.6612308025360107 2.516453504562378 1.5989527106285095 12.751288414001465 -1.565794366606152 0.8758741617202759
Car -1 -1 1.78 460.3271484375 182.64219665527344 515.9578247070312 218.94180297851562 1.3929798603057861 1.5321886539459229 3.623152256011963 -5.150081634521484 1.829888939857483 30.768848419189453 1.617561586085829 0.8609086275100708
Cyclist -1 -1 1.75 517.5198974609375 174.05030822753906 541.4022827148438 218.64639282226562 1.6929548978805542 0.5797812342643738 1.7359708547592163 -3.1351776123046875 1.7283539175987244 28.411611557006836 1.639741833970791 0.7236812114715576
Car -1 -1 -1.45 631.955322265625 175.4560546875 659.4943237304688 198.90414428710938 1.4849056005477905 1.6153819561004639 3.2324905395507812 2.50736927986145 1.7107298374176025 50.553436279296875 -1.4022571109943023 0.720870316028595
Pedestrian -1 -1 0.87 688.7017822265625 166.16148376464844 702.8525390625 205.67037963867188 1.7414510250091553 0.6239228248596191 0.709100604057312 3.7660555839538574 1.4579851031303406 31.58678436279297 0.9868562504727443 0.6244223117828369
Cyclist -1 -1 1.39 537.0430297851562 173.5395050048828 559.3491821289062 212.75930786132812 1.7209280729293823 0.6069837808609009 1.8697500228881836 -2.589919090270996 1.6880160570144653 30.008405685424805 1.3029847544796063 0.5651853680610657
Cyclist -1 -1 1.62 535.60693359375 173.28311157226562 555.5953979492188 215.46986389160156 1.6998323202133179 0.6287590861320496 1.8451106548309326 -2.66904354095459 1.6982671022415161 29.41912841796875 1.534514630835199 0.5337702035903931
Pedestrian -1 -1 0.03 520.1209106445312 172.6848602294922 541.4868774414062 218.78086853027344 1.7088446617126465 0.6343585252761841 0.7377508878707886 -3.0947694778442383 1.7292630672454834 28.176891326904297 -0.0765333353453852 0.5114999413490295
Cyclist -1 -1 1.89 527.2325439453125 173.1353302001953 548.4134521484375 217.89022827148438 1.7211555242538452 0.6202288269996643 1.8047280311584473 -2.9309487342834473 1.7730641961097717 29.42447853088379 1.7954198785288327 0.43014734983444214
Pedestrian -1 -1 -1.4 522.0125732421875 175.52078247070312 544.371826171875 216.44369506835938 1.7742047309875488 0.6205878853797913 0.6693462133407593 -3.15419340133667 1.877338945865631 29.462360382080078 -1.5024706860944015 0.35989177227020264
Pedestrian -1 -1 -1.59 537.0430297851562 173.5395050048828 559.3491821289062 212.75930786132812 1.7402114868164062 0.6734476685523987 0.7300329208374023 -2.558398485183716 1.7305829524993896 29.7667179107666 -1.671373248543774 0.3122099041938782
Car -1 -1 1.8 469.0474853515625 179.20664978027344 516.2855834960938 215.4224395751953 1.4263324737548828 1.5536359548568726 3.663653612136841 -5.06292724609375 1.8077268600463867 30.826438903808594 1.638358210387846 0.3038967549800873
Cyclist -1 -1 1.57 521.8049926757812 173.22561645507812 539.5056762695312 218.71218872070312 1.6911466121673584 0.6082990765571594 1.7784388065338135 -3.135103702545166 1.7571763396263123 28.593015670776367 1.462468546616357 0.2973843216896057
Cyclist -1 -1 1.43 530.7379150390625 173.94174194335938 554.2931518554688 215.38336181640625 1.7050278186798096 0.613012969493866 1.8721946477890015 -2.9221160411834717 1.730532705783844 29.162765502929688 1.3346215884601094 0.29652082920074463
Pedestrian -1 -1 -1.31 532.9653930664062 174.7012481689453 553.25244140625 213.8590850830078 1.7714191675186157 0.6292397975921631 0.6455462574958801 -2.8144540786743164 1.8018487095832825 31.264204025268555 -1.4008563268775083 0.2665061950683594
Pedestrian -1 -1 0.46 536.341064453125 173.01034545898438 555.2492065429688 217.0199432373047 1.7078914642333984 0.6305373907089233 0.5722113847732544 -2.674635887145996 1.73634934425354 29.14247703552246 0.3635063598752417 0.22621074318885803
Car -1 -1 2.66 1.0298128128051758 269.6164245605469 35.32627582550049 370.7920837402344 1.5526306629180908 1.5389035940170288 3.802786111831665 -7.543453216552734 2.6317838430404663 5.951023578643799 1.7586874898281097 0.2223721444606781
Pedestrian -1 -1 -1.93 527.4235229492188 174.36233520507812 552.6547241210938 216.35308837890625 1.7435551881790161 0.6054953336715698 0.7756020426750183 -2.9216763973236084 1.78926420211792 28.77484130859375 -2.031399992903479 0.2016841322183609
Car -1 -1 -2.65 1130.3380126953125 227.8738555908203 1249.4051513671875 374.7042236328125 1.5311672687530518 1.5978028774261475 3.9152543544769287 2.0542867183685303 1.3689026236534119 1.040273904800415 -1.5467430548975116 0.19349797070026398
Car -1 -1 -2.76 1197.0914306640625 231.56301879882812 1238.242431640625 378.6514892578125 1.520169973373413 1.6557835340499878 3.801738739013672 2.1761796474456787 1.3471940159797668 1.1219029426574707 -1.665674313969899 0.18349379301071167
Car -1 -1 -2.49 1176.2506103515625 227.98951721191406 1248.305419921875 353.8699035644531 1.7299867868423462 1.650126576423645 3.838332176208496 2.129427433013916 1.4172207117080688 1.3999963998794556 -1.503426246377403 0.18056723475456238
Car -1 -1 -2.73 1145.6697998046875 248.310302734375 1229.8095703125 372.36322021484375 1.4226961135864258 1.6994898319244385 4.046896934509277 1.8027856349945068 1.2256507873535156 0.9968994855880737 -1.6616927670479207 0.17289386689662933
Car -1 -1 -2.6 1154.672607421875 213.9011688232422 1249.7119140625 371.4334411621094 1.6945735216140747 1.5845205783843994 3.613987445831299 2.077662706375122 1.444401204586029 1.117455005645752 -1.518914606718254 0.17039115726947784
Car -1 -1 -2.75 1210.9013671875 228.76077270507812 1239.64599609375 378.9913635253906 1.537551999092102 1.640986442565918 3.7145776748657227 2.2381999492645264 1.3631401658058167 1.1852055788040161 -1.6631660470465528 0.17015329003334045
Car -1 -1 -2.75 1164.6629638671875 243.93663024902344 1235.1287841796875 373.32415771484375 1.4548141956329346 1.6788221597671509 4.056677341461182 1.728676199913025 1.2093465030193329 0.9401564002037048 -1.6733207091763678 0.1691872924566269
Car -1 -1 -2.75 1181.8941650390625 236.5286407470703 1236.999267578125 376.5228576660156 1.4894332885742188 1.6565210819244385 3.843332529067993 1.8279025554656982 1.2508028149604797 0.94073086977005 -1.6566027033461044 0.16248539090156555
Van -1 -1 1.72 469.0474853515625 179.20664978027344 516.2855834960938 215.4224395751953 1.9511960744857788 1.804482340812683 4.3792500495910645 -5.913856029510498 1.9458121061325073 38.00638961791992 1.563348179255538 0.15421301126480103
Car -1 -1 -2.43 1182.9671630859375 210.0709686279297 1247.51220703125 336.35162353515625 1.751319408416748 1.607694387435913 3.7449951171875 2.2609245777130127 1.4111778736114502 1.5314871072769165 -1.4537070944666786 0.15246471762657166
Car -1 -1 -2.6 1212.86279296875 241.76019287109375 1241.4549560546875 367.689208984375 1.5393462181091309 1.6058663129806519 3.544477701187134 1.2109487056732178 1.0541852712631226 0.7214550971984863 -1.568871147452005 0.1402105689048767
Car -1 -1 -2.87 3.6763362884521484 272.3983459472656 46.914411544799805 368.4811706542969 1.5842043161392212 1.4805716276168823 3.7858991622924805 -5.598256587982178 2.2608681321144104 4.294088840484619 2.4942430894227687 0.1311943680047989