Car -1 -1 1.99 686.462646484375 174.275634765625 898.1082763671875 313.696044921875 1.4735769033432007 1.549897313117981 3.6022865772247314 2.811431407928467 1.5629521012306213 10.200965881347656 2.2630317123803563 0.9047772288322449
Car -1 -1 -1.33 881.1749267578125 181.10125732421875 1017.6333618164062 264.7379150390625 1.3530172109603882 1.6111942529678345 3.854369878768921 7.10646390914917 1.566731870174408 14.720213890075684 -0.8850704723117389 0.8864805698394775
Car -1 -1 -0.9 373.4028625488281 172.75442504882812 737.9055786132812 375.1089782714844 1.5534878969192505 1.5080220699310303 3.1573667526245117 -0.3858608305454254 1.6036935448646545 6.737111568450928 -0.9599985336557264 0.8755225539207458
Car -1 -1 1.73 1051.2371826171875 174.87376403808594 1119.004638671875 219.26693725585938 1.5921497344970703 1.676851749420166 4.12074089050293 18.60344123840332 1.675966739654541 28.088848114013672 2.315816821303975 0.860398530960083
Car -1 -1 -1.45 1083.978759765625 178.34140014648438 1143.642578125 213.5670928955078 1.4258533716201782 1.574476718902588 3.6197094917297363 22.907306671142578 1.704390287399292 32.66389465332031 -0.8379212421876545 0.8157584071159363
Car -1 -1 -0.63 904.9175415039062 170.2454071044922 993.983642578125 207.40240478515625 1.5038871765136719 1.6081078052520752 4.074880123138428 14.955355644226074 1.4289159774780273 31.474708557128906 -0.18280897323219447 0.5986781716346741
Car -1 -1 -1.52 1217.2877197265625 173.03570556640625 1240.320556640625 252.51742553710938 1.4581753015518188 1.62742280960083 3.837759017944336 14.555221557617188 1.620380461215973 14.921431541442871 -0.7433000564934509 0.5651400089263916
Car -1 -1 -1.59 1213.96142578125 178.9925079345703 1238.54931640625 254.9392547607422 1.4203670024871826 1.625786542892456 3.7276387214660645 13.940479278564453 1.5966065526008606 14.543600082397461 -0.8307554475564363 0.5504804253578186
Car -1 -1 -1.6 1210.8865966796875 172.97628784179688 1240.4664306640625 258.5336608886719 1.5349432229995728 1.6000114679336548 3.8335940837860107 14.206277847290039 1.6836145520210266 14.686958312988281 -0.8347837282710837 0.48290327191352844
Car -1 -1 -1.73 1205.6697998046875 196.5221405029297 1241.0709228515625 378.92364501953125 1.4357922077178955 1.6229710578918457 3.614034414291382 5.042922496795654 1.7104981541633606 3.545487642288208 -0.7713298235106016 0.45675596594810486
Car -1 -1 -1.36 1212.22412109375 177.22543334960938 1242.1153564453125 386.1142272949219 1.4982494115829468 1.6812310218811035 4.094732284545898 5.723376274108887 1.6358723044395447 4.1011433601379395 -0.40651755758924857 0.4408547878265381
Car -1 -1 -1.36 1215.4305419921875 183.6199188232422 1240.658935546875 247.0645751953125 1.4011445045471191 1.5581620931625366 3.510043144226074 17.082548141479492 1.7387950420379639 18.027231216430664 -0.6056222585259188 0.4309347867965698
Car -1 -1 -1.49 1147.76953125 174.0070343017578 1184.3341064453125 195.8614959716797 1.5196939706802368 1.6485185623168945 3.881181001663208 41.747901916503906 1.6754207015037537 53.91572189331055 -0.8266380203118784 0.4120321273803711
Car -1 -1 -1.32 884.6741333007812 176.81700134277344 1012.8229370117188 247.0416717529297 1.3973315954208374 1.6336488723754883 3.7367026805877686 7.144015789031982 1.5012595653533936 14.87936019897461 -0.8735470371304999 0.3587936758995056
Car -1 -1 1.52 1072.65771484375 176.8214874267578 1135.76611328125 214.96714782714844 1.5139974355697632 1.5955575704574585 3.930429697036743 22.634798049926758 1.7153100371360779 32.662845611572266 2.126921679771179 0.3399207592010498
Car -1 -1 -1.35 1215.8431396484375 196.21652221679688 1243.0911865234375 378.9548645019531 1.4483089447021484 1.5680732727050781 3.6429953575134277 5.072657585144043 1.7080038785934448 3.6420626640319824 -0.4058607878145972 0.3321000635623932
Car -1 -1 -1.58 1220.942138671875 177.4767303466797 1238.36181640625 251.9410858154297 1.4373996257781982 1.6423333883285522 3.82142972946167 13.955101013183594 1.6255785822868347 14.365898132324219 -0.808347101001595 0.3240935802459717
Car -1 -1 -1.48 1220.1514892578125 188.67958068847656 1242.865234375 248.92625427246094 1.4330066442489624 1.539307951927185 3.6335906982421875 16.922151565551758 1.8684507012367249 17.950468063354492 -0.7213522673578208 0.31473955512046814
Van -1 -1 -1.44 1217.00439453125 154.672119140625 1242.161865234375 260.2586669921875 1.9200692176818848 1.7324631214141846 4.313896656036377 15.539087295532227 1.7291033267974854 16.340662002563477 -0.6846210660037824 0.30356132984161377
Car -1 -1 -1.6 1218.44189453125 177.29110717773438 1238.1600341796875 236.83685302734375 1.4517546892166138 1.6662147045135498 3.8696651458740234 17.45477294921875 1.5845059156417847 18.374805450439453 -0.8442406713890973 0.2984810769557953
Car -1 -1 1.7 1220.2762451171875 173.6494903564453 1241.659912109375 240.33238220214844 1.4985687732696533 1.6219462156295776 3.6000475883483887 18.689245223999023 1.7603057622909546 19.48745346069336 2.466156855391798 0.29046475887298584
Car -1 -1 -1.57 1223.08984375 176.4472198486328 1239.0054931640625 236.78482055664062 1.4929248094558716 1.642998218536377 3.731389045715332 17.55039405822754 1.7529965043067932 18.38524627685547 -0.810131054617826 0.2725223898887634
Car -1 -1 -1.42 1217.4091796875 158.93641662597656 1241.85546875 260.021484375 1.6669484376907349 1.6668871641159058 3.8635621070861816 14.559139251708984 1.6080122590065002 15.208724021911621 -0.6583120970239631 0.24995820224285126
Car -1 -1 -1.57 1198.569091796875 233.48751831054688 1243.48876953125 362.9646911621094 1.3445978164672852 1.5612378120422363 3.7242085933685303 6.553115367889404 1.8615484237670898 5.412003517150879 -0.691384068414501 0.24194836616516113
Car -1 -1 -0.82 433.2711181640625 169.4374237060547 717.2782592773438 325.8094177246094 1.56294846534729 1.5839426517486572 3.5666377544403076 -0.5875309705734253 1.6565583944320679 7.785621166229248 -0.8974525415488115 0.2405395805835724
Car -1 -1 1.71 1060.2894287109375 175.5753173828125 1124.0745849609375 214.86045837402344 1.5352674722671509 1.613337516784668 3.7169313430786133 18.738779067993164 1.6646155714988708 27.949840545654297 2.3035825414203366 0.23106002807617188
Car -1 -1 -1.67 1207.5211181640625 180.6539306640625 1237.6636962890625 265.1072692871094 1.4161418676376343 1.6041642427444458 3.9701082706451416 13.944622993469238 1.715913712978363 13.995024681091309 -0.8835066196633496 0.2305109202861786
Van -1 -1 -1.51 1216.981689453125 176.25123596191406 1241.68017578125 256.1075744628906 1.7994568347930908 1.7417813539505005 4.318136215209961 14.79931640625 1.8315951824188232 15.400788307189941 -0.7397546883913941 0.2287091314792633
Cyclist -1 -1 -0.75 1212.22412109375 177.22543334960938 1242.1153564453125 386.1142272949219 1.711053490638733 0.5925856828689575 1.6628086566925049 4.692826747894287 1.707920253276825 4.50830078125 0.05578662389003419 0.2225188910961151
Car -1 -1 0.7 912.9676513671875 172.63597106933594 1006.8160400390625 211.43247985839844 1.447721242904663 1.607162356376648 3.9633262157440186 15.002891540527344 1.4724960327148438 30.329214096069336 1.1562972327034675 0.21645428240299225
Car -1 -1 -1.7 1209.4488525390625 166.39366149902344 1245.1243896484375 355.82305908203125 1.6764317750930786 1.6821013689041138 3.943282127380371 5.099597930908203 1.6894344091415405 3.742607355117798 -0.7582582397833977 0.21115568280220032
Car -1 -1 -1.56 1218.8067626953125 182.1061553955078 1243.751708984375 257.0782165527344 1.370627999305725 1.6305829286575317 3.929417848587036 14.00940990447998 1.6463366150856018 14.482922554016113 -0.7875230139558411 0.20865896344184875
Car -1 -1 -1.21 899.188232421875 175.0772247314453 1006.6713256835938 239.74798583984375 1.3927487134933472 1.627752423286438 3.892011880874634 7.5296759605407715 1.5143948197364807 15.926114082336426 -0.7728962884452355 0.20027096569538116
Car -1 -1 -1.77 1209.1461181640625 136.7666778564453 1243.5155029296875 380.41510009765625 1.597160816192627 1.6583133935928345 3.92315936088562 5.213830947875977 1.6892042756080627 3.4990663528442383 -0.788467273320351 0.1996476650238037
Car -1 -1 -1.41 1222.9637451171875 169.1431884765625 1238.2357177734375 261.4781799316406 1.5385464429855347 1.6469718217849731 4.0225419998168945 14.768721580505371 1.6238243579864502 15.398045539855957 -0.6453457328313013 0.19928543269634247
Cyclist -1 -1 -1.21 1213.96142578125 178.9925079345703 1238.54931640625 254.9392547607422 1.6612229347229004 0.48340311646461487 1.5525202751159668 11.16976261138916 1.6032288670539856 12.504854202270508 -0.4826788981022947 0.19720549881458282
Car -1 -1 -1.41 1218.6104736328125 187.09291076660156 1241.6593017578125 363.5449523925781 1.5010966062545776 1.566202998161316 3.6545395851135254 4.214842796325684 1.5065066814422607 3.32686448097229 -0.5100685467849542 0.19594715535640717
Car -1 -1 -1.53 1221.24462890625 147.0732421875 1242.105224609375 378.71435546875 1.5097697973251343 1.6611485481262207 4.105450630187988 5.147619724273682 1.675645112991333 3.428109884262085 -0.5493844647236714 0.19510726630687714
Car -1 -1 -1.16 1223.893798828125 173.9434051513672 1241.1480712890625 220.9710235595703 1.6060817241668701 1.7180684804916382 3.9054787158966064 26.451671600341797 1.796941876411438 27.516687393188477 -0.3975697415582604 0.1933588981628418
Car -1 -1 -0.22 1206.0565185546875 187.30596923828125 1238.3455810546875 245.17852783203125 1.39632248878479 1.52733314037323 3.4617488384246826 18.5395565032959 1.876868724822998 20.34337615966797 0.5212577227455917 0.1929756999015808
Car -1 -1 -1.25 1212.785888671875 218.7258758544922 1241.9132080078125 372.1038513183594 1.4185470342636108 1.6371430158615112 3.8957812786102295 5.429396152496338 1.7362533211708069 3.7134461402893066 -0.2761784217140373 0.1926807463169098
Car -1 -1 -0.95 324.4161071777344 159.27923583984375 759.9224853515625 343.3614501953125 1.6032121181488037 1.4062422513961792 3.748504638671875 -0.37248969078063965 1.6247913837432861 6.294192314147949 -1.0070285177419454 0.18445102870464325
Car -1 -1 -1.53 1210.6495361328125 183.42678833007812 1238.4600830078125 239.91278076171875 1.4396692514419556 1.5413450002670288 3.5634095668792725 17.80612564086914 1.7058495879173279 19.11945915222168 -0.7808446402267668 0.18069016933441162
Van -1 -1 -1.55 1198.9537353515625 240.41844177246094 1242.3807373046875 368.7634582519531 1.8576600551605225 1.6947373151779175 4.333433628082275 7.679431438446045 2.2748987674713135 6.8929123878479 -0.7061359744076858 0.17926561832427979
Car -1 -1 -1.66 1213.844970703125 150.9285125732422 1239.96240234375 335.0965270996094 1.6972156763076782 1.7287598848342896 4.2686309814453125 6.02630615234375 1.6766810417175293 4.646046161651611 -0.7499633002582069 0.17390324175357819
Car -1 -1 -1.8 1222.0213623046875 131.77430725097656 1239.3594970703125 363.5260925292969 1.617686152458191 1.7047441005706787 4.231970310211182 4.859355449676514 1.544661045074463 3.34438419342041 -0.8329979253838604 0.16905702650547028
Car -1 -1 -1.32 1199.7056884765625 202.9105682373047 1241.1837158203125 338.51123046875 1.6237103939056396 1.6141387224197388 3.910060405731201 4.71734094619751 1.7299741506576538 3.9257166385650635 -0.4454419148213238 0.1602696031332016
Car -1 -1 -1.6 1179.7147216796875 101.42707061767578 1248.3612060546875 356.4392776489258 1.8772386312484741 1.6265521049499512 4.086584091186523 7.959172248840332 1.7332834005355835 5.6525187492370605 -0.6494781316823879 0.1514999121427536
Car -1 -1 -1.34 1204.9522705078125 241.67889404296875 1241.2037353515625 366.14239501953125 1.4862165451049805 1.5945322513580322 3.983743906021118 6.094269275665283 1.9919759035110474 4.497838020324707 -0.4036383817441598 0.15015560388565063
Car -1 -1 -1.35 1201.5665283203125 187.0339813232422 1244.781494140625 322.83221435546875 1.5909112691879272 1.5741796493530273 3.778491735458374 4.7800726890563965 1.5912238955497742 4.1106061935424805 -0.49020399336618503 0.14399321377277374
Car -1 -1 -1.54 1192.7760009765625 135.3734130859375 1239.9940185546875 365.9033203125 1.7124927043914795 1.5969470739364624 3.99749493598938 6.613072872161865 1.6672586798667908 4.754698753356934 -0.5957372485756438 0.1392231434583664
Car -1 -1 -0.42 899.8084716796875 172.06089782714844 1010.0263061523438 227.42474365234375 1.412205696105957 1.5348056554794312 3.8411173820495605 14.360919952392578 1.412350594997406 29.49773406982422 0.03201941484894233 0.13305124640464783
Car -1 -1 -1.63 883.4432983398438 173.95205688476562 1002.6300048828125 231.2234344482422 1.4114469289779663 1.6083818674087524 3.948167085647583 13.90519905090332 1.4548580050468445 29.138355255126953 -1.181850322971858 0.11099332571029663
Car -1 -1 -1.52 1217.5654296875 171.85337829589844 1238.7081298828125 316.2580261230469 1.601146936416626 1.683782935142517 4.018282890319824 14.342459678649902 2.169541358947754 12.739160537719727 -0.6737880394392817 0.06666449457406998