Car -1 -1 -1.76 687.9577026367188 180.01519775390625 785.0595092773438 250.0244140625 1.5037442445755005 1.5949699878692627 3.6908187866210938 2.8882319927215576 1.7080483436584473 17.44426727294922 -1.5982765517342123 0.9005237221717834
Car -1 -1 -1.77 724.4727172851562 179.8873748779297 874.2261352539062 288.9064025878906 1.4806472063064575 1.562081217765808 3.492276906967163 2.9413578510284424 1.6242120862007141 11.991500854492188 -1.5305221155194646 0.8836461901664734
Van -1 -1 -1.71 659.27734375 152.45986938476562 736.5726318359375 229.38426208496094 2.2840147018432617 1.926503300666809 4.854526996612549 2.8075764179229736 1.6935318112373352 24.24629020690918 -1.59306074241786 0.8282216191291809
Car -1 -1 1.6 506.1454162597656 177.31622314453125 548.6860961914062 215.608642578125 1.5534861087799072 1.6018062829971313 3.4515726566314697 -3.6015827655792236 1.7876522541046143 31.512109756469727 1.4889272005718484 0.8274937272071838
Car -1 -1 -1.69 659.482421875 153.59185791015625 739.7191772460938 229.90562438964844 2.199949264526367 1.7560187578201294 4.394367218017578 2.629749298095703 1.6614535450935364 22.79373550415039 -1.578917797242033 0.6527388691902161
Car -1 -1 -1.63 649.5087280273438 175.66993713378906 690.2413330078125 210.60260009765625 1.4865926504135132 1.590848445892334 4.059871673583984 2.933151960372925 1.7572900652885437 36.52735137939453 -1.5543682803883154 0.5231844782829285
Car -1 -1 1.68 533.6253051757812 179.2829132080078 563.3056640625 203.99288940429688 1.4981896877288818 1.5040737390518188 3.772642135620117 -3.843087911605835 1.8169527053833008 45.107322692871094 1.5963620938627736 0.4659820795059204
Car -1 -1 -1.72 682.49951171875 166.31736755371094 774.2342529296875 246.9796142578125 1.6388596296310425 1.6457265615463257 3.9513778686523438 2.841822624206543 1.648987889289856 17.53536033630371 -1.5625201956505546 0.4657953679561615
Car -1 -1 1.67 540.6822509765625 177.7095947265625 569.3713989257812 200.13653564453125 1.5549498796463013 1.5761486291885376 3.8845725059509277 -3.7053470611572266 1.8748037219047546 45.4183464050293 1.5909252313267297 0.4115819036960602
Car -1 -1 1.64 546.8687744140625 176.07504272460938 575.3533935546875 198.06158447265625 1.647447943687439 1.6298425197601318 4.116525173187256 -3.5767524242401123 1.8582670092582703 51.107215881347656 1.5719555446796694 0.40659433603286743
Car -1 -1 1.69 537.1904296875 178.22845458984375 567.0533447265625 202.1591796875 1.532168984413147 1.556248426437378 3.7272050380706787 -3.8026063442230225 1.8268726468086243 44.88022232055664 1.601722156343281 0.39734894037246704
Car -1 -1 -1.7 674.817138671875 162.3192138671875 764.1611328125 242.7211456298828 1.7633967399597168 1.659199595451355 3.7713632583618164 2.7481465339660645 1.659950613975525 17.290119171142578 -1.5424994873001054 0.3942515552043915
Car -1 -1 1.62 513.5265502929688 178.52487182617188 556.8641967773438 212.6847381591797 1.5353965759277344 1.6092636585235596 3.6554675102233887 -3.5296921730041504 1.7366648316383362 31.067073822021484 1.5025012086398464 0.3922656774520874
Car -1 -1 1.63 525.9942016601562 178.33616638183594 561.2039794921875 204.92982482910156 1.4776655435562134 1.5887327194213867 3.8344051837921143 -3.8497440814971924 1.8434284329414368 44.440277099609375 1.5391667078794073 0.34904944896698
Car -1 -1 1.5 630.2450561523438 175.6232147216797 655.7496948242188 196.28196716308594 1.5680079460144043 1.662683129310608 4.148906230926514 2.6274585723876953 1.8396934270858765 55.70811080932617 1.5431060975420792 0.3254006505012512
Van -1 -1 -1.78 685.2409057617188 171.5044403076172 779.1162719726562 250.28005981445312 2.006155014038086 1.7636044025421143 4.466701507568359 3.0018866062164307 1.8676939606666565 19.416030883789062 -1.6284871381600974 0.3127399981021881
Car -1 -1 -1.93 646.5447387695312 164.43594360351562 704.993408203125 217.97129821777344 1.788825511932373 1.5476577281951904 3.8177437782287598 2.822903633117676 1.8456661701202393 35.40098571777344 -1.8507537942134356 0.29323893785476685
Car -1 -1 1.15 633.8668212890625 176.77456665039062 665.558349609375 203.79225158691406 1.5492947101593018 1.5849003791809082 4.1479034423828125 2.77420711517334 1.949109435081482 53.18244934082031 1.2008984455228067 0.2891893684864044
Car -1 -1 -1.67 658.3099975585938 161.5985870361328 721.9341430664062 226.83099365234375 1.8733989000320435 1.7325215339660645 4.418964385986328 2.8934390544891357 1.751657247543335 27.227956771850586 -1.5628603654314617 0.2819235324859619
Car -1 -1 -0.97 642.81689453125 179.547119140625 677.2828979492188 209.22586059570312 1.4413925409317017 1.55327570438385 3.899975538253784 2.5607128143310547 1.832954466342926 37.376434326171875 -0.896969748718849 0.27385035157203674
Car -1 -1 1.22 644.43212890625 176.73619079589844 680.7351684570312 207.23391723632812 1.5406041145324707 1.5679301023483276 4.112220287322998 2.8593227863311768 1.8510675430297852 39.446075439453125 1.2885320668684983 0.26678067445755005
Car -1 -1 -1.73 706.9798583984375 180.2640380859375 839.5796508789062 269.57421875 1.5261157751083374 1.622771978378296 3.63550066947937 2.792815923690796 1.613130271434784 13.695320129394531 -1.5244019051068651 0.2651093006134033
Car -1 -1 -1.63 647.7665405273438 168.30984497070312 696.4282836914062 214.60910034179688 1.6958932876586914 1.655012607574463 4.046431541442871 2.9537136554718018 1.7850010991096497 35.80580520629883 -1.5441446970692132 0.2570779025554657
Car -1 -1 -1.56 646.4177856445312 180.9507293701172 685.4588012695312 211.00393676757812 1.3599947690963745 1.5661460161209106 3.9307525157928467 2.779350757598877 1.8624953627586365 36.64799118041992 -1.4805311874331792 0.2458542138338089
Car -1 -1 -1.62 653.7593994140625 168.88436889648438 700.2688598632812 218.6115264892578 1.6315220594406128 1.6476023197174072 4.195554733276367 2.8659989833831787 1.7779897451400757 32.738136291503906 -1.530585670041254 0.24358657002449036
Car -1 -1 1.49 632.3593139648438 176.0733642578125 661.0672607421875 198.97854614257812 1.5769591331481934 1.6905423402786255 4.166940689086914 2.6963207721710205 1.8242294788360596 53.40007781982422 1.5442453761338015 0.2428969144821167
Car -1 -1 -1.74 667.7457275390625 164.97442626953125 746.992431640625 236.1739959716797 1.8075681924819946 1.7224111557006836 4.278163433074951 2.8255348205566406 1.6565404534339905 23.127843856811523 -1.6186375832481348 0.23796026408672333
Van -1 -1 -1.76 674.817138671875 162.3192138671875 764.1611328125 242.7211456298828 2.229249954223633 1.880666971206665 4.970875263214111 3.094599723815918 1.6996461153030396 22.675050735473633 -1.6260811253171088 0.23255892097949982
Car -1 -1 -1.64 654.7070922851562 167.00643920898438 710.9268798828125 222.2525177001953 1.6484042406082153 1.6343640089035034 4.212214469909668 3.12813401222229 1.7625923156738281 32.21424102783203 -1.5406265430480515 0.2183620184659958
Car -1 -1 -1.64 657.4032592773438 173.6744842529297 717.5537719726562 227.60752868652344 1.5495719909667969 1.644268274307251 4.148102283477783 2.59101939201355 1.6743338108062744 24.35063362121582 -1.5329291961415974 0.21349845826625824
Van -1 -1 -1.64 658.3099975585938 161.5985870361328 721.9341430664062 226.83099365234375 2.067075490951538 1.8142203092575073 4.967019557952881 2.7123749256134033 1.749289095401764 24.632137298583984 -1.5318339379069101 0.20175427198410034
Car -1 -1 0.39 638.7937622070312 178.08367919921875 670.513427734375 205.36474609375 1.4938913583755493 1.5875349044799805 4.024836540222168 2.970226764678955 1.9814557433128357 54.135414123535156 0.4434074116636886 0.1916978806257248
Van -1 -1 -1.71 667.7457275390625 164.97442626953125 746.992431640625 236.1739959716797 2.0920000076293945 1.820212721824646 4.885565280914307 3.0541908740997314 1.7943891286849976 24.44434356689453 -1.5892839894318502 0.1916576474905014
Car -1 -1 1.63 544.2160034179688 175.6657257080078 570.004150390625 198.39389038085938 1.576370120048523 1.6328686475753784 4.1569905281066895 -3.7933526039123535 1.8223031163215637 52.25050354003906 1.5533248214713575 0.1672397255897522
Car -1 -1 1.65 521.6929931640625 178.50564575195312 557.2592163085938 208.45668029785156 1.447068691253662 1.5454694032669067 3.761104106903076 -4.117379665374756 1.914106011390686 45.22018051147461 1.5638771260833515 0.1577085703611374
Car -1 -1 1.54 640.5540771484375 174.0951690673828 673.7876586914062 200.59527587890625 1.5832070112228394 1.6192359924316406 4.266444206237793 3.0013670921325684 1.8447183966636658 52.36808395385742 1.6006552959382407 0.10460933297872543