Van -1 -1 -1.74 646.694091796875 150.81053161621094 710.7537841796875 214.2046356201172 2.3454930782318115 1.9775680303573608 5.287959098815918 2.646909713745117 1.5482304990291595 29.816524505615234 -1.6492569498623206 0.8708176612854004
Car -1 -1 -2.43 -0.21597464382648468 174.18438720703125 206.58224312961102 360.95361328125 1.5864696502685547 1.529238224029541 3.3845489025115967 -5.962557792663574 1.6115866899490356 6.870466709136963 3.1401487521534843 0.8620561957359314
Car -1 -1 2.74 756.4080810546875 169.27809143066406 941.1715698242188 237.1699676513672 1.6039000749588013 1.6349174976348877 3.9792373180389404 5.644124984741211 1.4630386233329773 17.560619354248047 3.0532151638364713 0.8521643280982971
Car -1 -1 2.57 919.923828125 189.25735473632812 1242.8753662109375 314.6490173339844 1.4819700717926025 1.6142187118530273 4.007129669189453 6.266542434692383 1.6266077160835266 9.357146263122559 -3.120229780703273 0.8305964469909668
Car -1 -1 0.14 201.16055297851562 162.59046936035156 411.61126708984375 246.8927001953125 1.7687318325042725 1.7386140823364258 4.182724952697754 -6.852568626403809 1.555800974369049 16.803983688354492 -0.24840391356335445 0.8118333220481873
Car -1 -1 -2.82 358.7994079589844 174.20086669921875 483.2332763671875 218.29788208007812 1.4619324207305908 1.6188310384750366 3.7222068309783936 -6.515730381011963 1.5114402770996094 25.41067123413086 -3.0744303421099293 0.8061881065368652
Car -1 -1 -2.9 398.8929443359375 169.34727478027344 518.1732177734375 211.84579467773438 1.6619001626968384 1.7156521081924438 4.122687339782715 -6.032649040222168 1.5068376064300537 29.03911018371582 -3.1048396360575152 0.7789682745933533
Car -1 -1 -0.46 859.6074829101562 180.3359375 1149.9765625 285.3626708984375 1.4610669612884521 1.6031924486160278 4.067259788513184 6.345259189605713 1.659303069114685 11.649458885192871 0.04017239542708495 0.7456359267234802
Car -1 -1 0.5 230.59144592285156 174.71104431152344 418.3136291503906 244.67593383789062 1.4671984910964966 1.6213563680648804 4.156940460205078 -6.828320503234863 1.6485489010810852 17.563291549682617 0.12599347234665714 0.6899964213371277
Car -1 -1 -0.33 874.33837890625 186.36709594726562 1197.4111328125 293.651611328125 1.4648491144180298 1.6099542379379272 3.8305068016052246 6.4164137840271 1.6458507180213928 11.709105491638184 0.17595636561938077 0.6523563861846924
Van -1 -1 -2.53 493.1933288574219 159.90216064453125 561.689697265625 193.13369750976562 2.3889288902282715 1.9650222063064575 5.357548236846924 -5.845160007476807 1.4283591210842133 50.159000396728516 -2.6498045753147643 0.6094357371330261
Car -1 -1 -1.79 629.7701416015625 161.1776885986328 673.6852416992188 199.74081420898438 1.8590565919876099 1.7087984085083008 4.280227184295654 2.1602261066436768 1.39348965883255 38.83184814453125 -1.7315058737619031 0.5987468957901001
Car -1 -1 -2.36 988.963134765625 236.69918823242188 1246.580810546875 374.88836669921875 1.4025647640228271 1.5445135831832886 3.482071876525879 2.8895316123962402 1.6472400426864624 2.144695997238159 -1.427781913160552 0.5826822519302368
Car -1 -1 -2.88 391.5029296875 173.51502990722656 503.8555908203125 212.95069885253906 1.5463320016860962 1.6595686674118042 4.07407283782959 -6.502784729003906 1.5467095971107483 29.781417846679688 -3.094060181882134 0.5659369230270386
Car -1 -1 -2.69 254.47940063476562 175.58363342285156 425.751708984375 237.18699645996094 1.4772764444351196 1.5963704586029053 3.668720006942749 -6.847447872161865 1.5644032955169678 19.517961502075195 -3.0317747824105474 0.5614157319068909
Car -1 -1 -2.9 477.4187927246094 170.09152221679688 544.9821166992188 197.4838409423828 1.5894299745559692 1.5715266466140747 3.806349515914917 -5.941414833068848 1.4388693571090698 43.97283935546875 -3.033207138184962 0.5369832515716553
Car -1 -1 -1.84 646.3106689453125 150.17916870117188 714.3855590820312 217.01673889160156 2.1427297592163086 1.776011347770691 4.488999843597412 2.367556095123291 1.476550042629242 26.197731018066406 -1.7516874261064608 0.5087308287620544
Car -1 -1 -2.5 1060.604248046875 233.2342987060547 1240.8817138671875 380.03125 1.3850985765457153 1.5819767713546753 3.802333354949951 3.309234857559204 1.5863875150680542 2.2918198108673096 -1.5362660371742631 0.49988654255867004
Van -1 -1 1.43 628.022705078125 160.38104248046875 672.7569580078125 198.36712646484375 2.1861379146575928 1.9091432094573975 6.090343952178955 2.3590188026428223 1.4150684475898743 44.023136138916016 1.4800275361190618 0.4950312077999115
Car -1 -1 -2.29 958.7799072265625 208.77838134765625 1252.3231201171875 361.474365234375 1.4075307846069336 1.6005451679229736 3.818378448486328 2.3941261768341064 1.3858424425125122 2.389503002166748 -1.5048928179293704 0.47551655769348145
Car -1 -1 -2.66 488.5108642578125 166.32760620117188 555.2401733398438 196.36627197265625 1.72199285030365 1.631671667098999 3.7261621952056885 -5.632573127746582 1.469545066356659 44.12819290161133 -2.7907014863200184 0.4546843469142914
Car -1 -1 -2.52 492.8671569824219 160.67466735839844 559.6162109375 192.79090881347656 1.9943363666534424 1.7947423458099365 4.316492080688477 -5.600680828094482 1.4027301669120789 45.85798263549805 -2.643130366832434 0.4136905372142792
Van -1 -1 0.72 199.0749053955078 163.78799438476562 416.6902160644531 248.5537872314453 1.8979403972625732 1.9057551622390747 4.730285167694092 -7.184767246246338 1.6078993082046509 17.4271297454834 0.32416053336345163 0.3884415924549103
Van -1 -1 2.41 499.17236328125 164.2650909423828 556.2858276367188 194.79254150390625 2.1934242248535156 1.970114827156067 5.0671706199646 -5.992300987243652 1.5196838974952698 50.51557540893555 2.2950172996813594 0.35224559903144836
Car -1 -1 -2.66 463.8678894042969 170.02008056640625 540.49365234375 198.6724853515625 1.5974584817886353 1.6821646690368652 3.9648544788360596 -6.227352619171143 1.4512457251548767 43.08146667480469 -2.799633781299362 0.3481154143810272
Car -1 -1 1.36 495.1029052734375 168.68460083007812 545.835693359375 198.16236877441406 1.5191290378570557 1.5120874643325806 3.7020466327667236 -5.760643482208252 1.4626328349113464 45.29338073730469 1.232560497202936 0.3418065011501312
Car -1 -1 -2.65 291.2191467285156 176.36642456054688 421.88427734375 227.1597900390625 1.4404584169387817 1.55879545211792 3.5295846462249756 -7.142711162567139 1.5494670271873474 20.50016212463379 -2.98884565736659 0.31458422541618347
Car -1 -1 0.27 162.495849609375 163.293212890625 410.6182556152344 265.556396484375 1.7156096696853638 1.6150189638137817 3.6750662326812744 -6.082859516143799 1.4470926523208618 14.419260025024414 -0.12794196720565143 0.298414021730423
Car -1 -1 -2.84 367.64471435546875 172.61007690429688 501.886962890625 215.63232421875 1.5248948335647583 1.630420446395874 4.076950550079346 -6.200558185577393 1.5113657712936401 26.355785369873047 -3.0759279370148285 0.29773420095443726
Van -1 -1 0.59 162.495849609375 163.293212890625 410.6182556152344 265.556396484375 1.9935380220413208 1.758424997329712 4.616304874420166 -6.779580116271973 1.5438135266304016 15.90042495727539 0.1857077534717133 0.2766321301460266
Truck -1 -1 -1.62 646.04736328125 151.6326446533203 711.5223388671875 214.98207092285156 3.0679802894592285 2.551685094833374 7.520577907562256 2.866835832595825 1.9526060819625854 31.88505744934082 -1.5263442871681558 0.27540332078933716
Car -1 -1 -1.76 632.8540649414062 154.94100952148438 694.6033935546875 208.99215698242188 2.054978847503662 1.7501815557479858 4.313212871551514 2.3826563358306885 1.497812420129776 27.442991256713867 -1.6727361377261314 0.2684921622276306
Car -1 -1 -3.06 483.7686462402344 168.99427795410156 534.1433715820312 201.21604919433594 1.5223181247711182 1.5272252559661865 3.8066494464874268 -6.188722133636475 1.464145004749298 44.534027099609375 3.083835315137886 0.26613378524780273
Car -1 -1 -2.83 446.7190856933594 169.9098663330078 534.4337768554688 202.297607421875 1.6260097026824951 1.6543335914611816 3.7742507457733154 -6.052344799041748 1.4707887768745422 38.27231216430664 -2.9846442229393233 0.2648860216140747
Car -1 -1 -2.37 -0.5763892531394958 171.27120971679688 242.98913198709488 325.7258605957031 1.5039254426956177 1.5874452590942383 3.6924891471862793 -5.919585227966309 1.5830193161964417 7.204412937164307 -3.0547887623574033 0.26270008087158203
Car -1 -1 -1.75 637.777587890625 155.90386962890625 702.7425537109375 215.52481079101562 1.8906264305114746 1.7469602823257446 4.368271827697754 2.482949733734131 1.4968188405036926 27.429838180541992 -1.6555830144747627 0.25960636138916016
Van -1 -1 -1.62 640.4362182617188 153.1758270263672 699.1796264648438 211.3131866455078 2.2700788974761963 1.9305751323699951 5.470316410064697 2.5389418601989746 1.4927268028259277 28.75852394104004 -1.5333629902596195 0.2454390525817871
Car -1 -1 -2.54 1101.8590087890625 216.388671875 1239.0018310546875 367.9821472167969 1.41689133644104 1.5838406085968018 3.906156063079834 3.1747703552246094 1.407303810119629 2.3739688396453857 -1.6066416789937907 0.24155372381210327
Car -1 -1 -2.92 421.8648986816406 171.3792724609375 525.1376953125 212.25929260253906 1.669027328491211 1.6547436714172363 4.245123863220215 -6.148455619812012 1.5551733374595642 29.518112182617188 -3.124596074907691 0.2330380529165268
Car -1 -1 -2.47 1009.0775756835938 237.7794647216797 1206.08740234375 364.6727294921875 1.4228442907333374 1.5158493518829346 3.3142848014831543 2.859771966934204 1.5974184274673462 2.327622890472412 -1.5843621790316114 0.22597011923789978
Car -1 -1 -1.63 631.4126586914062 168.76742553710938 663.835693359375 200.94821166992188 1.6126177310943604 1.6787372827529907 4.482722759246826 2.2173306941986084 1.5360429286956787 43.51694869995117 -1.5827382896088071 0.22181662917137146
Car -1 -1 -2.27 1221.9732666015625 185.80311584472656 1240.6541748046875 305.1444396972656 1.6287486553192139 1.6490849256515503 4.241466999053955 9.149205207824707 1.7493676543235779 7.863925457000732 -1.4046437552006914 0.22052307426929474
Car -1 -1 -2.45 1018.1719970703125 246.1900634765625 1236.6710205078125 387.95159912109375 1.4250099658966064 1.550096035003662 3.6433897018432617 3.089327573776245 1.6762328743934631 2.1907949447631836 -1.4984819821622324 0.21620038151741028
Car -1 -1 2.45 784.0333251953125 177.96116638183594 973.8043823242188 249.99380493164062 1.5074321031570435 1.6547266244888306 3.8270013332366943 5.926909923553467 1.495413899421692 17.12290382385254 2.7818866787174015 0.20959264039993286
Car -1 -1 -2.64 1160.89501953125 187.80789184570312 1245.66162109375 360.48455810546875 1.6509199142456055 1.5636991262435913 3.875493049621582 3.786029577255249 1.587927758693695 2.759303569793701 -1.7001720959922473 0.2024098038673401
Car -1 -1 -2.49 1119.0753173828125 230.0009307861328 1237.505615234375 380.5914001464844 1.4144682884216309 1.6070561408996582 3.8293824195861816 3.495023488998413 1.5748608708381653 2.3162100315093994 -1.5012025197423808 0.20229460299015045
Van -1 -1 -2.48 631.1912231445312 155.3095703125 690.2391357421875 206.09207153320312 2.1867291927337646 1.9767662286758423 5.444873809814453 2.4300899505615234 1.432814598083496 36.16997528076172 -2.4129279544344477 0.2004157453775406
Car -1 -1 -2.77 1118.521728515625 194.67990112304688 1245.089599609375 365.4944152832031 1.5451656579971313 1.5760986804962158 3.970250129699707 3.723320960998535 1.5645816922187805 2.6501080989837646 -1.8179521370360137 0.19916357100009918
Car -1 -1 -2.88 334.1827697753906 176.03758239746094 459.6498718261719 219.27273559570312 1.4363714456558228 1.567361831665039 3.832340955734253 -6.648935794830322 1.554489016532898 24.756120681762695 -3.1374245089610255 0.19819623231887817
Car -1 -1 -2.34 469.4209899902344 169.8332977294922 524.779541015625 204.08348083496094 1.5461193323135376 1.535840630531311 3.835167169570923 -6.082615375518799 1.4997891187667847 38.36785125732422 -2.4979480792494275 0.197903111577034
Van -1 -1 -2.77 484.1477355957031 163.2343292236328 557.2635498046875 196.34324645996094 2.0660741329193115 1.950082778930664 4.952054500579834 -6.206488132476807 1.4437758028507233 49.544105529785156 -2.89848513234711 0.19742344319820404
Car -1 -1 -0.16 1182.953857421875 190.75881958007812 1243.1129150390625 323.1898193359375 1.6514537334442139 1.57157301902771 3.854686975479126 6.684263706207275 1.8117215037345886 5.707339763641357 0.7039680204657381 0.1963662952184677
Car -1 -1 -0.53 1202.1212158203125 186.01046752929688 1238.90869140625 322.85791015625 1.6014162302017212 1.6259565353393555 4.127052307128906 8.260377883911133 1.7891514301300049 6.846175670623779 0.3501923885637157 0.19604045152664185
Van -1 -1 -2.32 228.07559204101562 171.3511199951172 417.4765930175781 239.63729858398438 1.7985966205596924 1.7842098474502563 4.232756614685059 -7.036770343780518 1.6211044192314148 18.50470733642578 -2.6828514098330514 0.19603975117206573
Car -1 -1 -2.35 20.739999771118164 176.69296264648438 277.53943824768066 316.0936279296875 1.3920711278915405 1.5742744207382202 3.5726239681243896 -5.642011642456055 1.5657531023025513 7.667904376983643 -2.985219967946785 0.18914934992790222
Car -1 -1 -2.76 13.149779319763184 169.11459350585938 177.73979091644287 323.0918273925781 1.5841366052627563 1.5646675825119019 3.7781362533569336 -6.85260534286499 1.5502137541770935 7.7991156578063965 2.798133406249982 0.1845162808895111
Car -1 -1 -0.97 137.87962341308594 172.90719604492188 376.7265930175781 267.2308654785156 1.6021881103515625 1.6212769746780396 3.710401773452759 -7.452539443969727 1.487773597240448 16.73613739013672 -1.390166286351687 0.18346872925758362
Car -1 -1 0.44 1162.658447265625 169.64627075195312 1248.0081787109375 328.2918701171875 1.6087193489074707 1.56382417678833 3.947784900665283 6.699512958526611 1.705064058303833 5.635807991027832 1.3144685769031854 0.18113014101982117
Car -1 -1 2.85 972.5311279296875 201.54132080078125 1241.5858154296875 313.0870361328125 1.4749022722244263 1.6424672603607178 4.135838508605957 6.717893600463867 1.7636341452598572 9.173625946044922 -2.800876245320013 0.17987526953220367
Car -1 -1 -2.59 1060.50341796875 202.7912139892578 1244.9776611328125 358.4248352050781 1.4698920249938965 1.597875952720642 3.995676040649414 2.9818367958068848 1.3895671963691711 2.237168550491333 -1.6641521237755104 0.1789105385541916
Car -1 -1 -1.66 628.1205444335938 166.76170349121094 660.1182861328125 197.1317901611328 1.7271634340286255 1.7143902778625488 4.467447757720947 2.1849265098571777 1.5743725299835205 45.126953125 -1.6128595859875325 0.17808844149112701
Car -1 -1 -2.24 56.42256546020508 182.0325469970703 309.5608253479004 301.8647155761719 1.48330557346344 1.6419960260391235 3.6432278156280518 -5.88509464263916 1.5173779726028442 8.550858497619629 -2.843481930269377 0.1770639568567276
Car -1 -1 0.4 1184.00341796875 180.75975036621094 1251.7105712890625 303.1980895996094 1.6186585426330566 1.5331310033798218 3.734070301055908 7.015467166900635 1.6715545058250427 6.294150352478027 1.2428759464972057 0.17705588042736053
Car -1 -1 0.22 152.68817138671875 171.9696807861328 402.0218505859375 280.4936828613281 1.5156277418136597 1.5647634267807007 3.58768892288208 -5.947885036468506 1.4449824094772339 13.983407974243164 -0.1796396436299763 0.17547067999839783
Car -1 -1 -2.69 1147.281005859375 203.68075561523438 1241.171142578125 370.78070068359375 1.6063532829284668 1.560762882232666 3.8058676719665527 3.374326705932617 1.579598844051361 2.4030237197875977 -1.7370273210484486 0.1734776794910431
Car -1 -1 -0.57 823.3743896484375 179.2876739501953 1081.393798828125 260.8937072753906 1.5697476863861084 1.6509149074554443 4.282227993011475 6.562838077545166 1.5811105370521545 13.760099411010742 -0.1256503315897053 0.17321160435676575
Car -1 -1 -2.98 434.4534606933594 168.80557250976562 518.1107788085938 207.25253295898438 1.5352764129638672 1.6545058488845825 4.0554938316345215 -6.401042461395264 1.4474785923957825 36.452518463134766 3.1315677061167104 0.17083317041397095
Van -1 -1 -0.49 118.13861083984375 171.87173461914062 384.6882629394531 272.71966552734375 2.0955088138580322 1.6569900512695312 4.595728874206543 -7.36010217666626 1.7659703493118286 15.827310562133789 -0.926877278796348 0.17024211585521698
Car -1 -1 -1.96 1179.1751708984375 201.65733337402344 1241.234375 339.8264465332031 1.6510627269744873 1.6035430431365967 3.9186365604400635 5.480050086975098 1.7974424958229065 4.511338710784912 -1.0763808003717061 0.16889642179012299
Car -1 -1 0.11 188.32772827148438 173.05130004882812 402.4150390625 256.2138671875 1.5782712697982788 1.5835685729980469 3.936492919921875 -6.776810169219971 1.5967345237731934 16.53741455078125 -0.27479751039449063 0.16690680384635925
Car -1 -1 -2.13 1216.1395263671875 188.52999877929688 1240.6195068359375 303.69781494140625 1.6143494844436646 1.6114027500152588 4.149200439453125 9.432509422302246 1.8033279776573181 8.311899185180664 -1.2830991962146783 0.16663004457950592
Car -1 -1 -2.01 1225.7764892578125 180.4916229248047 1240.2784423828125 292.3106689453125 1.6631168127059937 1.621336817741394 4.129383563995361 9.503521919250488 1.7347772717475891 8.389863014221191 -1.1589625963097872 0.16174525022506714
Car -1 -1 -2.91 1198.421142578125 192.7099609375 1245.818359375 335.16119384765625 1.4908167123794556 1.5871931314468384 4.124176502227783 6.342731952667236 1.6414241194725037 4.693819046020508 -1.9788289920891042 0.1393055021762848
Car -1 -1 -3.06 1133.5074462890625 183.39443969726562 1240.2972412109375 341.363525390625 1.5349851846694946 1.6058504581451416 4.127800941467285 4.301051139831543 1.4846072793006897 3.390533924102783 -2.1572170950517213 0.10247129201889038