Car -1 -1 -2.35 744.00146484375 175.34336853027344 857.419921875 221.04173278808594 1.468666911125183 1.6406140327453613 3.6740927696228027 6.627013206481934 1.571829915046692 25.025707244873047 -2.0872198048735235 0.8667090535163879
Car -1 -1 -2.64 153.64938354492188 175.81137084960938 369.46319580078125 261.3236999511719 1.5069053173065186 1.6263549327850342 3.75272798538208 -6.826988220214844 1.591597855091095 14.284756660461426 -3.0887039107049317 0.8645504117012024
Car -1 -1 -1.7 625.2855224609375 174.2706756591797 668.4265747070312 205.8539276123047 1.5153700113296509 1.583770513534546 3.544276475906372 1.8606740236282349 1.5981011986732483 36.597923278808594 -1.6488156949707662 0.830097496509552
Car -1 -1 -2.32 3.4547672271728516 188.46224975585938 189.45607948303223 349.2598571777344 1.42875337600708 1.5844080448150635 3.931581497192383 -6.768231391906738 1.6572830080986023 7.490882396697998 -3.057713622068449 0.8167936205863953
Car -1 -1 -2.87 383.3423767089844 172.84950256347656 495.1793212890625 212.1059112548828 1.5233838558197021 1.6686607599258423 4.158716678619385 -6.9402241706848145 1.5931801199913025 29.712265014648438 -3.102436811011449 0.7323965430259705
Car -1 -1 -2.86 255.15460205078125 158.7917938232422 455.5566101074219 244.11585998535156 1.9430789947509766 1.7736668586730957 4.121982574462891 -6.35557746887207 1.6697378158569336 18.014713287353516 3.08644232192772 0.7091139554977417
Car -1 -1 -2.83 230.93736267089844 170.16558837890625 416.2604675292969 246.4697265625 1.603994369506836 1.607056975364685 3.7950778007507324 -6.716397285461426 1.6399545073509216 16.953590393066406 3.072433723134358 0.6961730718612671
Van -1 -1 -2.76 250.02308654785156 157.76455688476562 456.8413391113281 240.02279663085938 1.9262117147445679 1.7892889976501465 4.89560604095459 -6.806455135345459 1.6351661086082458 19.32616424560547 -3.102065490527437 0.6763887405395508
Car -1 -1 -1.7 609.6428833007812 171.8673553466797 643.7339477539062 199.2273406982422 1.510853886604309 1.5816075801849365 3.5090534687042236 0.9003722071647644 1.4867295026779175 43.32313919067383 -1.6840028483959415 0.6469215750694275
Car -1 -1 -2.61 182.77818298339844 172.58349609375 385.5928039550781 254.81224060058594 1.52186918258667 1.639987587928772 3.691680908203125 -6.9467549324035645 1.5731031894683838 14.585640907287598 -3.0544261819857006 0.6261749863624573
Car -1 -1 -2.88 402.8952331542969 175.01747131347656 497.20458984375 210.5556182861328 1.4871594905853271 1.6284934282302856 4.0499138832092285 -7.22519588470459 1.603498101234436 34.8246955871582 -3.0856177041220896 0.6208128929138184
Car -1 -1 -2.84 417.9302978515625 174.1373291015625 505.35400390625 205.67041015625 1.4428547620773315 1.623472809791565 3.973491907119751 -7.30645751953125 1.5401182770729065 35.861045837402344 -3.0406131736983983 0.5478857755661011
Car -1 -1 -3.01 458.5448913574219 172.61224365234375 522.8724365234375 198.50079345703125 1.5953878164291382 1.6709644794464111 4.175754070281982 -7.570847511291504 1.5652987957000732 46.165138244628906 3.1154319981669634 0.4201863408088684
Car -1 -1 2.28 0.6122686862945557 178.93238830566406 152.539377450943 363.39691162109375 1.5932327508926392 1.6573271751403809 4.174720287322998 -6.153608322143555 1.6268777251243591 5.701114177703857 1.453036940085262 0.38677290081977844
Car -1 -1 -2.97 268.46343994140625 166.10971069335938 448.05169677734375 235.4474334716797 1.6795824766159058 1.673797369003296 4.1087646484375 -6.769687652587891 1.5896241664886475 19.43373680114746 2.9750506728013306 0.35441574454307556
Car -1 -1 -2.74 158.03073120117188 171.32225036621094 419.7854919433594 249.49932861328125 1.6559337377548218 1.6333601474761963 4.2216644287109375 -6.38831090927124 1.514252781867981 15.289756774902344 -3.1312901239282542 0.33859148621559143
Car -1 -1 -2.88 432.3230895996094 173.9098358154297 511.2299499511719 202.0238494873047 1.4074351787567139 1.6198580265045166 3.9488964080810547 -7.412601470947266 1.4803609251976013 40.2181396484375 -3.066943263914677 0.31234702467918396
Car -1 -1 -2.78 93.53903198242188 185.2052001953125 364.2830505371094 259.968017578125 1.5108482837677002 1.5860612392425537 4.18807315826416 -6.949681282043457 1.5929810404777527 14.560704231262207 3.0532866382697197 0.30625617504119873
Car -1 -1 -1.72 617.7810668945312 173.67604064941406 656.7422485351562 201.8708953857422 1.4633383750915527 1.5882424116134644 3.6388025283813477 1.54429030418396 1.5266238451004028 37.168704986572266 -1.6829007312691173 0.30556702613830566
Car -1 -1 -2.77 204.69456481933594 175.64004516601562 395.7474060058594 245.9977569580078 1.5588765144348145 1.6155883073806763 3.774660110473633 -6.564040184020996 1.5468226075172424 16.480792999267578 3.1303025456907267 0.2866933345794678
Car -1 -1 1.04 7.35744047164917 179.73825073242188 125.49106931686401 372.93048095703125 1.548565149307251 1.6359295845031738 4.235219478607178 -5.8726582527160645 1.6231444478034973 5.214816093444824 0.1929292879634925 0.27783116698265076
Van -1 -1 -2.78 235.1243133544922 164.37234497070312 436.8423767089844 244.871826171875 1.9431926012039185 1.7988362312316895 4.52099609375 -6.817560195922852 1.5961118340492249 18.775283813476562 -3.1299594076085535 0.2639417350292206
Car -1 -1 -3.07 373.1476745605469 173.0211181640625 481.7367248535156 218.41517639160156 1.6119641065597534 1.6389096975326538 3.5915944576263428 -7.165461540222168 1.6477312445640564 28.93032455444336 2.9676430088037087 0.2488141804933548
Car -1 -1 -2.37 10.898968696594238 184.2049560546875 206.44506549835205 324.61322021484375 1.5311152935028076 1.6524783372879028 3.9919512271881104 -6.360316276550293 1.647134006023407 7.107728004455566 -3.0986750360740807 0.24496868252754211
Car -1 -1 -2.28 10.982375144958496 193.40509033203125 268.87858486175537 310.146240234375 1.3427741527557373 1.6105093955993652 4.02174186706543 -5.983348846435547 1.5604538917541504 7.8300299644470215 -2.933969348628552 0.24126215279102325
Car -1 -1 -2.93 453.9449157714844 174.36477661132812 514.808837890625 199.87681579589844 1.5542142391204834 1.6171045303344727 4.0121893882751465 -7.767614841461182 1.6568883061408997 44.4373893737793 -3.1014154644575047 0.22548839449882507
Car -1 -1 -0.8 14.857165336608887 197.37355041503906 245.60502910614014 330.04510498046875 1.3975214958190918 1.6046335697174072 3.997556686401367 -5.7450995445251465 1.5841861963272095 7.030251502990723 -1.488203944057764 0.22328664362430573
Car -1 -1 1.9 6.945038318634033 189.8900909423828 93.53005266189575 342.132080078125 1.615752935409546 1.6367310285568237 4.06963586807251 -6.882193565368652 1.751526951789856 6.582103252410889 1.088633646903487 0.21947352588176727
Car -1 -1 -2.9 304.9921569824219 165.5950164794922 462.4097900390625 230.95326232910156 1.7050964832305908 1.6643052101135254 4.0551981925964355 -7.078449726104736 1.6630635261535645 23.352149963378906 3.0857304502448937 0.20926342904567719
Car -1 -1 -2.81 53.82587814331055 189.31739807128906 314.6726188659668 284.12646484375 1.3656922578811646 1.552718997001648 4.172907829284668 -8.742103576660156 1.7066059708595276 15.164450645446777 2.9454489044534906 0.20639194548130035
Car -1 -1 -1.64 0.43107518553733826 174.7051544189453 20.40324506163597 230.69381713867188 1.4673140048980713 1.5805819034576416 3.6374318599700928 -20.08306121826172 1.668407142162323 21.971492767333984 -2.3789201828182955 0.20629549026489258
Car -1 -1 -2.93 347.1955261230469 168.370849609375 487.3336181640625 222.78147888183594 1.6245310306549072 1.6793335676193237 4.170495986938477 -6.727793216705322 1.5171788930892944 29.247413635253906 3.132021229654417 0.19178643822669983
Cyclist -1 -1 -1.01 0.43107518553733826 174.7051544189453 20.40324506163597 230.69381713867188 1.6669951677322388 0.5605388879776001 1.647132158279419 -18.527624130249023 1.6850272417068481 21.55950355529785 -1.7215416226658995 0.18649601936340332
Car -1 -1 -2.5 23.22915267944336 185.84689331054688 282.4212303161621 290.4576721191406 1.43655264377594 1.5911616086959839 4.0993781089782715 -7.131444454193115 1.6422563195228577 10.388541221618652 -3.105574186127625 0.1851053684949875
Car -1 -1 -2.54 1.410589337348938 190.1227569580078 155.43681919574738 327.25543212890625 1.6316105127334595 1.5914698839187622 3.9713664054870605 -5.543537616729736 1.5545145273208618 5.810655117034912 2.978244536529777 0.14673428237438202
Car -1 -1 -1.67 0.8530124425888062 181.70460510253906 21.721184134483337 238.6134490966797 1.4356218576431274 1.536449909210205 3.2804815769195557 -18.86091423034668 1.8102170825004578 20.74089241027832 -2.4038433702009545 0.13228189945220947
Car -1 -1 -0.88 1.3731682300567627 315.4591369628906 27.877129793167114 371.3171081542969 1.4532166719436646 1.495436191558838 3.32356858253479 -5.8701863288879395 2.403884708881378 5.473792552947998 -1.6969703781717094 0.10256605595350266