Car -1 -1 -1.25 224.708251953125 195.8334503173828 463.3888854980469 344.5321350097656 1.3721634149551392 1.5923436880111694 3.9175617694854736 -3.0158348083496094 1.7240977883338928 9.106135368347168 -1.57329167873986 0.8834834098815918
Car -1 -1 1.49 629.7081298828125 183.4718017578125 686.6485595703125 228.14466857910156 1.4406028985977173 1.6491295099258423 4.109096527099609 1.7289613485336304 1.8553608059883118 26.202045440673828 1.5584239493250562 0.8690531849861145
Car -1 -1 1.68 528.595703125 174.88754272460938 565.5490112304688 207.07308959960938 1.7188247442245483 1.6449967622756958 3.8942553997039795 -3.6145944595336914 1.8668001294136047 41.63862991333008 1.5902855825500648 0.799385130405426
Car -1 -1 2.61 0.1485123485326767 190.9288787841797 137.35604713857174 367.0201721191406 1.4895355701446533 1.6073386669158936 3.696413040161133 -3.8581042289733887 1.6888229846954346 3.160966157913208 1.721841221030819 0.7198160886764526
Car -1 -1 1.55 623.46728515625 175.00865173339844 654.7749633789062 206.4929656982422 1.7412090301513672 1.6639227867126465 4.212118148803711 1.6750133037567139 1.8598245978355408 40.951969146728516 1.5866128596423366 0.7019364833831787
Car -1 -1 1.24 457.3120422363281 180.44432067871094 520.6735229492188 208.80247497558594 1.4667890071868896 1.6455527544021606 4.103549957275391 -6.729099273681641 1.9084926843643188 39.552284240722656 1.068161769679211 0.5518401265144348
Car -1 -1 1.51 625.6051025390625 178.88644409179688 677.7955932617188 221.41102600097656 1.6107752323150635 1.6871670484542847 4.161901950836182 1.5528357028961182 1.788350760936737 26.03908348083496 1.5665448884212525 0.37650927901268005
Car -1 -1 1.7 535.6830444335938 176.4442596435547 573.0414428710938 205.40057373046875 1.6156789064407349 1.6260228157043457 3.791016101837158 -3.5979413986206055 1.8539398312568665 42.321372985839844 1.6163196614126445 0.36006197333335876
Pedestrian -1 -1 -1.16 3.3002877235412598 185.99118041992188 152.23330163955688 370.67144775390625 1.6714078187942505 0.652052640914917 0.5736467242240906 -3.4307751655578613 1.8764203190803528 4.296667098999023 -1.832501539700984 0.33789554238319397
Car -1 -1 1.67 541.4302368164062 175.9933624267578 577.826171875 203.2706756591797 1.588242530822754 1.6385366916656494 3.99615478515625 -3.386841058731079 1.8406983613967896 45.67394256591797 1.5987271178906637 0.335258811712265
Car -1 -1 1.65 549.6643676757812 176.35702514648438 582.099853515625 201.61767578125 1.6189063787460327 1.658067226409912 4.050851821899414 -3.001744031906128 1.8416034579277039 52.02143096923828 1.5965280437589167 0.3326323628425598
Cyclist -1 -1 2.26 -0.6555521488189697 191.01815795898438 140.39030051231384 368.1881408691406 1.7310688495635986 0.6613004207611084 1.793161153793335 -2.8777732849121094 1.5744963884353638 3.2266242504119873 1.5304909837382894 0.32182326912879944
Car -1 -1 2.43 -5.2856574058532715 183.99578857421875 175.33481073379517 368.345947265625 1.519106149673462 1.6455583572387695 3.836167097091675 -3.3103067874908447 1.496679961681366 2.8929038047790527 1.5741726699908183 0.3166539669036865
Car -1 -1 1.52 625.2150268554688 181.37918090820312 662.7239990234375 213.6908416748047 1.5151852369308472 1.6128352880477905 4.035469055175781 1.7959630489349365 1.9531616568565369 29.22411346435547 1.579409966718588 0.31327906250953674
Car -1 -1 1.53 626.4164428710938 175.93992614746094 661.9656982421875 207.68629455566406 1.6639580726623535 1.7013306617736816 4.3429274559021 1.8642457723617554 1.857994556427002 40.336360931396484 1.5747906823679312 0.2815698981285095
Car -1 -1 1.51 627.9342041015625 183.85841369628906 674.8279418945312 224.24343872070312 1.4385552406311035 1.604862928390503 3.995877265930176 1.6979856491088867 1.894040822982788 26.147504806518555 1.5769937868539659 0.2715255618095398
Van -1 -1 2.46 -2.287553310394287 186.97860717773438 139.75755167007446 369.8711853027344 1.6960290670394897 1.6242589950561523 4.164938926696777 -4.62180757522583 1.7094039916992188 3.9925947189331055 1.6024435062427136 0.2644979655742645
Car -1 -1 1.68 552.3524780273438 175.35093688964844 586.100341796875 199.72235107421875 1.5467431545257568 1.6336570978164673 4.013693332672119 -2.9943394660949707 1.8310375213623047 49.79637908935547 1.6207295139473619 0.26303908228874207
Car -1 -1 1.62 558.3358154296875 175.21168518066406 586.3936157226562 196.5793914794922 1.5966064929962158 1.6579216718673706 4.149979114532471 -2.9341578483581543 1.8518972396850586 56.365718841552734 1.564277483290513 0.2451087385416031
Car -1 -1 1.52 625.1142578125 178.6454620361328 657.2966918945312 211.54466247558594 1.532652497291565 1.5885690450668335 4.112720012664795 1.7895169258117676 1.9940587878227234 38.76225662231445 1.567562110637449 0.1927867829799652
Car -1 -1 2.49 -0.6852099299430847 206.85533142089844 125.14473849534988 348.5348815917969 1.3831195831298828 1.5814493894577026 4.00352144241333 -4.169073104858398 1.584598958492279 3.545768976211548 1.6264273975186754 0.1698261797428131
Car -1 -1 1.44 628.3607788085938 179.73570251464844 671.0890502929688 215.79998779296875 1.5175659656524658 1.6641632318496704 4.121217250823975 1.9278966188430786 1.8589154481887817 32.54014205932617 1.4976031885997179 0.16650618612766266
Car -1 -1 2.31 25.961374282836914 171.5972900390625 260.5591983795166 330.2955322265625 1.5251697301864624 1.5884352922439575 3.699251413345337 -6.3940629959106445 2.0904534459114075 8.201912879943848 1.6459018881107816 0.15438978374004364
Car -1 -1 2.32 -3.2258379459381104 183.70643615722656 199.2780225276947 331.9306945800781 1.5745265483856201 1.6194030046463013 3.9175333976745605 -5.490412712097168 1.8992292881011963 5.55963134765625 1.5417603172922867 0.09849177300930023