Car -1 -1 -1.82 634.3172607421875 180.04974365234375 753.189697265625 261.1487121582031 1.4216909408569336 1.545727252960205 3.243035316467285 1.5689749717712402 1.6174486875534058 14.836581230163574 -1.7184227082624135 0.8886825442314148
Car -1 -1 2.51 555.7872924804688 174.7261199951172 654.0880737304688 213.73899841308594 1.4765723943710327 1.535838007926941 3.759265422821045 -0.14265941083431244 1.5858632922172546 29.364328384399414 2.504263839447531 0.8329289555549622
Car -1 -1 -1.23 861.6284790039062 169.7158660888672 932.5255126953125 202.88548278808594 1.4081989526748657 1.5583370923995972 3.1231353282928467 12.944804191589355 1.26865154504776 32.47609329223633 -0.8471385720786051 0.8262624144554138
Car -1 -1 -0.86 787.0000610351562 168.9846954345703 880.490234375 207.7136993408203 1.4603729248046875 1.5947916507720947 3.642103672027588 9.012594223022461 1.3216462135314941 28.6922664642334 -0.5517811199488829 0.8237695097923279
Car -1 -1 -0.8 711.3571166992188 171.23898315429688 815.0029296875 213.02267456054688 1.4241108894348145 1.5515273809432983 3.2647995948791504 5.642794609069824 1.3949459195137024 26.36159896850586 -0.5899664608071631 0.7482866048812866
Car -1 -1 1.8 909.0137329101562 162.6937713623047 989.8916015625 200.0552215576172 1.6115740537643433 1.6558223962783813 3.6803345680236816 15.70094108581543 1.174028754234314 33.33875274658203 2.244444801318771 0.6721639633178711
Car -1 -1 2.26 4.77849817276001 191.44039916992188 61.4488320350647 355.11138916015625 1.5740914344787598 1.605236530303955 3.9747941493988037 -6.785516738891602 1.6358530521392822 5.773429870605469 1.3934415983391357 0.44679728150367737
Car -1 -1 2.9 721.3140869140625 170.64476013183594 832.7196655273438 210.76942443847656 1.4197231531143188 1.6014668941497803 3.6376450061798096 5.825078010559082 1.3192839622497559 26.634117126464844 3.110326109358825 0.38561809062957764
Car -1 -1 2.24 671.5567626953125 173.4806671142578 767.7041625976562 208.13047790527344 1.3522454500198364 1.5450512170791626 3.731299638748169 4.639159202575684 1.3443636298179626 29.657121658325195 2.394430838596401 0.3586817681789398
Car -1 -1 2.24 9.684531211853027 212.83816528320312 65.21597194671631 349.0387268066406 1.4253545999526978 1.5656077861785889 3.7178070545196533 -6.668311595916748 1.8417468667030334 6.028404235839844 1.405176331782945 0.3455454409122467
Car -1 -1 2.74 -1.179755449295044 177.33433532714844 55.654946088790894 362.7731628417969 1.6829620599746704 1.6015008687973022 4.065806865692139 -6.164922714233398 1.7700619101524353 4.791910648345947 1.8293303055767218 0.3264973759651184
Car -1 -1 2.77 9.703840255737305 196.2323760986328 46.99896049499512 344.055419921875 1.6932498216629028 1.6108907461166382 4.003211498260498 -5.80914306640625 1.7302992343902588 5.018054008483887 1.9164748220424874 0.2823956310749054
Car -1 -1 2.79 5.426273345947266 164.03579711914062 44.23081588745117 363.6900634765625 1.6325620412826538 1.636214017868042 4.163571357727051 -6.864576816558838 1.6793426275253296 5.511211395263672 1.8948423527257159 0.2554566264152527
Car -1 -1 -1.73 650.3760375976562 179.1404266357422 768.5416870117188 245.7262725830078 1.4121365547180176 1.5502244234085083 3.3578953742980957 2.1807382106781006 1.5976770520210266 16.441606521606445 -1.5939629816100105 0.24905802309513092
Car -1 -1 2.17 1.5228111743927002 200.49960327148438 45.92677617073059 327.27642822265625 1.4690214395523071 1.6242161989212036 4.069610118865967 -7.149458408355713 1.7750852704048157 6.231828689575195 1.313834700718739 0.23817329108715057
Car -1 -1 2.77 702.3916015625 174.9645233154297 808.6277465820312 218.5896759033203 1.4523985385894775 1.6344166994094849 3.5472564697265625 5.572728633880615 1.4478420615196228 26.40704917907715 2.9805400216721427 0.23734384775161743
Car -1 -1 1.82 675.5624389648438 175.56759643554688 784.3492431640625 225.7197723388672 1.4637089967727661 1.568259358406067 3.481907844543457 4.344060897827148 1.4916269183158875 24.167905807495117 1.9974202370131406 0.22268976271152496
Cyclist -1 -1 2.6 -1.179755449295044 177.33433532714844 55.654946088790894 362.7731628417969 1.8465192317962646 0.599583089351654 1.7860324382781982 -4.598676681518555 1.6694139242172241 4.697465896606445 1.824402620599482 0.215720996260643
Car -1 -1 2.22 696.2463989257812 173.16017150878906 797.6520385742188 212.3079071044922 1.3892710208892822 1.6139376163482666 3.8513331413269043 5.100253582000732 1.374360740184784 26.31503677368164 2.4137850109160617 0.21533815562725067
Cyclist -1 -1 1.61 7.087193965911865 184.84043884277344 46.8715033531189 331.6734924316406 1.8921184539794922 0.5680603981018066 1.7670984268188477 -4.8837127685546875 1.6132569909095764 5.238732814788818 0.8644579654876914 0.212016761302948
Car -1 -1 2.14 872.5982055664062 166.40147399902344 958.9742431640625 201.40623474121094 1.4669243097305298 1.6026612520217896 3.5200703144073486 13.386880874633789 1.2214535772800446 31.957849502563477 2.5317129912271064 0.20539365708827972
Cyclist -1 -1 0.99 9.611109733581543 210.44924926757812 46.436293601989746 350.86761474609375 1.8300445079803467 0.5868363380432129 1.8477598428726196 -4.7811431884765625 1.7768617868423462 5.064742565155029 0.2324521042287877 0.1925106942653656
Car -1 -1 1.45 -1.3504374027252197 155.0387725830078 65.81112265586853 355.52508544921875 1.716423749923706 1.6528303623199463 4.328531265258789 -7.28842830657959 1.6091861128807068 6.009673595428467 0.5674723037347107 0.19003957509994507
Pedestrian -1 -1 -1.93 7.087193965911865 184.84043884277344 46.8715033531189 331.6734924316406 1.8202102184295654 0.5474937558174133 0.8468915224075317 -5.094405174255371 1.645071029663086 5.583329200744629 -2.6716769460905443 0.18890996277332306
Car -1 -1 -2.45 3.4689488410949707 182.04994201660156 39.50268220901489 352.0209655761719 1.5910545587539673 1.7094601392745972 4.4076642990112305 -6.604149341583252 1.6455985307693481 5.009272575378418 2.9076392821885984 0.18692870438098907
Car -1 -1 2.2 666.3548583984375 173.61257934570312 754.9114379882812 216.5124969482422 1.3559690713882446 1.5238070487976074 3.50957989692688 4.287865161895752 1.4670057892799377 29.26169204711914 2.343295384817729 0.18637298047542572
Car -1 -1 3.02 0.9383533596992493 172.18017578125 44.611079037189484 311.9754333496094 1.7344796657562256 1.6074748039245605 4.1005778312683105 -8.706409454345703 1.8556828498840332 7.706905364990234 2.17616384298171 0.17868609726428986
Car -1 -1 1.95 761.0135498046875 170.70936584472656 866.0877075195312 212.46856689453125 1.4459627866744995 1.5786391496658325 3.621835470199585 8.555870056152344 1.3911187648773193 29.326583862304688 2.23389762933191 0.1782204657793045
Pedestrian -1 -1 -2.34 -1.6411052942276 189.9139862060547 55.802109122276306 365.4350891113281 1.638966679573059 0.5695205926895142 0.737610936164856 -4.594280242919922 1.7033965587615967 5.139139175415039 -3.072295273511557 0.17258517444133759