Car -1 -1 -1.74 678.8832397460938 183.3345489501953 763.0934448242188 246.9976348876953 1.496475100517273 1.6255576610565186 3.8252944946289062 3.0408480167388916 1.512503981590271 19.799787521362305 -1.5883998892554985 0.8932163715362549
Car -1 -1 -1.42 427.2659912109375 179.7126922607422 500.28802490234375 234.3652801513672 1.5044798851013184 1.6504368782043457 4.019679546356201 -4.394063472747803 1.4006786346435547 22.538524627685547 -1.616872361043228 0.8884109854698181
Car -1 -1 -1.23 203.02293395996094 178.9413299560547 434.94073486328125 324.540283203125 1.5993006229400635 1.6747030019760132 4.179008483886719 -3.7922608852386475 1.5548072457313538 10.147616386413574 -1.5924209858994374 0.8814896941184998
Car -1 -1 -1.01 57.0589599609375 187.6983642578125 269.8361511230469 278.4990234375 1.5017677545547485 1.6522127389907837 4.2140655517578125 -8.378450393676758 1.5436599850654602 14.015241622924805 -1.5516476811048499 0.8634810447692871
Car -1 -1 -1.52 494.4739074707031 180.9690704345703 532.5648803710938 212.50779724121094 1.4726825952529907 1.5955334901809692 3.9367685317993164 -4.671844959259033 1.2768750190734863 36.023521423339844 -1.6525612171865784 0.8384299874305725
Car -1 -1 -1.62 583.0247802734375 177.32565307617188 614.113037109375 206.27952575683594 1.7237104177474976 1.7020683288574219 4.232527256011963 -0.56324303150177 1.2588672935962677 44.893795013427734 -1.6278663501093904 0.8299810886383057
Car -1 -1 -1.68 628.3123779296875 179.30625915527344 659.1412963867188 203.971435546875 1.5721837282180786 1.6426215171813965 4.144379138946533 2.325035810470581 1.2007531523704529 47.13736343383789 -1.6262996206613982 0.8174298405647278
Car -1 -1 -1.47 521.374755859375 180.4201202392578 550.1536865234375 204.603759765625 1.5130137205123901 1.6123206615447998 4.269760608673096 -4.861165523529053 1.2179093658924103 49.576507568359375 -1.5677873350379032 0.7646812200546265
Van -1 -1 -1.39 373.70721435546875 172.36871337890625 435.2058410644531 222.2376251220703 1.8261299133300781 1.7581418752670288 4.314138412475586 -8.319973945617676 1.3748522996902466 30.676509857177734 -1.6534189342013113 0.6763859391212463
Car -1 -1 -1.61 579.4591674804688 177.06153869628906 609.51708984375 203.5441131591797 1.6207211017608643 1.657691478729248 4.252043724060059 -0.5603818893432617 1.2026532292366028 44.28848648071289 -1.6233676808996957 0.5421464443206787
Car -1 -1 1.92 -5.442311763763428 228.05691528320312 153.47774744033813 376.45208740234375 1.5084413290023804 1.642768144607544 3.944411277770996 -3.3575375080108643 1.5838462114334106 2.1118667125701904 0.9134758766115958 0.5127785801887512
Car -1 -1 1.73 500.6679992675781 180.73431396484375 535.4324951171875 209.46986389160156 1.5212563276290894 1.5420796871185303 3.8426246643066406 -4.675795078277588 1.3943783044815063 37.09527587890625 1.6074550064052708 0.4097658395767212
Car -1 -1 -1.54 576.185791015625 177.28663635253906 601.3696899414062 201.72976684570312 1.631589412689209 1.6306047439575195 4.174055099487305 -1.5128886699676514 1.117498904466629 54.019439697265625 -1.5655454984839974 0.346040278673172
Van -1 -1 -1.3 379.00091552734375 171.93023681640625 439.5036926269531 215.88548278808594 1.8700355291366577 1.8201931715011597 4.5338568687438965 -9.253215789794922 1.370143085718155 34.340187072753906 -1.5617824874495376 0.34299489855766296
Car -1 -1 -1.47 526.56298828125 179.63328552246094 552.4931030273438 201.34251403808594 1.5253676176071167 1.6256705522537231 4.189408302307129 -4.906557083129883 1.1808133721351624 49.359527587890625 -1.57038892905876 0.33312180638313293
Car -1 -1 -1.41 426.4256896972656 174.4569549560547 492.7281188964844 226.91661071777344 1.597338080406189 1.6721851825714111 3.841963529586792 -4.607686996459961 1.342341125011444 22.757970809936523 -1.6086830207194742 0.3259323537349701
Car -1 -1 -1.61 575.558837890625 168.62835693359375 604.9791259765625 200.3573455810547 1.727305293083191 1.6750566959381104 4.197864055633545 -0.9613144397735596 1.0813048183918 46.80845260620117 -1.628008902454411 0.3255787491798401
Car -1 -1 -3.01 11.63956356048584 238.59762573242188 121.4218053817749 376.05450439453125 1.531957745552063 1.5699461698532104 3.6271653175354004 -3.2788519859313965 1.681505024433136 1.9154611825942993 2.2306809737763587 0.31102076172828674
Car -1 -1 1.66 511.2594299316406 179.63702392578125 544.005859375 206.44912719726562 1.5514147281646729 1.6062425374984741 3.9862098693847656 -5.010077476501465 1.0933575332164764 49.5008430480957 1.55750997194367 0.30982717871665955
Car -1 -1 -0.97 28.131101608276367 189.7060546875 262.09017753601074 307.22711181640625 1.3944733142852783 1.6625359058380127 4.073112964630127 -7.798469543457031 1.5383025407791138 13.469494819641113 -1.4928563017597742 0.2957998514175415
Van -1 -1 -1.66 582.0712280273438 176.61683654785156 614.5307006835938 205.2307586669922 1.8917796611785889 1.813680648803711 4.5531005859375 -0.5358089208602905 1.1680758595466614 48.98632049560547 -1.6729921988527563 0.28259578347206116
Car -1 -1 1.64 504.6354064941406 179.9542999267578 539.1650390625 207.1945037841797 1.57181715965271 1.6455193758010864 3.9476935863494873 -4.812232494354248 1.3756842613220215 38.98066711425781 1.5149262012717033 0.2781203091144562
Car -1 -1 -0.25 541.343017578125 178.48951721191406 559.5879516601562 195.72348022460938 1.6193609237670898 1.6075046062469482 3.987546443939209 -5.841573715209961 0.9169208705425262 73.96183013916016 -0.32957324077305117 0.27587902545928955
Car -1 -1 -1.18 167.54110717773438 188.04689025878906 418.2224426269531 321.8603820800781 1.4631102085113525 1.640185832977295 4.180561065673828 -3.8955743312835693 1.5179258584976196 10.29341983795166 -1.5431757794067886 0.26946112513542175
Car -1 -1 2.87 22.04800033569336 277.9676513671875 119.51067733764648 389.9544372558594 1.5631787776947021 1.4639922380447388 3.5517005920410156 -4.492379188537598 2.1471606492996216 3.4539918899536133 1.958488667865895 0.2646429240703583
Car -1 -1 -1.33 380.10833740234375 172.4126434326172 441.1665954589844 219.36924743652344 1.761171579360962 1.6563220024108887 3.841177463531494 -8.091764450073242 1.3588837385177612 30.168344497680664 -1.5926929549730477 0.2507540285587311
Car -1 -1 -2.68 18.157787322998047 247.14730834960938 167.58034896850586 373.8406982421875 1.4667731523513794 1.536660075187683 3.574941873550415 -3.43048095703125 1.7173846364021301 2.040400505065918 2.567042342333499 0.2422236204147339
Car -1 -1 0.39 536.4114990234375 178.2273406982422 556.845703125 196.89718627929688 1.5860172510147095 1.5760881900787354 3.8609619140625 -6.0799150466918945 0.9154400527477264 73.8923110961914 0.3120196692079267 0.22968988120555878
Car -1 -1 -0.99 52.57236862182617 192.82275390625 309.84724044799805 304.1578063964844 1.460679292678833 1.6867921352386475 4.197296142578125 -8.100749969482422 1.5302671790122986 14.265313148498535 -1.5022723413369494 0.20777644217014313
Car -1 -1 -1.63 579.0654296875 170.65350341796875 610.9468383789062 203.07130432128906 1.6339232921600342 1.6538994312286377 3.961921215057373 -0.5824849009513855 1.1361159682273865 45.02946472167969 -1.6384342637261966 0.20169001817703247
Car -1 -1 -1.4 428.01458740234375 170.32281494140625 479.8367614746094 215.25723266601562 1.6182801723480225 1.6762988567352295 3.93226957321167 -6.086461067199707 1.2393094301223755 29.184831619262695 -1.608491968393846 0.19770491123199463
Car -1 -1 -1.23 112.30757141113281 189.84693908691406 385.99208068847656 317.2950134277344 1.481817364692688 1.6801878213882446 4.122491359710693 -4.593791484832764 1.4952731728553772 11.189535140991211 -1.6213685337598163 0.19439560174942017
Car -1 -1 -1.34 371.8028564453125 172.27996826171875 435.1887512207031 222.7802276611328 1.7208576202392578 1.6506240367889404 4.293540954589844 -7.819116592407227 1.3240447044372559 28.79843521118164 -1.6074544455188065 0.19317592680454254
Van -1 -1 -1.4 573.9321899414062 163.64268493652344 603.3539428710938 197.6715545654297 2.520172357559204 2.0694801807403564 5.589066982269287 -1.7355225086212158 0.6007400751113892 66.19795227050781 -1.421733969694726 0.19235187768936157
Pedestrian -1 -1 1.05 380.30474853515625 171.87530517578125 440.5203552246094 222.95712280273438 1.8190803527832031 0.7052264213562012 0.9244086742401123 -6.300894737243652 1.3657204508781433 23.576923370361328 0.7839455682689191 0.19179174304008484
Van -1 -1 -1.52 575.558837890625 168.62835693359375 604.9791259765625 200.3573455810547 2.4123361110687256 2.0059022903442383 5.302812099456787 -1.4821101427078247 0.8367998600006104 60.40461730957031 -1.547563830657566 0.19134442508220673
Cyclist -1 -1 1.54 828.4244995117188 178.19857788085938 860.9727783203125 209.31031799316406 1.6626273393630981 0.5250422358512878 1.6039959192276 12.376947402954102 1.372707188129425 37.53057861328125 1.8629524156036714 0.18771204352378845
Cyclist -1 -1 1.59 827.1377563476562 173.9896240234375 857.1632080078125 205.7381134033203 1.6603878736495972 0.532567024230957 1.662055253982544 12.362516403198242 1.182650625705719 38.224300384521484 1.8998822329887668 0.17486846446990967
Cyclist -1 -1 1.48 837.705810546875 183.18634033203125 872.7944946289062 215.37452697753906 1.6234774589538574 0.5263753533363342 1.5653036832809448 12.564583778381348 1.5103273391723633 36.487850189208984 1.8084410157494686 0.17205387353897095
Cyclist -1 -1 1.48 831.5012817382812 182.5673370361328 866.5700073242188 214.8210906982422 1.627996563911438 0.521212637424469 1.5657575130462646 12.444684028625488 1.4983901977539062 36.94945526123047 1.801537463024589 0.17115484178066254
Car -1 -1 -1.29 16.02208137512207 200.82208251953125 249.24151802062988 335.79974365234375 1.3565263748168945 1.6241962909698486 3.961092233657837 -8.2290620803833 1.9556292295455933 12.560004234313965 -1.8658201067682167 0.1590966284275055
Car -1 -1 2.53 4.273931980133057 205.20443725585938 137.5112977027893 347.8934020996094 1.4423041343688965 1.6098703145980835 4.039266586303711 -2.9785654544830322 1.362736165523529 2.351795196533203 1.6267477084661301 0.15812934935092926
Car -1 -1 -3.07 517.0908813476562 180.55844116210938 547.3615112304688 206.72616577148438 1.5046087503433228 1.5697139501571655 3.8144822120666504 -4.952324867248535 1.206187218427658 47.971290588378906 3.11035605683937 0.15301479399204254
Car -1 -1 2.98 7.395560264587402 208.0009002685547 94.73505306243896 368.8102111816406 1.5973587036132812 1.6170982122421265 3.7972300052642822 -3.248552083969116 1.5518394112586975 2.140319585800171 1.9958478632587564 0.15019460022449493
Car -1 -1 3.04 8.81348991394043 258.6029052734375 116.5942211151123 386.7689514160156 1.5337295532226562 1.5775701999664307 3.5249364376068115 -3.686112403869629 1.753370761871338 2.612401247024536 2.0837765839967473 0.14962932467460632
Van -1 -1 3.12 12.15098762512207 265.9493713378906 115.90241432189941 389.1954345703125 1.7178514003753662 1.8162528276443481 4.6271653175354 -4.335558891296387 1.7984288930892944 3.401331901550293 2.2147267174589116 0.14809738099575043
Car -1 -1 1.13 538.7894897460938 179.75112915039062 558.9345092773438 198.01292419433594 1.5887080430984497 1.589220404624939 3.949079751968384 -5.550626754760742 0.8455460220575333 72.42562103271484 1.052282533949822 0.140807643532753
Car -1 -1 -0.99 17.44493865966797 267.99969482421875 110.16389465332031 372.0317077636719 1.6249682903289795 1.6232221126556396 3.612787961959839 -3.0235891342163086 1.7046200037002563 2.145202159881592 -1.9479444030832243 0.13993705809116364
Car -1 -1 -3.14 -0.48430654406547546 245.7789764404297 84.48481729626656 376.871337890625 1.5494561195373535 1.6108678579330444 3.6693551540374756 -3.8955023288726807 1.7268569469451904 2.6819097995758057 2.175229272150851 0.13728681206703186
Van -1 -1 -1.54 578.120361328125 171.8341827392578 610.0563354492188 203.43667602539062 2.3116824626922607 1.9142920970916748 5.091518402099609 -1.3284022808074951 0.8194258511066437 59.5684814453125 -1.5601617551085356 0.1364060491323471
Car -1 -1 -0.85 31.04704475402832 194.27133178710938 233.39058113098145 294.0547180175781 1.4516583681106567 1.617467999458313 3.9166975021362305 -9.078696250915527 1.8505247235298157 12.219998359680176 -1.484539558706329 0.12098007649183273
Car -1 -1 -0.23 6.947926044464111 206.59185791015625 175.69115114212036 335.02545166015625 1.4265185594558716 1.6177866458892822 3.9396660327911377 -1.9022663831710815 1.1703499853610992 1.7151598930358887 -1.0641765420696556 0.11734726279973984
Car -1 -1 -0.46 35.06312561035156 269.7060546875 128.7866668701172 369.95648193359375 1.632103443145752 1.6164281368255615 3.592679500579834 -2.4729762077331543 1.5726879835128784 1.8490147590637207 -1.3932297571356322 0.1062195748090744
Car -1 -1 -0.65 21.790945053100586 196.67816162109375 174.3066921234131 303.9389343261719 1.3621594905853271 1.587465524673462 3.922109842300415 -12.4690580368042 2.2396613359451294 13.879802703857422 -1.3804963196475661 0.10482681542634964