Car -1 -1 2.04 213.6964111328125 181.6018829345703 353.5964050292969 253.722900390625 1.5939429998397827 1.6567792892456055 4.157570838928223 -8.2907075881958 1.8376944661140442 18.665626525878906 1.6194575777068447 0.85203617811203
Car -1 -1 -1.57 588.9716186523438 175.1564178466797 614.6010131835938 200.66343688964844 1.6366841793060303 1.6462678909301758 4.246540546417236 -0.5615013837814331 1.8349030017852783 48.82063674926758 -1.5822248018694625 0.8142661452293396
Van -1 -1 1.7 458.1529846191406 169.78607177734375 496.3081970214844 203.22695922851562 2.3846285343170166 2.0394062995910645 5.981541156768799 -9.718384742736816 2.1860175132751465 53.29045867919922 1.523322081011437 0.7742931246757507
Van -1 -1 1.85 289.0238037109375 172.96534729003906 360.3343200683594 219.66661071777344 2.0133986473083496 1.8137816190719604 4.4497857093811035 -12.493987083435059 2.047853469848633 31.518795013427734 1.471036575781051 0.7343939542770386
Car -1 -1 1.95 285.3716125488281 174.396240234375 361.4833679199219 225.11595153808594 1.7991130352020264 1.7070688009262085 4.08371114730835 -11.820402145385742 1.9535529613494873 29.78622055053711 1.5763683555217494 0.5521995425224304
Car -1 -1 1.93 258.4569091796875 175.53143310546875 360.2793884277344 232.14576721191406 1.7173367738723755 1.6653704643249512 4.107336044311523 -11.844157218933105 1.9295567870140076 29.72267723083496 1.5487235574820382 0.4286872446537018
Car -1 -1 1.9 241.70156860351562 176.91030883789062 360.8254699707031 242.0260467529297 1.7474918365478516 1.717045545578003 4.234951972961426 -11.641029357910156 1.9326391220092773 28.897382736206055 1.5163647948147982 0.40699565410614014
Van -1 -1 2.05 215.31954956054688 181.2314910888672 352.18701171875 252.86305236816406 1.7350932359695435 1.7107319831848145 4.286807537078857 -8.603775978088379 1.8912091851234436 19.513822555541992 1.638632963830509 0.2812311053276062
Van -1 -1 1.82 241.70156860351562 176.91030883789062 360.8254699707031 242.0260467529297 1.9008532762527466 1.7414774894714355 4.745062828063965 -11.464203834533691 2.0354509949684143 28.5041561126709 1.436475522566493 0.2654693126678467
Van -1 -1 2.01 259.8296203613281 175.09332275390625 364.8153381347656 231.7577362060547 1.9612629413604736 1.7464931011199951 4.6321635246276855 -11.564093589782715 2.017180562019348 28.861818313598633 1.6290693377412069 0.2608341872692108
Van -1 -1 2.02 273.29718017578125 172.42901611328125 363.9604797363281 224.65042114257812 1.8484140634536743 1.6862462759017944 4.291764259338379 -11.31134033203125 1.8861548900604248 28.22967529296875 1.642903405998557 0.23541754484176636
Car -1 -1 1.93 271.4671325683594 180.58448791503906 363.1838684082031 237.351806640625 1.6103096008300781 1.6465243101119995 4.0935235023498535 -10.587740898132324 1.9413671493530273 26.22211456298828 1.5497167806746681 0.19527779519557953