Car -1 -1 0.81 524.6887817382812 170.5940399169922 618.4549560546875 210.9893798828125 1.5057682991027832 1.692214012145996 4.303031921386719 -1.3376076221466064 1.1618745028972626 29.120800018310547 0.7651282762081313 0.8347481489181519
Car -1 -1 -0.81 3.203521728515625 203.0160369873047 296.357177734375 365.586181640625 1.5220965147018433 1.6342504024505615 3.9211385250091553 -3.331289291381836 1.663172721862793 3.661630868911743 -1.5485565883374548 0.7989093065261841
Car -1 -1 1.49 2.521151542663574 182.03857421875 66.7705488204956 269.825439453125 1.5773934125900269 1.6129517555236816 4.044161319732666 -12.348674774169922 1.6293944716453552 13.38102912902832 0.7404021623501595 0.5785104036331177
Pedestrian -1 -1 -3.01 1009.8992919921875 149.84547424316406 1038.328857421875 216.08642578125 1.867276906967163 0.6269792914390564 1.0624619722366333 11.612865447998047 0.9964061230421066 19.650617599487305 -2.4744895982280664 0.4422034025192261
Pedestrian -1 -1 2.84 1008.0172729492188 151.3486785888672 1031.387939453125 211.14280700683594 1.7896379232406616 0.6055596470832825 0.9775220155715942 11.917956352233887 0.9260528944432735 20.407291412353516 -2.9119876423347897 0.42547425627708435
Pedestrian -1 -1 -2.36 1013.2824096679688 151.49290466308594 1036.34912109375 207.7667694091797 1.7917015552520752 0.6157494187355042 0.9490503072738647 11.928783416748047 0.9219874627888203 20.30848503112793 -1.8312657050102654 0.40749719738960266
Pedestrian -1 -1 1.66 1004.5759887695312 150.61322021484375 1024.16162109375 213.7096710205078 1.800229549407959 0.6307416558265686 0.720596432685852 11.785942077636719 0.9774678125977516 20.242210388183594 2.1888590002485024 0.4008479714393616
Pedestrian -1 -1 -2.37 1006.3412475585938 145.98704528808594 1027.5302734375 214.01881408691406 1.9355849027633667 0.6214460730552673 1.1115906238555908 11.88438892364502 0.912409458309412 20.309335708618164 -1.843242486064339 0.37881335616111755
Pedestrian -1 -1 2.33 882.0985717773438 152.73385620117188 900.5352783203125 196.05337524414062 1.7917709350585938 0.6106542944908142 0.9183038473129272 12.53108024597168 0.6306798756122589 30.868412017822266 2.714132639667863 0.37054798007011414
Pedestrian -1 -1 1.77 518.6989135742188 172.21922302246094 531.2051391601562 200.92893981933594 1.6973692178726196 0.6079612374305725 0.7765515446662903 -4.507406711578369 1.168930172920227 39.76397705078125 1.660085297544632 0.35178324580192566
Car -1 -1 0.83 542.0753173828125 169.82589721679688 615.0004272460938 206.34820556640625 1.4762071371078491 1.6560345888137817 4.0678510665893555 -1.1575616598129272 1.0632366836071014 28.356216430664062 0.789571886604346 0.3131093978881836
Car -1 -1 2.33 96.43269348144531 186.54608154296875 206.85958862304688 243.8869171142578 1.442194938659668 1.4566937685012817 2.805785894393921 -13.461348533630371 1.6830150485038757 21.31660270690918 1.7638311477081645 0.28464388847351074
Cyclist -1 -1 1.59 114.06874084472656 182.96615600585938 201.66232299804688 238.94943237304688 1.5716177225112915 0.5669852495193481 1.6389811038970947 -11.492916107177734 1.5228915214538574 18.270660400390625 1.0297613174611797 0.2649114727973938
Pedestrian -1 -1 -2.86 1017.276123046875 152.10519409179688 1038.8079833984375 213.1664276123047 1.808440089225769 0.6234601140022278 0.847265899181366 11.678110122680664 1.015001580119133 19.670595169067383 -2.3233678208589996 0.26367148756980896
Cyclist -1 -1 2.14 105.04175567626953 180.0022735595703 202.86312866210938 250.97979736328125 1.7729883193969727 0.6377005577087402 1.7412912845611572 -10.724807739257812 1.6453213691711426 16.802330017089844 1.5704745506423752 0.25671762228012085
Van -1 -1 1.07 -0.8904911875724792 180.764892578125 55.35440856218338 264.6976318359375 1.8843271732330322 1.753293752670288 4.294293403625488 -13.154593467712402 1.7943177819252014 14.642364501953125 0.3340652596225935 0.24592381715774536
Pedestrian -1 -1 -2.49 1002.412353515625 146.07733154296875 1021.3330688476562 206.11862182617188 1.9714550971984863 0.6164149045944214 1.0483059883117676 12.164329528808594 0.8601903915405273 20.856773376464844 -1.9592768305259698 0.235470712184906
Pedestrian -1 -1 -1.41 113.909912109375 184.7626495361328 203.285400390625 238.89097595214844 1.5683196783065796 0.580382764339447 0.46751582622528076 -11.131139755249023 1.4874910712242126 17.58671760559082 -1.9785557106393128 0.23454785346984863
Car -1 -1 2.33 5.5993757247924805 180.05381774902344 59.6577787399292 253.87277221679688 1.5680925846099854 1.6110382080078125 3.9192323684692383 -13.600507736206055 1.6277790069580078 14.54886531829834 1.5778815955746621 0.22957254946231842
Pedestrian -1 -1 2.31 1016.11962890625 152.4284210205078 1043.63427734375 223.546875 1.731305718421936 0.6170893907546997 0.9421789646148682 11.39755630493164 1.0190172493457794 19.008140563964844 2.854799298521746 0.2230566293001175
Pedestrian -1 -1 -0.53 143.0269012451172 165.9597625732422 169.72206115722656 227.33755493164062 1.6785699129104614 0.5905380249023438 0.44689732789993286 -13.620798110961914 1.374431848526001 21.349802017211914 -1.0976696304961635 0.22176270186901093
Pedestrian -1 -1 -0.24 147.71694946289062 168.07037353515625 167.96974182128906 226.94168090820312 1.7439374923706055 0.6219274997711182 0.5044432878494263 -14.134842872619629 1.420920968055725 22.467803955078125 -0.800382686767791 0.21298232674598694
Pedestrian -1 -1 -2.09 1015.6362915039062 150.44178771972656 1040.2176513671875 203.7293701171875 1.8705147504806519 0.5950908660888672 0.9747276306152344 13.189842224121094 0.885037612169981 22.191875457763672 -1.55385309298629 0.21172478795051575
Car -1 -1 0.34 515.9279174804688 168.44354248046875 626.0486450195312 215.5280303955078 1.579949975013733 1.6764589548110962 4.3729071617126465 -1.3419969081878662 1.2374442517757416 28.664987564086914 0.29167685117248077 0.2047627866268158
Pedestrian -1 -1 -1.85 139.41493225097656 175.15634155273438 185.41156005859375 232.34327697753906 1.6123019456863403 0.5620309710502625 0.5329492092132568 -11.95301628112793 1.4080502390861511 19.050086975097656 -2.405363047407846 0.20183642208576202
Pedestrian -1 -1 -2.76 1003.5864868164062 149.19590759277344 1040.722900390625 214.26065063476562 1.855763554573059 0.6177631616592407 0.7832752466201782 11.528284072875977 1.0460820719599724 19.568307876586914 -2.2252224483075276 0.19687506556510925
Car -1 -1 1.63 -1.4516324996948242 182.49395751953125 51.24266529083252 263.2248840332031 1.5616331100463867 1.6262638568878174 3.9762141704559326 -13.38814926147461 1.6200056076049805 14.353464126586914 0.8802834576953451 0.19492259621620178
Pedestrian -1 -1 -0.67 146.7881317138672 169.4035186767578 176.18270874023438 226.2776641845703 1.6445322036743164 0.5733807682991028 0.4913973808288574 -12.87121295928955 1.343946635723114 20.533533096313477 -1.2338964709733853 0.19095823168754578
Cyclist -1 -1 2.39 96.43269348144531 186.54608154296875 206.85958862304688 243.8869171142578 1.5674422979354858 0.5578413605690002 1.67262864112854 -11.380990982055664 1.5886942744255066 17.75669288635254 1.8175735462378748 0.19078323245048523
Pedestrian -1 -1 2.32 519.980224609375 172.1958465576172 534.808349609375 201.07144165039062 1.7381479740142822 0.6119147539138794 0.7756103277206421 -4.314681053161621 1.159028172492981 39.486385345458984 2.2097546512414015 0.18369553983211517
Car -1 -1 1.93 3.5562899112701416 178.12332153320312 63.32791543006897 289.680419921875 1.5525931119918823 1.5767980813980103 3.8105862140655518 -12.808111190795898 1.778259813785553 13.282511711120605 1.1641200577214796 0.1812463253736496
Pedestrian -1 -1 -2.49 133.17584228515625 170.9869842529297 180.15469360351562 229.40380859375 1.7447426319122314 0.6050563454627991 0.5740565061569214 -14.05638599395752 1.542642593383789 22.08530616760254 -3.053110571304508 0.17732852697372437
Car -1 -1 1.52 569.536376953125 170.31126403808594 609.1303100585938 197.33970642089844 1.5322802066802979 1.6025866270065308 4.113030433654785 -0.8377395272254944 1.0237983167171478 45.6937370300293 1.5042351329777297 0.1771785020828247
Car -1 -1 2.38 6.890873908996582 188.7330780029297 62.28677463531494 303.9085693359375 1.4718568325042725 1.546156644821167 3.5964787006378174 -12.037473678588867 1.8976562023162842 12.337623596191406 1.6031958878684138 0.16274802386760712
Car -1 -1 0.78 562.7817993164062 169.74267578125 613.2894287109375 201.09547424316406 1.422216534614563 1.6082037687301636 4.024746417999268 -0.9176081418991089 1.0034180283546448 43.261871337890625 0.7580639027434817 0.1625649780035019
Car -1 -1 1.68 581.6181030273438 170.11373901367188 606.6466674804688 196.75070190429688 1.5057799816131592 1.5531548261642456 4.127581596374512 -0.7688440680503845 0.9812144488096237 47.83348083496094 1.6619163870739095 0.15019886195659637
Car -1 -1 1.2 534.3215942382812 171.67672729492188 600.5025024414062 203.14625549316406 1.427579402923584 1.581225872039795 4.21682071685791 -2.219614267349243 1.0330351889133453 40.085845947265625 1.1490032663122918 0.14099502563476562
Car -1 -1 -1.05 555.0507202148438 169.66827392578125 607.1184692382812 198.865234375 1.6026747226715088 1.660033941268921 4.26797342300415 -1.4298217296600342 1.006436973810196 42.41603088378906 -1.0866939855931275 0.12229795753955841