Car -1 -1 1.97 209.47393798828125 182.48814392089844 336.74847412109375 252.8758087158203 1.8369461297988892 1.722272515296936 4.247335910797119 -9.712546348571777 2.206286370754242 21.170425415039062 1.5387373885236242 0.8354690670967102
Van -1 -1 -2.27 977.2936401367188 45.69976043701172 1230.6405029296875 389.74010467529297 2.3815457820892334 2.052903890609741 5.564128398895264 5.5130462646484375 1.6567044258117676 5.386648178100586 -1.4690499355071598 0.7549604773521423
Car -1 -1 1.85 394.00701904296875 187.40679931640625 443.4468078613281 216.03443908691406 1.6207433938980103 1.668360710144043 4.407595157623291 -11.871161460876465 2.5650517344474792 45.029727935791016 1.5889327640401056 0.7419003248214722
Truck -1 -1 -1.27 477.8444519042969 161.12979125976562 516.9136352539062 200.2416229248047 3.594917058944702 2.9054925441741943 11.475729942321777 -11.068998336791992 2.787225127220154 73.06793212890625 -1.4165004920825766 0.6250866651535034
Van -1 -1 2.07 207.0386199951172 182.76235961914062 340.22607421875 254.12574768066406 2.0293853282928467 1.8543835878372192 5.072977542877197 -10.96747875213623 2.446633458137512 24.07593536376953 1.6467914944050221 0.560860276222229
Car -1 -1 -1.34 973.8547973632812 130.17381286621094 1240.122314453125 372.6228942871094 1.7386739253997803 1.7051479816436768 4.535735607147217 5.632966041564941 1.6220336556434631 6.106587886810303 -0.597529738377812 0.5244272947311401
Car -1 -1 1.53 597.1825561523438 180.2162628173828 617.3638305664062 197.31715393066406 1.578775405883789 1.6734023094177246 3.9943482875823975 -0.24026155471801758 2.241135597229004 70.39064025878906 1.5243743218604697 0.5030732750892639
Car -1 -1 1.75 447.3685607910156 186.07412719726562 477.98046875 204.91213989257812 1.5434068441390991 1.6524250507354736 4.167969703674316 -12.820335388183594 2.693770945072174 62.53115463256836 1.550790097197119 0.40253135561943054
Van -1 -1 -2.22 974.580810546875 112.80884552001953 1243.6531982421875 377.41751861572266 2.2250282764434814 1.9608829021453857 5.116683006286621 5.018526554107666 1.6560319662094116 5.369886875152588 -1.4700082112323951 0.3352872431278229
Van -1 -1 -2.24 985.0653076171875 78.41637420654297 1232.015625 338.8304672241211 2.419290781021118 2.0118064880371094 5.392214298248291 5.228250503540039 1.6344795227050781 5.648716926574707 -1.491027660832013 0.32278916239738464
Van -1 -1 -2.21 1012.7859497070312 51.65626907348633 1243.960205078125 318.5071601867676 2.4900918006896973 2.049872875213623 5.90352725982666 4.666555404663086 1.5413852334022522 4.883659839630127 -1.4481137349571638 0.3112589716911316
Truck -1 -1 -2.29 978.2840576171875 57.764957427978516 1236.4271240234375 369.6474952697754 3.444659948348999 2.6343002319335938 7.824156284332275 6.928990364074707 1.943383976817131 7.021949768066406 -1.512343184008981 0.29774385690689087
Car -1 -1 -2.22 979.6539306640625 66.9971923828125 1249.7933349609375 358.4303283691406 2.12959361076355 1.7391618490219116 4.94078254699707 8.573958396911621 2.0207608342170715 8.526509284973145 -1.4362109942181132 0.2416524440050125
Cyclist -1 -1 -2.95 986.2689208984375 58.100074768066406 1240.5443115234375 376.38025665283203 1.813422679901123 0.6603487730026245 1.8246328830718994 3.7942662239074707 1.3699287474155426 4.710465908050537 -2.2717683217589926 0.2183516025543213
Car -1 -1 0.74 985.5659790039062 186.35916137695312 1231.233642578125 378.8818664550781 1.5199787616729736 1.6369035243988037 4.167774677276611 5.5125627517700195 1.7343924641609192 6.3224945068359375 1.4583435889200205 0.20781628787517548
Car -1 -1 2.06 270.49835205078125 186.94329833984375 343.85028076171875 228.18531799316406 1.6722431182861328 1.6566336154937744 4.399785995483398 -15.676506996154785 2.479207396507263 37.47105407714844 1.6608235295474483 0.20770467817783356
Pedestrian -1 -1 2.57 973.9727783203125 71.32275390625 1232.8477783203125 382.51348876953125 1.9559189081192017 0.641872763633728 0.994717538356781 3.9999265670776367 1.6951574683189392 5.181145668029785 -3.0551035287458532 0.1967868208885193
Van -1 -1 1.83 395.02996826171875 187.4969024658203 442.91937255859375 216.59059143066406 1.7120352983474731 1.6940999031066895 4.475123882293701 -12.323395729064941 2.6713197827339172 46.80988311767578 1.5698889028004874 0.19573773443698883
Van -1 -1 -2.46 933.814697265625 80.30776977539062 1204.3175048828125 366.391357421875 2.1843349933624268 1.8038851022720337 4.57161283493042 4.987065315246582 1.6768364906311035 5.541915416717529 -1.732080491317478 0.1825251430273056
Car -1 -1 -2.26 1030.0892333984375 73.44331359863281 1245.8284912109375 336.8109893798828 1.8715059757232666 1.6245863437652588 4.321166038513184 12.083992004394531 2.3153241872787476 11.696110725402832 -1.4579750602490602 0.17222243547439575
Car -1 -1 2.04 239.1864013671875 184.38198852539062 342.1484375 242.19711303710938 1.739108681678772 1.6555683612823486 4.272612571716309 -13.80235767364502 2.416203558444977 32.123008728027344 1.6350836044325607 0.13475245237350464
Car -1 -1 -2.33 1043.0126953125 116.50492858886719 1240.0723876953125 351.12548828125 1.6736921072006226 1.6265493631362915 4.397277355194092 9.71990966796875 1.952660620212555 10.384225845336914 -1.5757214819266823 0.12201440334320068