Car -1 -1 1.98 149.38136291503906 184.87655639648438 376.0732116699219 307.4377136230469 1.4670944213867188 1.6148601770401 4.096741199493408 -5.244979381561279 1.7467601299285889 11.322914123535156 1.5470175051282515 0.8916643261909485
Car -1 -1 -1.31 352.0578308105469 168.0320281982422 553.4812622070312 313.21527099609375 1.7544773817062378 1.6816277503967285 4.11632776260376 -1.978293538093567 1.708806335926056 10.486136436462402 -1.501258962732293 0.8847844004631042
Car -1 -1 -1.72 882.0115356445312 174.63438415527344 1127.5888671875 374.9251403808594 1.5570107698440552 1.6583248376846313 3.853665828704834 3.882200002670288 1.5997790694236755 7.522139072418213 -1.2440944202284072 0.8761345744132996
Car -1 -1 -1.48 862.3201904296875 153.21990966796875 1066.003662109375 230.83639526367188 1.786211371421814 1.6506458520889282 4.350541591644287 9.657150268554688 1.5814912915229797 19.53342056274414 -1.0209297887017375 0.3455502986907959
Car -1 -1 -0.51 866.363525390625 157.49588012695312 1091.77197265625 245.09983825683594 1.659517526626587 1.6528197526931763 4.256240367889404 8.456741333007812 1.571462869644165 16.43856430053711 -0.03370120873927096 0.3071059584617615
Van -1 -1 -1.29 358.4402160644531 161.24740600585938 552.6744384765625 317.4918518066406 1.9777404069900513 1.7859184741973877 4.584774017333984 -2.0003323554992676 1.8353347778320312 10.616556167602539 -1.478874357521276 0.29843735694885254
Car -1 -1 -1.69 871.55322265625 169.8730926513672 1106.99169921875 333.9320373535156 1.5729193687438965 1.7085506916046143 3.9964840412139893 4.090482234954834 1.599314033985138 7.685441970825195 -1.2018045081066626 0.29746323823928833
Van -1 -1 -0.63 863.8323974609375 153.57403564453125 1085.5821533203125 236.6647186279297 2.5452489852905273 2.244262456893921 6.262290954589844 10.80747127532959 2.02267587184906 20.9354305267334 -0.15407610623674994 0.28971749544143677
Car -1 -1 -2.18 876.960205078125 165.57962036132812 1174.9747314453125 353.302978515625 1.5113028287887573 1.6064001321792603 3.8928942680358887 3.988168954849243 1.655935525894165 7.77605676651001 -1.7053968064118834 0.20470120012760162
Car -1 -1 -1.29 1157.73193359375 161.3398895263672 1240.947509765625 374.591552734375 1.7434678077697754 1.5860936641693115 3.9914159774780273 3.4805047512054443 1.6238727569580078 2.1371569633483887 -0.2673933591226998 0.19734737277030945
Car -1 -1 1.91 1188.8011474609375 140.9741668701172 1238.2459716796875 360.5387268066406 1.7145304679870605 1.6796398162841797 4.284926891326904 3.7276272773742676 1.4981054067611694 1.9930607080459595 2.9922413645202948 0.18955934047698975
Car -1 -1 -0.35 868.1532592773438 162.55328369140625 1070.474609375 283.7054138183594 1.5344188213348389 1.6631138324737549 4.14508056640625 6.959902763366699 1.6981260180473328 13.411656379699707 0.13330122686280177 0.1794928014278412
Car -1 -1 -0.46 1176.1669921875 169.07339477539062 1242.942626953125 335.280029296875 1.749281644821167 1.6020938158035278 4.0540008544921875 3.963820219039917 1.5703949928283691 2.909566640853882 0.47623186937458817 0.1750463843345642
Car -1 -1 -1.38 870.3890380859375 164.14524841308594 1035.5999755859375 299.9469909667969 1.620859146118164 1.7006932497024536 4.113729000091553 5.160342693328857 1.6274253129959106 10.803606986999512 -0.9320391568691289 0.1701415628194809
Car -1 -1 -1.7 1173.8778076171875 204.61265563964844 1240.8355712890625 356.0577697753906 1.723288655281067 1.630448579788208 3.9537293910980225 3.272449016571045 1.6074426174163818 2.2838404178619385 -0.7341997207648654 0.1614222228527069
Car -1 -1 -2.95 1139.39453125 161.23533630371094 1233.66796875 377.4554748535156 1.608648419380188 1.6233776807785034 4.367761611938477 3.1262030601501465 1.4954631924629211 1.793226718902588 -1.8965551412941224 0.14824190735816956
Car -1 -1 0.51 1179.970947265625 153.42999267578125 1246.5106201171875 313.11328125 1.7939332723617554 1.5976356267929077 4.1897478103637695 4.6878790855407715 1.5792052149772644 3.5346527099609375 1.4305823466583343 0.14266204833984375
Car -1 -1 0.47 1154.224365234375 130.37095642089844 1238.56201171875 344.215576171875 1.8509259223937988 1.7149364948272705 4.41745138168335 4.373840808868408 1.6332969069480896 2.909414052963257 1.451597677236573 0.13281536102294922