Van -1 -1 2.98 604.3335571289062 162.26109313964844 649.7589111328125 203.35357666015625 2.193488121032715 1.896239161491394 4.834034442901611 1.2988508939743042 1.1757467687129974 40.76600646972656 3.011610610057775 0.7966325879096985
Pedestrian -1 -1 1.81 564.3909301757812 165.43626403808594 587.598388671875 222.38125610351562 1.8711495399475098 0.6667198538780212 1.0661070346832275 -0.9242702126502991 1.359826385974884 23.68339729309082 1.7733543346853313 0.7631856799125671
Pedestrian -1 -1 1.29 549.9185791015625 167.34019470214844 571.5328979492188 222.40939331054688 1.8371738195419312 0.6455011367797852 0.9727042317390442 -1.442012071609497 1.372426062822342 23.01030921936035 1.2296259077250493 0.6975998878479004
Pedestrian -1 -1 0.91 557.7108154296875 163.72669982910156 588.7530517578125 221.1205291748047 1.8635692596435547 0.6409213542938232 1.1014593839645386 -1.0814286470413208 1.3211875259876251 23.749286651611328 0.865802921736611 0.6165527701377869
Pedestrian -1 -1 1.26 556.1441650390625 166.34303283691406 578.0076904296875 222.51902770996094 1.8418185710906982 0.6424419283866882 1.002671718597412 -1.2796188592910767 1.3718621134757996 23.048410415649414 1.2012409038685803 0.5672560930252075
Pedestrian -1 -1 0.87 551.0861206054688 163.7955322265625 581.4274291992188 222.1414031982422 1.8945599794387817 0.6405682563781738 1.131049394607544 -1.2530313730239868 1.3727065920829773 23.334190368652344 0.8212613957890005 0.533616304397583
Cyclist -1 -1 -1.63 546.6504516601562 165.1070556640625 572.4976806640625 220.80203247070312 1.8037166595458984 0.5735605359077454 1.8992869853973389 -1.3117542266845703 1.2846297323703766 23.070802688598633 -1.6881160598976743 0.36275073885917664
Pedestrian -1 -1 1.12 545.6693725585938 166.59152221679688 569.4749145507812 221.5351104736328 1.7819864749908447 0.6603386402130127 0.9191153049468994 -1.4749928712844849 1.3200011551380157 22.625577926635742 1.0558882057821455 0.36253461241722107
Pedestrian -1 -1 0.86 547.2109375 164.05503845214844 576.7874755859375 222.00668334960938 1.8806651830673218 0.6646201610565186 1.0417399406433105 -1.3868956565856934 1.3807075917720795 22.890756607055664 0.802088799028891 0.35949307680130005
Car -1 -1 -1.65 609.3654174804688 161.2618865966797 648.6910400390625 202.03436279296875 1.9266217947006226 1.6991444826126099 3.879354476928711 1.2901883125305176 1.0745834037661552 36.705162048339844 -1.615201021398656 0.31394246220588684
Cyclist -1 -1 -1.11 558.7534790039062 163.5866241455078 587.9454345703125 220.84786987304688 1.829569697380066 0.5828848481178284 1.9461828470230103 -1.0652546882629395 1.2947167456150055 23.80217742919922 -1.1552934892538476 0.30158719420433044
Cyclist -1 -1 -1.69 550.24267578125 165.0251007080078 579.3628540039062 220.57659912109375 1.8182809352874756 0.5587791800498962 1.9266446828842163 -1.1949827671051025 1.2835856676101685 23.227169036865234 -1.737547911584386 0.2580673098564148
Pedestrian -1 -1 1.56 566.7864990234375 166.36114501953125 592.9232788085938 222.22500610351562 1.8672096729278564 0.6633115410804749 1.0032240152359009 -0.8110964894294739 1.362748771905899 23.768831253051758 1.5236370077578476 0.24097901582717896
Van -1 -1 1.47 602.6847534179688 160.17710876464844 641.9616088867188 199.9664764404297 2.236346960067749 1.9611278772354126 5.097412109375 1.1824383735656738 1.069253571331501 42.62144470214844 1.4948902232796426 0.21480588614940643