Car -1 -1 -1.04 -0.37867075204849243 181.15484619140625 382.19533437490463 372.9156188964844 1.5468199253082275 1.6396442651748657 4.149785995483398 -3.1867306232452393 1.665906012058258 5.490128993988037 -1.5670230186332752 0.8776089549064636
Car -1 -1 -1.74 688.6088256835938 178.81605529785156 747.155517578125 218.556640625 1.4029262065887451 1.5936431884765625 3.836228847503662 4.118666172027588 1.6766873002052307 27.922204971313477 -1.5984119041468912 0.862925112247467
Car -1 -1 -1.57 550.8027954101562 183.03929138183594 707.48779296875 329.7797546386719 1.5725356340408325 1.6189439296722412 3.583069086074829 0.26830244064331055 1.6723702549934387 9.252459526062012 -1.5421149440832735 0.8592780828475952
Van -1 -1 -1.28 299.2055969238281 123.65426635742188 496.1569519042969 287.2657470703125 2.1714682579040527 2.0389785766601562 5.0821099281311035 -3.388369083404541 1.5392048954963684 13.144227027893066 -1.5289582279855356 0.8395966291427612
Car -1 -1 -1.51 474.7039489746094 171.5889434814453 533.94970703125 223.52369689941406 1.5961531400680542 1.6986002922058105 4.209814548492432 -3.42415714263916 1.5531402826309204 24.10142707824707 -1.6467700400337408 0.8260806798934937
Car -1 -1 -1.44 436.1868591308594 178.50137329101562 520.8488159179688 241.55148315429688 1.4371004104614258 1.6265324354171753 4.187318801879883 -3.3253111839294434 1.614864468574524 19.272130966186523 -1.613696206455872 0.8226708769798279
Van -1 -1 -1.61 669.7392578125 164.56741333007812 716.4805297851562 207.61660766601562 2.104837656021118 1.8341699838638306 4.780346870422363 4.408061981201172 1.7380964159965515 37.4523811340332 -1.4910197847139175 0.7200602293014526
Car -1 -1 -1.55 579.111083984375 176.72169494628906 662.5592041015625 258.79327392578125 1.6033031940460205 1.696589708328247 4.116487503051758 0.20728354156017303 1.7448819279670715 16.162519454956055 -1.5329325640478277 0.6648010611534119
Car -1 -1 -1.57 669.2427978515625 166.53643798828125 719.5737915039062 207.39356994628906 1.8470368385314941 1.7347534894943237 4.1054863929748535 4.114640235900879 1.5992079973220825 35.0035285949707 -1.4559818137939882 0.5893577337265015
Truck -1 -1 -2.16 812.6614379882812 -20.00516700744629 1239.5833740234375 382.81517601013184 3.3752455711364746 2.476743698120117 7.757094383239746 3.747011184692383 1.8592876344919205 6.5284423828125 -1.6398632489901157 0.5804690718650818
Car -1 -1 -1.6 685.7547607421875 175.97190856933594 739.7704467773438 214.33152770996094 1.5202956199645996 1.6082265377044678 4.21651554107666 4.137103080749512 1.6845557689666748 28.133562088012695 -1.453482827945142 0.5733984708786011
Car -1 -1 -1.45 457.2888488769531 176.270263671875 531.209228515625 234.05886840820312 1.5714339017868042 1.6617472171783447 4.2466325759887695 -3.6017658710479736 1.6856074333190918 24.21572494506836 -1.600223776712694 0.5655519366264343
Truck -1 -1 -1.28 287.71820068359375 120.28225708007812 500.838623046875 290.8468933105469 3.4179494380950928 2.474153757095337 7.3348588943481445 -4.1451416015625 2.101144254207611 15.501303672790527 -1.5367531361740934 0.5629228353500366
Truck -1 -1 -1.84 755.61865234375 47.532081604003906 1029.198486328125 314.88904571533203 3.4394617080688477 2.5065488815307617 7.799681663513184 4.46149206161499 1.746907802298665 12.15527629852295 -1.4836339777491938 0.49071741104125977
Van -1 -1 -2.19 812.6614379882812 -20.00516700744629 1239.5833740234375 382.81517601013184 2.7283334732055664 2.2304794788360596 6.490405082702637 3.1246120929718018 1.5515739619731903 5.2672014236450195 -1.6508704176880151 0.47468674182891846
Car -1 -1 -1.52 794.4215698242188 170.970947265625 1054.4342041015625 356.97979736328125 1.5926505327224731 1.6541913747787476 4.2646331787109375 3.2251851558685303 1.575275719165802 7.958993911743164 -1.1339050504624995 0.46562135219573975
Truck -1 -1 -2.08 752.6851196289062 25.344284057617188 1113.7894287109375 342.84556579589844 3.5243942737579346 2.4565508365631104 8.00249195098877 3.728534698486328 1.893077403306961 10.624698638916016 -1.745147066395341 0.43550142645835876
Car -1 -1 -1.57 681.2720947265625 172.296875 732.3755493164062 212.44497680664062 1.6625820398330688 1.6202318668365479 4.189457893371582 4.1593217849731445 1.710324764251709 29.333030700683594 -1.4314604177478731 0.4144916236400604
Van -1 -1 3.03 750.8679809570312 52.08211898803711 1037.275146484375 308.21902084350586 2.7383711338043213 2.218611478805542 6.617967128753662 3.5811893939971924 1.5903208404779434 10.393533706665039 -2.923921895127137 0.4012317657470703
Truck -1 -1 1.76 763.9722290039062 -3.227492332458496 1184.2320556640625 364.15416049957275 3.6266589164733887 2.344937324523926 8.542367935180664 3.618424654006958 2.0200182646512985 7.705976963043213 2.200658095539586 0.35703325271606445
Car -1 -1 -1.32 307.6832580566406 134.38998413085938 491.4156799316406 277.810791015625 1.9217045307159424 1.757724642753601 4.565185546875 -3.556936264038086 1.6524983048439026 14.535675048828125 -1.5576006371655495 0.35054802894592285
Car -1 -1 -1.4 428.9647216796875 169.59457397460938 516.3975219726562 244.4960174560547 1.5846143960952759 1.6594740152359009 3.9732677936553955 -3.4753124713897705 1.7150470614433289 19.248733520507812 -1.582367801778184 0.332148015499115
Van -1 -1 -0.92 662.072265625 166.99295043945312 721.3411865234375 209.4082794189453 2.0232300758361816 1.8448922634124756 4.666866302490234 4.0902252197265625 1.7331954836845398 35.821346282958984 -0.8016452197187056 0.3293788731098175
Car -1 -1 -1.35 375.1028137207031 169.4977264404297 485.5777587890625 258.6397705078125 1.6172075271606445 1.6628987789154053 4.285143852233887 -3.9875106811523438 1.691441535949707 17.112546920776367 -1.5807704027462224 0.3263393044471741
Truck -1 -1 -2.56 763.3336181640625 60.97087478637695 966.3936157226562 280.4289894104004 3.3556692600250244 2.4087564945220947 7.525598049163818 4.2022504806518555 1.6282848864793777 13.449933052062988 -2.2598314439935363 0.31293967366218567
Car -1 -1 -2.04 783.0199584960938 123.93094635009766 1085.296630859375 357.4243850708008 1.9393444061279297 1.7546145915985107 4.617824554443359 3.6107864379882812 1.743310809135437 8.656410217285156 -1.6455414659993153 0.3017095625400543
Van -1 -1 -1.31 434.0104064941406 176.75660705566406 528.3030395507812 239.8249969482422 1.7773659229278564 1.7262859344482422 4.396642684936523 -3.36542010307312 1.7900616526603699 20.00507354736328 -1.4774785927056229 0.3001476526260376
Truck -1 -1 -1.95 764.4742431640625 65.31588745117188 1073.6123046875 348.79290771484375 3.552398443222046 2.555346965789795 7.978816986083984 4.066418647766113 1.857866756618023 11.15197467803955 -1.603982890555411 0.28517279028892517
Car -1 -1 -1.59 580.7903442382812 168.68336486816406 660.2662963867188 244.84535217285156 1.6412389278411865 1.6605017185211182 3.9558370113372803 0.3682420551776886 1.6851435899734497 17.487564086914062 -1.5687782601183642 0.28279513120651245
Car -1 -1 -1.5 559.0858154296875 187.13572692871094 652.03515625 271.4144592285156 1.391831874847412 1.5665489435195923 3.344064235687256 0.007945404388010502 1.7889405488967896 15.41239070892334 -1.5002307771786043 0.27991318702697754
Van -1 -1 0.58 891.4432983398438 5.155672550201416 1249.0596923828125 330.5517601966858 2.536923408508301 2.126803159713745 5.694067478179932 2.280024290084839 1.4804453998804092 2.5701451301574707 1.309681984859183 0.27930498123168945
Car -1 -1 0.88 843.1666259765625 80.54634094238281 1252.2113037109375 385.24769592285156 1.69734787940979 1.67451810836792 4.108915328979492 2.6245415210723877 1.500347077846527 3.076009750366211 1.5818232062242892 0.2786923944950104
Car -1 -1 -1.36 338.8311767578125 149.28355407714844 497.35296630859375 273.090087890625 1.843372106552124 1.7486250400543213 4.522477626800537 -3.4992904663085938 1.6897178888320923 14.459480285644531 -1.5935727072883727 0.2780516445636749
Van -1 -1 -1.34 324.7591247558594 147.3519744873047 495.8194885253906 288.013671875 1.959326982498169 1.8518381118774414 4.905881881713867 -3.342222213745117 1.7255818843841553 13.268876075744629 -1.586625793014993 0.2762358784675598
Van -1 -1 -1.77 759.1295166015625 88.82785034179688 979.3027954101562 317.8978271484375 2.4439902305603027 2.041818618774414 5.840276718139648 3.339104652404785 1.5066596567630768 10.52552604675293 -1.4587901257613796 0.2718442976474762
Car -1 -1 -1.32 364.07525634765625 159.5672607421875 499.9178771972656 268.8960876464844 1.6484806537628174 1.6911314725875854 4.28829288482666 -3.8425660133361816 1.6365034580230713 16.014644622802734 -1.5566041341537398 0.2630118131637573
Car -1 -1 -1.56 566.927490234375 180.43821716308594 689.9871826171875 291.2064208984375 1.6014258861541748 1.6752849817276 3.9219698905944824 0.27277904748916626 1.8762829303741455 14.934368133544922 -1.5373852287082075 0.25922346115112305
Van -1 -1 -1.94 764.5222778320312 53.17658233642578 1096.77587890625 351.49720001220703 2.6651692390441895 2.205798625946045 6.371754169464111 3.352015733718872 1.6374699175357819 8.649313926696777 -1.5731691009712483 0.2473423331975937
Car -1 -1 -1.42 443.1513366699219 171.14785766601562 526.9639892578125 236.8355712890625 1.5298964977264404 1.6737614870071411 4.049121379852295 -3.2015297412872314 1.5973818898200989 18.632665634155273 -1.5889255745982158 0.24123604595661163
Van -1 -1 -1.49 464.0987243652344 170.5710906982422 536.5653076171875 226.1923828125 1.753807544708252 1.7512251138687134 4.3283162117004395 -3.4700469970703125 1.6761696934700012 24.77630615234375 -1.627709692287981 0.23406943678855896
Car -1 -1 -1.46 477.0966796875 179.2068328857422 533.3475341796875 228.49803161621094 1.5298339128494263 1.626155972480774 4.1410651206970215 -3.5938830375671387 1.8076569437980652 25.725379943847656 -1.595257537337817 0.23329518735408783
Van -1 -1 1.02 711.8898315429688 64.15581512451172 1202.7862548828125 341.2990951538086 2.619872808456421 2.4141685962677 6.642673492431641 3.3645617961883545 1.628809779882431 5.821069717407227 1.5431819246875431 0.2316434532403946
Pedestrian -1 -1 2.42 877.2639770507812 -9.527116775512695 1232.4468994140625 371.72379875183105 2.2151458263397217 0.682536244392395 0.9761517643928528 2.8189027309417725 1.4934452772140503 4.201668739318848 3.0074499444780134 0.228840172290802
Pedestrian -1 -1 2.07 960.4135131835938 3.055429458618164 1232.4437255859375 360.98716163635254 2.121788263320923 0.6776779294013977 0.9634168744087219 2.7949013710021973 1.5290770828723907 3.8974735736846924 2.690317915235651 0.22807784378528595
Car -1 -1 -1.39 409.3278503417969 171.3034210205078 516.83349609375 257.9253845214844 1.5765578746795654 1.6439985036849976 4.156467437744141 -3.527846574783325 1.7370455265045166 19.196651458740234 -1.5758262589211984 0.2277390956878662
Van -1 -1 -1.39 448.21368408203125 172.680419921875 532.53466796875 236.42295837402344 1.8762927055358887 1.8143126964569092 4.558579921722412 -3.6777122020721436 1.722753882408142 24.064315795898438 -1.5401350116119321 0.22642658650875092
Car -1 -1 -1.25 425.88568115234375 180.9407196044922 509.60302734375 251.3463134765625 1.3486875295639038 1.5714478492736816 3.7106966972351074 -3.561664581298828 1.7404888272285461 19.29098129272461 -1.432046510850376 0.22416797280311584
Car -1 -1 -1.77 762.2835083007812 121.45067596435547 979.4884033203125 322.22908782958984 1.914551019668579 1.6745414733886719 4.365851402282715 3.540064811706543 1.538967251777649 11.506118774414062 -1.4731412384700882 0.22327882051467896
Car -1 -1 -1.41 400.95123291015625 174.5685272216797 494.7874450683594 260.06085205078125 1.5090988874435425 1.6196297407150269 3.9434704780578613 -3.603393316268921 1.717470645904541 16.797271728515625 -1.621383566707987 0.22123278677463531
Pedestrian -1 -1 0.73 375.13140869140625 167.73390197753906 484.02783203125 258.8760986328125 1.8613001108169556 0.6890970468521118 0.9738324880599976 -3.3870797157287598 1.7104161977767944 13.530692100524902 0.4816689640416243 0.2194770872592926
Pedestrian -1 -1 1.84 1057.93408203125 14.4937105178833 1233.267822265625 364.89819049835205 2.1221158504486084 0.6877595782279968 0.9419392943382263 2.8275890350341797 1.5443478226661682 3.4969770908355713 2.523966240114456 0.21811477839946747
Van -1 -1 -1.67 681.2720947265625 172.296875 732.3755493164062 212.44497680664062 2.084951162338257 1.9063490629196167 4.860169887542725 4.718959331512451 1.688611388206482 36.26284408569336 -1.5446259649850331 0.21747127175331116
Truck -1 -1 0.76 885.9220581054688 -13.02375602722168 1243.2867431640625 345.32982063293457 3.4259369373321533 2.211334705352783 7.328456878662109 3.8153913021087646 1.6328510120511055 4.9541144371032715 1.4193682845247828 0.21729876101016998
Van -1 -1 0.69 884.7180786132812 54.509395599365234 1240.4085693359375 389.22780990600586 2.145615577697754 1.8328025341033936 4.93311882019043 2.5007693767547607 1.4558406472206116 2.382686138153076 1.4959072772337603 0.21414168179035187
Truck -1 -1 -1.91 758.3986206054688 75.65454864501953 984.6134033203125 311.02420806884766 3.429539442062378 2.5201523303985596 7.878437042236328 4.038756370544434 1.8050810396671295 11.877674102783203 -1.582046608008783 0.2097707837820053
Car -1 -1 -1.42 418.3013000488281 175.75418090820312 499.90020751953125 248.09384155273438 1.4266185760498047 1.5832011699676514 3.7522454261779785 -3.681255578994751 1.5967827439308167 18.062744140625 -1.6236514560821096 0.206324964761734
Car -1 -1 -1.52 562.9170532226562 179.3136749267578 667.0834350585938 278.6784973144531 1.5146580934524536 1.6313763856887817 3.7836480140686035 0.16829454898834229 1.7917572855949402 15.527121543884277 -1.5121833167511358 0.20545929670333862
Pedestrian -1 -1 1.83 548.6465454101562 185.55569458007812 708.023681640625 336.4782409667969 1.6092805862426758 0.6028014421463013 0.8045787811279297 0.36568379402160645 1.6036581993103027 7.564871311187744 1.876910634611158 0.20308999717235565
Van -1 -1 -2.39 960.4135131835938 3.055429458618164 1232.4437255859375 360.98716163635254 2.569831371307373 2.1320183277130127 5.928397178649902 3.196621894836426 1.6274896264076233 3.6773054599761963 -1.671085022942048 0.1966606080532074
Van -1 -1 1.38 771.5645141601562 18.56231689453125 1193.63232421875 362.55084228515625 2.6159236431121826 2.08632493019104 6.025266647338867 3.2332451343536377 1.66990327835083 7.901350975036621 1.7653111207937844 0.19526007771492004
Pedestrian -1 -1 1.06 437.6456604003906 173.5762176513672 524.3880004882812 240.0732421875 1.678478479385376 0.6324442028999329 0.8140740394592285 -2.543905735015869 1.5884742140769958 15.160672187805176 0.8912582935889191 0.19496841728687286
Car -1 -1 -1.36 356.3097839355469 167.71868896484375 479.9836730957031 265.9341735839844 1.5955606698989868 1.6463836431503296 4.183600425720215 -3.6436262130737305 1.658000409603119 15.1502103805542 -1.5964492574987474 0.19450783729553223
Car -1 -1 -1.37 385.16302490234375 162.8637237548828 500.02215576171875 259.96710205078125 1.7286187410354614 1.6995798349380493 4.280068874359131 -3.302990674972534 1.6458246111869812 14.051468849182129 -1.6050934793893399 0.19384224712848663
Cyclist -1 -1 -1.17 434.0104064941406 176.75660705566406 528.3030395507812 239.8249969482422 1.6409766674041748 0.5661258101463318 1.762459635734558 -2.624558448791504 1.6113252639770508 15.37613296508789 -1.3411114363389363 0.19347171485424042
Car -1 -1 -1.56 676.2557373046875 176.30160522460938 721.6317749023438 212.2763214111328 1.4974684715270996 1.595749855041504 4.1014790534973145 4.092903137207031 1.733491063117981 34.067115783691406 -1.4383728591172078 0.1884818822145462
Car -1 -1 -1.82 767.2713012695312 121.15800476074219 1023.5089111328125 342.4265441894531 1.8681327104568481 1.6939020156860352 4.463657855987549 3.6952269077301025 1.5802301168441772 11.377067565917969 -1.5019941592061965 0.18774637579917908
Car -1 -1 -1.48 468.15350341796875 182.83851623535156 530.6787719726562 234.895263671875 1.4543715715408325 1.6252079010009766 3.8807146549224854 -3.2418365478515625 1.7357452511787415 22.188430786132812 -1.620126308068989 0.18524938821792603
Car -1 -1 -0.86 1.515860915184021 208.8538360595703 26.097201704978943 384.4682922363281 1.5512566566467285 1.6868293285369873 3.798964738845825 -2.6482396125793457 1.369239330291748 1.6261824369430542 -1.875398758732306 0.18197491765022278
Car -1 -1 -0.73 1.12371027469635 228.47848510742188 22.50896990299225 381.4532775878906 1.4946571588516235 1.6936883926391602 3.7646377086639404 -2.508924722671509 1.3435516953468323 1.4766305685043335 -1.7668586423701198 0.1679273545742035
Van -1 -1 1.03 798.956298828125 60.850067138671875 1218.0751953125 381.95074462890625 2.455526113510132 1.961020588874817 5.801289081573486 2.8504116535186768 1.767500102519989 5.400315761566162 1.5134185723230793 0.16588681936264038
Van -1 -1 1.58 780.414794921875 19.4072322845459 1304.1043701171875 401.16913414001465 2.6109602451324463 2.046952724456787 6.125516891479492 1.4350038766860962 1.4592564404010773 3.080400228500366 2.01244963380838 0.15928812325000763
Car -1 -1 -1.57 594.320556640625 170.98861694335938 672.1557006835938 215.31761169433594 1.4848906993865967 1.6675645112991333 4.077134609222412 1.117617130279541 1.7518515586853027 31.311323165893555 -1.5310134714868884 0.10498819500207901