Car -1 -1 1.96 423.1577453613281 175.0879669189453 674.7849731445312 343.5533752441406 1.4642900228500366 1.5841542482376099 3.717146873474121 -0.4096907079219818 1.5585977435112 8.708840370178223 1.915497600374791 0.8902761936187744
Car -1 -1 -1.33 654.57568359375 179.97137451171875 777.7369995117188 263.48101806640625 1.3713696002960205 1.6026800870895386 3.7700376510620117 2.355525016784668 1.563122272491455 14.762803077697754 -1.1711527253498737 0.8761545419692993
Car -1 -1 -1.66 945.4765625 182.3281707763672 1017.8880615234375 244.0626678466797 1.4765596389770508 1.6256557703018188 3.661020040512085 9.948412895202637 1.7452359199523926 19.414466857910156 -1.189186270628646 0.8645066022872925
Car -1 -1 1.7 797.5808715820312 171.602294921875 851.982666015625 211.20330810546875 1.5787943601608276 1.643457055091858 4.039999008178711 9.496597290039062 1.539408028125763 31.604061126708984 1.9962929205263578 0.8530028462409973
Car -1 -1 -0.98 10.576786041259766 178.5943145751953 487.8699073791504 370.0812683105469 1.568952202796936 1.5764299631118774 3.6712541580200195 -2.158114194869995 1.670346200466156 4.187467575073242 -1.4567433352741315 0.841987133026123
Car -1 -1 -1.74 995.7279052734375 202.94833374023438 1240.2919921875 373.7015380859375 1.4171714782714844 1.5397791862487793 3.2401065826416016 4.882137298583984 1.7492436170578003 6.902814865112305 -1.1273871153652602 0.8305190205574036
Car -1 -1 2.58 823.1751098632812 173.04730224609375 866.8880615234375 205.5611572265625 1.5104855298995972 1.6174898147583008 3.9775774478912354 12.262722969055176 1.5586276650428772 37.482566833496094 2.900516208870137 0.7600660920143127
Car -1 -1 1.54 927.87255859375 175.42010498046875 952.2383422851562 197.65087890625 1.5330500602722168 1.6080906391143799 3.7518820762634277 22.560882568359375 1.6850374341011047 49.37166213989258 1.969625429880817 0.6702666282653809
Car -1 -1 1.5 806.8245239257812 172.81820678710938 857.6209106445312 205.99301147460938 1.5742406845092773 1.6270681619644165 4.353602886199951 12.282373428344727 1.5642670392990112 37.730224609375 1.8111721581955713 0.5730950236320496
Car -1 -1 0.88 868.5014038085938 168.73297119140625 890.8922729492188 187.75994873046875 1.630084753036499 1.6675997972488403 4.103734016418457 24.378414154052734 1.3552973866462708 64.90784454345703 1.2382790797876941 0.496261864900589
Car -1 -1 1.66 816.2870483398438 172.64755249023438 862.658935546875 207.1801300048828 1.5939491987228394 1.6561424732208252 4.111654758453369 12.053094863891602 1.603413164615631 37.38054275512695 1.9671736779529763 0.4680890440940857
Car -1 -1 1.33 675.2816162109375 168.50949096679688 749.1434936523438 211.10205078125 1.5508384704589844 1.6351613998413086 4.356596946716309 4.396747589111328 1.4275557398796082 30.305435180664062 1.4739595991396088 0.4237960875034332
Car -1 -1 -0.92 120.09645080566406 176.27352905273438 493.19898986816406 367.83770751953125 1.5865890979766846 1.6214834451675415 3.7351605892181396 -2.2603588104248047 1.6315934658050537 4.232036590576172 -1.4080930963168088 0.26939624547958374
Car -1 -1 -1.06 34.87833786010742 131.01242065429688 538.769603729248 385.3952331542969 1.799730658531189 1.5083674192428589 4.680917739868164 -2.6253342628479004 1.882594645023346 5.379944801330566 -1.5109645440473365 0.23149509727954865
Car -1 -1 -1.58 940.0991821289062 183.30140686035156 1009.463623046875 236.26925659179688 1.4851959943771362 1.6071069240570068 3.9325854778289795 11.162610054016113 1.7806550860404968 21.98531723022461 -1.1145313486993338 0.2300163358449936
Car -1 -1 -2.67 -11.86390495300293 161.60264587402344 311.39329719543457 385.8106689453125 1.5509721040725708 1.7379438877105713 5.23402738571167 -2.18192195892334 1.4800201058387756 3.764622926712036 3.0896715722511425 0.20357666909694672
Car -1 -1 -1.31 669.8820190429688 176.5182342529297 763.3887939453125 239.43585205078125 1.4398527145385742 1.5931450128555298 3.770433187484741 2.905130386352539 1.5251458883285522 18.98540687561035 -1.1584533701205606 0.1963433474302292
Car -1 -1 -2.5 53.71516036987305 129.78466796875 627.9001579284668 413.2344970703125 1.7912400960922241 1.5474833250045776 4.184617519378662 -2.1282150745391846 2.023305356502533 4.492066383361816 -2.9419260581748476 0.19008947908878326
Car -1 -1 -1.33 657.2692260742188 175.0067138671875 771.5126342773438 247.51585388183594 1.4601763486862183 1.6098214387893677 3.830514430999756 2.546891450881958 1.4856011867523193 17.126981735229492 -1.1808734153938394 0.18712641298770905
Car -1 -1 -0.18 -21.842605590820312 101.25523376464844 515.9546356201172 463.5138397216797 1.9898974895477295 1.6026965379714966 4.676774978637695 -1.69990873336792 1.706308662891388 4.3241167068481445 -0.557579385265401 0.18318574130535126
Car -1 -1 2.2 108.20170593261719 188.90228271484375 207.55313110351562 242.1443328857422 1.4073065519332886 1.4063245058059692 3.237302780151367 -12.23983383178711 1.8966721892356873 19.93351936340332 1.6514415584091653 0.1772947907447815
Car -1 -1 2.22 119.0261001586914 189.35105895996094 216.05711364746094 234.48037719726562 1.3914508819580078 1.3340458869934082 3.1575374603271484 -12.24271011352539 1.874293565750122 20.177539825439453 1.6717880801118392 0.17364344000816345
Car -1 -1 -1.36 37.00333786010742 169.54559326171875 605.0767631530762 356.0408935546875 1.5740081071853638 1.5061203241348267 4.407883644104004 -1.7275149822235107 1.6757635474205017 5.4626240730285645 -1.6676955460572707 0.17200925946235657
Van -1 -1 -1.36 4.148135662078857 163.21702575683594 471.20978116989136 394.62548828125 1.8454561233520508 1.7934366464614868 5.250744342803955 -2.116429090499878 1.5053282380104065 4.038117408752441 -1.8470664225985685 0.171719491481781
Car -1 -1 -2.59 -14.054402351379395 103.41410064697266 325.33869457244873 346.8135452270508 1.7619247436523438 1.6019827127456665 5.042745590209961 -2.3677051067352295 1.6391302347183228 4.4497599601745605 -3.082926045408051 0.15933416783809662