Car -1 -1 2.1 160.03504943847656 184.59521484375 258.3453369140625 234.654296875 1.4954954385757446 1.5242259502410889 3.3159265518188477 -14.096226692199707 1.9671536087989807 25.536596298217773 1.5995052705999981 0.8669901490211487
Car -1 -1 1.94 337.580810546875 182.42970275878906 391.6159973144531 210.35057067871094 1.4792388677597046 1.6024422645568848 3.7508492469787598 -13.973104476928711 2.0088765025138855 41.142765045166016 1.6090447745952536 0.8302775025367737
Car -1 -1 2.15 109.1711196899414 185.103515625 213.2158203125 230.8667449951172 1.4351294040679932 1.5420074462890625 3.359598398208618 -16.581270217895508 1.9934942722320557 26.789491653442383 1.6002633882711432 0.8039900064468384
Car -1 -1 2.07 302.5312805175781 178.9091033935547 357.86712646484375 209.2858123779297 1.6626405715942383 1.590613603591919 3.709383249282837 -16.412395477294922 2.0337400436401367 42.64923095703125 1.7041816616272447 0.7925418615341187
Car -1 -1 2.11 33.16462707519531 175.87359619140625 135.7469482421875 227.19618225097656 1.7916040420532227 1.6298824548721313 3.605999231338501 -20.132417678833008 1.9547959566116333 27.875530242919922 1.4827800418037471 0.7685617804527283
Car -1 -1 1.79 434.8497314453125 178.8560028076172 463.9418640136719 197.60850524902344 1.5016273260116577 1.6234780550003052 3.780644178390503 -13.77447509765625 2.0524651408195496 62.03755569458008 1.5733415000246422 0.6019038558006287
Car -1 -1 2.1 143.99647521972656 182.48123168945312 251.83932495117188 231.14962768554688 1.5666359663009644 1.531711459159851 3.4544522762298584 -14.258777618408203 1.9744353890419006 25.303056716918945 1.5915369372244967 0.501305103302002
Car -1 -1 2.1 314.114990234375 180.88803100585938 370.1537780761719 208.24542236328125 1.597535252571106 1.5727508068084717 3.649841070175171 -16.411821365356445 2.047265112400055 43.446533203125 1.734594464166232 0.40779823064804077
Car -1 -1 2.18 126.23019409179688 187.51791381835938 248.80775451660156 235.61471557617188 1.4601184129714966 1.5507150888442993 3.79891037940979 -14.5275297164917 1.9690815806388855 25.330604553222656 1.6609060413288947 0.2753852605819702
Van -1 -1 2.11 40.2169303894043 175.7192840576172 135.78129196166992 226.79446411132812 1.9296846389770508 1.7640252113342285 4.233048439025879 -21.564306259155273 2.073652505874634 29.758634567260742 1.487343284116137 0.2349894642829895
Car -1 -1 2.12 43.408992767333984 181.29298400878906 160.5304069519043 229.80593872070312 1.521490454673767 1.5742826461791992 3.8822081089019775 -19.294233322143555 2.0499215722084045 27.59492301940918 1.5109633659685322 0.19684277474880219
Car -1 -1 2.3 6.288175106048584 209.3090057373047 204.25300359725952 358.528076171875 1.3874719142913818 1.548630952835083 3.3152780532836914 -6.035996437072754 1.8195325136184692 7.454378128051758 1.6159227382451347 0.19640187919139862
Car -1 -1 2.24 70.83232116699219 186.57142639160156 189.5524139404297 228.65199279785156 1.5135892629623413 1.5930308103561401 3.9613654613494873 -17.899234771728516 2.064734637737274 27.252805709838867 1.654379170309264 0.1932288408279419