Car -1 -1 -1.91 754.663818359375 189.00958251953125 1052.369873046875 369.3899230957031 1.382902979850769 1.6382001638412476 4.158763408660889 2.759446620941162 1.6221210956573486 7.919952869415283 -1.5741565574100402 0.8924413919448853
Car -1 -1 1.78 424.4915466308594 186.4458770751953 516.4241943359375 248.82757568359375 1.5104262828826904 1.6479871273040771 4.258098602294922 -3.6902196407318115 1.8787741661071777 19.71124267578125 1.594390331903961 0.8901835680007935
Car -1 -1 -1.72 688.1675415039062 178.51707458496094 768.2534790039062 238.5712890625 1.4917938709259033 1.584316372871399 3.6522600650787354 3.211599111557007 1.6927226185798645 20.26410675048828 -1.5633815821476116 0.8757689595222473
Car -1 -1 1.81 356.2347412109375 189.36868286132812 474.8941345214844 277.8724670410156 1.6190072298049927 1.5891779661178589 3.727470874786377 -3.960512399673462 1.9523964524269104 15.113638877868652 1.5552111185810613 0.8723993897438049
Car -1 -1 -1.81 711.0347290039062 179.68399047851562 840.2612915039062 269.11627197265625 1.4905378818511963 1.6057124137878418 3.736605644226074 3.094672441482544 1.6760984659194946 14.309006690979004 -1.5970215167285788 0.8696776032447815
Car -1 -1 1.97 157.66162109375 202.4980010986328 438.49896240234375 360.7596435546875 1.4179050922393799 1.667641520500183 4.145144462585449 -3.624356508255005 1.8880388736724854 9.241212844848633 1.5922862059623997 0.8686074018478394
Car -1 -1 2.3 -0.79728764295578 216.79339599609375 272.2086632847786 371.90728759765625 1.4981584548950195 1.6502755880355835 3.9693398475646973 -3.354688882827759 1.8102211952209473 3.5523927211761475 1.5448405062919583 0.8388991355895996
Car -1 -1 -1.75 641.4576416015625 178.46627807617188 682.8225708007812 207.0867156982422 1.4703876972198486 1.5957409143447876 3.8936960697174072 2.8384509086608887 1.8379286527633667 40.349037170410156 -1.675576094009135 0.825006902217865
Car -1 -1 -2.47 972.77978515625 197.23135375976562 1237.76708984375 375.02777099609375 1.5044578313827515 1.601778268814087 3.70915150642395 2.724118232727051 1.661114513874054 2.1446380615234375 -1.568665096553806 0.7459610104560852
Car -1 -1 2.04 55.25803756713867 206.20925903320312 408.9290885925293 357.8675537109375 1.4904049634933472 1.6039044857025146 4.191707134246826 -3.6475419998168945 2.077723205089569 8.990605354309082 1.6542248861423916 0.4610427916049957
Car -1 -1 2.26 9.583060264587402 214.23117065429688 337.06529903411865 365.0912170410156 1.4325613975524902 1.5780097246170044 3.9611268043518066 -2.7138419151306152 1.5043697953224182 3.4807546138763428 1.5941785556290995 0.3630443811416626
Car -1 -1 -1.72 694.4769897460938 179.25518798828125 798.8543701171875 251.8407745361328 1.5108611583709717 1.644286036491394 3.821478843688965 3.366818428039551 1.6895756125450134 19.663909912109375 -1.5545651673700975 0.32083332538604736
Car -1 -1 -1.73 686.2282104492188 179.5702667236328 780.8094482421875 247.3300323486328 1.534459114074707 1.5735362768173218 3.9695560932159424 3.2203474044799805 1.7477576732635498 20.250503540039062 -1.5703555544899768 0.30066701769828796
Car -1 -1 3.1 1035.3248291015625 206.7635955810547 1243.567138671875 370.5716247558594 1.5865199565887451 1.5826154947280884 3.781064987182617 2.75091290473938 1.6097682118415833 2.031032085418701 -2.2521649236068013 0.2696714997291565
Car -1 -1 -1.99 788.247314453125 203.14076232910156 1114.4390869140625 372.1765441894531 1.5865763425827026 1.6339020729064941 3.9964938163757324 2.9537570476531982 1.9586196541786194 8.211618423461914 -1.6467678772467007 0.26757216453552246
Car -1 -1 -2.45 993.4864501953125 200.97698974609375 1198.3857421875 379.0687255859375 1.4313201904296875 1.5615618228912354 3.2166197299957275 2.9441123008728027 1.6117672324180603 2.27626895904541 -1.5351736219275534 0.25283175706863403
Car -1 -1 1.78 370.9488220214844 190.3976593017578 497.9659118652344 265.58221435546875 1.4389612674713135 1.6246470212936401 4.165088653564453 -3.9153270721435547 1.860713005065918 14.894594192504883 1.5245666851815054 0.24784618616104126
Car -1 -1 -2.43 937.50048828125 210.56997680664062 1224.4881591796875 362.34600830078125 1.4275062084197998 1.6405516862869263 3.7761268615722656 1.6523710489273071 1.156727820634842 1.6545966863632202 -1.648010044836103 0.23391997814178467
Car -1 -1 -2.55 955.6132202148438 236.7622528076172 1202.0899658203125 366.75042724609375 1.5158250331878662 1.5866190195083618 3.724121570587158 2.436797857284546 1.5953754782676697 2.0380704402923584 -1.6772747525808551 0.22810938954353333
Car -1 -1 1.77 402.4461364746094 189.06765747070312 504.8648986816406 256.3403625488281 1.449012041091919 1.5811498165130615 4.084680557250977 -3.767498731613159 1.9035569429397583 19.379114151000977 1.5767657080260866 0.2126816064119339
Car -1 -1 -1.59 602.142578125 179.2469024658203 628.842529296875 199.25762939453125 1.4343526363372803 1.6437065601348877 4.090470790863037 0.4517585337162018 1.9631941318511963 54.653194427490234 -1.5788168905249194 0.20930323004722595
Car -1 -1 -1.94 767.1444702148438 183.98374938964844 1036.6666259765625 337.4700622558594 1.4118545055389404 1.583163857460022 3.7634191513061523 2.86057710647583 1.6188592314720154 7.977738857269287 -1.594134420082706 0.20750537514686584
Car -1 -1 1.83 316.3118896484375 192.76953125 474.1214599609375 287.8432922363281 1.455927848815918 1.6220693588256836 3.913301706314087 -4.21392297744751 2.051197052001953 15.69124984741211 1.5706773549101758 0.20681773126125336
Car -1 -1 -1.7 694.0161743164062 184.46734619140625 774.4607543945312 243.26048278808594 1.4785972833633423 1.5677980184555054 3.746215343475342 3.315725564956665 1.7770474553108215 20.138530731201172 -1.5405216323419095 0.2063779979944229
Car -1 -1 -1.78 702.2771606445312 181.11622619628906 814.5964965820312 263.76129150390625 1.4937084913253784 1.5956275463104248 3.798149347305298 2.966918706893921 1.6442281007766724 14.503259658813477 -1.5780625639768235 0.20510052144527435
Car -1 -1 1.9 292.54150390625 195.670654296875 474.6079406738281 300.7769470214844 1.4817023277282715 1.6026073694229126 3.8950047492980957 -4.435166835784912 2.144354462623596 15.828703880310059 1.6314893220172486 0.1954067051410675
Car -1 -1 -2.43 971.1638793945312 220.27877807617188 1175.1959228515625 364.7950439453125 1.4345602989196777 1.5517650842666626 3.621715545654297 2.3779704570770264 1.520661473274231 2.2313859462738037 -1.608469360573074 0.1771906614303589
Car -1 -1 2.44 3.71462082862854 246.32936096191406 102.39622330665588 368.8855285644531 1.495660424232483 1.5155770778656006 3.550665855407715 -5.3202714920043945 2.087319076061249 4.254297733306885 1.542848023194562 0.17656680941581726