Car -1 -1 -1.57 574.7280883789062 174.28123474121094 627.2571411132812 222.3883819580078 1.5468132495880127 1.6727218627929688 3.8809494972229004 -0.2663196623325348 1.2030686438083649 25.57146644592285 -1.5766270642130937 0.8867383003234863
Car -1 -1 -1.38 413.61260986328125 179.4240264892578 489.6927490234375 232.74588012695312 1.4643622636795044 1.6462750434875488 4.230433464050293 -4.872910022735596 1.3518279790878296 22.675506591796875 -1.5911424841482713 0.8816165328025818
Car -1 -1 -1.17 97.35295867919922 159.5848846435547 392.6857223510742 329.5941162109375 1.720212459564209 1.6836152076721191 4.250546455383301 -4.297256946563721 1.4374292492866516 9.361266136169434 -1.596030981481272 0.8796111345291138
Van -1 -1 -1.41 472.1926574707031 149.8668212890625 532.2999267578125 212.9946746826172 2.5773608684539795 2.092893123626709 5.74683952331543 -4.987327575683594 1.1161605715751648 35.21192932128906 -1.548545099799127 0.8046292066574097
Car -1 -1 -0.51 3.2497029304504395 182.57760620117188 118.36325120925903 265.3037109375 1.4262582063674927 1.5619745254516602 3.4143121242523193 -11.786110877990723 1.435116171836853 13.768319129943848 -1.2186134135888116 0.7153350114822388
Car -1 -1 2.3 -0.034754469990730286 198.6243438720703 55.577824875712395 320.9553527832031 1.4100730419158936 1.5800539255142212 3.781482219696045 -8.147098541259766 1.5940222144126892 7.747767925262451 1.4879656386850408 0.7145848274230957
Truck -1 -1 -1.5 474.9130859375 150.60015869140625 531.66357421875 212.70233154296875 3.4625015258789062 2.726018190383911 9.2862548828125 -5.623697757720947 1.6079241335391998 40.70503234863281 -1.639415878728812 0.7139949202537537
Car -1 -1 -1.17 517.003173828125 174.22132873535156 550.0665893554688 202.0454559326172 1.6247502565383911 1.7072477340698242 3.952767848968506 -4.598751068115234 1.0243543535470963 45.24190902709961 -1.2680213668304 0.6002026200294495
Car -1 -1 2.43 1.7396204471588135 184.7205352783203 87.21176552772522 306.844970703125 1.5485273599624634 1.588208556175232 3.8966219425201416 -8.3250093460083 1.566735863685608 7.600292682647705 1.5954967818007262 0.5921114087104797
Car -1 -1 -1.48 402.97784423828125 180.3977813720703 445.3825378417969 212.54644775390625 1.4705277681350708 1.613935947418213 3.8284084796905518 -9.051736831665039 1.29393070936203 35.89592361450195 -1.7274646447538027 0.5806155204772949
Car -1 -1 2.29 -0.0025624027475714684 190.38058471679688 70.88487351033837 310.5745849609375 1.3379409313201904 1.628390908241272 4.073899269104004 -8.052299499511719 1.4609480500221252 7.723188877105713 1.4814722306106285 0.49758395552635193
Car -1 -1 -2.24 365.6123352050781 180.53970336914062 400.9717712402344 204.80882263183594 1.4854776859283447 1.6078870296478271 3.763916015625 -14.383350372314453 1.210852473974228 46.16083908081055 -2.5435461173006857 0.4369846284389496
Van -1 -1 2.26 3.3879942893981934 208.891845703125 55.93382406234741 316.95147705078125 1.6563812494277954 1.7220498323440552 4.319518566131592 -9.093423843383789 1.865472137928009 8.9119873046875 1.4617720396579719 0.43451988697052
Car -1 -1 2.26 4.533166408538818 189.44522094726562 97.83734273910522 286.05401611328125 1.3534835577011108 1.5827569961547852 3.6984193325042725 -7.380281925201416 1.3914028406143188 7.570173263549805 1.4904715576400163 0.39100515842437744
Car -1 -1 0.84 402.8973083496094 178.29098510742188 457.3596496582031 217.9029541015625 1.524855613708496 1.6504795551300049 4.272078514099121 -9.123470306396484 1.3405665755271912 36.149085998535156 0.5880859246775763 0.3846926987171173
Van -1 -1 2.38 0.6287149786949158 194.54840087890625 64.84241431951523 321.02093505859375 1.7286728620529175 1.7381011247634888 4.362371444702148 -9.115752220153809 1.7717609405517578 8.854032516479492 1.5782290878126863 0.36776140332221985
Van -1 -1 -1.15 95.81610107421875 159.98587036132812 390.6677551269531 329.4430236816406 1.9017431735992432 1.7653703689575195 4.397400856018066 -4.425020694732666 1.5886899828910828 9.653986930847168 -1.5801768882427556 0.36770060658454895
Car -1 -1 -1.25 519.3169555664062 169.38331604003906 553.0572509765625 201.72853088378906 1.554394245147705 1.6797235012054443 3.9143896102905273 -4.538139343261719 0.9691358655691147 45.20685958862305 -1.354696320064634 0.3265264928340912
Car -1 -1 -1.43 409.5583801269531 180.545166015625 471.6681213378906 227.1053009033203 1.4847873449325562 1.6766973733901978 4.217970848083496 -5.162062644958496 1.3511534333229065 23.290822982788086 -1.6448372911342428 0.29412826895713806
Van -1 -1 -0.98 480.04443359375 155.59622192382812 528.1827392578125 208.2285919189453 2.4317455291748047 2.1302785873413086 5.69269323348999 -4.984210014343262 1.1322051212191582 35.558570861816406 -1.1232796995838834 0.2869386672973633
Van -1 -1 1.62 536.592529296875 158.8837432861328 562.47265625 188.2631072998047 2.690965414047241 2.017047643661499 6.1880645751953125 -5.146214962005615 0.3903089165687561 64.94063568115234 1.5383187454029272 0.2616378962993622
Car -1 -1 -1.28 479.9645080566406 161.99620056152344 536.2596435546875 214.05836486816406 1.9307624101638794 1.7697906494140625 4.252030372619629 -4.649293422698975 1.1776875406503677 33.191932678222656 -1.4152177193656836 0.25327396392822266
Pedestrian -1 -1 1.19 473.2474670410156 150.2151336669922 532.495361328125 212.96644592285156 1.9783610105514526 0.7067403793334961 0.9302206039428711 -3.878485918045044 1.1987107396125793 28.009178161621094 1.055410556880389 0.2505149841308594
Van -1 -1 1.59 532.1565551757812 160.239013671875 561.7262573242188 190.18650817871094 2.6434073448181152 2.0701422691345215 5.866775035858154 -4.874173164367676 0.40403640270233154 59.2574577331543 1.5055921603569882 0.2487117201089859
Car -1 -1 2.96 4.504195690155029 176.77281188964844 103.58518171310425 302.38531494140625 1.4314243793487549 1.5649200677871704 3.846343517303467 -9.200554847717285 1.451298177242279 9.748708724975586 2.206040730074986 0.2460532784461975
Car -1 -1 2.44 -4.020960330963135 190.68560791015625 45.10969305038452 307.732666015625 1.3953485488891602 1.6240627765655518 3.9575886726379395 -7.396660327911377 1.5151138305664062 7.141978740692139 1.6407774612582013 0.2384364902973175
Car -1 -1 2.19 524.287841796875 167.7143096923828 554.382080078125 197.08908081054688 1.6440300941467285 1.6692428588867188 3.961829662322998 -4.454920291900635 0.9538138955831528 45.259437561035156 2.090365085637801 0.23715107142925262
Car -1 -1 2.1 14.47018814086914 182.99020385742188 111.73190689086914 277.3139953613281 1.465488314628601 1.6295912265777588 4.244740009307861 -10.735613822937012 1.4237828254699707 12.173389434814453 1.3810898779824914 0.23178152740001678
Cyclist -1 -1 -1.08 474.1728515625 152.37477111816406 533.4638671875 213.17042541503906 1.9802368879318237 0.5641202926635742 1.8720489740371704 -3.8587048053741455 1.0991396978497505 27.197708129882812 -1.22476237539989 0.22447337210178375
Car -1 -1 2.5 -5.288576602935791 187.50711059570312 57.682984828948975 299.8662414550781 1.477773666381836 1.5334997177124023 3.773876190185547 -6.872387886047363 1.3733137249946594 6.822929382324219 1.7082239171767846 0.22024987637996674
Car -1 -1 -1.37 408.53302001953125 179.87974548339844 451.5225524902344 214.65301513671875 1.4933842420578003 1.6135189533233643 4.035253524780273 -8.609312057495117 1.3436360955238342 35.455108642578125 -1.6068084894816677 0.21977119147777557
Cyclist -1 -1 2.42 -2.4020731449127197 181.9287109375 68.60647177696228 328.49505615234375 1.6471620798110962 0.6395395994186401 1.7996667623519897 -6.316288948059082 1.5842496752738953 7.0001301765441895 1.6831264146817366 0.21900208294391632
Cyclist -1 -1 1.82 1.6711158752441406 202.10496520996094 58.543785095214844 318.8435363769531 1.7262942790985107 0.6148363351821899 1.781079649925232 -6.8871283531188965 1.7509809732437134 7.718845367431641 1.0868544505789437 0.2099316269159317
Car -1 -1 2.33 -0.38057640194892883 208.81808471679688 49.65440055727959 311.6436767578125 1.4120630025863647 1.6149379014968872 3.949458599090576 -8.077924728393555 1.709663450717926 7.548480033874512 1.5096194407178718 0.205187126994133
Car -1 -1 -1.44 496.74151611328125 167.4921112060547 541.7472534179688 210.26792907714844 1.809073567390442 1.7032465934753418 4.198753356933594 -4.560286521911621 1.1868037283420563 35.3970947265625 -1.5650057725158089 0.20452596247196198
Car -1 -1 -1.57 574.8153076171875 173.21240234375 615.3779907226562 213.12503051757812 1.6412367820739746 1.6794570684432983 4.0335307121276855 -0.4871803820133209 1.1629075706005096 31.10420036315918 -1.5902518194719226 0.19917751848697662
Van -1 -1 -1.47 521.400390625 176.06861877441406 550.0369262695312 202.3170928955078 1.8733024597167969 1.7409837245941162 4.411333084106445 -5.007888317108154 1.211358666419983 50.66759490966797 -1.5703665539822005 0.19699257612228394
Van -1 -1 -1.22 481.20587158203125 163.31431579589844 535.9801635742188 214.1484375 2.244656801223755 2.065505027770996 5.428727149963379 -4.926573753356934 1.2116317674517632 35.62370681762695 -1.3529172698140464 0.19458642601966858
Pedestrian -1 -1 -1.49 1.6711158752441406 202.10496520996094 58.543785095214844 318.8435363769531 1.5844179391860962 0.5953443050384521 0.8603426218032837 -6.687400817871094 1.6739288568496704 7.8906049728393555 -2.194047646832148 0.1898578554391861
Car -1 -1 -1.22 413.009521484375 177.11520385742188 477.3558654785156 223.40074157714844 1.5217411518096924 1.6556649208068848 3.9901161193847656 -5.108503818511963 1.327860176563263 23.311168670654297 -1.4358746686039296 0.18856367468833923
Car -1 -1 2.28 6.656743049621582 192.34161376953125 101.28881549835205 323.05462646484375 1.4352601766586304 1.619709849357605 4.332613468170166 -8.167733192443848 1.5191525220870972 8.573321342468262 1.5203589070935237 0.18806606531143188
Car -1 -1 -1.03 412.6584777832031 177.89300537109375 461.9117431640625 215.954833984375 1.5265806913375854 1.627156138420105 4.142060279846191 -7.847053527832031 1.2951176166534424 33.86924362182617 -1.2610596855964893 0.17960917949676514
Car -1 -1 -2.41 5.953105449676514 182.16604614257812 75.19916105270386 272.56884765625 1.4332997798919678 1.5676512718200684 3.769145965576172 -12.502620697021484 1.5209127068519592 13.297557830810547 3.1185540781509005 0.1731855273246765
Car -1 -1 2.83 0.6936948895454407 194.22450256347656 28.024238407611847 260.2099914550781 1.393247127532959 1.561385154724121 3.8237130641937256 -13.829663276672363 1.5892264246940613 14.220185279846191 2.0562072943447767 0.1694679856300354
Car -1 -1 -0.1 30.29653549194336 187.42959594726562 131.25115585327148 264.8564453125 1.4466432332992554 1.6077288389205933 3.497678756713867 -11.161883354187012 1.406301200389862 12.928841590881348 -0.8166295623900854 0.16679832339286804
Van -1 -1 0.3 517.6715698242188 170.9937286376953 549.3926391601562 201.65675354003906 2.045354127883911 1.8910114765167236 5.446735382080078 -4.892673492431641 1.040787946432829 47.306583404541016 0.19857658423143665 0.1607886403799057
Car -1 -1 -0.82 11.108441352844238 173.3004150390625 134.7075777053833 270.2891845703125 1.4894442558288574 1.5574504137039185 3.681549549102783 -11.73370361328125 1.4893293976783752 14.153923988342285 -1.5132707274273018 0.15677012503147125
Car -1 -1 -1.34 404.0916748046875 180.03289794921875 463.48712158203125 223.11598205566406 1.4254939556121826 1.6479110717773438 4.210634708404541 -7.186007022857666 1.3431411981582642 30.223154067993164 -1.5751263027248665 0.15293318033218384
Car -1 -1 2.35 -2.9092633724212646 183.0270233154297 68.4715883731842 287.52301025390625 1.3925341367721558 1.588341474533081 3.8921148777008057 -11.588991165161133 1.5413456559181213 11.330940246582031 1.5500261321811042 0.13967646658420563
Car -1 -1 2.63 -0.10957271605730057 183.39430236816406 48.625504188239574 295.2690124511719 1.3524360656738281 1.5811214447021484 4.044567584991455 -10.33820629119873 1.4938270449638367 9.977450370788574 1.8249739289506621 0.13462086021900177
Car -1 -1 2.28 -12.64604663848877 173.82449340820312 57.3482084274292 279.8401794433594 1.4695669412612915 1.4718297719955444 3.691983938217163 -9.456859588623047 1.4183450937271118 9.245179176330566 1.4879053534700182 0.12773795425891876