Car -1 -1 -1.72 555.2374267578125 186.44935607910156 619.3139038085938 233.99343872070312 1.5561391115188599 1.6187331676483154 3.6584842205047607 -0.8718367218971252 2.0569795966148376 25.308055877685547 -1.7556878607336532 0.8855032920837402
Car -1 -1 -2.54 4.348957061767578 178.93112182617188 228.50587844848633 310.8134765625 1.6860065460205078 1.6180237531661987 3.977444887161255 -7.74553918838501 1.826969861984253 10.010682106018066 3.0813568034522145 0.8098256587982178
Car -1 -1 -2.3 -2.0642707347869873 189.30450439453125 78.03409504890442 362.2380676269531 1.5287485122680664 1.574326515197754 4.006442070007324 -7.589976787567139 1.7275360226631165 6.776927947998047 -3.138923774843091 0.7436919808387756
Car -1 -1 0.47 17.17601203918457 178.57774353027344 288.82405281066895 285.54840087890625 1.6731725931167603 1.6071654558181763 4.206323146820068 -8.004981994628906 1.838420331478119 13.027080535888672 -0.08019068080570957 0.735331654548645
Car -1 -1 -2.49 347.4786376953125 181.12295532226562 422.0941467285156 212.27345275878906 1.5452194213867188 1.705126166343689 3.7486610412597656 -11.678617477416992 2.074094295501709 37.328948974609375 -2.7914922016375003 0.5731446146965027
Car -1 -1 -1.65 501.5775451660156 187.0098876953125 523.8963623046875 204.04443359375 1.351648211479187 1.6229690313339233 3.60577654838562 -8.068011283874512 2.5959519743919373 60.144161224365234 -1.779392633202475 0.5319415926933289
Car -1 -1 -2.3 -6.955169677734375 178.2711944580078 99.73987579345703 354.334228515625 1.6461490392684937 1.6445398330688477 4.185323238372803 -7.564602375030518 1.760977327823639 6.726571559906006 3.137496750199631 0.45715171098709106
Car -1 -1 -2.38 -6.3671650886535645 187.87619018554688 159.63979291915894 331.2037353515625 1.6038235425949097 1.6093167066574097 3.9862327575683594 -8.345657348632812 1.8408144116401672 8.963427543640137 -3.1304088949614197 0.4071342647075653
Car -1 -1 -2.39 362.43023681640625 181.65113830566406 425.03521728515625 211.92471313476562 1.581284999847412 1.6749829053878784 3.9341700077056885 -12.17431640625 2.133738160133362 40.35110092163086 -2.685897164834339 0.3839685916900635
Van -1 -1 -2.84 347.05548095703125 183.36102294921875 422.2122802734375 215.77420043945312 1.906045913696289 1.7638624906539917 4.654895782470703 -12.24814224243164 2.27224862575531 39.65688705444336 3.1413098120176537 0.37540411949157715
Car -1 -1 -2.39 336.0919189453125 183.60641479492188 408.53955078125 223.45718383789062 1.483761191368103 1.6054404973983765 3.9197421073913574 -10.898000717163086 2.1049007773399353 33.863826751708984 -2.7023224640526307 0.35928648710250854
Car -1 -1 -2.4 7.740997791290283 200.35836791992188 73.70932817459106 341.4708251953125 1.667787790298462 1.600933313369751 3.7487263679504395 -6.514808177947998 1.742277443408966 6.321543216705322 3.0852607198279305 0.35179799795150757
Car -1 -1 -2.37 371.9590759277344 180.69061279296875 427.3835144042969 209.38685607910156 1.6634547710418701 1.7952765226364136 3.9666428565979004 -12.705257415771484 2.143691897392273 43.17749786376953 -2.6590021314428904 0.3258309066295624
Van -1 -1 0.39 6.49753475189209 177.36363220214844 301.2254705429077 279.8236999511719 2.0222151279449463 1.8511250019073486 4.867956161499023 -8.777581214904785 2.009125769138336 13.997076034545898 -0.1713674777333014 0.322470098733902
Car -1 -1 -2.47 341.1309509277344 183.5723114013672 412.5934753417969 216.99073791503906 1.6223963499069214 1.648654818534851 3.874608278274536 -11.627229690551758 2.175953686237335 36.24580001831055 -2.7795209179369618 0.30222412943840027
Car -1 -1 -2.41 -16.549962997436523 192.40493774414062 84.97779273986816 346.9873962402344 1.6204019784927368 1.6174737215042114 4.168447494506836 -7.084775924682617 1.7436057925224304 6.651221752166748 3.053148060167932 0.2951381504535675
Car -1 -1 -2.96 255.3102264404297 184.66183471679688 400.4751281738281 238.88253784179688 1.5946013927459717 1.6585092544555664 4.013183116912842 -8.582473754882812 1.983525276184082 21.888376235961914 2.9535803956976627 0.2801375687122345
Car -1 -1 -2.55 12.351412773132324 194.98912048339844 192.64375591278076 326.1955261230469 1.5459343194961548 1.5961960554122925 4.020266056060791 -8.350295066833496 1.9395702481269836 10.220908164978027 3.044330863148592 0.26942282915115356
Car -1 -1 -2.47 319.5536804199219 184.202880859375 401.99053955078125 230.67161560058594 1.4383103847503662 1.6202178001403809 3.7856836318969727 -9.099188804626465 1.9693893194198608 26.80962562561035 -2.793444512122905 0.26924949884414673
Car -1 -1 -2.29 -3.444169521331787 175.1009979248047 73.29241037368774 330.14697265625 1.5950026512145996 1.6570934057235718 4.165648937225342 -7.744977951049805 1.7546619772911072 6.881199836730957 -3.129611590833102 0.256259024143219
Van -1 -1 -2.68 371.0716552734375 182.41941833496094 424.9145812988281 209.1031494140625 1.8460981845855713 1.7183915376663208 4.425477027893066 -13.694549560546875 2.2558645009994507 46.93976974487305 -2.9638579735139796 0.2557530105113983
Car -1 -1 -2.47 -9.070001602172852 193.0054168701172 127.69504356384277 338.1502990722656 1.5440467596054077 1.6413227319717407 4.229243755340576 -6.816196918487549 1.7045891284942627 6.900757789611816 3.0347748734098428 0.2384868562221527
Car -1 -1 0.61 55.48323059082031 179.51219177246094 323.1710968017578 277.05255126953125 1.6254680156707764 1.6366997957229614 4.47963285446167 -7.619551658630371 1.7071483135223389 12.624652862548828 0.07109374609884611 0.21825625002384186
Car -1 -1 -2.36 366.4137268066406 183.40370178222656 423.0188293457031 216.771240234375 1.5922147035598755 1.657086730003357 3.9460484981536865 -10.855656623840332 2.1723727583885193 36.255680084228516 -2.6530209634038995 0.2151757776737213
Car -1 -1 -2.28 -7.743619918823242 213.58468627929688 70.09735298156738 355.9571533203125 1.4559091329574585 1.654732584953308 4.120200157165527 -7.509952545166016 1.7460587620735168 7.120180606842041 -3.093069455524052 0.2130347490310669
Car -1 -1 -2.85 269.5392761230469 185.65316772460938 380.7010498046875 228.43699645996094 1.4614992141723633 1.5786553621292114 3.704167604446411 -10.34216594696045 2.0107427835464478 26.346797943115234 3.0618917434475543 0.21301567554473877
Car -1 -1 -2.33 -3.493906021118164 165.09376525878906 54.28925895690918 332.14556884765625 1.6195303201675415 1.645682454109192 4.250815391540527 -7.81505012512207 1.723968267440796 6.759801387786865 3.0922291923424527 0.2119857668876648
Car -1 -1 -2.12 -2.4551448822021484 182.80477905273438 49.43878364562988 320.2406311035156 1.5004981756210327 1.6059287786483765 4.029200553894043 -7.6288862228393555 1.6360089778900146 6.793612003326416 -2.9646930156089057 0.199720561504364
Car -1 -1 2.45 6.856996059417725 193.21653747558594 97.32064962387085 340.29693603515625 1.6792055368423462 1.6379029750823975 4.118882656097412 -7.488962173461914 1.8743156790733337 6.765093803405762 1.6138191635284835 0.19750253856182098
Van -1 -1 2.79 0.4149446487426758 192.7181854248047 80.64427661895752 354.72698974609375 1.7378425598144531 1.7312204837799072 3.951211929321289 -9.044595718383789 2.087563157081604 8.469880104064941 1.9706442307593575 0.19287864863872528
Car -1 -1 -2.5 -9.018964767456055 174.9909210205078 120.03526496887207 315.8128662109375 1.6120551824569702 1.6702824831008911 3.9918315410614014 -7.340457439422607 1.7635663747787476 7.81407356262207 3.03309198042043 0.1833798587322235
Car -1 -1 -2.72 288.8900146484375 184.04322814941406 407.0827331542969 230.205078125 1.4323612451553345 1.5589171648025513 3.8893868923187256 -8.519851684570312 1.9312220215797424 23.92892074584961 -3.0652798015670353 0.1813649833202362
Car -1 -1 -1.96 -1.553066372871399 179.30963134765625 43.435047030448914 303.3758850097656 1.4655919075012207 1.6045362949371338 4.003021240234375 -8.182564735412598 1.6067174673080444 7.5595245361328125 -2.7819479426885767 0.18067729473114014
Car -1 -1 -2.41 4.178529262542725 225.7534637451172 70.86995077133179 350.1920471191406 1.570771336555481 1.574203372001648 3.8099217414855957 -6.733224868774414 1.9030229449272156 6.696599960327148 3.081961002637514 0.1792619526386261
Van -1 -1 -2.89 332.693603515625 184.9582061767578 417.2641296386719 220.6279296875 1.9573663473129272 1.8353440761566162 4.933129787445068 -11.63890266418457 2.31774765253067 37.14594268798828 3.087325379893346 0.17737455666065216
Car -1 -1 -1.07 -16.532875061035156 149.69540405273438 249.16570281982422 303.2020568847656 1.600887417793274 1.5862873792648315 4.018588542938232 -8.544947624206543 1.6740399599075317 12.628626823425293 -1.6673700355391246 0.1751977950334549
Car -1 -1 -1.71 346.8593444824219 186.01031494140625 411.1681823730469 226.43714904785156 1.550893783569336 1.6710152626037598 3.9505715370178223 -8.5785493850708 2.0824010372161865 26.518980026245117 -2.0180854161378186 0.1724078208208084
Car -1 -1 -2.61 -21.323442459106445 177.37197875976562 211.82931327819824 342.2366943359375 1.5001603364944458 1.5941176414489746 3.7658791542053223 -8.202437400817871 1.7476671934127808 10.386319160461426 3.001283375247171 0.17078797519207
Van -1 -1 -2.38 15.377415657043457 177.6310577392578 239.53586292266846 285.01959228515625 2.023273229598999 1.8796130418777466 4.732864856719971 -12.089269638061523 2.1866726875305176 16.62334632873535 -3.006696507324108 0.15819716453552246
Car -1 -1 -2.77 305.4216613769531 186.13970947265625 404.901123046875 227.23826599121094 1.5232481956481934 1.5924670696258545 3.916935920715332 -10.850801467895508 2.1052300930023193 31.2700252532959 -3.107080194044671 0.14690347015857697