Car -1 -1 -1.45 470.22833251953125 183.63780212402344 517.90673828125 220.97592163085938 1.496008276939392 1.665080189704895 4.156084060668945 -4.963015079498291 1.4929068088531494 31.880128860473633 -1.6009218760092274 0.8612575531005859
Car -1 -1 -1.54 577.6353149414062 179.6973419189453 611.1990966796875 210.1626434326172 1.5828559398651123 1.6555794477462769 4.051854610443115 -0.7269063591957092 1.3221604228019714 39.8857421875 -1.5537209944911972 0.8518822193145752
Car -1 -1 -1.35 382.04534912109375 187.729248046875 489.04241943359375 252.6456298828125 1.4396615028381348 1.6728606224060059 4.259672164916992 -4.295169830322266 1.5483922958374023 18.642311096191406 -1.5766341753681488 0.8411096930503845
Van -1 -1 2.68 5.133707046508789 13.920638084411621 356.8829746246338 384.11610317230225 2.75663685798645 2.139112949371338 6.3487396240234375 -4.196240425109863 1.6285892128944397 5.313758850097656 2.011150291377545 0.7543759942054749
Car -1 -1 -1.5 495.74700927734375 184.16815185546875 531.2644653320312 212.14173889160156 1.4588887691497803 1.5782204866409302 4.200183868408203 -5.481419563293457 1.4574278593063354 42.0462646484375 -1.6301493116739323 0.5542581677436829
Car -1 -1 -1.41 370.73699951171875 193.40541076660156 466.38720703125 259.47760009765625 1.3949817419052124 1.6025066375732422 3.4463226795196533 -4.358325481414795 1.6132956147193909 16.80830192565918 -1.6596556868012105 0.5427191257476807
Car -1 -1 2.05 342.7026672363281 189.3651885986328 426.9866943359375 224.81814575195312 1.3812689781188965 1.6343263387680054 3.797487258911133 -9.214460372924805 1.6135504245758057 29.909772872924805 1.7502898476295012 0.535844087600708
Car -1 -1 -2.5 789.8001708984375 206.9096221923828 1223.10107421875 375.46063232421875 1.4642871618270874 1.611199975013733 4.109650135040283 1.818964958190918 1.5811501145362854 2.6714775562286377 -1.9017942155908996 0.5076626539230347
Car -1 -1 0.6 819.1085815429688 176.32809448242188 1244.952880859375 378.8359680175781 1.7480100393295288 1.6149380207061768 4.0135626792907715 2.217364549636841 1.5967609286308289 2.2325010299682617 1.3813915979892348 0.47809329628944397
Car -1 -1 -1.5 481.6969299316406 183.47683715820312 524.9464721679688 216.3291473388672 1.4539552927017212 1.582877516746521 4.094757556915283 -5.361118316650391 1.3830810189247131 41.0147819519043 -1.6316087041734004 0.4494834840297699
Truck -1 -1 -1.05 21.693559646606445 15.810084342956543 355.03526496887207 375.22915172576904 3.3469953536987305 2.5319740772247314 7.808027744293213 -4.36118221282959 1.7288197465240955 5.717006683349609 -1.7041139345250382 0.42747384309768677
Van -1 -1 2.32 236.1663360595703 179.66720581054688 362.11676025390625 240.16737365722656 1.9681077003479004 1.8941344022750854 4.94893217086792 -9.571493148803711 1.7275184392929077 23.447223663330078 1.9307021984788433 0.31591200828552246
Car -1 -1 0.72 758.3184814453125 162.70013427734375 1189.773193359375 378.84356689453125 1.7329498529434204 1.6531280279159546 4.002562046051025 2.1329846382141113 1.5557973980903625 2.4037973880767822 1.4497265889626512 0.3150060176849365
Car -1 -1 0.48 893.05859375 193.92776489257812 1242.4801025390625 380.8392639160156 1.6724239587783813 1.607602834701538 4.074703693389893 2.567369222640991 1.5954705476760864 2.3497753143310547 1.3107682742250182 0.299941748380661
Car -1 -1 1.73 352.6478271484375 190.1175537109375 436.21795654296875 235.07870483398438 1.4294226169586182 1.6269216537475586 3.6412131786346436 -9.123104095458984 1.7195810079574585 30.206832885742188 1.4344181196358115 0.2795409560203552
Van -1 -1 0.6 792.4653930664062 166.91802978515625 1241.279541015625 382.1500549316406 1.972007393836975 1.8802236318588257 4.813910007476807 1.9627348184585571 1.530670404434204 2.1023786067962646 1.3512300624830473 0.27749165892601013
Car -1 -1 0.63 932.145263671875 252.89414978027344 1229.7593994140625 368.55078125 1.4313092231750488 1.6754353046417236 4.155059337615967 1.8051637411117554 1.5836777687072754 2.2503483295440674 1.3088140376801327 0.27334851026535034
Truck -1 -1 1.01 774.1055297851562 137.5126495361328 1235.9627685546875 383.9770812988281 3.20585036277771 2.42472505569458 6.680551528930664 2.238783597946167 1.8831416964530945 2.7465460300445557 1.6929297861136199 0.2613105773925781
Car -1 -1 -1.45 517.3614501953125 183.46560668945312 542.6115112304688 205.20523071289062 1.4515827894210815 1.6193889379501343 4.1427130699157715 -5.588508605957031 1.3691374063491821 51.79634475708008 -1.5601651088698656 0.24282701313495636
Car -1 -1 0.43 932.7188720703125 218.79539489746094 1236.63232421875 376.2031555175781 1.6439189910888672 1.660057544708252 4.26008415222168 2.4372143745422363 1.671336054801941 2.065343141555786 1.2991124422665052 0.23349763453006744
Car -1 -1 2.02 340.02691650390625 188.3661651611328 410.24505615234375 227.05923461914062 1.4151395559310913 1.6039698123931885 4.06882905960083 -9.229046821594238 1.5924269556999207 28.748699188232422 1.713799343986202 0.22652992606163025
Car -1 -1 2.04 233.99974060058594 183.17678833007812 359.5714416503906 240.92039489746094 1.6097691059112549 1.720834493637085 4.31804084777832 -9.705705642700195 1.657529890537262 23.419151306152344 1.6488602288468215 0.22368931770324707
Car -1 -1 -1.41 360.7904052734375 194.27491760253906 447.6561584472656 255.4232635498047 1.3876091241836548 1.5967440605163574 3.539963483810425 -4.885498523712158 1.5661205649375916 17.772966384887695 -1.6780972662106244 0.2168654203414917
Van -1 -1 -2.3 700.3968505859375 160.4362030029297 1208.7591552734375 380.0709533691406 2.0771305561065674 1.7801865339279175 4.537350654602051 1.627298355102539 1.791709840297699 2.977461814880371 -1.8031719535565855 0.2107507288455963
Van -1 -1 -0.76 34.68506622314453 61.421146392822266 352.7704544067383 342.1289405822754 2.27390193939209 2.056877613067627 5.590869426727295 -3.774679183959961 1.5211875140666962 5.326200008392334 -1.371880285146184 0.20849187672138214
Van -1 -1 -0.83 10.401518821716309 108.55331420898438 345.72775173187256 383.3533935546875 2.3363795280456543 1.9207531213760376 5.120405197143555 -4.018150329589844 1.6309655010700226 5.4981536865234375 -1.4658388872244679 0.2080390304327011
Van -1 -1 0.0 20.723737716674805 3.7464401721954346 336.3280773162842 302.1411850452423 2.666804075241089 2.180222272872925 6.267302513122559 -3.0279312133789062 1.4178315699100494 4.279291152954102 -0.6124510476115681 0.19939562678337097
Car -1 -1 -2.05 356.0588684082031 190.12368774414062 444.1365966796875 247.3941650390625 1.4491478204727173 1.5929694175720215 3.4694948196411133 -6.5515007972717285 1.698866367340088 23.294950485229492 -2.3224130798905165 0.1980362981557846
Van -1 -1 1.23 705.4110107421875 67.18051147460938 1271.63623046875 406.0246887207031 1.8523778915405273 1.7904819250106812 5.332217216491699 1.800683856010437 1.3697331249713898 4.063300132751465 1.6513725532605665 0.1974036991596222
Car -1 -1 -2.5 503.6914978027344 182.6090087890625 533.882568359375 208.45005798339844 1.4878349304199219 1.596028447151184 3.999985694885254 -5.326625347137451 1.3597583174705505 42.0540657043457 -2.623761374627259 0.19586795568466187
Truck -1 -1 -1.01 700.3968505859375 160.4362030029297 1208.7591552734375 380.0709533691406 3.233686685562134 2.465686082839966 7.088704586029053 1.9641293287277222 2.1544049978256226 3.7980833053588867 -0.5338463305082226 0.1911858767271042
Car -1 -1 -1.43 490.7585754394531 183.32850646972656 526.5587158203125 212.1450958251953 1.4451850652694702 1.5936073064804077 4.060436725616455 -5.350677967071533 1.422743797302246 39.87470245361328 -1.5606353380734914 0.1908135712146759
Car -1 -1 0.58 710.0404052734375 153.3391571044922 1219.6590576171875 409.8306121826172 1.3603729009628296 1.7170578241348267 4.754445552825928 2.0847136974334717 1.4047012329101562 3.9814441204071045 1.060587380904991 0.18821103870868683
Car -1 -1 -1.46 513.4865112304688 184.056640625 539.2776489257812 206.6890106201172 1.4250953197479248 1.5715386867523193 4.008123397827148 -5.613299369812012 1.341029942035675 50.64801788330078 -1.5654009913974916 0.1777040958404541
Truck -1 -1 2.68 801.182861328125 63.6778450012207 1155.5087890625 333.9533271789551 3.4189765453338623 2.4547078609466553 7.365643501281738 2.664616107940674 1.7707069367170334 2.747062921524048 -2.8370094646820974 0.17344562709331512
Truck -1 -1 -0.91 10.401518821716309 108.55331420898438 345.72775173187256 383.3533935546875 3.440886974334717 2.679248809814453 7.775198936462402 -4.78326940536499 2.197422534227371 6.613403797149658 -1.5364499987903626 0.1691109836101532
Van -1 -1 0.61 740.4779052734375 104.37423706054688 1173.646484375 379.12384033203125 1.8466275930404663 1.7634835243225098 5.04997444152832 1.7744100093841553 1.3285701870918274 3.198413610458374 1.1147583358317767 0.16757194697856903
Car -1 -1 0.39 360.9611511230469 189.84017944335938 451.9078674316406 237.7361297607422 1.411939024925232 1.6342324018478394 3.6540768146514893 -7.38100004196167 1.5996502041816711 26.424409866333008 0.12248567854682202 0.16581778228282928
Truck -1 -1 1.74 904.4824829101562 107.22356414794922 1240.9437255859375 369.91393280029297 3.1404988765716553 2.217508316040039 6.194475173950195 3.1421477794647217 1.7459435313940048 3.3631975650787354 2.492955926140115 0.15948835015296936
Car -1 -1 1.06 949.2507934570312 169.5148162841797 1282.0194091796875 400.8117980957031 1.543878436088562 1.8020141124725342 5.214848518371582 2.5352630615234375 1.481555163860321 3.6650161743164062 1.6668746564126735 0.15305423736572266