Car -1 -1 -0.97 0.6597529649734497 187.06590270996094 216.22802078723907 311.271728515625 1.5043809413909912 1.6631743907928467 4.05084753036499 -7.809803009033203 1.5571233034133911 10.978915214538574 -1.5887534419370608 0.8954172134399414
Van -1 -1 -1.28 271.0705871582031 107.54586791992188 476.20318603515625 277.109375 2.489659309387207 2.062758207321167 5.994930744171143 -4.15869140625 1.3955873101949692 14.329261779785156 -1.5596385334672043 0.8574848771095276
Car -1 -1 -1.44 455.1120300292969 185.31063842773438 515.31494140625 229.97402954101562 1.4665664434432983 1.6253504753112793 3.9710545539855957 -4.491927623748779 1.5281682014465332 26.977842330932617 -1.6081693295445323 0.8457409739494324
Car -1 -1 -1.53 573.1943359375 181.64938354492188 606.3310546875 210.72073364257812 1.520626187324524 1.6511801481246948 4.1920695304870605 -0.9522281289100647 1.3637621402740479 39.93245315551758 -1.5579154517983866 0.8411040902137756
Car -1 -1 -1.03 186.73828125 189.49740600585938 346.0479736328125 259.028076171875 1.426763653755188 1.6264957189559937 3.835737943649292 -8.048234939575195 1.5764363408088684 17.134395599365234 -1.4652902868165185 0.8138927817344666
Car -1 -1 -1.52 494.333740234375 183.68441772460938 530.3015747070312 213.12106323242188 1.483247995376587 1.5999635457992554 4.100407123565674 -5.20846700668335 1.4818592071533203 39.82084274291992 -1.648969864442905 0.6602818965911865
Truck -1 -1 -1.29 274.148193359375 107.21421813964844 476.0235290527344 281.21539306640625 3.4704298973083496 2.620375871658325 7.959779739379883 -4.766727447509766 1.8231782093644142 16.258798599243164 -1.5734265751823964 0.5165205597877502
Car -1 -1 0.88 784.201904296875 210.3409423828125 1180.4488525390625 375.6425476074219 1.7161036729812622 1.4634971618652344 3.903510332107544 1.4501458406448364 1.6966692805290222 2.4454503059387207 1.4199853462576613 0.5164490342140198
Car -1 -1 -1.08 176.49664306640625 188.5926971435547 314.0831298828125 253.42457580566406 1.5312172174453735 1.5850509405136108 3.5829358100891113 -8.282702445983887 1.5682275295257568 16.861309051513672 -1.5334081544012825 0.39285966753959656
Car -1 -1 -2.9 463.66168212890625 184.98329162597656 516.9156494140625 224.066650390625 1.4663938283920288 1.647993803024292 4.290960311889648 -4.600590229034424 1.495344877243042 27.820505142211914 -3.0611585970052007 0.3782491087913513
Car -1 -1 -1.0 185.0815887451172 185.57302856445312 325.4077453613281 243.9965057373047 1.4944603443145752 1.6180793046951294 3.4399216175079346 -8.554327964782715 1.5193244218826294 17.77048683166504 -1.4530979639589177 0.3766465187072754
Van -1 -1 0.64 766.2249145507812 175.98193359375 1227.280029296875 377.8330078125 1.954923152923584 1.867513656616211 4.730851650238037 1.7932591438293457 1.5237839221954346 1.9638837575912476 1.3763961084033456 0.36224839091300964
Car -1 -1 -1.25 182.6415557861328 168.92030334472656 357.42596435546875 262.03033447265625 1.7007633447647095 1.6650055646896362 4.144320964813232 -7.5668816566467285 1.5745638608932495 16.936132431030273 -1.6724098975608053 0.3337547481060028
Car -1 -1 1.69 480.3648986816406 184.58163452148438 526.1192626953125 217.47669982910156 1.5012702941894531 1.6021428108215332 4.287759780883789 -5.36167573928833 1.4947739839553833 39.98660659790039 1.5579566975685202 0.3298557698726654
Car -1 -1 0.23 193.6290740966797 183.5894012451172 303.8962707519531 230.1911163330078 1.586672067642212 1.5744348764419556 3.6239817142486572 -12.688749313354492 1.4935433268547058 25.762435913085938 -0.22318084538453986 0.32494691014289856
Car -1 -1 -1.48 447.6978759765625 187.0835723876953 506.5628662109375 232.65391540527344 1.4056183099746704 1.615003228187561 3.984346866607666 -4.506959915161133 1.520083725452423 25.26788330078125 -1.6521128027713008 0.32403579354286194
Truck -1 -1 0.97 766.1615600585938 149.02548217773438 1216.14111328125 380.23211669921875 3.260176181793213 2.4134109020233154 6.592830657958984 2.196647882461548 1.8891897797584534 2.625171184539795 1.6641763611198934 0.3093278408050537
Car -1 -1 0.62 765.1986694335938 174.9040985107422 1234.3671875 382.6243896484375 1.663056492805481 1.688767910003662 4.164318561553955 1.963273525238037 1.5740932822227478 2.1824727058410645 1.3533836267893404 0.2958603799343109
Van -1 -1 -1.27 282.8260498046875 135.8528594970703 467.9635925292969 271.06719970703125 2.4565091133117676 2.0616753101348877 5.64388370513916 -4.084778308868408 1.5259831249713898 14.213922500610352 -1.547517028419806 0.2947680354118347
Car -1 -1 1.81 485.9916687011719 181.93907165527344 528.2945556640625 212.1659698486328 1.4692604541778564 1.5996246337890625 4.182800769805908 -5.239302158355713 1.4215840697288513 39.606903076171875 1.6778005324414593 0.2501557767391205
Car -1 -1 -2.46 487.93695068359375 185.5301513671875 529.0294189453125 218.33387756347656 1.4557671546936035 1.612804651260376 4.190164089202881 -5.27938175201416 1.5359781980514526 39.34705352783203 -2.593505267534841 0.24520885944366455
Car -1 -1 2.93 850.4174194335938 229.8269805908203 1201.1385498046875 379.41632080078125 1.549824833869934 1.639588713645935 4.151981830596924 1.7985047101974487 1.6408491730690002 2.7123985290527344 -2.7700229010834443 0.24273300170898438
Car -1 -1 2.37 185.3213348388672 185.21009826660156 289.017578125 234.29714965820312 1.496566891670227 1.5322341918945312 3.7514491081237793 -12.470053672790527 1.5264011025428772 24.275772094726562 1.8934951944926137 0.24000626802444458
Car -1 -1 -1.53 498.1669616699219 181.73545837402344 531.18017578125 209.1016387939453 1.5023444890975952 1.6385173797607422 4.059455394744873 -5.119917869567871 1.3419737219810486 39.24699020385742 -1.6613569131514199 0.23808890581130981
Car -1 -1 1.59 472.8076477050781 184.8397979736328 525.8306884765625 224.1662139892578 1.530971646308899 1.6322249174118042 4.2632317543029785 -5.4954681396484375 1.5661956071853638 38.62922668457031 1.4463087660413851 0.2366594523191452
Car -1 -1 -1.6 571.5838012695312 181.1479034423828 600.0365600585938 210.1692352294922 1.560175895690918 1.6660016775131226 3.945939064025879 -1.0514670610427856 1.394894540309906 40.438316345214844 -1.6269220329735834 0.22000670433044434
Car -1 -1 -0.41 874.6527099609375 213.96115112304688 1233.87744140625 367.08758544921875 1.6024428606033325 1.650120735168457 4.169061183929443 2.2118752002716064 1.6532721519470215 1.725793719291687 0.4939518235761611 0.21409523487091064
Car -1 -1 -0.74 3.90516996383667 182.55455017089844 52.23511838912964 270.0807189941406 1.5300304889678955 1.647481918334961 3.5432724952697754 -12.93455696105957 1.6154823303222656 14.024168968200684 -1.4843442353365157 0.21335111558437347
Car -1 -1 -1.31 295.0609436035156 149.20172119140625 466.6986999511719 268.00469970703125 1.9434157609939575 1.6863914728164673 4.568564414978027 -5.086055755615234 1.5253075957298279 17.92760467529297 -1.5821168755712538 0.21282683312892914
Car -1 -1 -1.86 503.6005554199219 184.55238342285156 534.4503784179688 210.29270935058594 1.486918330192566 1.5955113172531128 4.127914905548096 -5.149328231811523 1.49643874168396 40.0766487121582 -1.985161496620444 0.21068193018436432
Car -1 -1 -0.74 0.9972415566444397 183.3669891357422 40.91366916894913 272.7519226074219 1.5118294954299927 1.6822518110275269 3.6185624599456787 -13.10262680053711 1.5987836122512817 13.999506950378418 -1.4898036400541814 0.20879244804382324
Car -1 -1 -0.93 169.77178955078125 191.1956329345703 278.6188049316406 250.48243713378906 1.4650087356567383 1.6055127382278442 3.5542211532592773 -10.590167999267578 1.6235881447792053 20.369882583618164 -1.4059110080202482 0.20842479169368744
Truck -1 -1 0.95 747.4056396484375 132.36111450195312 1137.847412109375 371.8238525390625 3.1092629432678223 2.2244935035705566 6.431804656982422 2.3428988456726074 1.7684263736009598 3.271393299102783 1.575549679037195 0.20504316687583923
Car -1 -1 -1.03 206.45152282714844 192.2240447998047 354.4421081542969 252.8997344970703 1.3964991569519043 1.61298668384552 3.864722967147827 -8.297968864440918 1.5974095463752747 18.579166412353516 -1.4512343858279237 0.20195449888706207
Car -1 -1 -1.84 507.6819152832031 184.36428833007812 535.3897705078125 207.52122497558594 1.513720989227295 1.6136164665222168 4.203120708465576 -5.109315872192383 1.464060127735138 40.68247604370117 -1.9695509067688475 0.19927068054676056
Truck -1 -1 -1.25 267.51177978515625 65.25984954833984 497.3354797363281 279.5191879272461 3.712980270385742 2.590158700942993 8.397590637207031 -4.935903072357178 1.5801130533218384 16.399639129638672 -1.544111549120414 0.19826485216617584
Car -1 -1 0.76 749.9734497070312 191.060791015625 1132.54833984375 372.3889465332031 1.7080575227737427 1.5423758029937744 3.759354829788208 1.6318856477737427 1.605856716632843 2.3122198581695557 1.3707982853006335 0.19655852019786835
Truck -1 -1 0.67 748.6602783203125 194.3618621826172 1203.32373046875 372.1372985839844 3.1341512203216553 2.337357521057129 7.069452285766602 2.0967044830322266 2.0910253524780273 3.481682538986206 1.2097334610051576 0.18082167208194733
Van -1 -1 0.87 784.201904296875 210.3409423828125 1180.4488525390625 375.6425476074219 1.7702349424362183 1.7566009759902954 4.241371154785156 1.420112133026123 1.524932086467743 2.4320292472839355 1.3971433033098783 0.1745477318763733
Car -1 -1 0.83 716.613525390625 163.41342163085938 1208.2528076171875 414.03973388671875 1.3998879194259644 1.7067896127700806 4.752383232116699 1.9601655006408691 1.4506893754005432 4.187127113342285 1.2685047970252956 0.17423252761363983
Car -1 -1 -1.59 176.63145446777344 187.4645538330078 287.8659973144531 243.00559997558594 1.5065547227859497 1.520462155342102 3.4444327354431152 -12.781695365905762 1.6427891254425049 24.40383529663086 -2.0726976244243627 0.16662268340587616
Truck -1 -1 0.82 833.4215698242188 174.41932678222656 1227.461669921875 374.0166320800781 3.462703227996826 2.385193347930908 6.968321323394775 2.5485363006591797 2.016717553138733 2.9084057807922363 1.5377950184724662 0.15559802949428558
Car -1 -1 -2.05 510.66485595703125 182.75048828125 537.044189453125 205.6181182861328 1.4881060123443604 1.6213011741638184 4.160457611083984 -5.7403059005737305 1.3315646648406982 48.17152786254883 -2.1658633354633494 0.1459967941045761