Car -1 -1 -1.8 615.392822265625 190.82339477539062 717.3060302734375 256.3138732910156 1.4886783361434937 1.6034181118011475 3.530884027481079 1.354803442955017 1.984765350818634 18.586278915405273 -1.729159582444498 0.8970220685005188
Car -1 -1 -2.2 879.4279174804688 188.5205841064453 1244.0655517578125 375.10235595703125 1.5137542486190796 1.6544331312179565 4.069334983825684 2.889077663421631 1.631993293762207 3.6714870929718018 -1.5352896569156709 0.8497211933135986
Car -1 -1 2.57 552.2489624023438 187.06504821777344 639.3076171875 220.8480987548828 1.4881869554519653 1.5528972148895264 3.800297260284424 -0.6262561082839966 2.160179078578949 32.88544464111328 2.552390787889532 0.832268238067627
Car -1 -1 2.24 751.3658447265625 181.8598175048828 840.815185546875 215.31008911132812 1.4490100145339966 1.5566989183425903 3.505295991897583 8.307929992675781 1.8827999234199524 32.28694534301758 2.492619521569324 0.7652096152305603
Car -1 -1 -0.81 685.4771118164062 184.8148193359375 781.0596923828125 222.15875244140625 1.456329345703125 1.617516279220581 3.765061378479004 5.100697994232178 1.9737638235092163 29.760156631469727 -0.6429424937347021 0.7607974410057068
Car -1 -1 -2.88 825.708984375 182.70594787597656 890.0484008789062 212.96908569335938 1.4777612686157227 1.5817975997924805 3.2452826499938965 12.13032054901123 1.9118640422821045 35.254119873046875 -2.552225750953406 0.7578190565109253
Car -1 -1 1.7 870.2030639648438 176.6436309814453 941.7058715820312 209.2817840576172 1.6043368577957153 1.631552815437317 3.683154821395874 15.184320449829102 1.8254976868629456 36.90336227416992 2.0934272035784147 0.4742581248283386
Car -1 -1 -1.9 621.7030029296875 190.171875 728.7669677734375 246.23973083496094 1.5104695558547974 1.6393606662750244 3.557055711746216 1.4274203777313232 1.961528480052948 18.724903106689453 -1.828749153992069 0.245417982339859
Car -1 -1 0.67 1142.928466796875 178.00424194335938 1237.6322021484375 358.1636962890625 1.6527880430221558 1.7024827003479004 4.3315558433532715 6.431067943572998 1.8713183999061584 5.1200056076049805 1.5696415637378855 0.24007044732570648
Car -1 -1 -1.99 739.7315673828125 182.1043243408203 836.4449462890625 220.43545532226562 1.4415470361709595 1.6275420188903809 3.58432674407959 7.8020853996276855 1.8556737303733826 31.50699806213379 -1.74757114309379 0.21459972858428955
Car -1 -1 0.78 1100.73193359375 187.9789276123047 1241.240234375 369.9836120605469 1.5043714046478271 1.6364911794662476 4.217417240142822 6.119001388549805 1.7271554470062256 5.577273845672607 1.6150858967534703 0.21323338150978088
Car -1 -1 0.64 1142.0350341796875 209.3763885498047 1241.4163818359375 333.0623474121094 1.404624104499817 1.5905966758728027 4.302199363708496 6.895707130432129 1.7256537079811096 6.102850914001465 1.4839956846417426 0.2028978317975998
Car -1 -1 1.67 856.656005859375 181.02304077148438 929.08984375 208.20994567871094 1.482577919960022 1.5814458131790161 3.6123194694519043 14.88271713256836 1.8135069012641907 37.48003387451172 2.0459719939804444 0.18858352303504944
Car -1 -1 2.06 710.7133178710938 183.46548461914062 809.78173828125 219.79917907714844 1.4710495471954346 1.6607452630996704 3.8085155487060547 6.394341945648193 1.8132048845291138 30.45945167541504 2.27154558156092 0.1841292679309845
Car -1 -1 0.69 1155.3818359375 201.51812744140625 1239.03125 368.33197021484375 1.4417078495025635 1.628673791885376 4.151044845581055 6.212553977966309 1.6640355587005615 5.124059677124023 1.5689611102706564 0.18077105283737183
Car -1 -1 0.67 1122.4962158203125 205.234375 1235.1746826171875 364.8691101074219 1.440252423286438 1.6386412382125854 4.189765930175781 6.058080673217773 1.6640952229499817 5.247073650360107 1.5231398369023053 0.17647235095500946
Car -1 -1 0.74 1146.4765625 168.4710235595703 1246.30810546875 334.747802734375 1.6083042621612549 1.6751174926757812 4.507593154907227 7.136385440826416 1.6094958782196045 6.337126731872559 1.5888235373089108 0.16945160925388336
Car -1 -1 -2.22 748.5901489257812 256.87921142578125 840.9364624023438 352.3130187988281 1.4898730516433716 1.4632623195648193 3.424518346786499 1.149781584739685 1.7056599259376526 2.919529438018799 -1.8462321530732106 0.16925814747810364
Car -1 -1 -0.9 0.18495820462703705 252.3509521484375 27.583792433142662 375.4183654785156 1.4714521169662476 1.5722205638885498 3.477464437484741 -3.6858291625976562 1.5985604524612427 2.502933979034424 -1.8776890274881826 0.15999753773212433
Car -1 -1 0.62 637.5447387695312 189.64552307128906 730.6907958984375 235.71142578125 1.3493573665618896 1.5699541568756104 3.5999133586883545 2.7913174629211426 2.0751888751983643 27.064010620117188 0.7276323345363438 0.15318863093852997