Car -1 -1 -1.71 670.0888671875 185.61029052734375 748.810302734375 242.03355407714844 1.382288932800293 1.6281713247299194 3.9575254917144775 2.7557597160339355 1.7825008630752563 20.45862579345703 -1.5751488878702 0.87943434715271
Car -1 -1 -2.34 -1.7787156105041504 186.97140502929688 227.2445845603943 361.57098388671875 1.4665087461471558 1.6061259508132935 3.9707813262939453 -6.099679946899414 1.615957796573639 7.0183939933776855 -3.057825407116206 0.8548020124435425
Van -1 -1 -2.3 819.6693725585938 -3.0618133544921875 1219.5025634765625 376.6841583251953 2.3766708374023438 1.99923574924469 5.336269378662109 2.997743844985962 1.6181235909461975 3.467219829559326 -1.5893713972602495 0.8255607485771179
Car -1 -1 -3.04 448.1378173828125 177.18209838867188 534.9682006835938 211.7374267578125 1.5734771490097046 1.6572827100753784 4.170954704284668 -5.595202445983887 1.8075674176216125 34.056419372558594 3.0813322932224327 0.7698054909706116
Car -1 -1 0.62 124.9621353149414 180.75247192382812 424.82215118408203 273.283203125 1.4153401851654053 1.597787857055664 4.34175443649292 -5.559050559997559 1.5513210892677307 12.353958129882812 0.19632589420587987 0.7304179668426514
Car -1 -1 0.84 695.3151245117188 180.6080780029297 757.9077758789062 221.24826049804688 1.551572322845459 1.556483507156372 3.8117618560791016 4.691612720489502 1.8708966970443726 29.385507583618164 0.9992535240007863 0.7060653567314148
Van -1 -1 0.2 311.7045593261719 146.27720642089844 509.7866516113281 233.1665802001953 2.3905115127563477 1.94425630569458 5.561302661895752 -5.889318943023682 1.7030407786369324 21.571683883666992 -0.06245249922587526 0.6938912272453308
Car -1 -1 0.02 741.6093139648438 183.5356903076172 838.4801025390625 226.30393981933594 1.4322850704193115 1.615179419517517 3.4437475204467773 6.580228805541992 1.8605536222457886 26.95374870300293 0.2586531187570267 0.6769481301307678
Car -1 -1 1.95 247.05613708496094 181.00279235839844 422.9341735839844 252.56326293945312 1.411104440689087 1.537540316581726 3.6269490718841553 -6.132164001464844 1.6865931749343872 16.174942016601562 1.5849193349947317 0.6563894152641296
Cyclist -1 -1 0.89 751.7646484375 184.07327270507812 837.5880126953125 279.9128112792969 1.6445508003234863 0.6177871823310852 1.7323379516601562 3.063225269317627 1.71882963180542 11.921919822692871 1.1406062460769633 0.643855094909668
Car -1 -1 -0.04 735.7054443359375 181.9378662109375 848.6524658203125 231.44618225097656 1.5078059434890747 1.6722917556762695 3.7730298042297363 6.569333076477051 1.9076526761054993 26.664575576782227 0.19721997777209488 0.5732319355010986
Car -1 -1 1.53 689.5944213867188 179.99986267089844 748.3115234375 218.93841552734375 1.5756409168243408 1.5303014516830444 3.6162736415863037 4.5297698974609375 1.8843181133270264 29.902639389038086 1.676048639773506 0.5391846895217896
Car -1 -1 -1.95 682.557373046875 179.64163208007812 748.4854125976562 227.2142333984375 1.5086086988449097 1.564178228378296 3.901193618774414 4.31011962890625 1.887852966785431 28.732685089111328 -1.8036794771600073 0.5325319766998291
Car -1 -1 0.94 82.30847930908203 184.57354736328125 379.28565216064453 273.22174072265625 1.4390954971313477 1.6208921670913696 4.322082042694092 -6.000903606414795 1.6276211738586426 12.2965087890625 0.4824674218354099 0.5277090072631836
Car -1 -1 -2.18 0.12128794938325882 192.2975616455078 51.60543788224459 380.4227600097656 1.5154186487197876 1.5917454957962036 3.9358606338500977 -5.994514465332031 1.614253580570221 4.420731067657471 -3.116946380342686 0.5086402893066406
Car -1 -1 -2.77 270.2766418457031 184.54835510253906 430.7110900878906 247.30923461914062 1.4656715393066406 1.5370922088623047 3.1708836555480957 -5.99873685836792 1.7012094259262085 16.640026092529297 -3.117383331063877 0.5047894716262817
Car -1 -1 -0.92 740.5944213867188 179.24334716796875 836.7178344726562 251.3267364501953 1.598829746246338 1.6295806169509888 3.732438325881958 6.760799884796143 1.8634603023529053 27.85664176940918 -0.6846985295875818 0.4833188056945801
Car -1 -1 0.85 667.3218383789062 179.55227661132812 705.4110107421875 203.075927734375 1.4566047191619873 1.5661308765411377 3.5193076133728027 5.202947616577148 1.910022497177124 47.249080657958984 0.9562517835340465 0.47962719202041626
Car -1 -1 0.45 307.04180908203125 152.1533203125 506.0174255371094 233.21595764160156 1.7956589460372925 1.6672149896621704 4.3304877281188965 -5.548681735992432 1.60928076505661 19.977869033813477 0.1770612548090682 0.4685049057006836
Car -1 -1 -2.97 474.64630126953125 178.50228881835938 545.4923095703125 208.1456756591797 1.558279037475586 1.6705163717269897 3.8439366817474365 -5.307577133178711 1.8359750509262085 37.926429748535156 -3.110288513273172 0.4471912980079651
Car -1 -1 0.62 201.54969787597656 182.5771026611328 426.7164611816406 259.4668884277344 1.4842439889907837 1.502751111984253 3.762260913848877 -5.663422584533691 1.6498357653617859 14.337409973144531 0.24543271433770375 0.44044628739356995
Van -1 -1 -2.3 808.23046875 69.10163116455078 1098.0699462890625 371.1203384399414 2.187466859817505 1.8919777870178223 5.321207523345947 2.679745674133301 1.5919910073280334 3.422183036804199 -1.6376370906341933 0.42455050349235535
Car -1 -1 0.65 751.2015380859375 182.3191375732422 830.2055053710938 230.2644805908203 1.553525447845459 1.6159299612045288 3.808795213699341 6.923750400543213 2.033344864845276 28.16913414001465 0.8930100504093685 0.4063320457935333
Car -1 -1 0.74 65.6065444946289 186.8520965576172 371.66703033447266 292.8575744628906 1.524940848350525 1.657974362373352 4.2717671394348145 -5.6569085121154785 1.6285142302513123 11.851737976074219 0.2954781440887544 0.40010592341423035
Truck -1 -1 -2.43 831.0801391601562 16.706039428710938 1240.98779296875 384.3577117919922 3.4634273052215576 2.4937679767608643 8.227346420288086 4.205048561096191 1.8897490054368973 5.08781099319458 -1.7352469678645752 0.3931083679199219
Car -1 -1 0.76 312.8519287109375 164.1232147216797 485.6473388671875 235.36795043945312 1.5720760822296143 1.6591652631759644 4.219961166381836 -5.696578502655029 1.601527452468872 19.947450637817383 0.4796793745257748 0.3869962990283966
Van -1 -1 -2.27 813.352783203125 101.39949798583984 1033.9727783203125 353.0757369995117 2.200939416885376 1.8253988027572632 5.172236442565918 2.4053404331207275 1.579248696565628 3.3871312141418457 -1.6512422749844937 0.3843447268009186
Pedestrian -1 -1 2.09 754.9747314453125 177.65859985351562 846.167236328125 285.2245788574219 1.671990156173706 0.5735600590705872 0.44507578015327454 2.9465150833129883 1.7650856375694275 11.516180038452148 2.336354915475628 0.38039109110832214
Car -1 -1 -1.75 675.03515625 182.5318145751953 754.122802734375 233.30519104003906 1.4062565565109253 1.5696038007736206 3.625466823577881 2.7725863456726074 1.7117316126823425 20.157381057739258 -1.6182250577127082 0.37564200162887573
Van -1 -1 -2.02 888.4908447265625 11.849603652954102 1247.25830078125 324.10247230529785 2.4880900382995605 1.9767132997512817 5.518192291259766 3.778535842895508 1.516762375831604 4.697916030883789 -1.3452822812531258 0.370292991399765
Car -1 -1 -2.18 -3.4329476356506348 180.12884521484375 64.62778234481812 377.79425048828125 1.581148624420166 1.6475555896759033 4.128996849060059 -5.588552474975586 1.6440271139144897 4.263575553894043 -3.0954962561745702 0.36769989132881165
Car -1 -1 -3.03 463.8667907714844 176.8999786376953 541.7138671875 209.7783203125 1.6205523014068604 1.6696786880493164 4.072831630706787 -5.364307880401611 1.8006142377853394 35.48236846923828 3.1011205997837754 0.3654721677303314
Car -1 -1 0.5 261.0940856933594 176.8819580078125 448.6929931640625 249.2503204345703 1.6187570095062256 1.547498106956482 3.7153313159942627 -5.850848197937012 1.7557857632637024 15.744229316711426 0.1438990663634363 0.3528025150299072
Van -1 -1 -2.32 821.8361206054688 33.81600570678711 1153.570556640625 374.54580307006836 2.4105260372161865 2.010563611984253 5.587006092071533 2.5312836170196533 1.6245874166488647 2.946523427963257 -1.6096638889446062 0.3391358554363251
Car -1 -1 -2.94 501.333251953125 177.28826904296875 562.182861328125 201.417236328125 1.564103603363037 1.6484156847000122 4.0707550048828125 -5.435993671417236 1.8816217184066772 49.521427154541016 -3.0496702267507745 0.32825395464897156
Car -1 -1 -2.96 432.2664794921875 175.9833221435547 528.1455688476562 215.64581298828125 1.510373830795288 1.6130707263946533 4.153398513793945 -5.733407497406006 1.8115185499191284 33.19731521606445 -3.1273571276266914 0.316974401473999
Car -1 -1 1.17 752.8753662109375 178.25643920898438 839.6477661132812 276.24664306640625 1.54735267162323 1.5025981664657593 3.2617204189300537 3.997493267059326 1.8398718237876892 15.1057767868042 1.4278275344484737 0.3125792145729065
Cyclist -1 -1 1.07 744.6096801757812 177.969970703125 843.1972045898438 258.9192199707031 1.7495213747024536 0.7302958369255066 1.8334077596664429 2.9885780811309814 1.722101092338562 11.649091720581055 1.3218167245637478 0.2950645685195923
Car -1 -1 -2.42 741.4053344726562 177.3733367919922 847.2789306640625 267.12152099609375 1.5582005977630615 1.5296162366867065 3.4624946117401123 5.606280326843262 2.0594844818115234 22.589250564575195 -2.1727258704928216 0.2945087254047394
Car -1 -1 -2.39 -8.225719451904297 194.68247985839844 91.99866104125977 373.4757385253906 1.570373296737671 1.6106140613555908 4.009895324707031 -4.926002025604248 1.5303378701210022 3.821828842163086 2.9808469323279745 0.2930808365345001
Car -1 -1 -2.97 492.50726318359375 177.69961547851562 555.4559326171875 204.0278778076172 1.6029434204101562 1.6480683088302612 3.910773754119873 -5.396401405334473 1.9163875579833984 47.250946044921875 -3.0805002767364433 0.29020068049430847
Car -1 -1 -2.9 1.6612882614135742 222.46214294433594 53.59078884124756 356.83251953125 1.6365020275115967 1.6054627895355225 3.9627890586853027 -4.621671199798584 1.749273955821991 3.941124439239502 2.517736049450458 0.2886579632759094
Car -1 -1 -2.91 409.7688293457031 172.30751037597656 522.1221313476562 220.46592712402344 1.5362498760223389 1.6142075061798096 4.182725429534912 -5.481693744659424 1.7659969329833984 27.342905044555664 -3.110708329511267 0.2814561128616333
Car -1 -1 1.54 629.3502197265625 179.48292541503906 650.391845703125 197.35499572753906 1.4290635585784912 1.6609787940979004 3.782339334487915 2.6576156616210938 2.0032674074172974 60.434207916259766 1.5795055917787444 0.2782459557056427
Van -1 -1 2.83 356.10675048828125 156.95230102539062 509.2642517089844 228.03366088867188 2.071042060852051 1.830318808555603 5.282596588134766 -5.98738956451416 1.648113489151001 23.646879196166992 2.5800719243862096 0.27163824439048767
Car -1 -1 0.36 105.11599731445312 171.74151611328125 429.2760314941406 258.400390625 1.484234094619751 1.535605788230896 4.1194868087768555 -5.719882011413574 1.637744426727295 11.975534439086914 -0.0887950050057631 0.2603191137313843
Car -1 -1 -1.68 668.670166015625 183.15940856933594 735.9019165039062 234.5436248779297 1.4259308576583862 1.610316514968872 3.897897243499756 2.702932119369507 1.7392637133598328 20.64718246459961 -1.5532168297833575 0.2601313889026642
Car -1 -1 -2.47 7.255253791809082 192.03775024414062 281.83163928985596 346.481201171875 1.4494585990905762 1.5650758743286133 3.965515375137329 -4.992530345916748 1.5678871273994446 7.485653400421143 -3.0571716422414905 0.2543956935405731
Van -1 -1 0.66 308.20965576171875 155.08299255371094 480.79559326171875 234.15313720703125 2.222442865371704 1.8285466432571411 5.011613845825195 -6.270472526550293 1.6463785767555237 22.31315803527832 0.3869362104376819 0.2500045895576477
Pedestrian -1 -1 2.92 1.5232186317443848 225.75965881347656 45.279417514801025 379.96942138671875 1.396346926689148 0.5966275930404663 0.6560478210449219 -3.7311863899230957 1.6715224981307983 4.162041187286377 2.194096693475867 0.24871854484081268
Car -1 -1 -0.05 30.636919021606445 188.06536865234375 335.58226203918457 324.5716552734375 1.5094517469406128 1.5813642740249634 4.0521321296691895 -5.911442756652832 1.593806803226471 11.295963287353516 -0.5333124210572202 0.2470186948776245
Car -1 -1 -0.76 705.7967529296875 181.99839782714844 765.8668212890625 220.9954833984375 1.4309173822402954 1.5715014934539795 3.671638250350952 5.149580955505371 1.928290069103241 29.90134620666504 -0.5937340262759516 0.24372003972530365
Car -1 -1 -1.15 690.049560546875 183.10000610351562 766.32861328125 223.7407989501953 1.49397873878479 1.5968103408813477 3.8348734378814697 5.1487932205200195 1.914177656173706 29.848867416381836 -0.9803571224134462 0.24198605120182037
Car -1 -1 0.06 289.2833557128906 177.3817138671875 449.91162109375 240.42445373535156 1.5332940816879272 1.5741093158721924 3.4874379634857178 -5.904388427734375 1.6854413747787476 17.38089942932129 -0.2691897501281435 0.23576872050762177
Car -1 -1 -2.24 -4.220087051391602 185.68540954589844 173.93466758728027 369.8844909667969 1.3993189334869385 1.6280717849731445 4.076201438903809 -6.181606292724609 1.5091546177864075 5.836892604827881 -3.05349581816212 0.23403136432170868
Car -1 -1 -2.47 0.0 202.36520385742188 38.09922790527344 387.9551696777344 1.516779899597168 1.6164594888687134 4.059967994689941 -5.1958909034729 1.6998364925384521 3.7132720947265625 2.8665505218932728 0.23302781581878662
Truck -1 -1 -2.36 802.3296508789062 51.940372467041016 1123.0003662109375 374.843204498291 3.2960731983184814 2.5287914276123047 7.403295993804932 4.088545322418213 1.8270088732242584 5.14948844909668 -1.6861094527821479 0.23169776797294617
Car -1 -1 -1.86 0.017427537590265274 210.07728576660156 32.9750653244555 370.9052734375 1.469067931175232 1.6129053831100464 3.8642680644989014 -4.11231803894043 1.470683515071869 3.0844759941101074 -2.790275972049102 0.2308158576488495
Car -1 -1 -0.05 163.94171142578125 189.538330078125 413.7090759277344 279.0306396484375 1.4378042221069336 1.643315076828003 4.156817436218262 -5.512120246887207 1.6897882223129272 12.445330619812012 -0.46274974990282747 0.2241421937942505
Van -1 -1 -2.28 801.9986572265625 123.5379638671875 1001.1369018554688 311.8653869628906 2.1657352447509766 2.0261800289154053 5.170114994049072 3.526923418045044 1.657792091369629 5.752440452575684 -1.726130284346847 0.22190622985363007
Car -1 -1 -2.75 1.2612029314041138 230.2002716064453 43.06683647632599 372.77386474609375 1.4249844551086426 1.6076891422271729 4.076651573181152 -5.865246772766113 1.8534890413284302 4.422770023345947 2.6117687876548885 0.2209952026605606
Van -1 -1 -0.98 129.1715850830078 176.21018981933594 425.53150939941406 261.8214111328125 2.0364606380462646 2.0033159255981445 5.318999290466309 -7.16841459274292 1.769568681716919 16.182842254638672 -1.3935383306563658 0.22084718942642212
Van -1 -1 -2.84 439.28662109375 176.16064453125 538.6571044921875 212.46759033203125 1.723670482635498 1.7504903078079224 4.303048133850098 -5.9369964599609375 1.8623520135879517 35.80024719238281 -3.0004200780503423 0.22072473168373108
Truck -1 -1 -2.36 818.8731689453125 21.397382736206055 1168.9581298828125 362.1382579803467 3.33976149559021 2.478081226348877 7.20792293548584 4.636186122894287 1.7168181575834751 5.6930036544799805 -1.6803242018080748 0.220521479845047
Car -1 -1 -2.94 477.59259033203125 177.3557891845703 555.7235717773438 205.67694091796875 1.52104651927948 1.607658863067627 4.066417694091797 -5.554526329040527 1.8145949244499207 44.84001922607422 -3.06522460410796 0.21729928255081177
Van -1 -1 -2.12 -0.6631207466125488 221.3863525390625 45.02212858200073 380.509521484375 1.7410502433776855 1.8211389780044556 4.054291248321533 -7.096240520477295 2.0081117153167725 5.5111165046691895 -3.0263966389911747 0.21677659451961517
Car -1 -1 0.84 298.4821472167969 167.126953125 463.8872985839844 238.57308959960938 1.5331387519836426 1.6217219829559326 3.9742753505706787 -6.028111457824707 1.5778274536132812 18.776323318481445 0.5336635401777414 0.2155768871307373
Car -1 -1 -2.89 354.3583679199219 163.93089294433594 512.7890625 230.76806640625 1.7072250843048096 1.6869773864746094 4.558305740356445 -5.8010382652282715 1.7397717237472534 23.9071044921875 -3.1303294074933916 0.2148527354001999
Car -1 -1 -2.7 -4.816997051239014 181.4102325439453 79.42534303665161 356.5588073730469 1.5608874559402466 1.5956512689590454 4.000525951385498 -4.321647644042969 1.5258166193962097 3.629138469696045 2.70952571334662 0.2147698551416397
Car -1 -1 0.83 736.5664672851562 184.2783966064453 856.1590576171875 247.03958129882812 1.503460168838501 1.6560461521148682 3.8979086875915527 6.322127819061279 2.0678884983062744 26.28365135192871 1.0666639672243594 0.21264541149139404
Car -1 -1 -2.48 668.0816650390625 179.03204345703125 727.5501098632812 225.4976348876953 1.419600248336792 1.6170835494995117 3.884042501449585 3.563786745071411 1.9279824495315552 28.16777801513672 -2.352328246034812 0.21201953291893005
Car -1 -1 -2.89 386.8201904296875 170.52618408203125 519.6885986328125 226.22030639648438 1.7899724245071411 1.6714268922805786 4.190417289733887 -5.597671031951904 1.8350237607955933 25.611391067504883 -3.106960701331989 0.21096371114253998
Car -1 -1 -1.46 699.2369995117188 184.30601501464844 759.1901245117188 226.9658203125 1.4869431257247925 1.5697513818740845 3.79522967338562 4.790554523468018 1.9992067217826843 29.29286003112793 -1.3004008232670534 0.2106221318244934
Cyclist -1 -1 -2.57 -1.4350632429122925 198.60556030273438 51.28264915943146 382.0856018066406 1.6717793941497803 0.6544791460037231 1.7767990827560425 -4.555753231048584 1.68948632478714 4.579042911529541 2.927821493968419 0.20766063034534454
Car -1 -1 -2.78 421.55548095703125 170.5522003173828 539.238525390625 215.72450256347656 1.595434308052063 1.6107239723205566 4.208884239196777 -5.6074748039245605 1.709334671497345 33.71889877319336 -2.943605016941582 0.20413939654827118
Car -1 -1 -2.48 -9.776376724243164 180.2474822998047 105.73745536804199 359.49755859375 1.5124156475067139 1.6031873226165771 4.005083084106445 -4.801885604858398 1.4412652254104614 4.01641845703125 2.925830018112279 0.20347878336906433
Pedestrian -1 -1 -2.91 0.8395946621894836 249.49232482910156 36.38990670442581 378.5802917480469 1.4162296056747437 0.6374909281730652 0.6825187802314758 -4.3791279792785645 1.8806633353233337 4.870235443115234 2.643404759443081 0.20275403559207916
Van -1 -1 -1.85 328.04833984375 160.11248779296875 505.2239074707031 234.59326171875 2.065558671951294 1.9103525876998901 5.225308418273926 -6.037433624267578 1.8512971997261047 22.848148345947266 -2.1100889274909314 0.20243772864341736
Pedestrian -1 -1 1.13 741.4053344726562 177.3733367919922 847.2789306640625 267.12152099609375 1.7037556171417236 0.6705417037010193 0.7340267300605774 3.1106839179992676 1.6790480017662048 11.922419548034668 1.3820006030425507 0.19983422756195068
Car -1 -1 -2.85 0.01883222535252571 261.5694885253906 46.25496198609471 370.63140869140625 1.5870352983474731 1.5759315490722656 3.955655097961426 -5.0158867835998535 1.9435873627662659 4.483074188232422 2.5946858543704767 0.19834664463996887
Car -1 -1 -2.28 -3.1267850399017334 193.56381225585938 122.23822808265686 367.55157470703125 1.474233627319336 1.579668641090393 4.017052173614502 -4.886179447174072 1.5236385464668274 4.3204264640808105 -3.122310641610458 0.1945694386959076
Car -1 -1 -1.97 -2.1871602535247803 167.93295288085938 39.33217263221741 364.5713195800781 1.5056970119476318 1.6312440633773804 4.175809860229492 -5.544528484344482 1.5573717951774597 4.24245023727417 -2.8921651918885924 0.19124914705753326
Car -1 -1 -0.1 54.82783889770508 194.7325897216797 349.5168647766113 310.1762390136719 1.4611377716064453 1.595881462097168 4.266336441040039 -5.836833477020264 1.6339069604873657 11.137524604797363 -0.5793648803771134 0.18269221484661102
Car -1 -1 -2.88 -6.686314105987549 194.0846405029297 54.959983348846436 331.9060363769531 1.5639371871948242 1.5569912195205688 3.8522026538848877 -4.544471740722656 1.5426670908927917 3.964984655380249 2.549194890924979 0.17848488688468933
Car -1 -1 -2.79 -4.890816688537598 238.68040466308594 63.642836570739746 379.8032531738281 1.497856616973877 1.6056777238845825 3.945272922515869 -4.869882583618164 1.8063075542449951 3.9992260932922363 2.6068118682443266 0.17834921181201935
Car -1 -1 -2.47 11.604286193847656 186.7703094482422 238.57758331298828 307.3179931640625 1.4154109954833984 1.6331969499588013 3.9844202995300293 -5.634883403778076 1.5874717235565186 7.226858615875244 -3.134328839443918 0.17641375958919525
Car -1 -1 1.04 681.6322021484375 180.3647918701172 740.732421875 219.89932250976562 1.440699815750122 1.6452152729034424 3.8110945224761963 4.023154258728027 1.818038821220398 28.286617279052734 1.1793543934368973 0.1742318570613861
Van -1 -1 2.81 286.5160827636719 163.23855590820312 467.1759338378906 237.57174682617188 2.1052334308624268 1.862147569656372 5.668290615081787 -6.958536148071289 1.516823559999466 23.509679794311523 2.5185200982703444 0.16874055564403534
Van -1 -1 3.14 379.2971496582031 165.24961853027344 515.57275390625 225.85726928710938 2.04176664352417 1.839566946029663 5.236032962799072 -5.8145751953125 1.5956431031227112 24.914012908935547 2.911004306401477 0.16458024084568024
Van -1 -1 -3.1 200.78314208984375 171.2869415283203 457.4964294433594 247.428466796875 2.229404926300049 2.067779541015625 5.80839729309082 -7.1852030754089355 1.7767191529273987 19.475069046020508 2.8289755175917772 0.16102372109889984
Van -1 -1 0.58 238.14205932617188 166.65042114257812 480.3611145019531 243.2008056640625 2.2998251914978027 1.8968678712844849 6.171700477600098 -6.947737216949463 1.9561968445777893 20.398162841796875 0.2500253912572079 0.16071286797523499
Cyclist -1 -1 1.06 854.0482177734375 182.4702911376953 935.1577758789062 239.0613250732422 1.7329198122024536 0.5747191905975342 1.707728385925293 7.917465686798096 1.7840136885643005 19.509151458740234 1.445362656129502 0.1576997935771942
Cyclist -1 -1 0.41 742.127685546875 183.3551483154297 839.0482788085938 229.95602416992188 1.7830281257629395 0.6869478225708008 1.7889868021011353 4.439091682434082 1.8174951672554016 17.662200927734375 0.6574597042063353 0.15641207993030548
Car -1 -1 0.56 844.815673828125 184.34219360351562 960.4423828125 250.0769500732422 1.498842716217041 1.6105493307113647 4.110212326049805 8.118325233459473 1.8474332094192505 20.54144859313965 0.9387136639550988 0.15440131723880768
Cyclist -1 -1 1.25 740.6045532226562 179.65420532226562 846.4612426757812 242.49961853027344 1.7812581062316895 0.6632475256919861 1.8318545818328857 4.261537075042725 1.784082293510437 16.471817016601562 1.501843490979157 0.1530400663614273
Car -1 -1 0.93 674.6183471679688 177.9009246826172 720.0219116210938 208.83187866210938 1.4881607294082642 1.5686873197555542 3.8341825008392334 5.307019233703613 1.906794011592865 44.008052825927734 1.0457155903403947 0.1498452126979828
Car -1 -1 -2.66 200.78314208984375 171.2869415283203 457.4964294433594 247.428466796875 1.704305648803711 1.6409677267074585 4.133510112762451 -6.053137302398682 1.600354552268982 15.87385368347168 -3.021904674819204 0.14894816279411316
Car -1 -1 1.36 668.8128051757812 178.5162811279297 709.5325927734375 207.19085693359375 1.4942522048950195 1.538828730583191 3.925365686416626 5.30262565612793 1.8248733282089233 46.395606994628906 1.4781613774818982 0.13998238742351532
Pedestrian -1 -1 2.17 740.5944213867188 179.24334716796875 836.7178344726562 251.3267364501953 1.7883520126342773 0.6748256087303162 0.6729082465171814 4.4062299728393555 1.7461304664611816 16.580726623535156 2.431370764979963 0.11983703821897507