Car -1 -1 -1.84 729.62548828125 192.36627197265625 917.5869750976562 316.4111633300781 1.4539402723312378 1.6269556283950806 3.9988691806793213 2.9108517169952393 1.7789986729621887 10.696754455566406 -1.573005830932618 0.8912779092788696
Car -1 -1 1.76 403.1678771972656 182.88050842285156 500.92608642578125 249.11785888671875 1.4342195987701416 1.5819014310836792 3.6772806644439697 -3.7811570167541504 1.712567925453186 17.79555892944336 1.5496172010114106 0.8809601664543152
Car -1 -1 1.72 480.8074951171875 176.5135040283203 537.8489379882812 224.57113647460938 1.6711721420288086 1.6130465269088745 3.7098309993743896 -3.713137626647949 1.785156786441803 26.822301864624023 1.579948410635664 0.8783697485923767
Car -1 -1 1.44 656.597412109375 183.60238647460938 716.1366577148438 230.4777069091797 1.5037846565246582 1.618703007698059 3.916640520095825 2.7915303707122803 1.9152932167053223 26.442873001098633 1.5415793791721688 0.8693951368331909
Car -1 -1 2.14 -2.537821054458618 183.8013458251953 324.26109862327576 375.7857971191406 1.6097627878189087 1.6071412563323975 3.7135672569274902 -3.3521759510040283 1.7118473052978516 4.854125499725342 1.5400609647726178 0.8412145376205444
Car -1 -1 1.69 517.0919799804688 178.5764923095703 556.3264770507812 211.47987365722656 1.6130002737045288 1.5688087940216064 3.6615519523620605 -3.6969449520111084 1.878635823726654 37.45489501953125 1.5910608798375367 0.6865041255950928
Car -1 -1 1.78 643.93408203125 182.9375 683.2886352539062 216.35791015625 1.4853746891021729 1.5215235948562622 3.601496458053589 2.6737024784088135 2.005845546722412 34.941349029541016 1.8601393426265744 0.6424989700317383
Car -1 -1 1.66 523.325927734375 178.33950805664062 562.59814453125 207.1283721923828 1.5762392282485962 1.6388176679611206 3.908453941345215 -3.761944055557251 1.823134958744049 37.660037994384766 1.5585056381386826 0.4262954294681549
Car -1 -1 1.48 646.024658203125 182.54913330078125 693.3765258789062 220.9524383544922 1.5298842191696167 1.538896083831787 3.988095760345459 2.567159652709961 1.9766629338264465 34.07363510131836 1.5592223395660874 0.3916177749633789
Car -1 -1 1.67 508.0667724609375 177.3102264404297 553.7702026367188 214.21603393554688 1.6548244953155518 1.5474709272384644 3.7255494594573975 -3.6818013191223145 1.9112765789031982 36.906436920166016 1.5741827647023978 0.37648895382881165
Car -1 -1 1.68 640.588623046875 182.59439086914062 676.8601684570312 212.3785400390625 1.4909089803695679 1.5519989728927612 3.6635730266571045 2.664119243621826 2.030020534992218 38.339473724365234 1.7491653646856973 0.33572202920913696
Car -1 -1 1.6 540.78466796875 178.98226928710938 569.06591796875 202.8284149169922 1.5415626764297485 1.6192911863327026 3.584538221359253 -3.7165799140930176 1.925219476222992 49.86087417602539 1.5219453786768584 0.3174498677253723
Car -1 -1 1.49 630.173095703125 181.4432373046875 662.1322021484375 205.00811767578125 1.4507657289505005 1.5988280773162842 3.7515125274658203 2.423197031021118 2.0274874567985535 46.800048828125 1.5400390274178966 0.31737199425697327
Car -1 -1 1.66 530.8207397460938 178.30052185058594 565.7260131835938 206.0322265625 1.535361409187317 1.6092848777770996 3.701673984527588 -3.6480712890625 1.9071305394172668 39.05192565917969 1.5626643520260286 0.28642308712005615
Car -1 -1 1.46 650.3453979492188 184.2937774658203 708.0947875976562 228.48760986328125 1.4537841081619263 1.5799633264541626 3.769662857055664 2.4615941047668457 1.9063367247581482 26.233152389526367 1.554566691298647 0.26450586318969727
Car -1 -1 2.13 -1.130903959274292 184.31797790527344 241.38536190986633 338.1419677734375 1.5425392389297485 1.5492794513702393 3.6793055534362793 -6.403753280639648 1.930684745311737 8.531649589538574 1.4854944144595272 0.26395881175994873
Car -1 -1 1.73 496.97900390625 177.24722290039062 548.2700805664062 219.8409423828125 1.6057374477386475 1.6290738582611084 3.519975185394287 -3.531620502471924 1.7649316787719727 26.77771759033203 1.6022380857400442 0.2549602687358856
Car -1 -1 1.53 636.2994384765625 182.93434143066406 671.1923217773438 210.17758178710938 1.4104634523391724 1.564725637435913 3.874152898788452 2.608293056488037 2.036180794239044 42.84833908081055 1.5950300628793244 0.22889839112758636
Car -1 -1 1.72 491.2551574707031 179.3391571044922 541.1190795898438 223.55215454101562 1.5843479633331299 1.6099694967269897 3.563610792160034 -3.61190128326416 1.7990275621414185 26.781005859375 1.5832958865183482 0.22002705931663513
Car -1 -1 1.76 650.0853271484375 188.3909149169922 690.0135498046875 223.8531494140625 1.4517852067947388 1.5656791925430298 3.662339448928833 2.617609739303589 2.1120718121528625 32.915855407714844 1.8349169959265001 0.19277413189411163
Car -1 -1 2.1 1.6317288875579834 176.20236206054688 297.95368933677673 345.3819885253906 1.6017844676971436 1.6379332542419434 3.737048864364624 -3.671626329421997 1.6846076250076294 5.285951137542725 1.4890264635879396 0.19009792804718018
Car -1 -1 1.52 644.48974609375 186.9677276611328 686.6710815429688 219.93028259277344 1.4760798215866089 1.492313265800476 3.682913064956665 2.552935838699341 2.07486492395401 34.6096076965332 1.5897379088335128 0.18650780618190765
Car -1 -1 1.59 512.5616455078125 180.98355102539062 551.1627197265625 214.89071655273438 1.4880094528198242 1.5607399940490723 3.8367362022399902 -3.888927936553955 1.9261789321899414 36.532142639160156 1.4847026441782711 0.1810002475976944
Car -1 -1 2.25 0.15114450454711914 185.45591735839844 176.72659921646118 321.82928466796875 1.5439283847808838 1.5160257816314697 3.3325130939483643 -7.30271577835083 1.8797085285186768 8.86008071899414 1.5599553232241616 0.17938870191574097
Car -1 -1 2.2 -4.308618545532227 196.42300415039062 177.03958702087402 359.0018005371094 1.470478892326355 1.570475459098816 3.4192326068878174 -6.884286403656006 1.9342463612556458 8.654568672180176 1.524598002327533 0.16928327083587646