Car -1 -1 -1.58 577.6588745117188 173.86029052734375 648.0357666015625 236.99017333984375 1.6082050800323486 1.6930629014968872 3.8709259033203125 0.10597832500934601 1.3099756240844727 20.020055770874023 -1.5706380077741562 0.8935222625732422
Car -1 -1 -1.36 365.8005065917969 173.9220733642578 483.28997802734375 261.0984802246094 1.6177040338516235 1.695172667503357 4.178921699523926 -3.823345899581909 1.4389858841896057 15.698190689086914 -1.601262434004357 0.8914903998374939
Car -1 -1 -1.21 243.15908813476562 186.01072692871094 354.9278259277344 245.3528289794922 1.4160187244415283 1.5737189054489136 3.7244908809661865 -8.27725887298584 1.4693464040756226 19.488948822021484 -1.6148725787788116 0.8695166707038879
Car -1 -1 -1.43 459.41278076171875 178.47337341308594 516.1246948242188 222.60012817382812 1.5871984958648682 1.664902687072754 4.1097307205200195 -4.593317985534668 1.3325879573822021 28.16387367248535 -1.590886067531935 0.8661583662033081
Van -1 -1 -0.86 11.674386978149414 72.45352172851562 300.2178134918213 376.416015625 2.2203431129455566 1.958125352859497 5.077505588531494 -4.4333271980285645 1.637061357498169 5.478130340576172 -1.5358641967283448 0.8128901124000549
Truck -1 -1 -1.44 517.96240234375 150.50184631347656 561.0821533203125 199.9634552001953 3.6033315658569336 2.573835849761963 8.686887741088867 -5.074166297912598 1.059219479560852 56.29620361328125 -1.5281568443040108 0.7969088554382324
Car -1 -1 -1.47 489.94036865234375 179.27207946777344 527.1981201171875 210.06491088867188 1.4854302406311035 1.6300580501556396 3.8671352863311768 -5.191218376159668 1.2429812550544739 38.78266525268555 -1.6068124475742707 0.7391358017921448
Car -1 -1 -1.38 343.5503845214844 182.6675262451172 400.039306640625 222.41671752929688 1.4698851108551025 1.592915654182434 3.392024517059326 -9.369872093200684 1.424038589000702 28.723299026489258 -1.6992061376229834 0.6651154160499573
Car -1 -1 -1.44 477.1590576171875 177.7444305419922 525.2138061523438 215.34808349609375 1.5233391523361206 1.5471054315567017 3.8858118057250977 -5.0117902755737305 1.2915233969688416 37.73024368286133 -1.5702853211579164 0.568187415599823
Car -1 -1 -1.44 469.7186279296875 178.35694885253906 521.2486572265625 218.6219940185547 1.5650330781936646 1.6575671434402466 3.9073753356933594 -4.517559051513672 1.3208948373794556 27.924551010131836 -1.6053730646084006 0.5313454270362854
Car -1 -1 -1.42 497.8746337890625 176.42393493652344 534.567138671875 207.3632354736328 1.3823720216751099 1.6247690916061401 3.542494297027588 -4.977675914764404 1.1198542416095734 38.59929656982422 -1.5452701369939996 0.4124656915664673
Car -1 -1 -1.52 574.9595336914062 177.232666015625 610.4650268554688 215.3389129638672 1.5618996620178223 1.6287400722503662 3.8371493816375732 -0.6553604602813721 1.2758495807647705 32.03203582763672 -1.541049808808479 0.39402854442596436
Car -1 -1 -1.44 515.5499877929688 176.24880981445312 546.2535400390625 202.56646728515625 1.429634928703308 1.6065481901168823 3.7945969104766846 -5.098833084106445 1.045701414346695 48.41330337524414 -1.5465519324270485 0.390814870595932
Truck -1 -1 0.55 524.3336791992188 152.60292053222656 563.9979248046875 197.0865936279297 3.600490093231201 2.505084276199341 9.719209671020508 -5.009364604949951 1.110388159751892 57.240814208984375 0.4668569173875987 0.3461058437824249
Car -1 -1 -0.99 -0.7290548086166382 73.20447540283203 300.4020792245865 378.9436721801758 2.0030288696289062 1.7579373121261597 5.002506732940674 -6.294261455535889 1.7682806849479675 7.080276012420654 -1.7125900659821678 0.3207770586013794
Car -1 -1 -1.58 575.5791625976562 176.76190185546875 626.1732177734375 225.6306915283203 1.6078084707260132 1.6127395629882812 3.763662338256836 -0.2309340387582779 1.3928674459457397 28.328899383544922 -1.5868574907526076 0.31389743089675903
Van -1 -1 -1.43 518.0032958984375 149.1655731201172 563.618408203125 198.250244140625 2.8131306171417236 2.1601977348327637 6.25211763381958 -4.589408874511719 0.7731698751449585 50.7364616394043 -1.51804020015099 0.31323108077049255
Truck -1 -1 -0.88 4.347048282623291 65.4648208618164 298.7790551185608 367.4329605102539 3.417970895767212 2.5324454307556152 7.582340240478516 -5.5585479736328125 1.8458510041236877 6.46870756149292 -1.5903521092127093 0.29490652680397034
Car -1 -1 -1.45 504.0998229980469 175.0926513671875 537.9567260742188 204.97096252441406 1.4727776050567627 1.6484318971633911 3.9388253688812256 -4.78924036026001 1.0784679651260376 41.76179885864258 -1.5591853200324186 0.292941689491272
Car -1 -1 -1.46 503.03948974609375 179.7171630859375 535.2455444335938 206.65406799316406 1.419388771057129 1.611651062965393 3.893002510070801 -4.9277191162109375 1.2011150121688843 38.79315185546875 -1.5847704805108993 0.2883010506629944
Car -1 -1 -1.52 573.290283203125 176.8319091796875 617.9349975585938 222.04420471191406 1.5830962657928467 1.6489570140838623 3.8657352924346924 -0.44172561168670654 1.2908585369586945 30.051563262939453 -1.5389281553343892 0.28656601905822754
Truck -1 -1 -1.76 516.020263671875 156.81954956054688 557.08056640625 201.78543090820312 3.5379140377044678 2.492277145385742 8.479534149169922 -5.181638717651367 1.1140299439430237 55.32167434692383 -1.8525463401536229 0.2846542000770569
Car -1 -1 -1.51 208.18096923828125 180.93934631347656 346.3142395019531 254.93753051757812 1.5032604932785034 1.6895524263381958 4.159047603607178 -8.349690437316895 1.5841531157493591 20.117191314697266 -1.899572806982885 0.2780507206916809
Car -1 -1 -0.85 517.2255249023438 162.4431915283203 552.064697265625 201.73533630371094 1.7539423704147339 1.72396981716156 3.8250622749328613 -4.893189907073975 0.9807590618729591 47.606292724609375 -0.9562199147620163 0.2697764039039612
Car -1 -1 -1.56 578.8702392578125 173.24317932128906 638.2244873046875 229.38784790039062 1.629474401473999 1.6805174350738525 3.9179375171661377 0.028970103710889816 1.3039333522319794 21.237337112426758 -1.5615672702658099 0.25990381836891174
Car -1 -1 -1.28 315.1603698730469 185.1906280517578 385.5339050292969 221.3914794921875 1.3686730861663818 1.6249001026153564 3.679717540740967 -10.333953857421875 1.491047203540802 29.94913673400879 -1.6150177899202829 0.24946510791778564
Car -1 -1 -1.39 334.2610778808594 185.7210235595703 388.0058898925781 220.1527862548828 1.4176044464111328 1.608578085899353 3.511570930480957 -9.767477035522461 1.4123889803886414 28.75849723815918 -1.7174773900402753 0.23636746406555176
Van -1 -1 -1.33 366.56512451171875 176.10589599609375 486.3822937011719 260.5743103027344 1.8479417562484741 1.7626487016677856 4.304287910461426 -3.9604997634887695 1.5468907952308655 16.776634216308594 -1.562641746616011 0.2344374805688858
Car -1 -1 -1.44 514.54248046875 169.42401123046875 549.98681640625 202.1344757080078 1.4809930324554443 1.6497477293014526 3.9076590538024902 -4.946102142333984 0.9756777137517929 47.944175720214844 -1.546908558666038 0.23359975218772888
Car -1 -1 -1.37 310.8610534667969 181.94760131835938 370.1387634277344 219.11776733398438 1.4772742986679077 1.5401129722595215 3.6343600749969482 -11.436928749084473 1.4044345021247864 31.007991790771484 -1.721283623961658 0.2291416972875595
Car -1 -1 -1.41 514.5556030273438 179.3376007080078 543.4192504882812 203.7937774658203 1.3846765756607056 1.569774866104126 3.7495179176330566 -5.122030258178711 1.149923413991928 48.32590103149414 -1.515225357735587 0.2273685783147812
Van -1 -1 -1.0 0.4938342273235321 78.12498474121094 270.9336230456829 336.9311981201172 2.4836254119873047 2.0380077362060547 5.909904956817627 -4.535681247711182 1.6287075579166412 4.899299621582031 -1.750045404222103 0.22654913365840912
Car -1 -1 -1.45 573.7769775390625 179.2708740234375 608.6925048828125 224.39967346191406 1.510721206665039 1.6347779035568237 3.7253668308258057 -0.6971139311790466 1.3655831217765808 29.886341094970703 -1.4768564117642873 0.22457484900951385
Van -1 -1 -0.86 37.63157272338867 98.11247253417969 299.35175704956055 324.0256042480469 2.234353542327881 1.941312313079834 5.321732521057129 -4.619915008544922 1.493584156036377 5.716643810272217 -1.5363226691004392 0.21731774508953094
Pedestrian -1 -1 1.09 518.2259521484375 157.25741577148438 555.0460205078125 200.22482299804688 1.9197335243225098 0.6138129234313965 0.7746291756629944 -4.147291660308838 0.8849670961499214 42.360660552978516 0.9921031185173481 0.21632756292819977
Pedestrian -1 -1 1.3 517.6215209960938 147.53701782226562 558.9065551757812 197.17062377929688 1.959947943687439 0.5972224473953247 1.010342001914978 -3.7560675144195557 0.8321029841899872 41.428855895996094 1.2046909402188186 0.21585994958877563
Car -1 -1 -1.62 588.276611328125 175.05026245117188 645.7503051757812 228.36865234375 1.5838836431503296 1.6846859455108643 3.972029685974121 0.18770520389080048 1.2371751070022583 20.558494567871094 -1.606772325493016 0.20931868255138397
Car -1 -1 -0.77 15.721695899963379 132.587890625 300.4966287612915 385.4074401855469 1.5227323770523071 1.714736819267273 4.411649703979492 -4.312424659729004 1.5076937079429626 5.33289909362793 -1.448878513149701 0.20665112137794495
Car -1 -1 0.04 295.780029296875 185.2239990234375 373.52044677734375 223.7645263671875 1.458691120147705 1.5844173431396484 3.632575035095215 -10.704136848449707 1.4850964546203613 29.176843643188477 -0.30784741943738814 0.2048541009426117
Car -1 -1 -1.41 509.22833251953125 172.96331787109375 543.78125 205.64035034179688 1.4743239879608154 1.5029469728469849 3.729940891265869 -4.891911029815674 1.1160552501678467 44.011314392089844 -1.5254723134758663 0.1878737211227417
Van -1 -1 -1.0 49.21992492675781 110.78520202636719 319.9750518798828 355.0828552246094 2.252511501312256 1.9239929914474487 5.326471328735352 -4.229179382324219 1.5599120259284973 5.821039199829102 -1.624315060301777 0.18560847640037537
Cyclist -1 -1 -0.99 517.949951171875 155.2237091064453 555.8428955078125 200.3176727294922 1.7941911220550537 0.5614798665046692 1.8105428218841553 -3.8398520946502686 0.9808220341801643 39.073089599609375 -1.0901210275782374 0.1854117512702942
Truck -1 -1 -0.09 528.6141967773438 158.36256408691406 565.6351318359375 198.85369873046875 3.476933002471924 2.5356287956237793 9.71770191192627 -5.09910774230957 1.0016099214553833 58.417240142822266 -0.18153298920011052 0.18080100417137146
Car -1 -1 -1.49 484.320556640625 181.12612915039062 523.7095336914062 215.32545471191406 1.4594230651855469 1.6310052871704102 3.844055652618408 -4.430969715118408 1.3232237696647644 31.43308448791504 -1.6256458626306074 0.17629115283489227
Car -1 -1 -1.26 275.72833251953125 186.58799743652344 366.3697814941406 232.65647888183594 1.419756293296814 1.5853160619735718 3.7869668006896973 -10.819986343383789 1.5214632153511047 28.524194717407227 -1.620650207645662 0.17512252926826477
Cyclist -1 -1 0.64 764.4205932617188 173.82652282714844 806.8257446289062 205.3603973388672 1.6568591594696045 0.4944588541984558 1.6862047910690308 8.562793731689453 1.0851570963859558 33.94147491455078 0.8862653436092529 0.16822580993175507
Car -1 -1 -1.39 504.0068359375 166.91856384277344 542.1843872070312 203.43157958984375 1.4912381172180176 1.6488317251205444 3.7580831050872803 -4.717994689941406 0.9493808299303055 40.44765853881836 -1.501452165841532 0.16747495532035828