Car -1 -1 -1.73 667.4653930664062 171.8601837158203 738.6267700195312 231.5950469970703 1.8713314533233643 1.6738941669464111 4.062797546386719 2.9313340187072754 1.834291398525238 24.33466339111328 -1.6111035580333404 0.8872005343437195
Car -1 -1 1.7 509.10870361328125 184.7863006591797 569.332763671875 231.6045379638672 1.5595309734344482 1.6836957931518555 4.358625888824463 -2.6823339462280273 2.0818045139312744 27.978740692138672 1.6079645985418178 0.8825204372406006
Car -1 -1 -1.79 702.8421020507812 169.62901306152344 860.3125610351562 292.24713134765625 1.7789205312728882 1.6722344160079956 4.224451541900635 2.7262003421783447 1.7562922239303589 12.53413200378418 -1.5735409943005951 0.8816879987716675
Car -1 -1 -1.88 761.6593627929688 197.0785675048828 1034.6805419921875 371.7536926269531 1.443137526512146 1.516504168510437 3.2425851821899414 2.6648309230804443 1.7376484274864197 7.652828216552734 -1.5471829171124831 0.8441208600997925
Car -1 -1 2.39 5.593036651611328 217.01589965820312 340.8974800109863 375.0221252441406 1.4200752973556519 1.577358603477478 3.6382904052734375 -2.52603816986084 1.7083807587623596 2.5048604011535645 1.6037713726046903 0.8183290362358093
Car -1 -1 -2.29 892.3215942382812 187.3879852294922 1233.6878662109375 376.89111328125 1.5756418704986572 1.5916823148727417 3.674678087234497 2.8916656970977783 1.6640516519546509 3.4709436893463135 -1.5921289477542384 0.7938750982284546
Car -1 -1 -1.71 653.0380859375 182.73973083496094 697.6044311523438 218.05596923828125 1.5008960962295532 1.6128296852111816 4.15457820892334 2.9350595474243164 1.9948891997337341 33.70629119873047 -1.6198471304081288 0.778619647026062
Car -1 -1 -1.81 655.6312255859375 175.58963012695312 712.7507934570312 220.1081085205078 1.7792822122573853 1.657349944114685 4.004639625549316 3.058314085006714 1.9839577078819275 31.06155776977539 -1.7125945332737729 0.6069918870925903
Car -1 -1 -1.86 762.4108276367188 195.572021484375 1132.4893798828125 373.2060852050781 1.5123350620269775 1.5632386207580566 3.3977136611938477 2.789950370788574 1.804009199142456 7.686983108520508 -1.5151880293340554 0.6050963997840881
Car -1 -1 -1.89 819.4033203125 195.31411743164062 1203.3173828125 363.3533020019531 1.5860247611999512 1.564484715461731 3.3835573196411133 2.850831985473633 1.819841742515564 6.506677627563477 -1.4741773177176682 0.38348573446273804
Van -1 -1 -1.74 667.729248046875 171.49549865722656 735.1581420898438 229.2447967529297 1.9949538707733154 1.7932957410812378 4.331817150115967 3.2226622104644775 1.9439756274223328 26.228652954101562 -1.6223282455810786 0.37550270557403564
Car -1 -1 2.46 11.341726303100586 223.0350341796875 256.662633895874 368.8385009765625 1.5355042219161987 1.653864860534668 4.239548206329346 -2.6960906982421875 1.8354633450508118 2.5798611640930176 1.6537557136791552 0.308639258146286
Car -1 -1 -1.67 656.482421875 178.31689453125 703.055908203125 218.3821258544922 1.673192024230957 1.671950340270996 4.032384395599365 3.051809549331665 2.029536485671997 33.797157287597656 -1.5769222065692219 0.278000146150589
Car -1 -1 -1.73 665.4871826171875 174.4835205078125 726.6522827148438 226.38414001464844 1.7456239461898804 1.6462984085083008 3.9725399017333984 2.915961265563965 1.8399382829666138 25.135635375976562 -1.6176833914386712 0.24330489337444305
Car -1 -1 2.55 4.298181533813477 222.36277770996094 196.58278846740723 374.397216796875 1.4983994960784912 1.6568520069122314 4.316211223602295 -3.6970090866088867 1.8754935264587402 2.698744058609009 1.6059906476797305 0.24301780760288239
Car -1 -1 2.4 52.525604248046875 221.9382781982422 314.8829345703125 367.90570068359375 1.53131902217865 1.5769566297531128 3.7840120792388916 -2.2267508506774902 1.7960672974586487 2.605074167251587 1.6899219928718736 0.2427941858768463
Van -1 -1 -1.74 701.03076171875 168.3183135986328 862.6343383789062 294.1123962402344 1.9149956703186035 1.7362661361694336 4.478291988372803 2.774332284927368 1.868161678314209 12.533493995666504 -1.5270073371910478 0.23445996642112732
Car -1 -1 -1.88 791.828369140625 200.94427490234375 1100.094482421875 360.6662292480469 1.4779958724975586 1.5882583856582642 3.502106189727783 2.980468511581421 1.8770802021026611 7.282327651977539 -1.4952549131155193 0.227656751871109
Car -1 -1 -1.78 703.4818725585938 169.51898193359375 833.5328369140625 278.9524230957031 1.6832674741744995 1.6207146644592285 4.2342352867126465 2.797337532043457 1.7022912502288818 12.790215492248535 -1.5671469013583028 0.2227993607521057
Car -1 -1 -2.25 871.2945556640625 106.88435363769531 1235.7271728515625 377.4773712158203 1.7761740684509277 1.621475338935852 3.998533248901367 2.941439151763916 1.6336115598678589 3.137059450149536 -1.4973029397365174 0.21116496622562408
Car -1 -1 2.27 93.5855941772461 223.29513549804688 356.67870330810547 367.7858581542969 1.5236157178878784 1.5720438957214355 3.518368721008301 -2.3936448097229004 1.7919859290122986 2.822387218475342 1.5700266197266375 0.2106042057275772
Car -1 -1 -1.71 649.3989868164062 184.4466552734375 689.8778076171875 216.517822265625 1.4668303728103638 1.6116207838058472 4.165934085845947 2.871067523956299 2.0353346467018127 34.24849319458008 -1.621458972748889 0.20534448325634003
Car -1 -1 -1.83 736.7840576171875 186.0115203857422 948.7651977539062 326.92333984375 1.600158929824829 1.6090937852859497 3.6414661407470703 2.593324899673462 1.7575128078460693 8.184303283691406 -1.5256422728835668 0.18938781321048737
Car -1 -1 1.58 590.4986572265625 181.5821533203125 608.727294921875 199.8592987060547 1.600404977798462 1.6544010639190674 4.079567909240723 -0.9958242774009705 2.4454346895217896 69.16789245605469 1.5704282656648534 0.16533465683460236