Car -1 -1 1.84 213.7346649169922 194.69056701660156 400.0603332519531 308.9560241699219 1.3800100088119507 1.6148008108139038 4.100741386413574 -4.551062107086182 1.7615582346916199 11.4202880859375 1.4600825370270716 0.889607310295105
Van -1 -1 -1.65 522.7294921875 147.65150451660156 593.1588134765625 201.31857299804688 2.4997663497924805 2.0815017223358154 5.839670181274414 -2.912043809890747 1.3210268691182137 38.81571960449219 -1.7276309077762697 0.7592650055885315
Car -1 -1 -1.65 402.6719970703125 180.74122619628906 442.0655517578125 207.9197235107422 1.4788013696670532 1.6665809154510498 3.970852851867676 -10.561469078063965 1.9018839001655579 40.57847595214844 -1.901770696152246 0.7333318591117859
Car -1 -1 -1.88 520.416748046875 148.44363403320312 593.1328735351562 199.96160888671875 2.2977828979492188 1.8804423809051514 4.538919448852539 -2.704819917678833 1.2523134797811508 35.423362731933594 -1.951266481464737 0.7191789746284485
Car -1 -1 2.7 1168.50830078125 92.01647186279297 1249.276611328125 166.046875 1.7238682508468628 1.676802635192871 4.11268424987793 19.454181671142578 -0.4356837868690491 21.36870002746582 -2.8434592147953914 0.31457751989364624
Car -1 -1 -2.37 1034.1668701171875 25.147396087646484 1082.4610595703125 62.081077575683594 1.6069650650024414 1.6115121841430664 3.695369005203247 20.071943283081055 -4.84709358215332 32.58597183227539 -1.8223040694768775 0.29138103127479553
Car -1 -1 -3.04 1030.149658203125 32.23891067504883 1083.6229248046875 67.33446502685547 1.4885507822036743 1.5263222455978394 3.8140652179718018 18.2330265045166 -4.387751758098602 30.118101119995117 -2.490743366688898 0.2502259314060211
Car -1 -1 -1.59 403.92864990234375 174.92633056640625 437.9188537597656 204.55934143066406 1.507530927658081 1.7447729110717773 3.7283411026000977 -10.631110191345215 1.8605773448944092 40.66837692260742 -1.8433706283114955 0.23655299842357635
Car -1 -1 -1.65 393.5624084472656 174.22679138183594 438.1171875 203.70346069335938 1.4952023029327393 1.6532189846038818 3.9457874298095703 -10.259085655212402 1.638952910900116 38.55414581298828 -1.9055724749626766 0.22261980175971985
Car -1 -1 2.68 1137.795654296875 96.57054901123047 1246.1217041015625 170.1942596435547 1.6500459909439087 1.7353705167770386 4.416956424713135 19.242189407348633 -0.359469473361969 22.092857360839844 -2.891364454610004 0.21127691864967346
Car -1 -1 2.67 1187.407470703125 87.5202865600586 1246.2891845703125 163.894287109375 1.8246500492095947 1.681043267250061 3.888683319091797 19.083385467529297 -0.3895357847213745 20.516639709472656 -2.8679771595557506 0.2055218666791916
Car -1 -1 -2.49 1027.7958984375 28.054824829101562 1077.9827880859375 63.02348709106445 1.604349970817566 1.6081218719482422 3.757342576980591 19.806020736694336 -4.783690989017487 32.49526596069336 -1.9452080777229144 0.188360333442688
Car -1 -1 -3.14 1021.916748046875 34.210601806640625 1076.5406494140625 67.8539810180664 1.5192281007766724 1.5605913400650024 3.901761531829834 17.63215446472168 -4.286742627620697 29.672443389892578 -2.604644757327776 0.1861020177602768
Car -1 -1 -2.75 1126.445068359375 205.26931762695312 1230.8311767578125 380.4002380371094 1.5571174621582031 1.7133820056915283 4.09988260269165 2.5192742347717285 1.550828993320465 1.150537371635437 -1.6052845551780726 0.1714111715555191
Car -1 -1 -0.46 -0.04371340945363045 245.2843017578125 24.353194396942854 381.6177978515625 1.5430859327316284 1.6803722381591797 3.875692367553711 -2.1843836307525635 1.3783571124076843 1.1982380151748657 -1.530129058788769 0.15899969637393951
Car -1 -1 1.31 1191.203369140625 93.41630554199219 1239.441162109375 158.869140625 1.6523419618606567 1.6872371435165405 3.9723381996154785 20.05518913269043 -0.4158264994621277 21.266237258911133 2.0697266586725176 0.13178296387195587