Car -1 -1 -1.43 437.3892517089844 181.83612060546875 512.1324462890625 238.45314025878906 1.5336520671844482 1.690329670906067 4.274022102355957 -4.013147354125977 1.4985439777374268 22.356277465820312 -1.6026204345878812 0.889704704284668
Car -1 -1 -1.24 135.57846069335938 170.67233276367188 445.6395263671875 371.6470031738281 1.6962450742721558 1.7036927938461304 4.239232540130615 -3.192171812057495 1.574435532093048 8.108365058898926 -1.6129573150629533 0.8805297613143921
Car -1 -1 -1.56 565.9701538085938 180.73403930664062 611.1531372070312 222.11241149902344 1.580153226852417 1.682563066482544 3.8630874156951904 -0.810875415802002 1.4157609343528748 29.593074798583984 -1.588626435981313 0.8705151081085205
Car -1 -1 -0.95 68.16059875488281 189.59674072265625 279.619384765625 281.7946472167969 1.425209641456604 1.6156325340270996 3.7937662601470947 -7.664816856384277 1.5238242745399475 13.001532554626465 -1.4870649073666327 0.863102912902832
Car -1 -1 -1.47 504.2578125 184.0213623046875 546.0440063476562 215.94134521484375 1.413928747177124 1.6528816223144531 4.1623687744140625 -3.912193775177002 1.4192638397216797 34.77391052246094 -1.5809037011852434 0.8565340042114258
Car -1 -1 -0.86 -3.5724782943725586 188.84239196777344 79.79051303863525 264.5945739746094 1.478602647781372 1.6613702774047852 3.9116370677948 -13.432525634765625 1.6690698862075806 15.07468318939209 -1.5852041960665684 0.76220703125
Van -1 -1 1.61 533.651123046875 167.8740692138672 559.7913208007812 198.87954711914062 2.49886417388916 2.028883695602417 6.134242534637451 -5.555869102478027 1.1615523546934128 66.67015838623047 1.5263175303324044 0.6193687915802002
Car -1 -1 2.27 321.7981872558594 184.6260223388672 424.40496826171875 228.90077209472656 1.5962361097335815 1.6448661088943481 3.939995765686035 -9.172127723693848 1.5858207941055298 28.405406951904297 1.9564487788551626 0.6136802434921265
Car -1 -1 -1.12 339.35101318359375 184.6260528564453 419.20361328125 222.57469177246094 1.509916067123413 1.620036005973816 4.010239124298096 -9.244490623474121 1.4741246700286865 29.61784553527832 -1.4191582216435208 0.5597562789916992
Car -1 -1 -0.69 2.746070146560669 192.79490661621094 103.12550282478333 264.1875305175781 1.4495594501495361 1.6412631273269653 4.351822853088379 -13.482176780700684 1.6407649517059326 15.231534957885742 -1.4104326946394465 0.5091719031333923
Car -1 -1 -0.38 66.1670913696289 180.81492614746094 310.0950698852539 292.1070861816406 1.5080249309539795 1.6143041849136353 3.911731243133545 -7.732051849365234 1.5481216311454773 13.195433616638184 -0.913193518608078 0.4674161374568939
Car -1 -1 0.69 712.1327514648438 245.87158203125 984.5670166015625 369.26239013671875 1.4728163480758667 1.5603537559509277 3.5250167846679688 0.7533966302871704 1.6554544568061829 2.2916030883789062 1.003533862599335 0.3768414855003357
Van -1 -1 1.62 536.8680419921875 172.23516845703125 560.3775634765625 197.83169555664062 2.6014182567596436 2.0054001808166504 6.026501178741455 -5.6275954246521 1.266981314867735 68.79742431640625 1.5357486562376268 0.3664029836654663
Car -1 -1 -0.8 1.1070533990859985 186.94940185546875 71.5192619562149 256.6944580078125 1.4474480152130127 1.5463848114013672 3.7772302627563477 -14.672882080078125 1.560076117515564 16.307104110717773 -1.5340900793014045 0.3354555666446686
Car -1 -1 0.79 659.8657836914062 229.4741668701172 1001.4702758789062 375.1978454589844 1.622846245765686 1.5682421922683716 3.6363284587860107 1.0920767784118652 1.647162675857544 2.592195510864258 1.1915716235839557 0.32431620359420776
Car -1 -1 0.82 749.9302368164062 234.74229431152344 1073.6893310546875 372.8587341308594 1.4685920476913452 1.6169626712799072 4.081658840179443 1.9224207401275635 1.7418156266212463 2.5335893630981445 1.4662498456026727 0.31498074531555176
Car -1 -1 -1.12 396.4001770019531 184.12445068359375 454.95416259765625 217.4815673828125 1.4533220529556274 1.6308401823043823 4.307041645050049 -8.574256896972656 1.438829779624939 34.31071472167969 -1.369634808053866 0.31271302700042725
Car -1 -1 -1.06 84.64132690429688 177.42349243164062 358.4294128417969 321.6791687011719 1.5338990688323975 1.6629220247268677 3.9120402336120605 -7.673367023468018 1.4405100345611572 12.86391830444336 -1.5998442399105137 0.30409711599349976
Car -1 -1 -1.21 112.4881820678711 177.4197998046875 403.28633880615234 337.500244140625 1.5892678499221802 1.6766163110733032 4.118182182312012 -3.383045196533203 1.5119049549102783 8.127603530883789 -1.6059126483463366 0.29263556003570557
Car -1 -1 -1.57 564.5494384765625 180.86224365234375 603.253173828125 218.61294555664062 1.5860087871551514 1.6567683219909668 4.0012359619140625 -0.7248914837837219 1.4415534138679504 30.6374568939209 -1.594086391494943 0.2817530333995819
Van -1 -1 0.68 530.2528686523438 172.1823272705078 557.0484008789062 200.9632110595703 2.346203088760376 1.8541074991226196 5.5887346267700195 -5.559447765350342 1.2404768764972687 64.89669036865234 0.5936014615317262 0.2638712525367737
Car -1 -1 0.65 697.3497314453125 240.2499237060547 1034.7291259765625 377.0173034667969 1.5595635175704956 1.604753017425537 3.798152208328247 0.29955562949180603 1.7828308939933777 2.6036601066589355 0.7673722506358658 0.2567189633846283
Car -1 -1 -1.6 511.2015686035156 179.969970703125 549.12353515625 213.17160034179688 1.4837496280670166 1.6140503883361816 4.008223056793213 -4.030876636505127 1.421176016330719 35.0265007019043 -1.7105061758334514 0.2504936158657074
Car -1 -1 0.96 670.73291015625 218.94436645507812 1058.3004150390625 381.505126953125 1.5385686159133911 1.6038931608200073 3.8671340942382812 0.8233590126037598 1.7341633439064026 3.2573184967041016 1.205488005763021 0.2259197235107422
Car -1 -1 2.17 309.9170227050781 185.95816040039062 412.9771423339844 233.22695922851562 1.6202032566070557 1.6664633750915527 4.02061128616333 -9.400437355041504 1.7352547645568848 28.171905517578125 1.8481223508609839 0.2179151028394699
Car -1 -1 0.67 739.2232666015625 259.5538635253906 1009.682373046875 372.02972412109375 1.4896740913391113 1.5941481590270996 3.823298692703247 0.5503523349761963 1.6980434656143188 2.316356658935547 0.906529423506111 0.21481505036354065
Car -1 -1 2.02 11.103571891784668 196.51113891601562 137.80488872528076 265.6935729980469 1.437863826751709 1.6530680656433105 3.9014668464660645 -13.03776741027832 1.653449833393097 16.071426391601562 1.3416540466381983 0.20157498121261597
Car -1 -1 -0.64 1.1533269882202148 187.023681640625 69.89369869232178 278.613037109375 1.549709677696228 1.662330150604248 3.940276622772217 -13.697861671447754 1.6739487051963806 14.374357223510742 -1.4054016997657257 0.19714295864105225
Car -1 -1 -0.39 -9.522706031799316 187.520263671875 63.59329891204834 267.8484802246094 1.5723950862884521 1.581436276435852 4.0261945724487305 -10.671473503112793 1.4892076253890991 11.280531883239746 -1.142762936236057 0.18671737611293793
Car -1 -1 2.32 380.5882568359375 183.589599609375 445.39202880859375 216.63685607910156 1.477827787399292 1.6711512804031372 3.707056999206543 -9.472114562988281 1.437881588935852 35.46944808959961 2.054386495318851 0.18645969033241272
Car -1 -1 -0.37 -5.936689376831055 179.17745971679688 83.71013069152832 274.5102844238281 1.5204052925109863 1.6601932048797607 4.1440582275390625 -12.655000686645508 1.563001811504364 13.128938674926758 -1.1402013319260007 0.17884981632232666
Car -1 -1 -0.25 0.3405918478965759 177.02171325683594 76.72592204809189 289.0633544921875 1.5615211725234985 1.6428366899490356 4.142504692077637 -13.189404487609863 1.7242111563682556 13.354347229003906 -1.0305385373768488 0.17312507331371307
Car -1 -1 -1.94 513.7373046875 177.53160095214844 553.8280639648438 210.98744201660156 1.595210075378418 1.6580616235733032 4.191788196563721 -3.9561617374420166 1.4255650043487549 36.357181549072266 -2.044332442666196 0.15858019888401031
Car -1 -1 -0.31 -5.175019264221191 192.5388946533203 55.40641689300537 288.30517578125 1.5528936386108398 1.6072951555252075 4.191460132598877 -11.863760948181152 1.7251032590866089 11.788186073303223 -1.103165259781406 0.15816481411457062
Car -1 -1 -0.1 106.17771911621094 176.42701721191406 316.64471435546875 284.8565979003906 1.5291986465454102 1.6706088781356812 4.091064929962158 -8.795720100402832 1.5631991624832153 16.837078094482422 -0.5811988181849523 0.14272792637348175
Car -1 -1 -0.77 112.16098022460938 174.254150390625 360.0927734375 294.8793029785156 1.533369779586792 1.6941123008728027 4.100155830383301 -5.948081016540527 1.5884131789207458 13.039710998535156 -1.1929771944813465 0.141418918967247