Car -1 -1 1.9 411.0341491699219 183.3341522216797 519.285400390625 245.68374633789062 1.4107955694198608 1.5402650833129883 3.8989923000335693 -3.7241339683532715 1.7206633687019348 19.051780700683594 1.7038653340304064 0.8954905867576599
Car -1 -1 -1.59 713.2542114257812 175.24252319335938 778.7600708007812 231.72412109375 1.4385581016540527 1.5886287689208984 3.395209789276123 3.956974506378174 1.5463818311691284 21.348154067993164 -1.4073692255665406 0.851696789264679
Pedestrian -1 -1 1.45 899.9609375 142.83151245117188 950.7814331054688 274.16241455078125 1.832413911819458 0.6115244030952454 0.9744721055030823 4.657017707824707 1.420666754245758 10.759626388549805 1.858129855178742 0.8187252283096313
Car -1 -1 1.78 656.2013549804688 170.47703552246094 687.321533203125 190.92681884765625 1.4473963975906372 1.6353017091751099 3.977010726928711 4.6257548332214355 1.3094804286956787 53.90143585205078 1.8628976389554337 0.5534861087799072
Car -1 -1 -1.56 716.9908447265625 175.71791076660156 773.571533203125 224.37123107910156 1.482513427734375 1.5708681344985962 3.321290969848633 4.069411754608154 1.5516179203987122 21.488122940063477 -1.369714005634136 0.5314562320709229
Car -1 -1 -1.51 710.6426391601562 171.06698608398438 738.64111328125 203.14056396484375 1.4201228618621826 1.5440232753753662 3.399679660797119 6.417489051818848 1.5616292357444763 40.66864776611328 -1.3531955438808332 0.2841694951057434
Car -1 -1 -1.54 1040.84228515625 18.55848503112793 1086.7122802734375 51.02862358093262 1.5811779499053955 1.6280628442764282 3.9598195552825928 26.34549903869629 -6.939197421073914 41.33293533325195 -0.9747913993187458 0.26079145073890686
Cyclist -1 -1 -1.76 899.4461669921875 144.97866821289062 951.959228515625 277.3831481933594 1.7577242851257324 0.5079065561294556 1.769431710243225 4.662317276000977 1.3972232937812805 10.858184814453125 -1.3575884683988706 0.2492668628692627
Pedestrian -1 -1 2.22 886.0330200195312 150.87783813476562 953.30810546875 268.794921875 1.7975656986236572 0.6428289413452148 0.9346758723258972 4.281612396240234 1.475820004940033 10.161006927490234 2.6229459202710848 0.23711267113685608
Van -1 -1 -0.81 971.960205078125 129.5271759033203 1223.8057861328125 248.41773986816406 1.9856044054031372 1.7431581020355225 4.6193623542785645 10.054356575012207 1.1539488285779953 14.80268383026123 -0.21794523314732217 0.20447798073291779
Pedestrian -1 -1 -1.87 713.11669921875 169.70144653320312 732.5106811523438 200.8036651611328 1.707088828086853 0.6535115838050842 0.7701544761657715 5.416487216949463 1.515745460987091 34.56233596801758 -1.7137649827596908 0.20012232661247253
Car -1 -1 -1.69 1048.3638916015625 18.271167755126953 1092.814453125 50.47677230834961 1.5493054389953613 1.6102393865585327 3.944659948348999 26.479082107543945 -6.98802924156189 41.38035202026367 -1.1186451438408014 0.19914548099040985
Car -1 -1 -1.51 710.01025390625 172.60353088378906 741.7042236328125 207.25096130371094 1.4453095197677612 1.4984734058380127 3.294992685317993 6.221775531768799 1.6632636189460754 38.77760314941406 -1.346774515561168 0.1984214186668396
Car -1 -1 -1.47 725.1617431640625 174.63031005859375 765.5067749023438 212.23606872558594 1.4590349197387695 1.563963532447815 3.4825329780578613 5.160712242126465 1.5324555039405823 27.083518981933594 -1.2778432049760697 0.19515559077262878
Car -1 -1 -0.87 1035.758056640625 17.41629981994629 1080.442626953125 50.17645454406738 1.5132046937942505 1.6660290956497192 4.188037872314453 26.043842315673828 -7.0979103446006775 40.71255111694336 -0.2975804923449932 0.19116465747356415
Car -1 -1 -2.12 518.1004028320312 59.75385665893555 570.6851806640625 82.71435546875 1.899187684059143 1.807979941368103 4.7005109786987305 -4.241436004638672 -5.8984052538871765 53.290016174316406 -2.198476019799264 0.17649102210998535
Car -1 -1 -1.42 716.9713745117188 174.33956909179688 765.0200805664062 215.93849182128906 1.4139220714569092 1.5756864547729492 3.2375872135162354 4.672426700592041 1.5274802446365356 25.08595085144043 -1.238007330912259 0.176443949341774
Car -1 -1 -2.68 1175.829833984375 247.51852416992188 1247.5819091796875 365.6943664550781 1.7119652032852173 1.6424287557601929 3.9822139739990234 1.9644629955291748 1.411567211151123 1.2757335901260376 -1.6816074575083748 0.1687583476305008
Car -1 -1 -2.66 1145.96875 240.20701599121094 1235.3988037109375 375.2951354980469 1.514267086982727 1.5484012365341187 3.733394145965576 1.7316735982894897 1.2399932146072388 1.0525482892990112 -1.632990675677445 0.15768101811408997
Pedestrian -1 -1 0.63 711.942138671875 173.37857055664062 745.8935546875 219.26722717285156 1.5333210229873657 0.6957900524139404 0.8184674382209778 3.58964204788208 1.454017698764801 21.8955135345459 0.793952164426234 0.1519870012998581
Pedestrian -1 -1 -0.61 711.32958984375 171.41354370117188 738.355712890625 208.73257446289062 1.5928101539611816 0.7154927849769592 0.7645748853683472 4.272233486175537 1.3954461216926575 27.577594757080078 -0.45815843548665525 0.13109491765499115