Car -1 -1 -1.77 698.3467407226562 185.4766082763672 805.619873046875 257.5260925292969 1.3743816614151 1.6347438097000122 4.164019584655762 3.164661407470703 1.7592818140983582 16.915367126464844 -1.5898289641782064 0.8823637366294861
Car -1 -1 -1.68 656.681396484375 174.3495330810547 700.6784057617188 211.07809448242188 1.7236104011535645 1.6861435174942017 3.957990884780884 3.243089199066162 1.821931004524231 34.767845153808594 -1.5833814762625815 0.8586882948875427
Car -1 -1 -2.1 786.3521118164062 198.06631469726562 1237.90771484375 373.73272705078125 1.5030148029327393 1.6185171604156494 4.138480186462402 2.7254698276519775 1.741604506969452 5.574321269989014 -1.6489559208039353 0.8323979377746582
Car -1 -1 0.48 0.6003963351249695 188.7443389892578 357.38759726285934 306.8254089355469 1.4629265069961548 1.5970051288604736 4.030673980712891 -5.788191318511963 1.6844045519828796 9.73684024810791 -0.05593011117282165 0.8280901312828064
Car -1 -1 -2.83 449.5696105957031 175.41104125976562 534.9186401367188 213.0033416748047 1.5970509052276611 1.6554248332977295 3.942570686340332 -5.194035053253174 1.745084285736084 31.52490234375 -2.997137122119044 0.7751016020774841
Car -1 -1 -2.94 419.10723876953125 179.7332305908203 516.3350219726562 221.31625366210938 1.4515342712402344 1.6044623851776123 4.111535549163818 -5.237396717071533 1.6975560188293457 27.159221649169922 -3.1308628561961775 0.7181878685951233
Car -1 -1 -2.56 156.88775634765625 166.67518615722656 391.0150146484375 264.0462341308594 1.734447717666626 1.7201982736587524 4.094974994659424 -6.411565780639648 1.6723296642303467 14.375421524047852 -2.9812410435609182 0.6996259689331055
Car -1 -1 0.15 311.7153015136719 177.31277465820312 464.5690612792969 236.8330535888672 1.5081944465637207 1.6341718435287476 3.6495583057403564 -5.990411758422852 1.6752679347991943 20.111438751220703 -0.13559643363351803 0.6021824479103088
Car -1 -1 -2.83 111.81226348876953 178.6270294189453 392.08573150634766 272.0934753417969 1.5825464725494385 1.6301544904708862 4.239080429077148 -6.216497421264648 1.7696796655654907 12.854476928710938 3.0063278542180107 0.5940511226654053
Car -1 -1 -2.9 431.1053161621094 178.4410400390625 524.350341796875 218.74227905273438 1.4848500490188599 1.5960644483566284 4.005917549133301 -5.42766809463501 1.727077066898346 30.466934204101562 -3.079375501751654 0.55946946144104
Car -1 -1 -2.68 55.31829071044922 179.02325439453125 398.12328338623047 289.44830322265625 1.5319143533706665 1.5977059602737427 4.111628532409668 -6.055994987487793 1.6939257383346558 12.538080215454102 -3.128102937192054 0.5458476543426514
Car -1 -1 -3.05 486.6563720703125 174.28839111328125 551.1232299804688 205.26051330566406 1.6743379831314087 1.749550223350525 4.028487682342529 -5.103155136108398 1.8071879148483276 39.5455436706543 3.1058978328050406 0.5187708735466003
Car -1 -1 1.16 303.2722473144531 173.777587890625 440.67852783203125 234.09974670410156 1.5070475339889526 1.6140668392181396 3.8227243423461914 -6.7704644203186035 1.647875189781189 20.757776260375977 0.8461645964431632 0.4601845145225525
Car -1 -1 -2.93 464.6891784667969 175.5667724609375 550.4529418945312 208.28134155273438 1.573255181312561 1.653914213180542 4.240005016326904 -5.287263870239258 1.7161591053009033 40.14904022216797 -3.0637073201037186 0.43022415041923523
Car -1 -1 -2.54 290.501953125 172.93557739257812 460.77471923828125 241.197509765625 1.5945230722427368 1.6094552278518677 3.7068426609039307 -5.886434555053711 1.653298795223236 18.873586654663086 -2.8420746261120673 0.3929802477359772
Car -1 -1 -2.8 388.0299377441406 182.77760314941406 501.97003173828125 225.63140869140625 1.4112335443496704 1.5722506046295166 3.717897415161133 -5.4949421882629395 1.7504343390464783 24.93173599243164 -3.0194519782018077 0.3732483685016632
Van -1 -1 -2.76 172.05247497558594 165.376220703125 394.6550598144531 260.3923645019531 1.8611193895339966 1.8112868070602417 4.469613552093506 -6.686464309692383 1.6658230423927307 15.226367950439453 3.112515735129729 0.333527535200119
Car -1 -1 -2.27 316.3662414550781 177.6846160888672 427.6077575683594 230.38961791992188 1.562566876411438 1.6066688299179077 3.8743128776550293 -7.391793727874756 1.6817493438720703 22.58479881286621 -2.5839249940976226 0.29410356283187866
Car -1 -1 -2.77 367.9576110839844 182.5158233642578 488.8343811035156 230.26104736328125 1.419844627380371 1.5786045789718628 3.6501617431640625 -5.818391799926758 1.7669082880020142 23.376850128173828 -3.0106526093333894 0.2757083773612976
Car -1 -1 -2.68 402.6308288574219 178.0606231689453 512.0864868164062 223.99607849121094 1.5026859045028687 1.5883280038833618 3.693589687347412 -5.237239360809326 1.769838035106659 26.494504928588867 -2.8800473543666385 0.2713351547718048
Car -1 -1 -2.53 345.0291748046875 177.3641815185547 470.9714050292969 236.07835388183594 1.4240068197250366 1.5822023153305054 3.443821430206299 -5.76771879196167 1.6871966123580933 20.37537956237793 -2.8086417578061234 0.27077212929725647
Van -1 -1 -2.7 125.77262115478516 174.3287353515625 387.5582962036133 275.196044921875 1.8881664276123047 1.741685152053833 4.724350929260254 -7.05578088760376 1.7723921537399292 15.891470909118652 -3.1131580962997507 0.2532646059989929
Car -1 -1 -2.26 505.4504699707031 174.740966796875 554.873779296875 204.2838592529297 1.6193033456802368 1.739332914352417 4.343450546264648 -4.637964248657227 1.748619019985199 43.14052200317383 -2.365330025726341 0.24961385130882263
Car -1 -1 -1.67 653.503173828125 175.81614685058594 694.2910766601562 208.73236083984375 1.6653602123260498 1.6193022727966309 3.9317305088043213 3.2627925872802734 1.8199672102928162 35.57625198364258 -1.5794091704722604 0.2487788200378418
Car -1 -1 -2.66 190.18853759765625 170.99908447265625 399.5954284667969 252.3262481689453 1.6828343868255615 1.660251498222351 3.930185079574585 -6.66632080078125 1.670370101928711 15.418145179748535 -3.064342497563887 0.24822616577148438
Car -1 -1 -2.63 460.23468017578125 171.87387084960938 542.3386840820312 210.25706481933594 1.6849230527877808 1.6465669870376587 3.8864336013793945 -5.12792444229126 1.712716519832611 34.96443176269531 -2.7732031022609362 0.22252966463565826
Van -1 -1 -3.03 279.5245666503906 172.13034057617188 449.8475036621094 237.16854858398438 1.9508899450302124 1.7927833795547485 4.676644802093506 -6.557940483093262 1.8517959713935852 19.697742462158203 2.9299660571601898 0.21776002645492554
Car -1 -1 -2.73 494.1375427246094 173.80917358398438 559.3204345703125 203.68020629882812 1.5004327297210693 1.690797209739685 4.085700035095215 -4.660264492034912 1.6739631295204163 40.113624572753906 -2.8441905883628973 0.21039599180221558
Van -1 -1 -2.72 488.5182189941406 173.34422302246094 552.57275390625 205.72402954101562 1.903652310371399 1.7688332796096802 4.583559036254883 -5.253056526184082 1.8848105669021606 41.627540588378906 -2.8453563599801894 0.20129311084747314
Van -1 -1 -2.72 454.8806457519531 173.53187561035156 545.2235107421875 210.25767517089844 1.8702493906021118 1.8315094709396362 5.023471355438232 -5.3294358253479 1.8077160120010376 37.89759826660156 -2.857462755615469 0.19393093883991241
Van -1 -1 -2.79 467.5144958496094 173.97799682617188 550.9421997070312 207.1803436279297 1.838923692703247 1.8132699728012085 4.747397422790527 -5.3547797203063965 1.7578004598617554 41.45356750488281 -2.922918988318642 0.1811034381389618
Car -1 -1 -3.02 481.8604431152344 175.90292358398438 546.4619750976562 209.65602111816406 1.595765471458435 1.61349356174469 3.9044735431671143 -5.052811145782471 1.8357110619544983 37.64807891845703 3.132871270244312 0.17985543608665466
Car -1 -1 1.52 638.9678344726562 177.037109375 662.8118286132812 195.5075225830078 1.5157976150512695 1.6627904176712036 3.8765101432800293 3.29679799079895 1.8748222589492798 60.0747184753418 1.5702948844263096 0.17629601061344147
Car -1 -1 -0.28 941.2617797851562 197.65298461914062 1267.87939453125 395.5570068359375 1.4089372158050537 1.5941758155822754 4.693645477294922 2.7259578704833984 1.5125322937965393 4.297605037689209 0.2844582688574726 0.1756562441587448
Car -1 -1 -1.4 265.6534729003906 172.47781372070312 425.1473083496094 239.3246612548828 1.5989331007003784 1.64378023147583 3.9521238803863525 -6.791685104370117 1.608634889125824 20.698585510253906 -1.716752244807612 0.1725393831729889
Van -1 -1 -0.91 -0.5239848494529724 183.78201293945312 385.765810072422 303.3096618652344 1.87073814868927 1.9683116674423218 5.031087398529053 -8.029573440551758 2.081611454486847 16.332719802856445 -1.3702126403395791 0.16876083612442017
Car -1 -1 -2.59 233.78033447265625 170.5302276611328 417.14666748046875 248.27760314941406 1.5988662242889404 1.6255921125411987 4.1129937171936035 -6.4881911277771 1.660441279411316 17.830123901367188 -2.9390649669736506 0.15514728426933289