Car -1 -1 -1.9 565.8433837890625 190.3275909423828 717.2421264648438 277.5185852050781 1.354642629623413 1.579946756362915 3.7948763370513916 0.33916324377059937 1.6801798343658447 13.33211898803711 -1.8700283649636535 0.8880037069320679
Car -1 -1 -1.73 466.05133056640625 182.44532775878906 524.7009887695312 223.08543395996094 1.389928936958313 1.6355507373809814 4.015982151031494 -4.515960693359375 1.7742170691490173 27.708585739135742 -1.891148049224106 0.872487485408783
Car -1 -1 1.74 283.427490234375 183.98959350585938 327.9615478515625 215.67727661132812 1.5420218706130981 1.635945439338684 4.062714576721191 -15.955719947814941 2.159404933452606 37.86438751220703 1.3423616333571502 0.8404189944267273
Car -1 -1 1.86 19.8507137298584 204.74444580078125 204.3066463470459 320.041748046875 1.4443745613098145 1.5417169332504272 3.548186779022217 -7.697509765625 1.9799892902374268 11.405305862426758 1.2640216294214408 0.8387985825538635
Van -1 -1 -2.28 731.8362426757812 106.95854949951172 1239.90087890625 382.2230453491211 2.0164401531219482 1.7971627712249756 4.459061145782471 2.9871859550476074 1.5706128478050232 6.038917064666748 -1.820326343814286 0.8176565170288086
Car -1 -1 2.11 -0.2579001784324646 212.24729919433594 135.74115377664566 369.31341552734375 1.4185805320739746 1.534105658531189 3.472841501235962 -5.94953727722168 1.8242930173873901 6.413309574127197 1.359471647577462 0.8171226978302002
Car -1 -1 -1.66 455.0897521972656 181.3834686279297 496.8471374511719 216.29534912109375 1.4670675992965698 1.6324310302734375 4.190224647521973 -6.313534736633301 1.876297414302826 33.704959869384766 -1.8461696963941963 0.7872634530067444
Car -1 -1 2.86 645.916015625 169.33753967285156 746.4539184570312 209.58421325683594 1.5753278732299805 1.7417453527450562 4.069624423980713 3.535350799560547 1.3836804032325745 29.6756649017334 2.976071192810533 0.7697866559028625
Car -1 -1 0.45 69.5262222290039 190.34231567382812 160.43983459472656 224.90652465820312 1.5185848474502563 1.532623291015625 3.65596604347229 -23.206117630004883 2.343587100505829 33.838409423828125 -0.15565113832630662 0.6881393790245056
Car -1 -1 -2.21 741.904541015625 138.4413299560547 1247.9229736328125 378.29083251953125 1.748732566833496 1.6884549856185913 4.246690273284912 2.729604959487915 1.5145214200019836 5.593888282775879 -1.7539145237527753 0.6816399693489075
Car -1 -1 -1.57 440.5059509277344 175.64425659179688 465.60650634765625 197.9233856201172 1.6808370351791382 1.6312665939331055 4.176689624786377 -12.60983657836914 1.9872053265571594 57.79575729370117 -1.7882650810790066 0.6680549383163452
Car -1 -1 -1.67 459.116455078125 181.4032745361328 509.9859313964844 217.6565704345703 1.4457578659057617 1.622412085533142 3.95974063873291 -5.9097137451171875 1.8357985019683838 32.65706253051758 -1.849329224829832 0.5515598654747009
Car -1 -1 1.98 5.521030426025391 206.1084442138672 160.6186408996582 351.29888916015625 1.4421517848968506 1.5597411394119263 3.5829591751098633 -5.625559329986572 1.7976511716842651 6.995490074157715 1.2979933403280075 0.5101891756057739
Car -1 -1 1.77 14.998937606811523 210.6510772705078 179.14073753356934 338.2698059082031 1.4092857837677002 1.550834059715271 3.649390697479248 -7.929049015045166 2.075244903564453 10.852794647216797 1.1411781430797596 0.4916308522224426
Car -1 -1 -0.75 66.84012603759766 185.30235290527344 165.64610290527344 221.69517517089844 1.7047853469848633 1.580701470375061 3.555199146270752 -24.51511573791504 2.4429908990859985 35.770713806152344 -1.3504928778002592 0.4620291292667389
Car -1 -1 1.71 322.290771484375 185.5036163330078 351.4436950683594 205.13502502441406 1.4051164388656616 1.5310741662979126 3.887694835662842 -19.307117462158203 2.293491303920746 50.39779281616211 1.3489030111908864 0.4272938668727875
Van -1 -1 -2.64 87.09864807128906 178.2345428466797 184.73094177246094 214.4062957763672 2.292715072631836 2.0248425006866455 4.914051532745361 -28.19814109802246 2.569585680961609 42.629119873046875 3.055993751013096 0.40265268087387085
Car -1 -1 1.74 293.365966796875 184.09776306152344 334.3111267089844 213.18309020996094 1.5250694751739502 1.6346213817596436 4.080427169799805 -16.796192169189453 2.223920226097107 40.91591262817383 1.3484102094149826 0.3839910328388214
Car -1 -1 -1.96 76.38726043701172 181.61341857910156 173.15855407714844 218.08155822753906 1.7466018199920654 1.6127890348434448 3.7037949562072754 -25.500308990478516 2.460219144821167 38.126434326171875 -2.546261088491984 0.38362574577331543
Car -1 -1 1.73 307.6511535644531 184.5561065673828 344.9191589355469 208.61019897460938 1.4585905075073242 1.5318013429641724 4.032187461853027 -18.646949768066406 2.240342140197754 47.813838958740234 1.3550172217073087 0.37383225560188293
Car -1 -1 1.69 367.0592346191406 180.88279724121094 388.338623046875 195.70704650878906 1.5259219408035278 1.642358660697937 4.153124809265137 -24.42453956604004 2.3351810574531555 75.71477508544922 1.3825310177190628 0.3679801821708679
Van -1 -1 -1.63 69.93310546875 181.22622680664062 175.96243286132812 217.37193298339844 2.212930202484131 2.03391170501709 4.79049825668335 -27.793996810913086 2.612308979034424 41.48408126831055 -2.216126586704325 0.36599284410476685
Car -1 -1 1.68 319.2505187988281 184.0043182373047 349.38751220703125 207.01507568359375 1.4560730457305908 1.5205310583114624 3.959158182144165 -19.191390991210938 2.2748069763183594 50.36062240600586 1.317369057669378 0.3545224964618683
Car -1 -1 -0.19 -1.919702410697937 200.89117431640625 86.73341953754425 248.90318298339844 1.4226958751678467 1.4541467428207397 2.967433214187622 -19.564435958862305 2.406784772872925 24.215177536010742 -0.8714179317671036 0.33407771587371826
Car -1 -1 1.72 315.7589416503906 185.8824005126953 346.6083068847656 206.31582641601562 1.3793193101882935 1.4893893003463745 3.9975719451904297 -18.9200382232666 2.242030918598175 48.65596389770508 1.3508621103424723 0.2844548225402832
Car -1 -1 1.71 300.7825622558594 184.5477294921875 338.57904052734375 211.6503448486328 1.4920907020568848 1.6103934049606323 4.085680961608887 -17.852291107177734 2.275107264518738 44.637474060058594 1.3253668991385936 0.27236780524253845
Car -1 -1 2.41 595.093994140625 173.19204711914062 679.4159545898438 204.61611938476562 1.4589322805404663 1.647257685661316 4.234527111053467 1.2476850748062134 1.4969525337219238 35.772823333740234 2.446064145263742 0.271605521440506
Van -1 -1 -0.06 64.16680145263672 184.7751007080078 168.5802764892578 220.65660095214844 2.0769498348236084 1.9207916259765625 4.512843608856201 -26.618629455566406 2.594504952430725 39.05527114868164 -0.6569030599128438 0.26352715492248535
Car -1 -1 -1.48 443.8890075683594 178.2129669189453 469.4974670410156 199.68612670898438 1.52187180519104 1.6206715106964111 4.223631381988525 -12.566770553588867 1.9576855897903442 57.792755126953125 -1.6980133448524501 0.2594914138317108
Car -1 -1 -1.93 573.02197265625 184.10646057128906 710.07568359375 262.8892822265625 1.3224880695343018 1.557660698890686 3.6842026710510254 0.41869279742240906 1.5258172154426575 13.750503540039062 -1.8987446949582854 0.2580767571926117
Car -1 -1 2.43 107.81614685058594 178.62374877929688 202.44879150390625 217.22080993652344 1.5662792921066284 1.5068182945251465 3.9913909435272217 -24.36191177368164 2.1677568554878235 38.331947326660156 1.8641476705258082 0.2561454176902771
Car -1 -1 -2.55 94.40469360351562 178.22682189941406 184.23028564453125 213.7369842529297 1.6642217636108398 1.6368738412857056 3.8408989906311035 -25.673873901367188 2.378598213195801 39.213356018066406 -3.1270016414773316 0.2560907304286957
Car -1 -1 -2.26 729.7730102539062 150.76304626464844 1128.474609375 367.2286071777344 1.6490075588226318 1.4326574802398682 4.532896041870117 2.9367260932922363 1.606517493724823 5.581085681915283 -1.7714615312162731 0.23532642424106598
Car -1 -1 -1.91 791.2854614257812 108.21652221679688 1231.263671875 352.7427978515625 1.6628233194351196 1.5632460117340088 4.5948381423950195 2.9858853816986084 1.6260467171669006 5.167000770568848 -1.3889935653390069 0.22708666324615479
Car -1 -1 2.19 594.9370727539062 171.98353576660156 692.898193359375 209.80740356445312 1.4431532621383667 1.638858675956726 3.998560667037964 1.5054540634155273 1.3700464367866516 35.17763137817383 2.2358422002038107 0.2198936939239502
Car -1 -1 -1.42 42.772789001464844 200.8739013671875 193.70101165771484 294.3882141113281 1.3970081806182861 1.5281593799591064 3.459832191467285 -8.164050102233887 1.81297767162323 12.191962242126465 -2.0053330883686 0.21211980283260345
Car -1 -1 0.93 717.48046875 57.037200927734375 1302.2598876953125 433.987060546875 1.7914576530456543 1.6179410219192505 4.4032511711120605 2.9948394298553467 1.5002346634864807 5.075820446014404 1.4640978816355146 0.21199260652065277
Car -1 -1 -2.23 880.7891235351562 103.3956298828125 1253.71435546875 371.98828125 1.898992657661438 1.731427550315857 4.338685035705566 3.562337875366211 1.5422141551971436 5.077829837799072 -1.6224664721997089 0.2095879465341568
Van -1 -1 2.91 640.7255859375 166.777099609375 748.111572265625 209.85826110839844 1.7301065921783447 1.7619199752807617 3.925801992416382 3.4500153064727783 1.464869737625122 29.187665939331055 3.0286792627839247 0.2066318541765213
Car -1 -1 2.53 625.5849609375 171.79820251464844 737.680419921875 223.86383056640625 1.5680392980575562 1.675663709640503 4.047887802124023 3.3186635971069336 1.381940245628357 29.413021087646484 2.6405416219752835 0.20605896413326263
Car -1 -1 -1.48 445.1103820800781 179.9643096923828 474.28466796875 204.23219299316406 1.5318392515182495 1.5735195875167847 4.14695930480957 -12.209787368774414 2.087729752063751 56.594627380371094 -1.6942752441310978 0.19912327826023102
Car -1 -1 2.27 10.124823570251465 210.30645751953125 119.73330593109131 334.488525390625 1.4532426595687866 1.5504283905029297 3.441359758377075 -6.377954959869385 1.8162359595298767 7.350791931152344 1.5524321274270774 0.19347523152828217
Car -1 -1 -1.71 447.4623718261719 181.9579315185547 483.65093994140625 212.43637084960938 1.4952768087387085 1.6221048831939697 3.885493278503418 -6.832386016845703 2.000485599040985 35.22267150878906 -1.905683648173655 0.18876253068447113
Car -1 -1 -0.17 100.83402252197266 182.5247039794922 191.9683074951172 218.9467315673828 1.4509774446487427 1.51133131980896 3.8551743030548096 -23.7922420501709 2.280787408351898 36.73863983154297 -0.7480301077457288 0.1869175285100937
Car -1 -1 -1.59 451.14874267578125 180.220458984375 490.7420349121094 212.0708465576172 1.5116064548492432 1.61357843875885 3.969822883605957 -6.3532514572143555 1.8449071645736694 33.51511764526367 -1.7803348022705263 0.17980360984802246
Car -1 -1 2.03 48.71270751953125 192.24209594726562 183.16444396972656 270.0069885253906 1.3557054996490479 1.574092149734497 3.704174757003784 -12.557522773742676 2.137850046157837 18.59456443786621 1.4340433782054829 0.17178885638713837
Car -1 -1 0.26 945.7700805664062 127.24368286132812 1253.6363525390625 397.2724609375 1.5660642385482788 1.8018940687179565 5.495798587799072 2.5072076320648193 1.5105679631233215 4.163994789123535 0.8063735311780413 0.16856801509857178
Car -1 -1 0.95 638.3687744140625 64.03338623046875 1211.222412109375 404.38153076171875 1.7209378480911255 1.6094521284103394 4.330646514892578 2.862163782119751 1.42104834318161 5.187680244445801 1.4589857314929828 0.16647405922412872
Car -1 -1 0.77 1149.46630859375 135.33335876464844 1241.2344970703125 343.00421142578125 1.6445430517196655 1.5361566543579102 3.465020179748535 7.685710430145264 1.5402899980545044 7.447491645812988 1.569275268190398 0.16219156980514526
Car -1 -1 -2.34 1196.071044921875 174.00144958496094 1241.243408203125 368.7130126953125 1.515495777130127 1.6319937705993652 3.6675078868865967 2.2712674140930176 1.1585258841514587 1.4924837350845337 -1.3507524638838513 0.1547461450099945
Car -1 -1 0.34 928.2955932617188 82.05204010009766 1241.41259765625 352.0706558227539 1.7511540651321411 1.6690776348114014 5.247531890869141 2.458172082901001 1.547835350036621 4.597545623779297 0.8278979229750791 0.1527988165616989
Car -1 -1 -1.61 441.1569519042969 178.7444610595703 465.6659240722656 202.95040893554688 1.6981024742126465 1.6502166986465454 4.171418190002441 -12.396676063537598 2.085896849632263 58.42744064331055 -1.8175672996750398 0.14863722026348114
Car -1 -1 1.83 604.1910400390625 173.4741668701172 724.6705932617188 235.9627227783203 1.4639588594436646 1.548841953277588 3.6452407836914062 1.5734021663665771 1.589423954486847 22.959470748901367 1.899159932219514 0.13697868585586548
Car -1 -1 -2.35 1166.9254150390625 189.2683563232422 1243.6002197265625 375.8974914550781 1.4824365377426147 1.573584794998169 3.6744742393493652 2.5308895111083984 1.3112601041793823 1.74472975730896 -1.3807840231324517 0.12551353871822357
Car -1 -1 1.4 1191.1796875 137.21141052246094 1242.59912109375 341.6988830566406 1.580929160118103 1.5950560569763184 3.6769518852233887 6.811192035675049 1.4157706499099731 5.615124702453613 2.2845913831049467 0.1167086660861969
Car -1 -1 1.51 1119.7886962890625 160.2001495361328 1244.0291748046875 353.2364501953125 1.6403775215148926 1.5286329984664917 3.5250613689422607 5.096616268157959 1.5646785497665405 4.64548921585083 2.3387825075558 0.11227311193943024
Car -1 -1 -1.49 446.047119140625 178.49293518066406 484.0782470703125 206.13497924804688 1.620154857635498 1.5993958711624146 4.182267189025879 -9.308698654174805 2.0444778203964233 47.47624206542969 -1.6880704193297085 0.10638111084699631
Car -1 -1 -2.17 1180.570068359375 147.21946716308594 1241.9405517578125 368.23455810546875 1.5275442600250244 1.6189922094345093 3.766777276992798 4.324619293212891 1.3887130618095398 3.1665422916412354 -1.228967647646992 0.09838885068893433
Car -1 -1 3.1 586.7242431640625 174.21771240234375 700.5390014648438 229.71832275390625 1.3971396684646606 1.6121950149536133 4.062175273895264 1.0613837242126465 1.4353016018867493 35.797122955322266 3.12640782024906 0.09301995486021042
Car -1 -1 0.7 1165.3504638671875 140.533935546875 1246.2725830078125 329.2994079589844 1.5877517461776733 1.536749243736267 3.843498706817627 8.883883476257324 1.7078224420547485 7.393622875213623 1.5804823842174311 0.090922512114048
Car -1 -1 1.03 1202.309326171875 141.45567321777344 1245.17578125 328.94610595703125 1.5584522485733032 1.6092153787612915 3.9528512954711914 5.790557384490967 1.360349416732788 4.177757740020752 1.977481550720583 0.09034901857376099
Car -1 -1 1.95 1168.8251953125 159.3916015625 1246.5811767578125 358.1369934082031 1.5603413581848145 1.5669089555740356 3.667192220687866 4.46795129776001 1.433488368988037 3.549226999282837 2.8462836981356485 0.07263626158237457