Car -1 -1 -1.25 217.9291534423828 180.12161254882812 453.04156494140625 330.1297912597656 1.4077953100204468 1.5840381383895874 3.7000174522399902 -3.1188511848449707 1.4680095314979553 8.843847274780273 -1.5910933538073664 0.8919491171836853
Pedestrian -1 -1 1.4 603.4268188476562 149.7522735595703 644.6703491210938 240.2859649658203 1.8213050365447998 0.6355099678039551 1.025949239730835 0.407871276140213 1.2315086722373962 15.037588119506836 1.4225696159002466 0.7878866791725159
Car -1 -1 1.59 463.8053283691406 170.13885498046875 493.9632263183594 191.69696044921875 1.4512547254562378 1.6693207025527954 4.028090953826904 -8.75704288482666 0.735548579134047 49.26025390625 1.4132348138709858 0.7794520258903503
Pedestrian -1 -1 1.78 74.21223449707031 173.47450256347656 127.26014709472656 266.1613464355469 1.7339880466461182 0.6322523355484009 0.6508843898773193 -9.771034240722656 1.605516254901886 13.732104301452637 1.1660702157333374 0.7377345561981201
Car -1 -1 0.56 1101.43212890625 151.39866638183594 1216.933349609375 192.75660705566406 1.4493035078048706 1.6035858392715454 3.9921247959136963 22.170623779296875 0.3572438657283783 28.440670013427734 1.2271325692923858 0.7236180901527405
Pedestrian -1 -1 2.06 160.5023193359375 177.46319580078125 189.91488647460938 248.12574768066406 1.6811816692352295 0.6151626706123352 0.44214215874671936 -10.564794540405273 1.600058138370514 17.297666549682617 1.5098347032782735 0.7085955142974854
Cyclist -1 -1 -1.69 902.822998046875 149.96163940429688 935.822265625 201.91099548339844 1.8209996223449707 0.5305946469306946 1.882645606994629 11.15371322631836 0.7388111501932144 25.187908172607422 -1.2729137709922806 0.6793404817581177
Pedestrian -1 -1 2.0 132.39659118652344 178.13906860351562 164.2196502685547 254.88259887695312 1.6703275442123413 0.6171868443489075 0.4494051933288574 -9.921470642089844 1.6108577251434326 15.322892189025879 1.4253867095626642 0.6668771505355835
Pedestrian -1 -1 0.82 311.77813720703125 163.02215576171875 354.67034912109375 239.58790588378906 1.823466420173645 0.6645975112915039 0.7418217658996582 -6.585000514984131 1.386018455028534 17.318655014038086 0.45910908878975576 0.6290442943572998
Pedestrian -1 -1 1.37 70.88922119140625 172.6270751953125 118.679443359375 259.8492736816406 1.7786434888839722 0.630379319190979 0.8085825443267822 -10.83269214630127 1.6661151051521301 15.020627975463867 0.7445265808240769 0.6015821099281311
Pedestrian -1 -1 0.97 403.9556884765625 162.5979766845703 427.7420959472656 222.30630493164062 1.7605475187301636 0.6763952374458313 0.6911953687667847 -5.837144374847412 1.2546336352825165 21.89772605895996 0.7108337712952313 0.588419497013092
Pedestrian -1 -1 1.43 81.74432373046875 170.98619079589844 124.53101348876953 260.60791015625 1.8529222011566162 0.6427866816520691 0.8334341049194336 -10.407179832458496 1.6531590819358826 14.593103408813477 0.8120271070368745 0.5720649361610413
Cyclist -1 -1 -1.33 601.7931518554688 151.04544067382812 644.7066650390625 239.8714141845703 1.8641562461853027 0.5051637887954712 1.8603699207305908 0.4520482122898102 1.2016777992248535 15.65641975402832 -1.3024627969047868 0.5436301827430725
Pedestrian -1 -1 -0.12 238.8152313232422 171.0693817138672 263.2200622558594 233.47750854492188 1.7057844400405884 0.6462393403053284 0.7581741809844971 -10.196444511413574 1.4324050545692444 20.407926559448242 -0.5834115191305385 0.4960613250732422
Pedestrian -1 -1 1.81 404.677978515625 165.94503784179688 424.3450927734375 219.82501220703125 1.62408447265625 0.6704347133636475 0.6542485952377319 -6.061570644378662 1.2852066159248352 22.709247589111328 1.54701740136099 0.49262741208076477
Pedestrian -1 -1 0.32 317.7737121582031 165.56414794921875 352.4265441894531 232.51988220214844 1.73269522190094 0.6778377890586853 0.9793552160263062 -7.096969127655029 1.3075695633888245 18.787700653076172 -0.04460245011508457 0.488273024559021
Pedestrian -1 -1 2.87 409.4456481933594 165.74061584472656 426.7029113769531 214.85330200195312 1.7060959339141846 0.6493692398071289 0.6721754670143127 -6.555054187774658 1.262405663728714 24.919431686401367 2.6123994792925345 0.4847058951854706
Pedestrian -1 -1 1.93 155.12606811523438 176.8146209716797 184.627685546875 247.84034729003906 1.6940628290176392 0.6174699068069458 0.5686556696891785 -10.090188026428223 1.574415385723114 16.40989112854004 1.3769102338040362 0.4843430817127228
Cyclist -1 -1 -2.37 1190.8614501953125 138.57273864746094 1224.752685546875 211.093017578125 1.8310061693191528 0.5142752528190613 1.780461311340332 14.078965187072754 0.8371402025222778 15.87834358215332 -1.6430974024591318 0.478631854057312
Cyclist -1 -1 -2.13 1195.45068359375 126.55696105957031 1220.477783203125 219.260986328125 1.7633379697799683 0.5417456030845642 1.8187437057495117 13.494925498962402 0.8068669959902763 15.000019073486328 -1.4006518239235 0.4783768951892853
Pedestrian -1 -1 0.81 138.14776611328125 178.0123291015625 166.28318786621094 249.68617248535156 1.6116840839385986 0.5746192932128906 0.509983479976654 -10.436166763305664 1.6258097290992737 16.30146598815918 0.24475254408920755 0.4738861620426178
Pedestrian -1 -1 1.54 905.8831176757812 149.76885986328125 933.987548828125 203.04364013671875 1.8618593215942383 0.631979763507843 1.0017095804214478 10.9100923538208 0.7412238270044327 24.57246208190918 1.9627464614152652 0.43452188372612
Pedestrian -1 -1 2.69 1191.9912109375 133.75929260253906 1223.8345947265625 212.98452758789062 2.0078787803649902 0.6420271396636963 1.0411709547042847 13.935498237609863 0.8694848567247391 15.843938827514648 -2.8756664540960433 0.4230034053325653
Cyclist -1 -1 -1.59 70.88922119140625 172.6270751953125 118.679443359375 259.8492736816406 1.7538152933120728 0.5313044786453247 1.737693428993225 -10.857208251953125 1.6373797059059143 15.092000961303711 -2.213726113474247 0.4222560524940491
Pedestrian -1 -1 1.55 148.6541290283203 177.82559204101562 175.87086486816406 250.47691345214844 1.6307649612426758 0.5930896997451782 0.7029625177383423 -10.571547508239746 1.6149786114692688 16.801372528076172 0.9835853319086727 0.41585978865623474
Cyclist -1 -1 1.78 400.5518493652344 160.51963806152344 428.1141662597656 216.4180908203125 1.8514360189437866 0.7074161171913147 1.8592665195465088 -6.311141014099121 1.2148169577121735 23.600303649902344 1.5185373878644866 0.4041023254394531
Cyclist -1 -1 0.5 239.20541381835938 170.8861541748047 265.6351623535156 238.69607543945312 1.7442741394042969 0.6646653413772583 1.8087948560714722 -9.920201301574707 1.489514708518982 19.99638557434082 0.041161023424216125 0.3712865710258484
Pedestrian -1 -1 -1.31 238.82925415039062 168.1759033203125 270.633056640625 239.74755859375 1.6901899576187134 0.6328314542770386 0.49936774373054504 -8.443511962890625 1.4764761328697205 17.18682861328125 -1.761776632786793 0.34438955783843994
Pedestrian -1 -1 1.54 903.392578125 151.3136444091797 929.4629516601562 203.34983825683594 1.7912176847457886 0.6212162971496582 0.9684814810752869 11.067601203918457 0.757236585021019 25.02973175048828 1.953070401239593 0.3438548445701599
Pedestrian -1 -1 -0.32 319.568359375 163.94078063964844 360.1189880371094 241.64439392089844 1.7025296688079834 0.6321104168891907 0.6987402439117432 -6.014372825622559 1.3445854783058167 15.894124031066895 -0.6816985382334644 0.3385533094406128
Cyclist -1 -1 -0.49 154.84185791015625 176.9294891357422 185.59494018554688 248.45973205566406 1.6298956871032715 0.5453673005104065 1.6504040956497192 -10.649221420288086 1.5829367637634277 17.32278823852539 -1.0395357062426402 0.3336978554725647
Pedestrian -1 -1 0.85 131.62582397460938 174.4972686767578 171.7033233642578 248.85316467285156 1.7459158897399902 0.6306995749473572 0.7222192883491516 -11.032405853271484 1.6288297176361084 17.176925659179688 0.2753482322169467 0.32874247431755066
Pedestrian -1 -1 0.42 151.70887756347656 176.48097229003906 191.2472686767578 245.83619689941406 1.7275421619415283 0.6161901354789734 0.6895629167556763 -10.93337345123291 1.6181153059005737 17.915550231933594 -0.1286391515061145 0.3259153366088867
Pedestrian -1 -1 -0.09 297.665771484375 167.6686553955078 363.8729553222656 233.8326416015625 1.7344130277633667 0.6423730850219727 0.647300660610199 -6.322005748748779 1.4481195211410522 16.240663528442383 -0.4573787548894521 0.32205095887184143
Pedestrian -1 -1 1.27 143.25709533691406 176.23036193847656 173.29867553710938 250.46958923339844 1.6366249322891235 0.5917918086051941 0.5562508702278137 -10.005603790283203 1.617111086845398 15.785271644592285 0.7090276980058157 0.31689080595970154
Pedestrian -1 -1 1.44 99.07869720458984 179.98826599121094 138.16152954101562 261.0008239746094 1.5194392204284668 0.5372587442398071 0.6017524600028992 -9.460838317871094 1.5701677799224854 13.701172828674316 0.8393852490328015 0.3072267770767212
Car -1 -1 -1.18 247.97145080566406 178.95599365234375 428.1923522949219 303.4822692871094 1.4841499328613281 1.5262014865875244 3.5291035175323486 -3.249256134033203 1.4404808282852173 9.07199764251709 -1.5220372111917273 0.3046463131904602
Cyclist -1 -1 -2.68 152.8402862548828 176.9312744140625 192.81541442871094 243.43545532226562 1.7122292518615723 0.5733018517494202 1.7405089139938354 -11.512595176696777 1.6388905048370361 18.83686637878418 3.053504020403574 0.303924024105072
Cyclist -1 -1 -2.6 145.75234985351562 176.81324768066406 184.63816833496094 242.1319580078125 1.7633566856384277 0.5831983089447021 1.7472904920578003 -11.608421325683594 1.659618318080902 18.774717330932617 3.1307208985259614 0.30246615409851074
Pedestrian -1 -1 2.86 411.79913330078125 165.00387573242188 429.7052917480469 215.1971435546875 1.730973720550537 0.6756042838096619 0.8120307326316833 -6.567310333251953 1.2700147330760956 25.407262802124023 2.6061143466760486 0.30002161860466003
Cyclist -1 -1 -2.86 404.46356201171875 166.8188018798828 424.40460205078125 217.48033142089844 1.8985378742218018 0.7343361973762512 1.7029892206192017 -5.998538494110107 1.3566275238990784 22.209651947021484 -3.1286586216535976 0.2939152717590332
Pedestrian -1 -1 -0.42 313.8768310546875 166.60299682617188 366.1278381347656 235.65951538085938 1.7237545251846313 0.6485970616340637 0.6903069019317627 -6.22695779800415 1.3455714285373688 16.376522064208984 -0.7874161477522161 0.2897655665874481
Van -1 -1 -0.41 1090.3355712890625 144.62464904785156 1220.823974609375 192.40017700195312 1.9885402917861938 1.911309003829956 4.786686420440674 22.9191837310791 0.4093981981277466 29.540178298950195 0.25022954806154907 0.28339070081710815
Cyclist -1 -1 -2.45 1184.8397216796875 144.0684356689453 1220.154052734375 210.13253784179688 1.7675062417984009 0.5346338152885437 1.685840129852295 14.724252700805664 0.8180023953318596 16.782506942749023 -1.731670423016764 0.27800363302230835
Pedestrian -1 -1 1.72 598.529541015625 155.58384704589844 636.0217895507812 239.001953125 1.8157849311828613 0.6681396961212158 1.0619428157806396 0.3161613345146179 1.2661056518554688 15.266873359680176 1.7405679792697875 0.27429232001304626
Pedestrian -1 -1 1.01 307.585693359375 171.22866821289062 374.2491455078125 230.96475219726562 1.7088356018066406 0.6396393179893494 0.6933086514472961 -6.394077777862549 1.4576743841171265 17.103565216064453 0.6543488015353951 0.27371689677238464
Cyclist -1 -1 -0.66 318.1357116699219 165.43348693847656 352.0274963378906 231.40956115722656 1.79830801486969 0.6365999579429626 1.9059889316558838 -7.335815906524658 1.3745627999305725 19.735946655273438 -1.0171675266949203 0.27107903361320496
Cyclist -1 -1 -1.6 75.79888153076172 173.97406005859375 127.62557983398438 255.76400756835938 1.7705360651016235 0.5978368520736694 1.724666714668274 -11.407116889953613 1.6802998781204224 15.972731590270996 -2.2161639353681464 0.27069827914237976
Car -1 -1 -2.44 1172.0283203125 145.5532989501953 1223.472412109375 209.9400177001953 1.659132957458496 1.679665446281433 4.047683238983154 19.08089256286621 0.7214417904615402 20.759544372558594 -1.7003719859747166 0.2682546377182007
Pedestrian -1 -1 1.93 104.4920425415039 178.90000915527344 143.19354248046875 259.41705322265625 1.6157766580581665 0.5907843708992004 0.5774743556976318 -9.416903495788574 1.5682028532028198 13.687013626098633 1.3320445876010503 0.2594113349914551
Pedestrian -1 -1 0.78 123.12892150878906 179.39100646972656 165.04254150390625 249.99766540527344 1.6860597133636475 0.6307876706123352 0.6870173811912537 -11.068071365356445 1.6858143210411072 17.090024948120117 0.21008856322881542 0.25623995065689087
Pedestrian -1 -1 1.13 607.6099243164062 155.56944274902344 649.3197631835938 236.1330108642578 1.792066216468811 0.7121379375457764 1.0388410091400146 0.5210590958595276 1.1913568377494812 15.327534675598145 1.1639923330742015 0.255200058221817
Cyclist -1 -1 2.57 399.5006103515625 162.845947265625 423.42987060546875 211.782958984375 1.8027129173278809 0.6885568499565125 1.8409873247146606 -6.629972457885742 1.2099136710166931 24.412382125854492 2.3043052826171415 0.2516842484474182
Pedestrian -1 -1 0.29 282.1340637207031 170.19573974609375 377.2334899902344 249.98184204101562 1.7909753322601318 0.7176865339279175 0.7160103917121887 -6.091806888580322 1.4929662346839905 15.721016883850098 -0.08007036045758298 0.25025421380996704
Pedestrian -1 -1 1.46 63.13825607299805 174.1223907470703 105.29228973388672 256.89459228515625 1.716086983680725 0.6070116758346558 0.7994034290313721 -10.971104621887207 1.6519728899002075 15.059194564819336 0.8278282687378331 0.24596025049686432
Pedestrian -1 -1 1.45 402.32470703125 167.37855529785156 430.029052734375 235.4828338623047 1.709223985671997 0.6623575091362 0.6975113153457642 -5.472693920135498 1.3168164789676666 20.671953201293945 1.1948852469614692 0.24475708603858948
Pedestrian -1 -1 1.46 119.96031188964844 180.1332550048828 153.23094177246094 259.3107604980469 1.5466803312301636 0.5343649983406067 0.5985663533210754 -9.677417755126953 1.6037878394126892 14.530501365661621 0.8753832480806416 0.24412471055984497
Car -1 -1 -2.13 1190.8614501953125 138.57273864746094 1224.752685546875 211.093017578125 1.7160524129867554 1.7797764539718628 4.410618782043457 17.245527267456055 0.774128332734108 18.177005767822266 -1.3698222329457987 0.24258051812648773
Cyclist -1 -1 1.45 392.9581604003906 164.82400512695312 440.0827331542969 229.74693298339844 1.7188833951950073 0.6269940137863159 1.7830370664596558 -4.97705078125 1.2922285199165344 19.101425170898438 1.199662279514202 0.24229024350643158
Car -1 -1 -0.46 1116.054931640625 145.0634002685547 1218.0572509765625 198.17933654785156 1.5187344551086426 1.6562522649765015 4.141453266143799 22.04492950439453 0.41245171427726746 27.843950271606445 0.21320405083549154 0.23888647556304932
Car -1 -1 -1.45 601.3881225585938 152.05528259277344 643.335205078125 241.216064453125 1.6583434343338013 1.6356366872787476 4.160362720489502 0.4190395772457123 1.158000111579895 19.268375396728516 -1.428971615155021 0.23546752333641052
Cyclist -1 -1 -2.89 131.62582397460938 174.4972686767578 171.7033233642578 248.85316467285156 1.7103875875473022 0.583374559879303 1.7692948579788208 -11.443313598632812 1.6625296473503113 17.918302536010742 2.824047283418558 0.23508447408676147
Pedestrian -1 -1 1.41 84.63581848144531 176.6356658935547 128.5555877685547 247.21107482910156 1.8271665573120117 0.6448470950126648 0.8105286955833435 -12.409496307373047 1.685073733329773 17.64705467224121 0.795654313045711 0.23506365716457367
Cyclist -1 -1 -1.86 85.68341064453125 176.61814880371094 126.82750701904297 248.12815856933594 1.7756375074386597 0.5650882124900818 1.774010419845581 -13.047791481018066 1.6827197074890137 18.48120880126953 -2.4784808871589057 0.2247709184885025
Pedestrian -1 -1 1.97 390.87750244140625 164.5562286376953 434.2264709472656 226.551025390625 1.737629771232605 0.6862228512763977 0.5981425642967224 -5.6399335861206055 1.2721163928508759 21.18290901184082 1.7050992731960193 0.22347934544086456
Cyclist -1 -1 -0.88 311.77813720703125 163.02215576171875 354.67034912109375 239.58790588378906 1.8210252523422241 0.623284101486206 1.8333746194839478 -6.918231964111328 1.3837251961231232 18.178775787353516 -1.2420018895496092 0.22292876243591309
Cyclist -1 -1 -2.73 139.38600158691406 176.45916748046875 175.95877075195312 241.30010986328125 1.797251582145691 0.5988056063652039 1.7560163736343384 -11.9876070022583 1.6882022023200989 19.023887634277344 2.9883684369753842 0.2209428995847702
Pedestrian -1 -1 2.24 127.6728286743164 178.38137817382812 159.4012908935547 258.474609375 1.6134192943572998 0.5800570845603943 0.5958349704742432 -9.823677062988281 1.6204729676246643 14.860264778137207 1.6604959934437353 0.22087311744689941
Pedestrian -1 -1 1.94 85.93560028076172 178.19171142578125 133.43641662597656 265.0237731933594 1.620239019393921 0.5760241746902466 0.6541209816932678 -9.653244972229004 1.5628213286399841 13.78885555267334 1.332312319370347 0.22059789299964905
Pedestrian -1 -1 1.16 401.1331787109375 165.59786987304688 431.5326843261719 222.72691345214844 1.779109001159668 0.6130508780479431 0.7050046324729919 -5.784113883972168 1.3233483731746674 21.52065086364746 0.8948687639049311 0.2197054922580719
Pedestrian -1 -1 0.53 140.99478149414062 179.97264099121094 181.2537078857422 247.4483184814453 1.687178134918213 0.6229243278503418 0.6488475203514099 -10.99758243560791 1.700700044631958 17.571060180664062 -0.03017354329779165 0.21786563098430634
Cyclist -1 -1 0.9 410.8007507324219 164.90695190429688 428.56890869140625 219.34378051757812 1.8034801483154297 0.687955915927887 1.890024185180664 -6.488511085510254 1.2287121713161469 24.72018814086914 0.6474792470876576 0.2176828384399414
Car -1 -1 -2.19 1183.4735107421875 141.6357421875 1223.7586669921875 208.04449462890625 1.7151237726211548 1.7382566928863525 4.315943241119385 17.742218017578125 0.8036343678832054 18.69654083251953 -1.432976794246951 0.21662870049476624
Pedestrian -1 -1 2.42 1186.9246826171875 143.5828857421875 1228.2926025390625 205.48329162597656 1.9118192195892334 0.6600777506828308 0.9473892450332642 14.169751167297363 0.8066866248846054 16.27240562438965 3.134576321334807 0.21628618240356445
Pedestrian -1 -1 0.21 218.45237731933594 179.6431427001953 452.9984436035156 331.1197204589844 1.6701170206069946 0.590802788734436 0.8203024864196777 -3.0640463829040527 1.573502779006958 8.179527282714844 -0.14858332290834264 0.21392884850502014
Cyclist -1 -1 -0.77 65.4504165649414 173.98056030273438 125.1622314453125 266.6351623535156 1.6931382417678833 0.5331447124481201 1.6383165121078491 -10.065731048583984 1.6084805727005005 14.011429786682129 -1.389550665344247 0.21317756175994873
Car -1 -1 -1.95 1195.45068359375 126.55696105957031 1220.477783203125 219.260986328125 1.6584739685058594 1.7576335668563843 4.533597946166992 17.216899871826172 0.6689556837081909 17.984560012817383 -1.1913566373383366 0.2128775268793106
Van -1 -1 -1.61 1193.546630859375 135.56724548339844 1223.812744140625 213.5811004638672 1.929445505142212 1.9215434789657593 4.720969200134277 18.87041473388672 0.7303549647331238 19.838869094848633 -0.8467209552647814 0.21081748604774475
Pedestrian -1 -1 1.4 412.096923828125 165.49383544921875 432.1180419921875 222.9507293701172 1.6006077527999878 0.6357174515724182 0.7639899849891663 -6.222228527069092 1.3250544667243958 24.430889129638672 1.1550381668244203 0.20793892443180084
Cyclist -1 -1 -3.08 1200.4991455078125 136.8043975830078 1225.7178955078125 201.36155700683594 1.8276859521865845 0.5345882177352905 1.7583303451538086 12.512654304504395 0.7556312531232834 14.023971557617188 -2.3535738221783946 0.20762310922145844
Pedestrian -1 -1 0.61 313.0341796875 172.23825073242188 379.896484375 239.061279296875 1.709397315979004 0.6409853100776672 0.6837468147277832 -6.032697677612305 1.4291352033615112 16.263275146484375 0.2506620617768851 0.2073507308959961
Cyclist -1 -1 1.49 404.4072265625 161.50669860839844 428.2590026855469 205.01551818847656 1.8957014083862305 0.6841865181922913 1.8275938034057617 -6.982263088226318 1.1293028742074966 26.298276901245117 1.2350736396977027 0.2038058638572693
Pedestrian -1 -1 0.83 62.939781188964844 174.26046752929688 131.86109924316406 263.6109924316406 1.6994526386260986 0.6038875579833984 0.550694465637207 -9.894734382629395 1.6603825688362122 13.872044563293457 0.2064057168425122 0.20189546048641205
Cyclist -1 -1 0.4 235.82093811035156 168.49655151367188 263.6746826171875 233.89341735839844 1.6542483568191528 0.6607151627540588 1.7779394388198853 -9.935914993286133 1.3707496523857117 19.86688995361328 -0.06467539925453814 0.20134644210338593
Cyclist -1 -1 -1.9 1186.9246826171875 143.5828857421875 1228.2926025390625 205.48329162597656 1.690041184425354 0.5915982127189636 1.813032627105713 14.266148567199707 0.7222506999969482 16.154863357543945 -1.181225982706545 0.20000192523002625
Van -1 -1 -0.86 1116.054931640625 145.0634002685547 1218.0572509765625 198.17933654785156 1.9601389169692993 1.9103946685791016 4.572819709777832 22.504972457885742 0.4917760193347931 27.48891258239746 -0.16954260803030685 0.19885994493961334
Pedestrian -1 -1 0.29 247.97145080566406 178.95599365234375 428.1923522949219 303.4822692871094 1.768290400505066 0.6445099115371704 0.7219187021255493 -3.7430107593536377 1.6132203936576843 10.164605140686035 -0.059467180138934594 0.19871151447296143
Car -1 -1 2.62 1093.5640869140625 153.1988983154297 1197.939208984375 192.91200256347656 1.489022135734558 1.6337943077087402 4.208798408508301 22.26950454711914 0.4242081046104431 28.840496063232422 -3.006596706629143 0.19734524190425873
Cyclist -1 -1 -0.08 297.665771484375 167.6686553955078 363.8729553222656 233.8326416015625 1.664389729499817 0.6721201539039612 1.7247008085250854 -6.957194805145264 1.3885706067085266 18.09383201599121 -0.4492702598346603 0.1971588432788849
Cyclist -1 -1 3.07 395.41949462890625 164.5873260498047 427.7588195800781 219.57191467285156 1.7663296461105347 0.6316498517990112 1.7556244134902954 -6.4830193519592285 1.2430504858493805 23.768184661865234 2.8044404696403857 0.1943787783384323
Pedestrian -1 -1 0.79 411.7408752441406 166.35923767089844 435.7076721191406 229.20074462890625 1.6804537773132324 0.6288942098617554 0.7278378009796143 -5.691349983215332 1.3476264476776123 22.359760284423828 0.5417626599427678 0.19318610429763794
Truck -1 -1 -2.26 1192.14794921875 136.4891815185547 1223.8138427734375 209.2799072265625 2.74995756149292 2.439807176589966 6.833293437957764 17.73419761657715 1.019690841436386 18.93227767944336 -1.5055222624733595 0.1885271817445755
Car -1 -1 -0.86 287.94549560546875 172.2275390625 366.9656677246094 232.2710723876953 1.462988257408142 1.5060430765151978 3.52773380279541 -7.844679355621338 1.4002654552459717 20.989961624145508 -1.2144516856562273 0.18704277276992798
Car -1 -1 -2.59 1141.7432861328125 150.84901428222656 1218.12451171875 201.61000061035156 1.5473469495773315 1.6190049648284912 4.0036139488220215 21.01289939880371 0.5503565073013306 24.0427188873291 -1.8735615441713058 0.18698793649673462
Pedestrian -1 -1 2.16 110.8619613647461 173.50717163085938 152.256103515625 252.21815490722656 1.6291306018829346 0.6288647651672363 0.6517184972763062 -10.261417388916016 1.5702995657920837 15.280536651611328 1.5637803807663753 0.18045909702777863
Pedestrian -1 -1 -2.48 1200.4991455078125 136.8043975830078 1225.7178955078125 201.36155700683594 1.8695672750473022 0.6072507500648499 0.8919540643692017 12.228191375732422 0.7877172976732254 13.750815391540527 -1.7552023974594988 0.17963390052318573
Car -1 -1 -0.82 282.1340637207031 170.19573974609375 377.2334899902344 249.98184204101562 1.4473025798797607 1.4760206937789917 3.387226104736328 -7.332181453704834 1.471321165561676 19.644607543945312 -1.174920891834729 0.16934877634048462
Van -1 -1 0.81 1106.90234375 150.33984375 1212.3638916015625 195.30178833007812 1.8267402648925781 1.7182248830795288 4.293906211853027 22.821468353271484 0.5342249274253845 28.39957618713379 1.484819763908698 0.1681661754846573
Cyclist -1 -1 -0.17 1116.054931640625 145.0634002685547 1218.0572509765625 198.17933654785156 1.8230129480361938 0.6838750839233398 1.8643810749053955 16.572681427001953 0.4992186427116394 20.49433135986328 0.5097177938165345 0.1448042243719101
Cyclist -1 -1 1.61 399.8778381347656 161.9801788330078 420.8550720214844 202.77212524414062 1.8153642416000366 0.6628261804580688 1.8517942428588867 -7.410634994506836 1.1050296425819397 27.037368774414062 1.3451340442885513 0.14289110898971558
Pedestrian -1 -1 1.34 405.8505554199219 163.2370147705078 422.93975830078125 211.35963439941406 1.8146781921386719 0.6882421970367432 0.6560724377632141 -9.663629531860352 1.1181221157312393 36.11397171020508 1.0736470660369655 0.11535300314426422