Car -1 -1 1.95 278.6684875488281 185.10374450683594 347.3603515625 218.4591522216797 1.481293797492981 1.5822973251342773 3.7730495929718018 -14.005699157714844 2.0593515038490295 34.25801086425781 1.5657995118516022 0.8553078174591064
Car -1 -1 2.18 -1.629285454750061 191.34226989746094 142.43741071224213 259.4796142578125 1.5409576892852783 1.6280837059020996 3.8913094997406006 -14.619094848632812 2.071228861808777 19.21438980102539 1.5303226964325605 0.846885085105896
Car -1 -1 2.06 244.751708984375 181.53160095214844 313.0766296386719 217.72097778320312 1.715800404548645 1.6392213106155396 3.7974352836608887 -16.4762020111084 2.1480725407600403 36.11286544799805 1.6331172055674381 0.8081088066101074
Car -1 -1 1.82 412.1026611328125 180.9414520263672 446.5836486816406 202.5745849609375 1.565236210823059 1.680708646774292 3.7415833473205566 -13.929057121276855 2.19073349237442 55.77145004272461 1.573305144323922 0.7266660928726196
Car -1 -1 2.23 -2.924954414367676 174.75538635253906 63.74952220916748 235.6717529296875 1.792995572090149 1.5999730825424194 3.664618730545044 -19.93253517150879 1.9516306519508362 23.5472412109375 1.5272459337739166 0.43309253454208374
Car -1 -1 2.2 78.97734832763672 183.3855743408203 176.17498779296875 224.4716339111328 1.756752848625183 1.627121925354004 3.885812282562256 -21.782739639282227 2.246342360973358 32.62931442260742 1.612591049663732 0.4103218615055084
Car -1 -1 2.03 248.96641540527344 180.73257446289062 328.4239807128906 216.5381622314453 1.5591075420379639 1.5595364570617676 3.850177764892578 -14.824862480163574 2.1005940437316895 34.49073791503906 1.6275523768047577 0.399427205324173
Car -1 -1 1.95 -6.525695323944092 185.24484252929688 107.89628648757935 246.431396484375 1.5838618278503418 1.5552129745483398 3.5725533962249756 -19.234846115112305 2.039476156234741 23.670236587524414 1.264807463038112 0.28576821088790894
Van -1 -1 2.19 -1.669572114944458 175.18624877929688 64.80021548271179 229.23019409179688 2.007615566253662 1.8336803913116455 4.219193935394287 -21.963924407958984 2.124459147453308 26.432165145874023 1.4988133191941309 0.28390857577323914
Car -1 -1 2.36 3.887338876724243 184.28277587890625 66.63583970069885 242.7579803466797 1.5442453622817993 1.5957454442977905 3.8541452884674072 -19.936317443847656 2.129221260547638 23.076704025268555 1.6482520789005326 0.28284502029418945
Car -1 -1 2.26 63.771514892578125 187.18687438964844 167.08935546875 225.68434143066406 1.5716766119003296 1.6039012670516968 4.030605792999268 -21.636415481567383 2.2664671540260315 31.954059600830078 1.6608828842904853 0.28212177753448486
Car -1 -1 1.85 -4.229490280151367 182.10372924804688 89.87856483459473 233.98629760742188 1.6488429307937622 1.53507399559021 3.521388053894043 -19.43114471435547 1.9751494526863098 23.770870208740234 1.16077233995345 0.2547071576118469
Car -1 -1 2.19 21.847309112548828 190.98582458496094 143.95442581176758 252.0378875732422 1.4590121507644653 1.5724971294403076 3.909660816192627 -14.235860824584961 2.0071935057640076 18.93423843383789 1.5408756858567756 0.22159843146800995
Car -1 -1 2.2 29.708431243896484 187.44473266601562 160.50251388549805 241.73199462890625 1.614960789680481 1.5776937007904053 3.7510013580322266 -20.39651107788086 2.1451627612113953 29.466983795166016 1.5956037870477315 0.22106307744979858
Car -1 -1 2.27 4.378671169281006 179.4781036376953 52.5455756187439 240.24224853515625 1.6244393587112427 1.5751590728759766 3.6163744926452637 -19.571529388427734 2.0006975531578064 22.568206787109375 1.5521510417226319 0.21478497982025146
Car -1 -1 2.29 56.0938720703125 185.3562469482422 171.93710327148438 231.71926879882812 1.6480146646499634 1.6082209348678589 4.129130840301514 -22.41680908203125 2.1368055939674377 33.589542388916016 1.699449850302348 0.19490645825862885
Car -1 -1 2.03 267.34814453125 182.02468872070312 341.6705322265625 216.07003784179688 1.5517652034759521 1.563905119895935 3.634639263153076 -14.032981872558594 2.0213435888290405 33.85095977783203 1.6348480633623481 0.19390510022640228
Cyclist -1 -1 3.14 702.5625610351562 175.14752197265625 715.4483642578125 204.67660522460938 1.8255888223648071 0.5812895894050598 1.811545729637146 6.090367794036865 1.945597231388092 43.805789947509766 -3.0075083085075764 0.18825779855251312
Car -1 -1 2.41 4.959447860717773 189.0488739013672 63.62873649597168 251.9320831298828 1.507737636566162 1.5933923721313477 3.7639687061309814 -17.98550796508789 2.1200345754623413 20.35688018798828 1.6888301286201193 0.18370220065116882
Car -1 -1 2.38 7.495657444000244 190.12576293945312 164.33318185806274 274.6998291015625 1.5114948749542236 1.6324487924575806 3.9729056358337402 -14.792867660522461 2.037546396255493 19.07227325439453 1.7183177642013625 0.16102871298789978
Car -1 -1 2.31 51.972999572753906 190.2076416015625 152.8777618408203 229.99000549316406 1.4442083835601807 1.562902569770813 3.8664908409118652 -21.063735961914062 2.2116812467575073 30.487855911254883 1.7059771040190999 0.15161818265914917