Car -1 -1 1.34 691.8197631835938 181.96156311035156 828.2164306640625 268.9319763183594 1.4253849983215332 1.6483728885650635 4.101323127746582 2.86006236076355 1.6535943150520325 14.404393196105957 1.5409796704815752 0.8906056880950928
Car -1 -1 1.76 386.48724365234375 183.74801635742188 497.83355712890625 262.4821472167969 1.4655331373214722 1.5778069496154785 3.6005074977874756 -3.56972074508667 1.735088288784027 15.746191024780273 1.5395662615038734 0.8873915672302246
Car -1 -1 -1.3 672.3175659179688 179.66261291503906 748.1890258789062 234.19114685058594 1.3954466581344604 1.584685206413269 3.46358060836792 2.801476240158081 1.6092177629470825 20.664827346801758 -1.1674051828082508 0.8535686135292053
Car -1 -1 -2.23 866.168212890625 208.8567657470703 1238.8125 373.0932312011719 1.5124385356903076 1.6010078191757202 3.7579147815704346 2.799717426300049 1.7047662138938904 3.779183864593506 -1.58748895836907 0.8471726775169373
Car -1 -1 2.29 1.3594176769256592 185.3372802734375 291.49235224723816 371.66131591796875 1.626841425895691 1.651355266571045 4.001760482788086 -3.402691125869751 1.694580852985382 3.8283090591430664 1.5666724296030345 0.8278221487998962
Car -1 -1 1.23 658.3428344726562 175.0779571533203 713.8580322265625 218.88165283203125 1.5491278171539307 1.5398228168487549 3.292876720428467 2.746650457382202 1.6151121258735657 26.353618621826172 1.3306462547698708 0.803257167339325
Car -1 -1 2.28 662.94873046875 178.05091857910156 732.38427734375 227.8374481201172 1.4575988054275513 1.5668712854385376 3.832275629043579 2.9090027809143066 1.6557782292366028 26.747093200683594 2.383366588620441 0.5162233114242554
Car -1 -1 -1.07 661.4965209960938 179.14854431152344 720.8718872070312 224.63067626953125 1.4699633121490479 1.5742517709732056 3.727834939956665 2.873734951019287 1.6871802806854248 27.00975227355957 -0.963895992487231 0.31333470344543457
Car -1 -1 1.45 684.8915405273438 181.51454162597656 810.12255859375 260.0352783203125 1.425068736076355 1.5915920734405518 3.931551456451416 3.0191121101379395 1.6279821395874023 18.03504753112793 1.618769519840753 0.26676860451698303
Car -1 -1 2.25 75.49552917480469 198.81468200683594 314.8612976074219 366.0533142089844 1.6476784944534302 1.5873209238052368 3.620950698852539 -3.50141978263855 1.7761310935020447 4.267457962036133 1.566750232906962 0.2610197961330414
Car -1 -1 -1.32 667.5538940429688 183.38235473632812 732.9577026367188 234.85594177246094 1.3899335861206055 1.5632033348083496 3.4510982036590576 2.572761297225952 1.6673097610473633 21.367399215698242 -1.2019400275583507 0.2145923227071762
Car -1 -1 1.41 678.8828735351562 180.33372497558594 773.0031127929688 240.4301300048828 1.4127086400985718 1.6027278900146484 3.8434159755706787 3.0757062435150146 1.6358937621116638 20.541990280151367 1.5539401846911804 0.20160260796546936
Car -1 -1 0.68 1097.202392578125 221.57363891601562 1239.456787109375 373.97320556640625 1.4841935634613037 1.5634340047836304 3.8597962856292725 5.387935161590576 1.9370384216308594 4.697149276733398 1.5362910887193735 0.18496708571910858
Car -1 -1 2.33 8.83994197845459 188.2305145263672 234.62648677825928 334.99334716796875 1.558703899383545 1.6041820049285889 3.9461843967437744 -3.6951992511749268 1.546261966228485 4.141195774078369 1.6015743298512364 0.17490972578525543
Car -1 -1 0.69 1135.637451171875 224.35484313964844 1239.1468505859375 372.2232666015625 1.5825715065002441 1.61374032497406 3.888439655303955 6.422977924346924 2.35302996635437 5.310873508453369 1.567798719440769 0.12498953193426132