Car -1 -1 2.18 3.7380330562591553 187.8826141357422 254.87052512168884 299.8612060546875 1.529284119606018 1.6330589056015015 4.210208415985107 -7.886847019195557 1.8297894597053528 12.194086074829102 1.6084504559702042 0.8864135146141052
Car -1 -1 1.65 498.7664489746094 177.81735229492188 525.7505493164062 196.81280517578125 1.4779000282287598 1.6987669467926025 4.440670490264893 -7.752638339996338 1.8652334213256836 57.605194091796875 1.5188876737200898 0.7694340348243713
Car -1 -1 0.75 800.6741333007812 212.2533721923828 1160.7967529296875 377.1604309082031 1.6704760789871216 1.5412112474441528 3.7125487327575684 1.8817270994186401 1.7233121395111084 2.6703732013702393 1.362749960606756 0.4177307188510895
Car -1 -1 2.1 586.1326904296875 176.66134643554688 601.6931762695312 191.7848358154297 1.550813913345337 1.6691035032272339 4.294069290161133 -1.637064814567566 1.9201918840408325 73.7454605102539 2.077614919420503 0.4008345603942871
Car -1 -1 1.55 583.8309326171875 174.63064575195312 600.3258056640625 190.59706115722656 1.5368059873580933 1.6870585680007935 4.036251068115234 -1.6754803657531738 1.754357635974884 71.26840209960938 1.5246546111491366 0.31031349301338196
Car -1 -1 0.93 853.5676879882812 224.08335876464844 1141.5081787109375 366.6700744628906 1.6043578386306763 1.6453369855880737 3.9920992851257324 1.3983479738235474 1.8554121851921082 2.585587978363037 1.426071907785749 0.21623273193836212
Car -1 -1 0.75 826.220947265625 199.86981201171875 1210.8916015625 380.9167785644531 1.6142702102661133 1.6813766956329346 4.025097370147705 2.24151873588562 1.6002188920974731 2.202630043029785 1.548984850264179 0.18406695127487183
Pedestrian -1 -1 -0.44 446.0027160644531 172.58078002929688 465.5677185058594 203.47653198242188 1.8283202648162842 0.5641269683837891 0.7975981831550598 -9.078523635864258 1.9717291593551636 42.788909912109375 -0.6515518563824179 0.18185581266880035
Cyclist -1 -1 0.47 446.0027160644531 172.58078002929688 465.5677185058594 203.47653198242188 1.7873344421386719 0.5717320442199707 1.7983956336975098 -8.80902099609375 1.785847783088684 41.548736572265625 0.2585115029105012 0.17573198676109314
Car -1 -1 1.55 579.053466796875 173.8788299560547 597.5094604492188 189.7418975830078 1.6757557392120361 1.725232720375061 4.18904972076416 -1.9028629064559937 1.7168134450912476 70.76742553710938 1.5267604721360382 0.16933056712150574
Car -1 -1 1.55 575.4442749023438 173.74606323242188 593.741455078125 189.4449005126953 1.6726263761520386 1.7605656385421753 4.1828389167785645 -2.4866740703582764 1.7440698742866516 72.1142578125 1.5149846550732633 0.15209484100341797