Car -1 -1 2.07 89.84555053710938 206.5416259765625 396.0193786621094 372.3723449707031 1.3958531618118286 1.557725429534912 3.700894832611084 -3.924668073654175 1.814017117023468 8.291033744812012 1.6233740131883136 0.8850845694541931
Car -1 -1 -1.69 663.6233520507812 182.15310668945312 725.5388793945312 230.18817138671875 1.494613766670227 1.5724472999572754 3.396311044692993 2.728698253631592 1.8213496804237366 24.352479934692383 -1.579193765313458 0.8709341287612915
Car -1 -1 1.87 399.8740539550781 186.78253173828125 477.2868957519531 233.6717071533203 1.58997642993927 1.6557890176773071 4.370597839355469 -6.204057216644287 2.0752540230751038 26.258726119995117 1.6428790928506611 0.8240580558776855
Car -1 -1 1.85 275.7695617675781 192.96896362304688 402.7089538574219 269.90301513671875 1.5051672458648682 1.5732983350753784 3.7430624961853027 -5.935774326324463 1.992887258529663 16.231311798095703 1.5003131720171181 0.8155525922775269
Car -1 -1 2.81 855.0177001953125 163.46315002441406 1080.1820068359375 237.51036071777344 1.475841760635376 1.6399513483047485 4.089760780334473 7.837910175323486 1.294990062713623 15.987953186035156 -3.021111686129734 0.7855163812637329
Car -1 -1 1.75 473.197265625 186.1783905029297 512.77001953125 215.04872131347656 1.4912253618240356 1.578187108039856 3.5638110637664795 -6.367086410522461 2.203613579273224 39.28322982788086 1.5857699485103423 0.77167809009552
Car -1 -1 2.76 769.1339111328125 165.51953125 908.5853271484375 212.02406311035156 1.666489839553833 1.6930071115493774 4.4927802085876465 8.607749938964844 1.4211573004722595 27.66695785522461 3.065392820541554 0.7317432761192322
Car -1 -1 2.76 822.0573120117188 156.54782104492188 1049.6427001953125 228.3471221923828 1.7023087739944458 1.6603329181671143 4.239168643951416 7.724150657653809 1.343737632036209 17.317310333251953 -3.0989030252864875 0.6793171167373657
Car -1 -1 2.72 831.9205932617188 157.63681030273438 1014.0435791015625 221.67779541015625 1.6752582788467407 1.6538320779800415 3.9944307804107666 8.419358253479004 1.3039169013500214 19.789283752441406 3.1179173927744515 0.6319997906684875
Car -1 -1 2.62 792.8848266601562 168.6886749267578 915.4189453125 212.97640991210938 1.5604045391082764 1.690101146697998 4.138758659362793 8.913908004760742 1.4176175594329834 26.596832275390625 2.943348494076936 0.5862246751785278
Van -1 -1 -0.78 1140.666748046875 138.0342254638672 1241.836181640625 188.5052947998047 1.9435240030288696 1.856107473373413 4.383449077606201 22.952327728271484 0.603827029466629 27.48625373840332 -0.07966746934312319 0.5028675198554993
Car -1 -1 -0.74 1099.193115234375 145.0654296875 1205.142578125 186.9979248046875 1.4877928495407104 1.6029995679855347 3.620593786239624 21.136680603027344 0.5530495792627335 27.842121124267578 -0.08910986042551006 0.48589372634887695
Car -1 -1 1.73 382.8802795410156 193.8241424560547 460.62811279296875 239.37469482421875 1.4428048133850098 1.6226316690444946 4.035329818725586 -6.105488300323486 2.0369564294815063 24.15047264099121 1.4812916381684706 0.4523293673992157
Van -1 -1 -0.45 828.19921875 157.9425811767578 1052.03369140625 229.72225952148438 1.9647927284240723 1.8887935876846313 4.772481918334961 8.539968490600586 1.4045130610466003 19.342304229736328 -0.03568081415097124 0.4480968415737152
Car -1 -1 1.93 392.5188903808594 191.4278106689453 468.87939453125 236.33982849121094 1.5381300449371338 1.6005674600601196 4.139383792877197 -6.081080913543701 2.123321771621704 25.00324249267578 1.6880101887187307 0.4041730463504791
Van -1 -1 -2.93 829.308837890625 153.83370971679688 1017.1567993164062 222.67068481445312 1.8244554996490479 1.6934913396835327 3.999493360519409 8.489320755004883 1.2969252467155457 19.70890235900879 -2.525176830903238 0.4023769795894623
Van -1 -1 -0.86 1120.011474609375 139.65292358398438 1231.986083984375 185.25375366210938 1.914713978767395 1.857517123222351 4.611399173736572 23.240705490112305 0.5633442997932434 28.402603149414062 -0.17847443907237714 0.39149487018585205
Car -1 -1 1.88 250.6113739013672 199.5572967529297 403.9080505371094 279.00006103515625 1.3685909509658813 1.5554637908935547 3.6497185230255127 -6.033121585845947 2.010646879673004 16.265663146972656 1.5205253633273728 0.36359062790870667
Car -1 -1 1.74 478.973876953125 185.35888671875 518.8387451171875 211.83941650390625 1.3980752229690552 1.56358802318573 3.7302608489990234 -6.396132946014404 2.2028098702430725 39.95808029174805 1.576427062605453 0.35344740748405457
Car -1 -1 2.99 819.9351806640625 162.22535705566406 971.6026611328125 220.53109741210938 1.5867769718170166 1.662330150604248 4.014005184173584 8.289588928222656 1.340696632862091 20.326801300048828 -2.9087483933772287 0.3200496435165405
Van -1 -1 -1.1 1102.64501953125 143.6385498046875 1214.03662109375 185.8190155029297 1.8286192417144775 1.766425609588623 4.334149360656738 22.602558135986328 0.5985717177391052 28.73632049560547 -0.4369139823778121 0.30254751443862915
Car -1 -1 2.08 809.3781127929688 165.56219482421875 956.1295166015625 216.7823486328125 1.5941946506500244 1.6379799842834473 4.029284954071045 8.332529067993164 1.453416109085083 20.85506248474121 2.4621856087415424 0.27865171432495117
Car -1 -1 -2.43 1003.095947265625 152.61859130859375 1118.2030029296875 188.29273986816406 1.4667149782180786 1.6018991470336914 3.8261122703552246 19.548871994018555 0.664584182202816 31.372472763061523 -1.8698628577527856 0.27469196915626526
Van -1 -1 -0.75 1115.8177490234375 141.94192504882812 1203.9417724609375 189.4015655517578 1.8570843935012817 1.770158052444458 4.29434871673584 23.314002990722656 0.5598836839199066 29.88552474975586 -0.0917713034037595 0.2639220356941223
Car -1 -1 -0.41 15.798727989196777 249.0222930908203 116.44854640960693 370.3446044921875 1.4317578077316284 1.6997795104980469 3.917987585067749 -2.9619140625 1.592969834804535 1.7829374074935913 -1.4370020248809725 0.25421521067619324
Car -1 -1 -0.74 1118.28466796875 142.71031188964844 1222.542236328125 186.2349395751953 1.5524967908859253 1.6152368783950806 3.8310041427612305 21.3113956451416 0.5374095886945724 27.528701782226562 -0.07701555794895132 0.239846870303154
Car -1 -1 2.54 813.7120361328125 169.9144287109375 922.4298706054688 211.47218322753906 1.4933416843414307 1.6096031665802002 3.9635586738586426 9.12546157836914 1.3703776001930237 26.22930335998535 2.8767495212812797 0.2395174503326416
Van -1 -1 2.71 768.3536987304688 165.51568603515625 906.77001953125 212.77207946777344 1.7650166749954224 1.755476951599121 4.1587815284729 8.863038063049316 1.4622766375541687 28.265430450439453 3.0141576013580487 0.23783491551876068
Car -1 -1 2.57 844.7001953125 159.58746337890625 1121.105712890625 233.64076232910156 1.4648979902267456 1.6084932088851929 4.216886043548584 7.977173328399658 1.2866572737693787 16.556190490722656 3.0198493032493534 0.23191490769386292
Car -1 -1 2.04 205.74029541015625 204.85304260253906 405.0566711425781 313.0108642578125 1.3926050662994385 1.5362907648086548 3.6629745960235596 -6.268520832061768 2.1172178983688354 16.654722213745117 1.6792678419476568 0.2271558791399002
Car -1 -1 3.05 778.1266479492188 161.47348022460938 933.6273193359375 213.87344360351562 1.63088059425354 1.6316828727722168 4.246336936950684 8.207622528076172 1.35393226146698 26.224281311035156 -2.9253698479383736 0.21611420810222626
Car -1 -1 2.61 770.6859130859375 171.29783630371094 892.1263427734375 213.6967315673828 1.4969335794448853 1.6555358171463013 4.499412536621094 8.73377799987793 1.5044338703155518 28.33916473388672 2.9049655595141406 0.215348482131958
Car -1 -1 1.89 269.393798828125 199.4868927001953 384.337890625 274.107177734375 1.437542200088501 1.5745402574539185 3.6202077865600586 -6.346658229827881 2.066966414451599 16.8828125 1.5270499177231818 0.20763365924358368
Car -1 -1 1.71 488.7899169921875 185.25665283203125 525.1525268554688 209.94857788085938 1.4625500440597534 1.6029566526412964 3.8981165885925293 -6.379452228546143 2.2225130200386047 43.51901626586914 1.5682688642129134 0.2010820508003235
Van -1 -1 -0.7 1134.1951904296875 139.34324645996094 1210.089599609375 189.23521423339844 1.9544860124588013 1.8252372741699219 4.525569915771484 23.57676887512207 0.5486942231655121 29.302902221679688 -0.026316155560044407 0.1980375349521637
Car -1 -1 0.33 1128.8592529296875 135.0522918701172 1244.9124755859375 192.61602783203125 1.6830158233642578 1.7039092779159546 3.9454565048217773 22.305538177490234 0.6622665673494339 27.29610252380371 1.011990083571293 0.1924106329679489
Car -1 -1 2.79 854.10107421875 158.22760009765625 995.96142578125 213.83609008789062 1.612371563911438 1.620823860168457 3.719520330429077 8.844558715820312 1.2423699796199799 20.422935485839844 -3.0818589378084873 0.19230066239833832
Car -1 -1 2.49 893.7200927734375 159.58229064941406 1078.3302001953125 220.28224182128906 1.4305585622787476 1.636854648590088 3.960623025894165 7.938538551330566 1.264306128025055 16.032133102416992 2.954349837290305 0.1919398158788681
Car -1 -1 2.71 898.62646484375 167.4198760986328 1088.3690185546875 229.23654174804688 1.411597728729248 1.618985891342163 4.085567951202393 8.360506057739258 1.2759912014007568 16.41329002380371 -3.100701431920595 0.18936394155025482
Car -1 -1 -0.73 1138.2724609375 139.54933166503906 1238.3145751953125 186.74659729003906 1.6417059898376465 1.729844570159912 4.372843265533447 21.646087646484375 0.5179404020309448 26.134902954101562 -0.04126318827482178 0.18874657154083252
Van -1 -1 2.91 813.95556640625 151.92140197753906 1073.4632568359375 235.6593475341797 1.9677319526672363 1.968688726425171 4.854495525360107 8.808194160461426 1.6029033064842224 18.862743377685547 -2.9327161419755043 0.18867850303649902
Car -1 -1 0.27 824.0863647460938 165.9166717529297 926.1881713867188 206.4718475341797 1.48436439037323 1.5686697959899902 3.9333438873291016 10.715105056762695 1.2826472520828247 29.090749740600586 0.6261823719465798 0.16828663647174835
Van -1 -1 2.69 796.5475463867188 161.36952209472656 943.9701538085938 215.63783264160156 1.8758703470230103 1.7601056098937988 4.8185811042785645 8.702286720275879 1.4569467306137085 26.205951690673828 3.0089378086025977 0.1662789136171341
Car -1 -1 -0.14 818.7183837890625 168.08668518066406 936.96533203125 215.13836669921875 1.5056321620941162 1.5962263345718384 3.904050350189209 9.65097713470459 1.3373188972473145 25.98642921447754 0.2112220490347938 0.1651088148355484
Car -1 -1 -1.69 670.9229125976562 175.8414764404297 739.5921630859375 215.9800567626953 1.5258195400238037 1.6121808290481567 3.6703827381134033 3.3977930545806885 1.7423259615898132 27.20541000366211 -1.5697123087347702 0.14076653122901917
Car -1 -1 -0.53 1165.57666015625 133.30450439453125 1253.936767578125 191.90594482421875 1.5611152648925781 1.5892081260681152 3.814710855484009 20.104211807250977 0.533813938498497 22.487035751342773 0.20036823483513766 0.09455503523349762