Car -1 -1 1.68 544.53125 176.81214904785156 581.3263549804688 204.43215942382812 1.5700368881225586 1.6027230024337769 3.4961841106414795 -2.6969242095947266 1.7895656824111938 42.33772659301758 1.621130887247963 0.8107477426528931
Car -1 -1 2.52 691.9227294921875 169.32994079589844 764.7305908203125 227.22044372558594 1.6723119020462036 1.5761346817016602 3.606165647506714 3.535503387451172 1.5481001138687134 22.02729034423828 2.6795936843837476 0.797389030456543
Car -1 -1 -2.4 2.4969897270202637 164.38160705566406 256.5575213432312 373.9961242675781 1.9301729202270508 1.6741267442703247 4.08701229095459 -6.055795192718506 1.8863626718521118 7.347868919372559 -3.0923981062067227 0.7971130609512329
Car -1 -1 1.63 665.9054565429688 170.1247100830078 711.88427734375 204.43812561035156 1.5487746000289917 1.6015769243240356 3.719162940979004 3.762319803237915 1.4402230381965637 34.19467544555664 1.734669989841234 0.7950038909912109
Van -1 -1 -2.41 10.327654838562012 153.6709442138672 244.59187602996826 377.44158935546875 2.019803285598755 1.8221170902252197 4.291105270385742 -6.285801410675049 1.8926531672477722 7.411818027496338 -3.112775451145276 0.7698708772659302
Car -1 -1 1.61 586.97802734375 172.5279541015625 619.0094604492188 198.13101196289062 1.6983696222305298 1.5906399488449097 3.5626187324523926 -0.46998852491378784 1.6309382319450378 47.338050842285156 1.6027777658041336 0.7556626796722412
Van -1 -1 -1.96 816.6810302734375 32.18221664428711 1258.0810546875 385.0274314880371 2.374084234237671 2.0201492309570312 5.7602996826171875 3.1600208282470703 1.689444363117218 6.646247386932373 -1.5141724499259261 0.7175717949867249
Van -1 -1 -1.74 713.7422485351562 148.7598114013672 844.0521240234375 263.0359802246094 2.009397506713867 1.7550926208496094 4.511468410491943 3.378594398498535 1.5876845121383667 15.158147811889648 -1.5188977155894694 0.6740293502807617
Car -1 -1 -1.74 709.9374389648438 151.5303497314453 846.5237426757812 263.49127197265625 1.8950399160385132 1.6974676847457886 4.325923442840576 3.41953444480896 1.6069788932800293 15.329991340637207 -1.5249165981459765 0.5835709571838379
Truck -1 -1 -1.9 797.95458984375 19.458765029907227 1216.688720703125 362.8365116119385 3.3704187870025635 2.489130735397339 7.491348743438721 4.040252685546875 1.94759801030159 8.215250968933105 -1.4445253049171791 0.4978022575378418
Car -1 -1 -1.69 695.3740844726562 162.86439514160156 782.0347290039062 236.07257080078125 1.6946521997451782 1.688985824584961 3.995131015777588 3.664382219314575 1.6061704754829407 22.029874801635742 -1.5206432411500002 0.4330344498157501
Truck -1 -1 -1.84 895.4384155273438 6.741950988769531 1247.640380859375 372.61759185791016 3.606945037841797 2.496419668197632 7.47929573059082 4.83638334274292 1.7707925029098988 7.72869873046875 -1.2854623355984494 0.39983707666397095
Van -1 -1 0.6 690.1331176757812 166.643798828125 766.6370239257812 227.05130004882812 1.882550597190857 1.798830509185791 4.39246129989624 3.4946579933166504 1.6049662232398987 21.889141082763672 0.7604663654405961 0.3847098648548126
Cyclist -1 -1 -2.13 714.238525390625 153.02792358398438 852.8167114257812 261.19146728515625 1.8622456789016724 0.5210765600204468 1.8700995445251465 2.8743019104003906 1.545299768447876 12.441895484924316 -1.9054372037079688 0.2979539930820465
Pedestrian -1 -1 2.24 714.9476318359375 151.4493865966797 853.645263671875 261.9581604003906 1.9359471797943115 0.6462509036064148 0.9170875549316406 2.8216028213500977 1.500290036201477 11.435144424438477 2.4847876582229027 0.2892284095287323
Car -1 -1 -1.77 723.56103515625 153.13998413085938 878.8885498046875 266.67218017578125 1.7910469770431519 1.6766047477722168 4.146618843078613 3.5731332302093506 1.5821872353553772 14.914571762084961 -1.5380961044692611 0.28061145544052124
Car -1 -1 -0.81 7.567409992218018 186.7234649658203 48.55433702468872 297.8573913574219 1.7188714742660522 1.6651403903961182 3.8525519371032715 -11.014249801635742 1.9850099682807922 10.829100608825684 -1.6017981370223886 0.271176815032959
Car -1 -1 -0.79 3.8132987022399902 189.31886291503906 41.60603857040405 295.2405090332031 1.6462085247039795 1.685837984085083 3.872907876968384 -11.296789169311523 1.9695074558258057 11.106147766113281 -1.5816094572463442 0.2594432830810547
Car -1 -1 1.3 659.3040161132812 168.30416870117188 697.1817016601562 198.6240692138672 1.6420962810516357 1.6477993726730347 3.964845657348633 3.7489914894104004 1.476474642753601 35.82773971557617 1.4002759491854233 0.25301456451416016
Van -1 -1 -1.69 697.4094848632812 163.2869415283203 789.5623168945312 241.29742431640625 1.9350332021713257 1.7245272397994995 4.641422271728516 3.900219202041626 1.7252584099769592 21.434186935424805 -1.5063349528004082 0.2504269480705261
Car -1 -1 -1.25 699.3359375 156.499267578125 799.8836059570312 246.99911499023438 1.727840542793274 1.626119613647461 3.751847505569458 3.6089870929718018 1.5464075207710266 22.208757400512695 -1.0932490987001877 0.2488754689693451
Car -1 -1 -1.87 739.2723999023438 162.1536865234375 871.6239013671875 260.9460754394531 1.575936198234558 1.6773532629013062 4.295739650726318 3.7143194675445557 1.5780595541000366 15.128573417663574 -1.628420672650969 0.2330431342124939
Cyclist -1 -1 -1.85 692.606201171875 167.6553955078125 770.9177856445312 227.34698486328125 1.6875486373901367 0.5684147477149963 1.7508831024169922 2.8618390560150146 1.4826712012290955 17.64506721496582 -1.6857907292602432 0.23248109221458435
Van -1 -1 -1.72 718.3834228515625 155.50173950195312 821.1646118164062 254.4181671142578 2.00213360786438 1.714606761932373 4.652724266052246 3.369713068008423 1.5996574759483337 15.919278144836426 -1.50819475434497 0.23054030537605286
Pedestrian -1 -1 2.53 742.56005859375 159.38987731933594 859.5314331054688 262.9159240722656 1.8712670803070068 0.6361585259437561 0.8391299247741699 3.012150764465332 1.5036152005195618 11.365906715393066 2.788682997891603 0.22823141515254974
Car -1 -1 0.29 -8.699325561523438 64.19740295410156 43.961029052734375 94.74441528320312 1.7112436294555664 1.7207804918289185 4.225235462188721 -31.388294219970703 -3.651609420776367 35.9688606262207 -0.4235236269526963 0.2260439246892929
Car -1 -1 -0.83 7.7516770362854 192.501953125 58.55344247817993 308.2171936035156 1.712619662284851 1.7171419858932495 3.9768478870391846 -10.547831535339355 2.0107893347740173 10.303979873657227 -1.6253551816574188 0.22476741671562195
Van -1 -1 -2.05 876.311767578125 9.655306816101074 1249.105712890625 349.38952922821045 2.5918891429901123 2.165877103805542 5.774201393127441 3.08542799949646 1.6084815561771393 5.0485944747924805 -1.498643545192067 0.22470630705356598
Car -1 -1 -1.95 700.7207641601562 171.26873779296875 769.8653564453125 235.34262084960938 1.5257622003555298 1.5502870082855225 3.62398362159729 3.7712504863739014 1.6201167702674866 22.25932502746582 -1.778111470336821 0.22465594112873077
Car -1 -1 1.37 687.6459350585938 171.32891845703125 752.0617065429688 225.00991821289062 1.630186915397644 1.6425445079803467 3.935595750808716 3.626617193222046 1.553986668586731 22.734718322753906 1.5308040998099282 0.22386163473129272
Car -1 -1 -1.74 712.1724243164062 155.0830841064453 827.2027587890625 251.70028686523438 1.8558955192565918 1.684715747833252 3.882213830947876 3.320765733718872 1.568584680557251 15.397989273071289 -1.5287730631030074 0.2204550802707672
Car -1 -1 -1.99 812.3555908203125 87.30443572998047 1252.9462890625 380.9520797729492 1.665184736251831 1.7146520614624023 4.082677841186523 2.8681931495666504 1.5699276328086853 6.1289286613464355 -1.552710928768989 0.2173880785703659
Pedestrian -1 -1 2.93 768.4249877929688 164.08311462402344 836.7514038085938 262.9046630859375 1.6518021821975708 0.5962709188461304 0.7812201380729675 3.0985593795776367 1.4476372003555298 11.707091331481934 -3.0993112605524455 0.21539419889450073
Pedestrian -1 -1 2.34 783.1144409179688 26.04054832458496 1233.726318359375 365.3826198577881 2.116746187210083 0.6893734931945801 0.9481456875801086 3.157935380935669 1.5381210148334503 5.755601406097412 2.8392476002139375 0.21375252306461334
Van -1 -1 -1.73 723.56103515625 153.13998413085938 878.8885498046875 266.67218017578125 2.093531847000122 1.8611491918563843 4.892123222351074 3.5732600688934326 1.6898720264434814 14.974061012268066 -1.4917727963939509 0.213405579328537
Car -1 -1 -1.73 714.9231567382812 163.53106689453125 806.462890625 251.69232177734375 1.6180758476257324 1.6374982595443726 3.6965417861938477 3.261504650115967 1.5296860337257385 15.307036399841309 -1.5162386021207999 0.21226295828819275
Car -1 -1 1.55 659.902099609375 166.6197052001953 704.7117309570312 199.94297790527344 1.6193960905075073 1.6059753894805908 3.704998254776001 3.7230916023254395 1.3628022074699402 35.403324127197266 1.6563328530028656 0.2105381190776825
Car -1 -1 1.56 661.8912353515625 169.94236755371094 701.132080078125 202.2338409423828 1.6155240535736084 1.6361613273620605 3.9971446990966797 3.7742655277252197 1.5140699744224548 36.073631286621094 1.668511742721126 0.21028384566307068
Car -1 -1 1.61 679.5286865234375 169.85812377929688 736.5531616210938 213.44827270507812 1.5807631015777588 1.5793375968933105 3.766962766647339 4.089591026306152 1.4740444421768188 34.29750442504883 1.7258795694428253 0.20717251300811768
Truck -1 -1 -1.73 719.0092163085938 148.12852478027344 843.68115234375 261.9471130371094 3.0382721424102783 2.496474504470825 7.0986785888671875 3.561154365539551 2.0334872603416443 15.915905952453613 -1.508830869517956 0.20599284768104553
Pedestrian -1 -1 -2.38 696.0416259765625 168.05361938476562 767.3482055664062 229.20840454101562 1.6951849460601807 0.6231773495674133 0.7728132009506226 3.074537992477417 1.4829757809638977 17.778532028198242 -2.2096350943502108 0.20336228609085083
Car -1 -1 -2.43 -2.5238261222839355 183.5467071533203 201.30524492263794 369.1372375488281 1.675428032875061 1.6764395236968994 4.142282009124756 -6.156674385070801 1.838664472103119 7.103823661804199 3.140065849001335 0.18932248651981354
Car -1 -1 -0.75 11.555673599243164 180.2099609375 60.22684669494629 288.94342041015625 1.73838472366333 1.632957100868225 3.9920198917388916 -12.250290870666504 2.004445195198059 12.473028182983398 -1.5268929124826736 0.17564824223518372
Car -1 -1 -0.01 685.6062622070312 166.93545532226562 760.6602172851562 217.98837280273438 1.6071144342422485 1.627511978149414 3.843902587890625 3.5845539569854736 1.4135087728500366 22.278329849243164 0.14802458432965215 0.17434921860694885
Cyclist -1 -1 -1.95 880.7523193359375 19.24340057373047 1245.279052734375 380.8955612182617 1.7896655797958374 0.5291023254394531 1.8675956726074219 3.0400943756103516 1.2375780642032623 4.6012983322143555 -1.371025326123216 0.17431294918060303
Van -1 -1 -2.06 6.406045436859131 164.67349243164062 234.93418264389038 334.8995056152344 2.201512575149536 1.820249080657959 4.407098293304443 -7.259117126464844 2.021059215068817 8.944958686828613 -2.738356319048335 0.1717914491891861
Car -1 -1 -0.79 2.10253643989563 194.51974487304688 27.32953190803528 289.511962890625 1.6032979488372803 1.6793221235275269 3.7382380962371826 -11.927739143371582 1.9668129682540894 11.688830375671387 -1.5837575807677933 0.16972509026527405
Car -1 -1 2.81 0.4580124318599701 66.09819030761719 52.86777576804161 94.7942123413086 1.7058775424957275 1.7296099662780762 3.6992695331573486 -34.62264633178711 -4.1676939725875854 40.87449645996094 2.11093598005775 0.16842947900295258
Car -1 -1 -0.8 5.4748945236206055 201.0888671875 49.13866329193115 317.1139831542969 1.6179211139678955 1.6689753532409668 3.8977792263031006 -11.650120735168457 2.2030354738235474 10.91816234588623 -1.6138415691334531 0.15580706298351288
Car -1 -1 -2.58 6.5726847648620605 69.0297622680664 60.49744749069214 96.45601654052734 1.6846483945846558 1.6656019687652588 3.754845380783081 -34.731170654296875 -4.096054136753082 41.534427642822266 3.0097294998932727 0.15034553408622742
Car -1 -1 -2.52 4.9850568771362305 191.4252471923828 70.27312755584717 371.43994140625 1.6660842895507812 1.6584577560424805 4.079544544219971 -5.469898223876953 1.7327300906181335 4.36589241027832 2.8705254828502085 0.15003837645053864
Car -1 -1 -2.68 1208.610107421875 235.6101837158203 1238.08740234375 376.4909362792969 1.551750659942627 1.6504048109054565 3.805622100830078 1.4053336381912231 1.1749517023563385 0.7489845752716064 -1.5993696335608227 0.14621500670909882
Car -1 -1 -0.82 3.3513660430908203 204.131591796875 41.82242012023926 313.03680419921875 1.5604747533798218 1.674667477607727 3.8811349868774414 -11.931434631347656 2.192082107067108 11.263130187988281 -1.6319005082758729 0.14157123863697052
Car -1 -1 -2.83 4.913145065307617 172.91575622558594 84.52474784851074 342.9577331542969 1.6360931396484375 1.639570951461792 4.071014404296875 -8.168277740478516 1.8230581283569336 7.272714138031006 2.6118073851703905 0.08067803084850311