Car -1 -1 -1.83 721.6217041015625 178.11585998535156 878.2134399414062 282.00244140625 1.4475148916244507 1.6289881467819214 3.965500593185425 3.045630931854248 1.6040238738059998 12.698334693908691 -1.5976848428313595 0.8835620284080505
Car -1 -1 -1.72 694.9962768554688 177.23565673828125 779.8780517578125 241.3645782470703 1.4715633392333984 1.5934652090072632 3.6965243816375732 3.170287609100342 1.6133295893669128 18.622703552246094 -1.548944029394316 0.8765214085578918
Car -1 -1 1.78 406.6819763183594 184.0523223876953 505.9124755859375 252.62823486328125 1.528788685798645 1.6275835037231445 4.154824256896973 -3.784696340560913 1.810453474521637 18.239978790283203 1.5803256139522128 0.8738073110580444
Car -1 -1 1.81 320.52398681640625 189.11439514160156 461.9013671875 285.8030700683594 1.5769442319869995 1.6133617162704468 3.784754991531372 -3.961249351501465 1.856360137462616 13.467348098754883 1.525219604574107 0.872681736946106
Car -1 -1 -1.99 771.9103393554688 188.4558563232422 1192.0726318359375 373.82928466796875 1.4223130941390991 1.62092924118042 4.018179416656494 2.761315107345581 1.593919575214386 6.491329669952393 -1.58833099212388 0.8706904053688049
Car -1 -1 2.04 47.05171585083008 200.74481201171875 407.7249946594238 375.41766357421875 1.4618488550186157 1.6257375478744507 4.084087371826172 -3.6519856452941895 1.8351536393165588 7.8135600090026855 1.6073909769909784 0.8683568239212036
Car -1 -1 -1.76 641.2070922851562 174.74954223632812 684.5601196289062 203.7786407470703 1.5231415033340454 1.660176157951355 4.167068958282471 2.8095409870147705 1.6356115341186523 39.20701217651367 -1.6875571694257774 0.818970263004303
Car -1 -1 2.6 -2.8115737438201904 211.3478240966797 147.5618851184845 375.0301513671875 1.5343210697174072 1.6019494533538818 3.74654483795166 -3.514385461807251 1.7409862875938416 2.156856060028076 1.5816861236172395 0.6958135962486267
Car -1 -1 -1.65 600.5861206054688 176.62281799316406 628.402099609375 196.70068359375 1.4733071327209473 1.6299810409545898 4.087160110473633 0.30170485377311707 1.7417680025100708 53.5806884765625 -1.6402423616003823 0.3564414978027344
Car -1 -1 2.57 3.2869980335235596 218.43504333496094 124.52573704719543 382.3750915527344 1.463600754737854 1.6081645488739014 4.055025577545166 -3.618807554244995 1.6501144170761108 2.4212400913238525 1.5870346437245288 0.2957543730735779
Car -1 -1 2.58 -2.6320903301239014 224.4298553466797 206.72218823432922 371.7872009277344 1.5576410293579102 1.5783082246780396 3.8283464908599854 -3.200348377227783 1.6335788369178772 2.341071128845215 1.6392550125216934 0.28742238879203796
Car -1 -1 -1.75 695.0607299804688 180.86558532714844 797.5455322265625 254.9586944580078 1.4921009540557861 1.556520938873291 4.037158012390137 3.1726315021514893 1.6900048851966858 18.40757179260254 -1.5789988839971336 0.25959137082099915
Car -1 -1 1.79 389.5982360839844 185.8936309814453 498.7826232910156 257.4403991699219 1.5530741214752197 1.5506718158721924 3.960521936416626 -3.802595615386963 1.9160282611846924 18.51747703552246 1.5898965728438217 0.2196684032678604
Car -1 -1 2.58 5.868860244750977 211.94766235351562 98.42131996154785 374.08197021484375 1.5196754932403564 1.6047260761260986 4.03594446182251 -3.8938026428222656 1.6844705939292908 2.601381778717041 1.597135366441445 0.20951128005981445
Car -1 -1 -1.85 706.3905029296875 179.8198699951172 853.6049194335938 271.7765197753906 1.5116902589797974 1.6058049201965332 3.7078471183776855 3.005234479904175 1.6160778999328613 12.729105949401855 -1.618626299674622 0.20199550688266754
Car -1 -1 2.19 19.16256332397461 207.67196655273438 346.24340438842773 367.47491455078125 1.4268407821655273 1.5523591041564941 3.713374614715576 -4.09644889831543 2.046423077583313 7.313910961151123 1.6775043426437968 0.19653749465942383
Car -1 -1 1.77 365.5766296386719 187.0482940673828 492.4402770996094 263.4595031738281 1.4706089496612549 1.6201915740966797 4.056572914123535 -4.036431789398193 1.7728245258331299 16.281919479370117 1.5258420955241458 0.1833709180355072
Car -1 -1 -3.04 728.5560913085938 95.23259735107422 799.3639526367188 127.86238098144531 1.9925858974456787 1.8346641063690186 5.079720973968506 9.120765686035156 -2.4400304555892944 45.35658645629883 -2.843957864371701 0.1789291501045227
Van -1 -1 2.35 920.760498046875 157.63858032226562 1041.8948974609375 197.7689666748047 2.028810739517212 1.8924205303192139 4.572518348693848 16.53130340576172 1.0554794892668724 31.978715896606445 2.8236469679879006 0.172659233212471
Car -1 -1 2.56 -0.19755958020687103 217.361572265625 256.1265981346369 367.579833984375 1.4802120923995972 1.5646464824676514 3.6064798831939697 -4.401318073272705 1.9003857970237732 4.42911958694458 1.7802464917053467 0.1436063051223755
Car -1 -1 -2.72 1221.787841796875 225.99925231933594 1239.9354248046875 377.7272644042969 1.5379010438919067 1.6268035173416138 3.670754909515381 2.867550849914551 1.5248656272888184 1.5181516408920288 -1.6333033957712626 0.13895085453987122