Car -1 -1 1.84 382.5285339355469 182.27642822265625 424.59576416015625 207.30003356933594 1.4764409065246582 1.609600305557251 4.015478134155273 -13.366933822631836 2.119866132736206 46.83134078979492 1.5617960599553529 0.8161323070526123
Cyclist -1 -1 -2.13 801.011474609375 165.52833557128906 829.747314453125 218.16021728515625 1.8284664154052734 0.5477896332740784 1.8758349418640137 7.600571632385254 1.608856201171875 26.668787002563477 -1.8496699532827732 0.6296912431716919
Car -1 -1 0.92 1034.946533203125 157.05934143066406 1240.58642578125 372.9906921386719 1.6993324756622314 1.7389010190963745 4.785473346710205 5.761250019073486 1.7128154635429382 5.996020317077637 1.682291162745578 0.56070876121521
Van -1 -1 0.96 1031.8819580078125 71.46929168701172 1238.8299560546875 361.71251678466797 2.3189289569854736 2.0571608543395996 6.115406036376953 5.912164688110352 1.6404767334461212 5.647678375244141 1.7672663811753146 0.5290799140930176
Van -1 -1 0.91 1025.813720703125 139.26791381835938 1244.5555419921875 364.8162536621094 2.0501880645751953 1.8731493949890137 5.581711769104004 5.703243255615234 1.7161519527435303 6.016170978546143 1.6648667204018075 0.48298850655555725
Truck -1 -1 0.9 1023.562744140625 52.20791244506836 1236.644287109375 355.16396713256836 3.220579147338867 2.3683764934539795 7.835099220275879 6.417701721191406 1.7607093304395676 6.096551418304443 1.71535382587997 0.44982320070266724
Pedestrian -1 -1 0.12 806.7692260742188 166.58639526367188 827.0770263671875 217.07290649414062 1.7032413482666016 0.6234885454177856 0.6458973288536072 7.626318454742432 1.5898606181144714 26.639991760253906 0.3986843779125735 0.35336363315582275
Cyclist -1 -1 -2.41 805.4911499023438 163.6995849609375 826.9053955078125 216.12269592285156 1.7580729722976685 0.5399042963981628 1.710300087928772 7.790005207061768 1.5140830874443054 27.284822463989258 -2.132005781775195 0.33671388030052185
Car -1 -1 0.95 1061.6368408203125 192.4010467529297 1236.298095703125 378.0567321777344 1.4943963289260864 1.6285626888275146 4.3050642013549805 5.457838535308838 1.7459657788276672 5.485408306121826 1.728410302166088 0.3283998370170593
Van -1 -1 0.9 1066.15234375 96.71353912353516 1239.445556640625 369.28394317626953 2.01896333694458 1.9848932027816772 5.316341400146484 5.432766914367676 1.5787751078605652 4.911451816558838 1.7402827488860177 0.271331787109375
Car -1 -1 0.85 1084.5032958984375 162.7209930419922 1240.4298095703125 382.42803955078125 1.7264161109924316 1.692997932434082 4.697912216186523 5.322688102722168 1.7297168374061584 4.749063491821289 1.6879160675180156 0.23345816135406494
Pedestrian -1 -1 1.99 802.5703125 164.540771484375 828.9698486328125 218.3296661376953 1.8720251321792603 0.6356590986251831 0.9648379683494568 7.2163496017456055 1.574197232723236 25.431610107421875 2.2668272699192897 0.22382497787475586
Cyclist -1 -1 0.89 1071.37158203125 94.33769989013672 1234.4237060546875 370.6775436401367 1.8716933727264404 0.6393711566925049 2.0127851963043213 4.16693115234375 1.55231374502182 4.602262020111084 1.6221116841646825 0.2230331003665924
Truck -1 -1 1.01 1067.71337890625 78.11583709716797 1236.510498046875 371.1923141479492 2.9860239028930664 2.3864998817443848 7.17450475692749 6.291078090667725 1.836400419473648 5.916004180908203 1.8274415705154343 0.21219098567962646
Cyclist -1 -1 1.02 1040.8050537109375 136.99911499023438 1245.8775634765625 375.520751953125 1.6686381101608276 0.6846234202384949 1.9654459953308105 3.723132371902466 1.4615812301635742 4.330273151397705 1.7298912452991129 0.19746345281600952