Car -1 -1 1.84 289.97259521484375 203.643310546875 460.0223083496094 322.0690612792969 1.4985771179199219 1.6116384267807007 3.820761203765869 -3.6964173316955566 2.059755325317383 11.949356079101562 1.5389889349467651 0.884419322013855
Car -1 -1 -1.75 671.4169921875 195.3348846435547 775.1474609375 268.49365234375 1.4770896434783936 1.6378250122070312 3.9820051193237305 2.4961442947387695 2.0604209899902344 16.90422248840332 -1.6021466035586993 0.8826751708984375
Car -1 -1 -1.82 712.6102905273438 195.69287109375 897.0242309570312 322.7486572265625 1.4958075284957886 1.5712846517562866 3.5753519535064697 2.564626455307007 1.8629260659217834 10.752476692199707 -1.5889498325120073 0.8811463713645935
Car -1 -1 1.79 399.7442932128906 203.8234100341797 497.7356262207031 273.31036376953125 1.489667296409607 1.5548526048660278 3.6471195220947266 -3.9159536361694336 2.2915502190589905 17.920120239257812 1.5712418925908125 0.8636418581008911
Car -1 -1 -2.06 802.5298461914062 203.93504333496094 1212.060546875 375.7737121582031 1.4593520164489746 1.530949592590332 3.2779576778411865 2.9126882553100586 1.7094781994819641 6.0775980949401855 -1.6105068506878881 0.8606946468353271
Car -1 -1 1.72 470.05291748046875 199.4970245361328 529.2955932617188 241.329345703125 1.4880650043487549 1.6288583278656006 4.214927673339844 -4.337864398956299 2.5933717489242554 28.716001510620117 1.5740780120333167 0.8469012975692749
Car -1 -1 -1.7 655.9912719726562 192.6699676513672 716.1995239257812 241.03970336914062 1.698707103729248 1.6328462362289429 3.650407314300537 2.61993670463562 2.4265187978744507 25.73944091796875 -1.6030139618410573 0.8104115128517151
Car -1 -1 -1.66 653.816650390625 194.84698486328125 707.0147094726562 237.4118194580078 1.53464937210083 1.5916804075241089 3.389003276824951 2.6382546424865723 2.3936774730682373 27.496341705322266 -1.5656566954463518 0.7782764434814453
Car -1 -1 1.7 446.8294677734375 201.41598510742188 507.70843505859375 251.25672912597656 1.5598549842834473 1.5783841609954834 3.4188201427459717 -4.36279821395874 2.511314272880554 24.163681030273438 1.5249646289918921 0.7239322066307068
Car -1 -1 -1.7 660.9390869140625 194.92762756347656 724.3607788085938 244.62904357910156 1.5409715175628662 1.557343602180481 3.583949327468872 2.6262545585632324 2.313303589820862 23.98719596862793 -1.5905473353263915 0.7059507369995117
Car -1 -1 -1.49 623.8792724609375 193.13394165039062 656.5958862304688 218.15243530273438 1.589892029762268 1.6174293756484985 3.793100357055664 1.9259612560272217 2.9139731526374817 47.15164566040039 -1.4517818479932512 0.6983451247215271
Car -1 -1 1.71 453.0455017089844 200.27064514160156 514.466552734375 245.64804077148438 1.4802460670471191 1.598262071609497 3.8993659019470215 -4.295992851257324 2.498878836631775 25.824050903320312 1.54823724649391 0.49174433946609497
Car -1 -1 1.67 464.1131896972656 200.57638549804688 521.7432250976562 243.9295196533203 1.456520915031433 1.609494924545288 4.072512626647949 -4.518154621124268 2.6320493817329407 29.01218605041504 1.5159251187414 0.46970248222351074
Car -1 -1 -1.72 664.3119506835938 195.26087951660156 751.1730346679688 258.0869445800781 1.4901604652404785 1.6287354230880737 3.864546537399292 2.5928916931152344 2.291676878929138 22.88494110107422 -1.6056485805290208 0.42854559421539307
Car -1 -1 -1.86 10.946346282958984 156.48521423339844 199.3239860534668 359.7917785644531 1.5196669101715088 1.5888279676437378 3.521707773208618 -4.994567394256592 1.406767725944519 6.280795097351074 -2.527491342084634 0.3948012590408325
Car -1 -1 1.8 421.902587890625 201.51309204101562 504.51763916015625 262.63995361328125 1.5139256715774536 1.5677942037582397 3.5820395946502686 -3.951937437057495 2.2826958298683167 19.3254337310791 1.5953597470373078 0.3709300458431244
Car -1 -1 -1.74 665.3595581054688 198.11273193359375 795.258056640625 277.7660217285156 1.4355887174606323 1.6081409454345703 3.8882625102996826 2.4213709831237793 2.07259339094162 17.086849212646484 -1.6039845650963906 0.2766023576259613
Car -1 -1 -1.64 650.4847412109375 194.8426971435547 698.491455078125 232.82737731933594 1.5463651418685913 1.5946874618530273 3.7231807708740234 2.6576735973358154 2.461869537830353 28.944761276245117 -1.546637786331786 0.26424193382263184
Car -1 -1 -1.72 630.4635620117188 193.58535766601562 665.106201171875 219.04090881347656 1.5531771183013916 1.612959384918213 3.9178099632263184 2.2698099613189697 3.063412308692932 47.91707992553711 -1.667795633767387 0.22898460924625397
Car -1 -1 1.6 435.7821960449219 205.67918395996094 506.3731994628906 260.70068359375 1.473095178604126 1.5756193399429321 3.7497713565826416 -4.1241302490234375 2.4847214221954346 22.083280563354492 1.4165547717091602 0.20873227715492249
Car -1 -1 -1.69 658.2982177734375 199.85055541992188 730.1581420898438 251.8365936279297 1.4187126159667969 1.574646234512329 3.6931681632995605 2.6378676891326904 2.3135823011398315 23.230815887451172 -1.579368078766647 0.2068423479795456
Car -1 -1 -1.89 695.3427734375 196.36932373046875 863.1638793945312 301.8254089355469 1.5489187240600586 1.6127891540527344 3.6391758918762207 2.631518602371216 1.9110790491104126 11.150150299072266 -1.6561546421103364 0.20474018156528473
Car -1 -1 1.85 355.6244812011719 206.59518432617188 490.1661071777344 286.29437255859375 1.3924353122711182 1.5833288431167603 3.630711555480957 -4.2145676612854 2.3541332483291626 18.417137145996094 1.6249616294601417 0.20372755825519562
Car -1 -1 -1.8 687.7025146484375 195.53665161132812 839.12548828125 290.4711608886719 1.463094711303711 1.639934778213501 3.8097660541534424 2.7340762615203857 2.0026965141296387 14.508980751037598 -1.6182676685785218 0.20274381339550018
Car -1 -1 -1.65 666.402099609375 193.7290802001953 720.0362548828125 237.8743896484375 1.489984154701233 1.5787383317947388 3.5600037574768066 2.7549421787261963 2.2226333022117615 24.616697311401367 -1.5343988937408426 0.20019090175628662
Car -1 -1 1.74 458.0944519042969 199.92037963867188 511.64019775390625 239.28045654296875 1.474976897239685 1.617527961730957 3.8369297981262207 -4.949185848236084 2.6223060488700867 30.58633804321289 1.5844868053819718 0.19546185433864594
Pedestrian -1 -1 -0.99 448.4699401855469 198.47235107421875 510.9890441894531 250.9799346923828 1.812969446182251 0.6530976891517639 0.7720746994018555 -3.6380953788757324 2.308073878288269 19.754453659057617 -1.1737243157275739 0.19129478931427002
Car -1 -1 -1.71 853.1013793945312 189.67584228515625 1161.6229248046875 349.4386291503906 1.4086768627166748 1.5772489309310913 3.299816608428955 3.6175174713134766 1.6455692052841187 7.481532096862793 -1.257851507890848 0.18609897792339325
Car -1 -1 -2.52 1216.412353515625 210.25482177734375 1241.3265380859375 377.2582092285156 1.5293865203857422 1.6079293489456177 3.753941774368286 3.0374667644500732 1.4047889709472656 1.5833693742752075 -1.429810222823507 0.1600062996149063
Car -1 -1 -0.57 -4.816214084625244 174.4205322265625 109.46440267562866 386.54241943359375 1.5701652765274048 1.5744348764419556 3.848886251449585 -2.5110058784484863 1.4106075167655945 1.3591244220733643 -1.64312943737335 0.15772303938865662
Car -1 -1 -0.44 2.3674967288970947 251.0167999267578 34.32825493812561 385.64080810546875 1.4921890497207642 1.6453721523284912 3.825950860977173 -1.9508663415908813 1.3092916011810303 1.0612850189208984 -1.5097045932238649 0.15249302983283997
Car -1 -1 -0.7 0.9909905195236206 172.30111694335938 178.78969657421112 377.79913330078125 1.515896201133728 1.584877371788025 3.6773715019226074 -2.9954423904418945 1.4712800979614258 2.0661191940307617 -1.6675308594210305 0.149070143699646