Car -1 -1 -2.17 890.7538452148438 181.78369140625 1243.0958251953125 375.55718994140625 1.467531442642212 1.6090303659439087 4.030005931854248 3.5233287811279297 1.6023208498954773 5.0208964347839355 -1.5568425034339963 0.8767520785331726
Car -1 -1 -1.82 811.1289672851562 153.4969024658203 1026.489501953125 314.05303955078125 1.763698697090149 1.6863293647766113 4.334732532501221 3.8730032444000244 1.5693201422691345 10.006711959838867 -1.450833210143963 0.8631031513214111
Car -1 -1 -1.65 782.7107543945312 169.73565673828125 857.0515747070312 232.88035583496094 1.465071678161621 1.6329865455627441 3.8088717460632324 5.537066459655762 1.4536563754081726 19.590742111206055 -1.379352650700735 0.8295118808746338
Car -1 -1 -1.63 779.7719116210938 167.52088928222656 847.2109375 225.36451721191406 1.447237253189087 1.57393217086792 3.812077045440674 5.522350311279297 1.4160462617874146 19.622859954833984 -1.3567648389205331 0.3036932349205017
Car -1 -1 -1.86 811.5838012695312 163.9777374267578 1073.5771484375 321.1880798339844 1.614337682723999 1.6403776407241821 3.924811601638794 4.096132278442383 1.6657851934432983 10.192110061645508 -1.4776256971158839 0.28297683596611023
Car -1 -1 0.83 1117.2874755859375 186.15118408203125 1228.47900390625 355.79132080078125 1.5360461473464966 1.6016263961791992 3.8790979385375977 6.073152542114258 1.6124982237815857 6.027839183807373 1.6157717033471348 0.27282288670539856
Van -1 -1 1.58 783.4078369140625 150.91073608398438 830.0724487304688 201.57138061523438 2.6652488708496094 1.9685399532318115 5.806421279907227 10.864838600158691 1.289229404181242 39.928035736083984 1.8484711256230586 0.25255510210990906
Car -1 -1 0.76 1157.456298828125 178.02479553222656 1235.8414306640625 364.1399230957031 1.4548848867416382 1.5362049341201782 3.6874732971191406 6.000314712524414 1.6179420351982117 5.177706718444824 1.6172342006947202 0.24884486198425293
Car -1 -1 -1.67 805.1680908203125 174.83853149414062 887.186279296875 250.536376953125 1.4735223054885864 1.584661602973938 3.5146713256835938 4.970915794372559 1.5036627054214478 15.903844833374023 -1.3656287693882945 0.2272576540708542
Van -1 -1 -1.86 809.0850830078125 150.4064178466797 1021.638427734375 313.35638427734375 1.9536558389663696 1.7893353700637817 4.58162784576416 3.9493355751037598 1.6876777410507202 10.164874076843262 -1.4919122514691203 0.20786917209625244
Car -1 -1 0.78 1192.32373046875 177.52578735351562 1238.795166015625 284.0256652832031 1.468193531036377 1.5321658849716187 3.6532862186431885 10.074637413024902 1.6445574760437012 9.877091407775879 1.5752187356360015 0.2052442878484726
Car -1 -1 -1.61 799.7776489257812 171.3167266845703 870.7353515625 241.97344970703125 1.4441083669662476 1.5881567001342773 3.6552090644836426 5.411955833435059 1.4392580389976501 17.842945098876953 -1.3123524266150737 0.19480472803115845
Car -1 -1 0.84 1093.956298828125 177.53494262695312 1233.01123046875 348.9197998046875 1.5230897665023804 1.5801643133163452 3.778622627258301 5.838986396789551 1.5656462907791138 5.801148891448975 1.6325298426064148 0.1835283637046814
Car -1 -1 0.82 1199.3509521484375 191.9806671142578 1233.703369140625 263.9195861816406 1.4059433937072754 1.5422823429107666 3.629279375076294 14.08341121673584 1.8705214262008667 14.482576370239258 1.5892101200234956 0.18018817901611328
Truck -1 -1 1.63 779.969970703125 150.13427734375 825.5559692382812 202.35452270507812 3.3316609859466553 2.3206443786621094 7.37501335144043 10.957948684692383 1.6620300360955298 41.31610870361328 1.884562206794084 0.1772862821817398
Van -1 -1 -0.89 23.0480899810791 32.15751266479492 347.2175235748291 364.55390548706055 2.395434617996216 1.8201711177825928 5.234753131866455 -2.2603049278259277 1.518369346857071 2.0951714515686035 -1.7148644905129204 0.16605916619300842
Car -1 -1 0.82 1146.7042236328125 189.6507110595703 1231.38671875 346.6330871582031 1.5087987184524536 1.6018567085266113 3.8335132598876953 7.000582695007324 1.6404806971549988 6.831070899963379 1.6130380429289488 0.16426846385002136