Car -1 -1 -1.69 648.2891845703125 178.0191650390625 704.2828369140625 222.7291717529297 1.5249778032302856 1.6862928867340088 4.38233757019043 2.535552978515625 1.7931293845176697 28.493389129638672 -1.5972442684154737 0.8544267416000366
Pedestrian -1 -1 2.15 1202.873291015625 173.0240020751953 1239.025390625 386.3961181640625 1.692915678024292 0.6652215719223022 0.35902631282806396 4.351040840148926 2.1084206104278564 4.284404754638672 2.9471616499022115 0.2782079577445984
Pedestrian -1 -1 2.09 1212.9229736328125 172.57403564453125 1240.61083984375 385.8414001464844 1.6978343725204468 0.6392717957496643 0.359762042760849 4.124051570892334 2.003911077976227 3.998527765274048 2.8939555141134807 0.27312105894088745
Pedestrian -1 -1 2.61 1184.3167724609375 125.63622283935547 1238.406005859375 389.61190032958984 1.7769438028335571 0.727740466594696 0.5889606475830078 3.6084606647491455 1.8059300780296326 3.4578001499176025 -2.865446466301467 0.26774105429649353
Pedestrian -1 -1 2.5 1212.9180908203125 106.186279296875 1237.0360107421875 388.60302734375 1.8022923469543457 0.7175506949424744 0.5792938470840454 3.3359036445617676 1.639584481716156 3.1752195358276367 -2.9764432151920044 0.2653769254684448
Pedestrian -1 -1 2.18 1186.7099609375 186.79685974121094 1235.2406005859375 386.939208984375 1.6283718347549438 0.6783721446990967 0.31837648153305054 4.595461368560791 2.266654312610626 4.587815761566162 2.9669015053942944 0.25070685148239136
Pedestrian -1 -1 2.19 1167.8031005859375 188.59759521484375 1227.9190673828125 385.53607177734375 1.5969797372817993 0.6749304533004761 0.3058925271034241 4.505535125732422 2.21421355009079 4.622260570526123 2.9606700046850722 0.22331658005714417
Car -1 -1 -2.61 1151.133056640625 137.7395782470703 1233.8172607421875 364.75079345703125 1.7919141054153442 1.6137639284133911 3.864783525466919 3.6701109409332275 1.6894395351409912 2.242589235305786 -1.5925987131819337 0.2107013463973999
Van -1 -1 1.55 650.1597900390625 177.94265747070312 706.1136474609375 221.899658203125 1.8129260540008545 1.8121209144592285 4.587757587432861 2.7109553813934326 1.9233016967773438 29.22361183166504 1.6410962330765297 0.21045497059822083
Cyclist -1 -1 3.01 1212.9180908203125 106.186279296875 1237.0360107421875 388.60302734375 1.7899140119552612 0.5256828665733337 1.5971667766571045 2.9701220989227295 1.5405900478363037 2.475400686264038 -2.39698169813846 0.20926357805728912
Pedestrian -1 -1 2.42 1207.2879638671875 140.6533966064453 1238.4293212890625 401.22242736816406 1.686856746673584 0.6420497894287109 0.47928351163864136 3.55816912651062 1.8592586517333984 3.252776861190796 -3.036790869224249 0.20921188592910767
Cyclist -1 -1 2.81 1180.9443359375 142.5632781982422 1240.438720703125 393.3036804199219 1.6701499223709106 0.5505378246307373 1.5549652576446533 2.9767799377441406 1.6185429692268372 2.3599436283111572 -2.5775624139299262 0.19632428884506226
Car -1 -1 -2.45 1212.9180908203125 106.186279296875 1237.0360107421875 388.60302734375 1.728418231010437 1.5621564388275146 3.553179979324341 3.035733461380005 1.5718598365783691 1.6159861087799072 -1.3713524693997599 0.19401071965694427
Pedestrian -1 -1 2.55 1155.3580322265625 128.61856079101562 1233.06689453125 381.376220703125 1.796583652496338 0.7299056649208069 0.6144922971725464 3.7346508502960205 1.8172301650047302 3.732339859008789 -2.9478963748822844 0.19367899000644684
Car -1 -1 -2.59 1207.2879638671875 140.6533966064453 1238.4293212890625 401.22242736816406 1.6707053184509277 1.5473817586898804 3.690633773803711 2.5177648067474365 1.5020574927330017 1.2016856670379639 -1.4683034264382622 0.18427583575248718
Car -1 -1 -2.63 1190.752685546875 135.73020935058594 1240.05859375 361.6263427734375 1.7973005771636963 1.6303999423980713 3.96439790725708 3.3836352825164795 1.561858594417572 1.9725537300109863 -1.5881202820795757 0.17617148160934448