Car -1 -1 -1.67 634.48291015625 188.7664031982422 672.908935546875 219.4378204345703 1.4940763711929321 1.6205865144729614 4.002440452575684 2.2209506034851074 2.322570502758026 37.34831619262695 -1.6094194590424395 0.8489112257957458
Car -1 -1 -0.3 725.2731323242188 185.44541931152344 862.2297973632812 242.3070831298828 1.63898503780365 1.6512829065322876 3.6924688816070557 5.666254043579102 2.0913642048835754 22.294761657714844 -0.046228595385962024 0.8167714476585388
Car -1 -1 -0.45 805.89599609375 193.67164611816406 1007.7747802734375 273.2991027832031 1.438278317451477 1.6564738750457764 3.8986997604370117 5.981441020965576 1.894487202167511 14.621424674987793 -0.06317399025699011 0.806993305683136
Car -1 -1 -2.79 146.0390625 190.2450714111328 380.1323547363281 273.490478515625 1.412352442741394 1.6200178861618042 4.161583423614502 -6.676609039306641 1.811443269252777 13.80012035369873 3.0466343806087597 0.8059059381484985
Car -1 -1 -2.51 2.822688341140747 190.53091430664062 229.9386703968048 346.64703369140625 1.4397234916687012 1.5899683237075806 3.7913341522216797 -6.708559036254883 1.6828644275665283 8.250386238098145 3.0916056079950476 0.7904214262962341
Car -1 -1 2.75 747.0595092773438 190.4391326904297 922.11865234375 254.55653381347656 1.4921678304672241 1.5876314640045166 4.071013450622559 5.850058078765869 1.9776049256324768 19.046072006225586 3.0437925132034316 0.7790611386299133
Car -1 -1 -0.7 871.6243286132812 193.24343872070312 1117.953369140625 303.2735595703125 1.5037177801132202 1.6264567375183105 3.6860198974609375 6.322972297668457 1.8769248127937317 12.051179885864258 -0.21707633024651019 0.7476614713668823
Car -1 -1 1.83 421.578369140625 186.22242736816406 517.8968505859375 219.5853271484375 1.4783270359039307 1.6617170572280884 4.331573009490967 -6.534536361694336 2.1423017978668213 33.369319915771484 1.6324974852051612 0.7407382726669312
Car -1 -1 -2.71 407.9739074707031 187.3495635986328 501.66448974609375 224.02296447753906 1.3994871377944946 1.6380826234817505 4.003135681152344 -6.459248065948486 2.058337152004242 30.290557861328125 -2.9249958498251125 0.7245844006538391
Car -1 -1 -0.84 901.3897705078125 182.53570556640625 1225.450927734375 338.7052917480469 1.4918813705444336 1.6846861839294434 4.132841110229492 6.250572204589844 1.7992953062057495 9.842070579528809 -0.27711034478566887 0.7233035564422607
Car -1 -1 -2.99 237.19503784179688 172.18646240234375 436.6123352050781 255.2575225830078 1.7647132873535156 1.6980854272842407 4.208405494689941 -6.433212757110596 1.8607982397079468 17.182043075561523 2.93939793212931 0.7209630012512207
Car -1 -1 -2.63 13.007614135742188 191.95335388183594 306.2228240966797 307.1759948730469 1.5007697343826294 1.6193710565567017 4.059403419494629 -6.465279579162598 1.8297292590141296 10.575072288513184 3.1081907203106827 0.708009660243988
Car -1 -1 -0.35 727.6189575195312 183.13037109375 834.1964111328125 236.16700744628906 1.645209789276123 1.627697229385376 3.586214065551758 5.994136810302734 2.1123851537704468 25.292633056640625 -0.11836529096277548 0.6593595147132874
Car -1 -1 -2.27 866.1168823242188 194.17559814453125 1266.091064453125 373.0580139160156 1.3758150339126587 1.6456937789916992 3.8064403533935547 2.491258382797241 1.4748294353485107 3.48836350440979 -1.650314972663626 0.6554485559463501
Car -1 -1 -0.79 873.5299682617188 189.70169067382812 1193.8829345703125 323.6891174316406 1.4268124103546143 1.6101398468017578 3.852804183959961 5.9120917320251465 1.825348138809204 10.808610916137695 -0.28972030487866585 0.6478142738342285
Car -1 -1 -2.73 84.9394302368164 191.09898376464844 369.21179962158203 286.7896728515625 1.5025056600570679 1.5987595319747925 4.0301361083984375 -6.673520088195801 1.873712956905365 13.647794723510742 3.0950093851894067 0.6460487246513367
Car -1 -1 -2.64 42.55844497680664 191.11297607421875 347.8769874572754 301.10504150390625 1.4876708984375 1.5850120782852173 3.966144561767578 -6.451363563537598 1.8361687660217285 11.01916217803955 3.1111429969085282 0.6324918270111084
Car -1 -1 -2.03 296.7495422363281 181.63449096679688 461.3595275878906 242.69448852539062 1.6173896789550781 1.646262526512146 4.130249977111816 -6.235316753387451 1.892502784729004 19.261377334594727 -2.3440908992279414 0.5919821262359619
Cyclist -1 -1 0.93 530.0973510742188 181.48536682128906 548.950927734375 224.2001190185547 1.7116519212722778 0.5575143694877625 1.789146065711975 -2.8936774730682373 2.0916137099266052 29.985837936401367 0.8308439990096108 0.5866021513938904
Car -1 -1 -1.53 -4.460633754730225 196.17703247070312 206.47552347183228 369.71826171875 1.4281436204910278 1.5862146615982056 4.035898208618164 -5.492373466491699 1.5916357040405273 5.7340922355651855 -2.2951481248091072 0.5701700448989868
Car -1 -1 -0.63 733.14501953125 189.85292053222656 896.219482421875 251.31112670898438 1.5485302209854126 1.5525012016296387 3.9053354263305664 5.6073198318481445 2.0698620676994324 20.08733558654785 -0.3617096747102604 0.5218849182128906
Car -1 -1 -2.4 -0.8298395872116089 186.8310089111328 273.18804371356964 320.0796813964844 1.5076513290405273 1.5963600873947144 3.8822238445281982 -6.254827499389648 1.6869480609893799 8.664310455322266 -3.024942814910389 0.5002416968345642
Car -1 -1 -2.03 270.27606201171875 176.54373168945312 454.9560852050781 245.6942138671875 1.6670209169387817 1.6412031650543213 4.211056232452393 -6.20377779006958 1.85428386926651 19.147085189819336 -2.3479849907883708 0.49984413385391235
Car -1 -1 -0.23 779.0053100585938 193.4208526611328 948.8040771484375 255.6603240966797 1.5399373769760132 1.6386659145355225 4.117837905883789 6.317758560180664 2.0298706889152527 18.129867553710938 0.10703791422353381 0.44714784622192383
Car -1 -1 -0.23 784.789794921875 192.66354370117188 979.5347290039062 267.75927734375 1.5375151634216309 1.6444200277328491 4.087719917297363 6.245125770568848 2.0430970191955566 17.54652976989746 0.11404995166572363 0.44506287574768066
Car -1 -1 -0.58 839.0071411132812 190.6380157470703 1066.421630859375 288.8819274902344 1.5416425466537476 1.5860795974731445 3.6300346851348877 6.1112236976623535 1.991434395313263 14.26453971862793 -0.17214218508416312 0.4146292805671692
Car -1 -1 -1.6 628.8011474609375 187.4893341064453 662.6456909179688 214.27674865722656 1.471482753753662 1.5868538618087769 3.4453036785125732 2.3121111392974854 2.3514076471328735 37.101661682128906 -1.5400443143736453 0.4087516665458679
Car -1 -1 -2.95 194.01060485839844 184.26463317871094 405.0335388183594 261.23492431640625 1.6293600797653198 1.645898699760437 4.075625419616699 -6.499195098876953 1.8256543278694153 17.432558059692383 2.975711997475864 0.38427865505218506
Van -1 -1 -2.87 233.95838928222656 173.4189910888672 434.4056701660156 257.0015563964844 1.8742992877960205 1.7940669059753418 4.774348258972168 -6.837204456329346 1.920441746711731 17.78668785095215 3.048627790376136 0.33350247144699097
Car -1 -1 -0.58 821.7702026367188 190.40867614746094 1021.526611328125 283.2301330566406 1.5453587770462036 1.5788023471832275 3.6768648624420166 5.916995048522949 2.0002925992012024 14.688770294189453 -0.1964756361680573 0.29933324456214905
Car -1 -1 -2.68 396.3419189453125 188.16383361816406 489.57794189453125 226.11273193359375 1.3893753290176392 1.5551899671554565 3.8232240676879883 -6.416540145874023 2.052273452281952 28.50248908996582 -2.9062237373675366 0.2975950241088867
Car -1 -1 -1.07 622.6053466796875 186.26654052734375 651.7305297851562 210.16567993164062 1.5200326442718506 1.6386302709579468 3.9548757076263428 1.8520879745483398 2.522419810295105 51.14397430419922 -1.0363793194799875 0.2856749892234802
Car -1 -1 -0.52 956.9887084960938 186.05523681640625 1236.8760986328125 352.9814758300781 1.5207408666610718 1.666239619255066 4.078780651092529 6.690333366394043 1.7565750479698181 9.058030128479004 0.11932266367590572 0.2775976359844208
Car -1 -1 0.13 1105.212646484375 198.87452697753906 1242.164306640625 366.3601989746094 1.4300169944763184 1.6255840063095093 3.7997610569000244 6.206335067749023 1.6731892824172974 6.1261372566223145 0.9230229168606066 0.2720629870891571
Car -1 -1 -2.18 875.9901733398438 220.6480255126953 1172.904296875 365.5711975097656 1.4642833471298218 1.598085641860962 3.6081440448760986 2.7109410762786865 1.6841182112693787 3.776952028274536 -1.555617217619262 0.2682693898677826
Van -1 -1 2.92 265.97247314453125 174.6601104736328 448.21307373046875 249.36154174804688 1.91294527053833 1.803821325302124 4.657297134399414 -6.6986212730407715 1.898464858531952 19.52178382873535 2.5877863858184273 0.25318703055381775
Car -1 -1 -3.12 327.1979064941406 182.234130859375 471.5372314453125 239.57369995117188 1.5653157234191895 1.623686671257019 4.046069622039795 -6.266550540924072 1.957443356513977 21.701143264770508 2.8841478261072346 0.25042954087257385
Car -1 -1 0.84 5.25593900680542 183.95726013183594 159.1228518486023 368.0350646972656 1.604670763015747 1.6505613327026367 4.243711948394775 -6.237539768218994 1.725895345211029 6.088256359100342 0.04008476777067216 0.24563449621200562
Car -1 -1 -1.6 624.6864624023438 185.99343872070312 655.607177734375 213.21412658691406 1.564150333404541 1.6084027290344238 3.9866209030151367 2.0456230640411377 2.503808379173279 49.01142883300781 -1.5549049174885852 0.24379026889801025
Car -1 -1 1.2 9.828514099121094 197.33909606933594 62.78147506713867 331.52459716796875 1.6893646717071533 1.6590461730957031 4.190431594848633 -9.223812103271484 1.9834680557250977 9.054595947265625 0.4084339282665148 0.2419271171092987
Car -1 -1 -2.7 150.96522521972656 198.1515655517578 373.16571044921875 287.6546936035156 1.4078211784362793 1.6033185720443726 3.878157138824463 -6.409121990203857 1.7841017246246338 12.796859741210938 3.1163058827561407 0.2362404316663742
Car -1 -1 0.03 1056.271484375 196.58982849121094 1244.1246337890625 363.9504699707031 1.467056393623352 1.639273762702942 3.8147058486938477 6.508090972900391 1.7618749737739563 6.713957786560059 0.8002784573968293 0.2296091765165329
Car -1 -1 -2.26 894.6349487304688 208.9228057861328 1222.1689453125 371.57391357421875 1.4168721437454224 1.613651990890503 3.5573225021362305 2.7229816913604736 1.6420001983642578 3.8956620693206787 -1.6472162298006259 0.22672712802886963
Car -1 -1 -1.67 630.3135986328125 188.48414611816406 667.4808349609375 217.4422149658203 1.4868146181106567 1.6289088726043701 4.086570739746094 2.2131173610687256 2.412254512310028 41.79991912841797 -1.612156936985297 0.21830208599567413
Car -1 -1 -3.11 232.97682189941406 181.4326171875 406.00799560546875 254.19378662109375 1.4764348268508911 1.6117490530014038 3.4711697101593018 -6.417073726654053 1.7307277917861938 16.392179489135742 2.8046575550860444 0.21797551214694977
Car -1 -1 0.88 451.9570007324219 186.90127563476562 522.6168823242188 217.0648651123047 1.4661548137664795 1.6080260276794434 4.1642165184021 -6.367701530456543 2.14203143119812 35.21627426147461 0.7001160299091076 0.21547026932239532
Car -1 -1 0.96 10.21286678314209 195.95091247558594 112.36004543304443 337.7041320800781 1.7299426794052124 1.6401315927505493 4.143984317779541 -8.008782386779785 1.9159618020057678 7.9918694496154785 0.177105309805615 0.21478107571601868
Car -1 -1 1.09 9.691682815551758 198.17713928222656 87.44175910949707 335.1180419921875 1.718415379524231 1.6447874307632446 4.19329833984375 -8.599172592163086 1.9451860785484314 8.475630760192871 0.2931144504528014 0.20749962329864502
Car -1 -1 -0.85 870.1952514648438 203.56130981445312 1127.3564453125 331.38677978515625 1.4927374124526978 1.6277390718460083 3.872462034225464 6.146105766296387 1.9331128001213074 11.018540382385254 -0.3444468912141829 0.2054811269044876
Car -1 -1 -1.14 867.2406616210938 196.92762756347656 1214.661865234375 350.9484558105469 1.343263030052185 1.6283164024353027 3.8644120693206787 4.284758567810059 1.706173837184906 6.412103652954102 -0.5532713591334444 0.20262010395526886
Car -1 -1 0.77 12.65212631225586 210.77281188964844 175.92777633666992 384.1936340332031 1.502009630203247 1.6102957725524902 4.08989953994751 -6.156866550445557 1.869577169418335 5.815362930297852 -0.04110472736529713 0.19982083141803741
Pedestrian -1 -1 1.32 532.3521728515625 182.60963439941406 548.1157836914062 224.93136596679688 1.704721450805664 0.6304141283035278 0.8062648177146912 -3.005279302597046 2.1431010961532593 30.86195182800293 1.225392986943465 0.19882570207118988
Car -1 -1 -1.68 488.43963623046875 186.44451904296875 537.99169921875 213.38804626464844 1.4630581140518188 1.6166846752166748 3.76326060295105 -6.119399547576904 2.315746486186981 45.39462661743164 -1.8188671971320236 0.19827565550804138
Car -1 -1 1.78 12.806329727172852 184.16958618164062 182.7266025543213 346.74407958984375 1.6328446865081787 1.6233489513397217 4.02074670791626 -6.548664093017578 1.7124024033546448 6.985410213470459 1.0266492052721077 0.19734863936901093
Car -1 -1 1.11 6.842057228088379 193.0846405029297 59.007081031799316 311.8249816894531 1.670752763748169 1.5906364917755127 3.9987926483154297 -9.001311302185059 1.8105506300926208 9.029764175415039 0.32480644192769503 0.19435541331768036
Car -1 -1 -2.81 164.26611328125 188.03785705566406 417.26751708984375 270.0778503417969 1.6584223508834839 1.6421488523483276 4.259611129760742 -6.435793399810791 1.8036584258079529 14.38347053527832 3.055283089279053 0.18325752019882202
Car -1 -1 -2.64 11.446258544921875 209.38394165039062 273.20831298828125 357.7471923828125 1.4535331726074219 1.5141291618347168 3.841869354248047 -5.723941802978516 1.8213502168655396 8.366353034973145 3.042032929770323 0.17374569177627563
Car -1 -1 -2.54 42.89110565185547 201.96023559570312 290.4739303588867 323.5617980957031 1.4720232486724854 1.599849820137024 4.026667594909668 -6.756994724273682 1.927573561668396 10.672026634216309 -3.1037897012865407 0.15939904749393463
Car -1 -1 -3.05 356.93597412109375 184.44070434570312 486.3221130371094 233.1995849609375 1.4792685508728027 1.6258585453033447 4.0212297439575195 -6.34232234954834 1.9720102548599243 28.929859161376953 3.015531237146593 0.15533722937107086
Car -1 -1 -1.0 830.517578125 201.91311645507812 1107.9708251953125 312.1118469238281 1.2757251262664795 1.7170723676681519 4.3476080894470215 7.200769901275635 1.8749829530715942 14.447810173034668 -0.5327064134542123 0.1511276364326477
Car -1 -1 0.87 4.981560707092285 202.35824584960938 105.06848239898682 364.3572998046875 1.6192941665649414 1.6761997938156128 4.120709419250488 -6.3088884353637695 1.812936782836914 5.809250354766846 0.04632721635049464 0.1382635533809662