Car -1 -1 -1.16 190.30638122558594 193.06907653808594 336.4364013671875 265.5335693359375 1.395075798034668 1.6215323209762573 3.986414670944214 -7.719669342041016 1.6054348349571228 16.425722122192383 -1.6005591113325597 0.8897865414619446
Car -1 -1 -1.33 342.3322448730469 192.53712463378906 488.4134521484375 286.8822326660156 1.3661478757858276 1.6262555122375488 4.009194374084473 -3.3050718307495117 1.5579612851142883 13.163591384887695 -1.5718951491216506 0.8888974785804749
Car -1 -1 -1.56 574.6319580078125 181.5365753173828 611.5424194335938 214.83030700683594 1.594135046005249 1.656153917312622 3.7902140617370605 -0.7051535844802856 1.418674886226654 36.203521728515625 -1.5748064697783501 0.8762322664260864
Car -1 -1 -1.43 454.130859375 185.01101684570312 508.889404296875 225.32516479492188 1.457222819328308 1.6588304042816162 4.150042533874512 -4.996468544006348 1.5123410820960999 29.126968383789062 -1.5983101614785173 0.8628467321395874
Car -1 -1 -1.43 340.8014831542969 185.70704650878906 397.0045471191406 228.6359405517578 1.5842773914337158 1.5681712627410889 3.493154525756836 -8.87428092956543 1.5945632457733154 27.058650970458984 -1.7439340890166033 0.8246684670448303
Car -1 -1 -0.89 162.5540771484375 191.4613037109375 279.8382263183594 238.5709686279297 1.4008814096450806 1.6318989992141724 3.6959006786346436 -12.623515129089355 1.6337475180625916 23.65645408630371 -1.3823712320030719 0.7863860130310059
Van -1 -1 1.46 503.1868591308594 161.8137664794922 550.6731567382812 209.47982788085938 2.6943790912628174 2.1494765281677246 6.452506065368652 -5.050923824310303 1.3978283889591694 45.11237716674805 1.3441855218830607 0.7821487784385681
Car -1 -1 2.28 3.0736656188964844 198.766357421875 47.29465103149414 269.5588073730469 1.4052460193634033 1.6539337635040283 4.378271579742432 -12.89870834350586 1.703558325767517 13.545147895812988 1.5165696765966654 0.7141797542572021
Car -1 -1 2.29 2.3397631645202637 192.83265686035156 55.85663938522339 267.162353515625 1.5372296571731567 1.6525250673294067 4.464714527130127 -13.89004135131836 1.7739965319633484 14.644125938415527 1.5345837674044365 0.6635974049568176
Car -1 -1 -1.17 262.4893798828125 183.4882354736328 341.15936279296875 224.62274169921875 1.61769700050354 1.6005549430847168 3.9784390926361084 -13.153823852539062 1.561525583267212 31.26426887512207 -1.5650868242520373 0.6383715867996216
Car -1 -1 -1.02 165.96131896972656 192.37057495117188 294.5911865234375 246.19534301757812 1.4382117986679077 1.6228543519973755 3.862699031829834 -12.810400009155273 1.6187866926193237 23.711280822753906 -1.5150936135846802 0.5756052732467651
Car -1 -1 0.8 697.44384765625 223.94935607910156 1048.8011474609375 372.73516845703125 1.669770359992981 1.5330028533935547 3.581496477127075 1.3521876335144043 1.709059238433838 2.81663179397583 1.2436276071047239 0.482802152633667
Car -1 -1 -1.01 177.77867126464844 193.07611083984375 324.0843505859375 256.5603942871094 1.3947727680206299 1.6231269836425781 4.0536346435546875 -10.163853645324707 1.5409539937973022 20.48969841003418 -1.4751143356199208 0.3899253308773041
Car -1 -1 1.35 451.9249267578125 184.78634643554688 498.6565246582031 220.00192260742188 1.4793504476547241 1.6380321979522705 4.172897815704346 -5.04369592666626 1.5297555327415466 29.164714813232422 1.1744545399418795 0.34393489360809326
Car -1 -1 -1.14 212.34805297851562 188.8371124267578 343.05291748046875 252.14932250976562 1.3956658840179443 1.6261494159698486 4.028351783752441 -7.834055423736572 1.5602917671203613 16.933637619018555 -1.5718270626596116 0.2900809049606323
Car -1 -1 0.78 803.3278198242188 223.1793212890625 1124.099853515625 371.2733154296875 1.5505671501159668 1.6224994659423828 4.081394672393799 2.2837045192718506 1.8034279346466064 2.4169249534606934 1.5408291298871015 0.28921449184417725
Van -1 -1 1.62 510.5542907714844 166.77149963378906 553.8248901367188 206.48025512695312 2.5924108028411865 2.119527816772461 6.230901718139648 -5.062539100646973 1.4646436870098114 48.31385040283203 1.5148191814001093 0.28012779355049133
Car -1 -1 0.97 718.332275390625 212.17172241210938 1117.6357421875 384.318115234375 1.5697662830352783 1.6113513708114624 3.9197750091552734 1.1489839553833008 1.7839984893798828 3.3110194206237793 1.3031700060440379 0.2754925787448883
Van -1 -1 -1.14 262.7156677246094 183.45884704589844 341.0957946777344 224.87496948242188 1.7768458127975464 1.7266231775283813 3.9944067001342773 -14.065387725830078 1.6633453965187073 33.28974151611328 -1.5398501011727408 0.25395461916923523
Cyclist -1 -1 2.35 5.1031880378723145 188.1144561767578 52.631081104278564 274.1706237792969 1.7336242198944092 0.6485736966133118 1.959588646888733 -10.27506160736084 1.700907289981842 11.704147338867188 1.627983803684642 0.2471267729997635
Van -1 -1 2.35 2.5980989933013916 195.70838928222656 51.122284173965454 269.8053894042969 1.6413575410842896 1.779107928276062 4.442699909210205 -13.78450870513916 1.8581072688102722 14.472034454345703 1.5866198432108813 0.2431214451789856
Car -1 -1 -1.37 342.85174560546875 186.403076171875 414.2955322265625 232.45529174804688 1.418294906616211 1.623180866241455 3.612018346786499 -8.693018913269043 1.5861153602600098 26.84792709350586 -1.6850689477076761 0.22403772175312042
Car -1 -1 -1.34 237.15423583984375 187.58963012695312 340.64019775390625 240.82666015625 1.4883794784545898 1.6255226135253906 3.614318370819092 -11.559127807617188 1.6415715217590332 27.009305953979492 -1.7420578245497387 0.22287043929100037
Car -1 -1 2.42 2.756129264831543 193.2997283935547 36.64245891571045 268.77630615234375 1.4484208822250366 1.6710096597671509 4.148038864135742 -13.447171211242676 1.7196248769760132 14.152416229248047 1.6584100300936973 0.22241829335689545
Car -1 -1 2.26 4.646961688995361 194.71258544921875 67.58407640457153 264.9885559082031 1.4376697540283203 1.603014588356018 4.145366191864014 -14.807795524597168 1.775700569152832 16.13096046447754 1.5150676553645601 0.21679110825061798
Car -1 -1 0.89 741.4293212890625 233.28887939453125 1082.516357421875 376.41033935546875 1.5628383159637451 1.5954205989837646 3.7635111808776855 1.1349091529846191 1.7279561161994934 3.107745885848999 1.237799149931421 0.20982763171195984
Car -1 -1 1.42 444.99407958984375 183.6107940673828 477.0119323730469 213.8366241455078 1.4836481809616089 1.6117427349090576 4.129855632781982 -7.648155689239502 1.517800748348236 38.57452392578125 1.2228076970183732 0.20978116989135742
Car -1 -1 -1.35 353.8874206542969 191.76324462890625 479.84918212890625 274.5484924316406 1.445016860961914 1.608536720275879 3.8642284870147705 -3.3849732875823975 1.5474324226379395 13.48638916015625 -1.5972628399105586 0.20646965503692627
Car -1 -1 2.4 0.64956134557724 183.54678344726562 38.4475616812706 275.5332946777344 1.5592395067214966 1.6696895360946655 4.451011657714844 -12.241260528564453 1.6684878468513489 12.304492950439453 1.6210647199355206 0.1985137015581131
Car -1 -1 1.63 503.9330139160156 164.46847534179688 549.3692016601562 208.354248046875 2.3780009746551514 1.9603480100631714 4.567261695861816 -4.682085037231445 1.3592547178268433 42.4818115234375 1.520841443369651 0.18945439159870148
Car -1 -1 -0.99 446.6322021484375 184.04922485351562 493.2444763183594 217.92007446289062 1.5154350996017456 1.6610674858093262 4.180823802947998 -5.30527400970459 1.5060245394706726 29.6629638671875 -1.1714424413908109 0.18748502433300018
Car -1 -1 -1.2 266.58685302734375 186.62489318847656 343.4468994140625 235.88528442382812 1.4983395338058472 1.5506514310836792 3.578260898590088 -12.514822959899902 1.7058624625205994 30.000186920166016 -1.5990686693838025 0.18415525555610657
Car -1 -1 0.75 827.3746948242188 248.67945861816406 1081.7413330078125 369.22161865234375 1.5508426427841187 1.6403262615203857 3.995258092880249 2.258702039718628 1.7581366896629333 2.341583251953125 1.5214377326715365 0.18264871835708618
Car -1 -1 -1.04 218.57565307617188 189.2712860107422 331.4851379394531 244.01275634765625 1.4810234308242798 1.623845100402832 3.714238405227661 -8.0494966506958 1.5077484250068665 17.465293884277344 -1.472365781131388 0.160597026348114