Car -1 -1 1.71 689.8228759765625 176.0992889404297 738.3889770507812 210.70703125 1.5407804250717163 1.648121953010559 4.244266033172607 5.071478843688965 1.7057551145553589 34.78982162475586 1.850483697693229 0.8636828064918518
Car -1 -1 -1.65 838.7374267578125 169.81753540039062 966.6377563476562 294.15118408203125 1.664526104927063 1.5263988971710205 3.081545114517212 4.483382225036621 1.5827155113220215 11.709291458129883 -1.28192045158288 0.8100147843360901
Car -1 -1 1.69 739.3197021484375 175.90325927734375 771.7310791015625 198.4557342529297 1.4698104858398438 1.6844775676727295 3.9558258056640625 10.234562873840332 1.709390103816986 50.521053314208984 1.8921144547800495 0.8019290566444397
Car -1 -1 -1.59 837.5242309570312 175.0492401123047 937.2658081054688 272.466552734375 1.6591016054153442 1.5759015083312988 3.127933979034424 5.0909528732299805 1.6983160972595215 13.362728118896484 -1.2244962426993187 0.711555540561676
Car -1 -1 1.5 832.2056274414062 176.2569580078125 867.0477294921875 205.98997497558594 1.604522466659546 1.6789265871047974 4.041721343994141 12.932297706604004 1.6764422059059143 39.03571319580078 1.8209577908762906 0.625751793384552
Car -1 -1 1.43 829.8170776367188 174.5612335205078 871.132568359375 203.66653442382812 1.5168012380599976 1.6555423736572266 3.9282162189483643 13.163586616516113 1.6297820210456848 39.571712493896484 1.7464716356575547 0.6215683221817017
Car -1 -1 -2.7 1054.41455078125 224.94113159179688 1234.4468994140625 375.2066345214844 1.4230178594589233 1.6093668937683105 3.7440903186798096 2.433486223220825 1.4614004492759705 1.2772496938705444 -1.6162906598800149 0.3602451980113983
Car -1 -1 -2.72 1166.656982421875 244.23126220703125 1241.599365234375 371.2126159667969 1.5641686916351318 1.5693814754486084 3.561894416809082 1.2252076864242554 1.1187947988510132 0.6257210969924927 -1.6245329482887296 0.35550013184547424
Car -1 -1 -2.73 1084.9896240234375 235.56443786621094 1235.3253173828125 371.5258483886719 1.5525645017623901 1.5735061168670654 3.80391001701355 1.8784185647964478 1.3624200224876404 0.9951245188713074 -1.6450475386530954 0.3385412096977234
Car -1 -1 -2.73 1186.9459228515625 242.09597778320312 1241.8599853515625 371.5497741699219 1.5530606508255005 1.5591437816619873 3.499159336090088 1.333219051361084 1.1330086290836334 0.693132221698761 -1.6351366504418685 0.32330602407455444
Car -1 -1 -2.72 1127.9205322265625 237.0252685546875 1241.0828857421875 369.9823303222656 1.5834174156188965 1.607296347618103 3.7788150310516357 1.5188539028167725 1.2173840701580048 0.7312082052230835 -1.5974835431361791 0.32055342197418213
Car -1 -1 -2.7 1177.91357421875 221.89515686035156 1241.5457763671875 371.5370178222656 1.568884253501892 1.5874115228652954 3.641977310180664 1.6700654029846191 1.23129341006279 0.7425845265388489 -1.5483768313083566 0.30454909801483154
Car -1 -1 -2.72 1109.8077392578125 212.8849334716797 1235.9150390625 372.1474914550781 1.5079915523529053 1.659205675125122 3.9144957065582275 2.0603067874908447 1.3743730783462524 0.8548575639724731 -1.5446904035700726 0.2910698354244232
Car -1 -1 1.69 848.5731811523438 174.14210510253906 935.606689453125 255.87997436523438 1.6878665685653687 1.5813531875610352 3.5178780555725098 8.118292808532715 1.8698331713676453 20.692975997924805 2.0624503626078052 0.29006892442703247
Car -1 -1 -2.22 2.306431293487549 193.19383239746094 53.86461305618286 346.8806457519531 1.7633744478225708 1.6654313802719116 4.137904644012451 -3.9291751384735107 1.6569440364837646 2.759075403213501 3.100080598057339 0.26749756932258606
Car -1 -1 -2.68 1187.13671875 210.2826385498047 1238.9476318359375 375.7503662109375 1.6021082401275635 1.5934172868728638 3.5631191730499268 1.6406248807907104 1.2107144892215729 0.7396746873855591 -1.5292344549806112 0.2583450973033905
Car -1 -1 -2.68 1202.00341796875 240.40939331054688 1242.5494384765625 371.5091552734375 1.5741623640060425 1.5600515604019165 3.3298397064208984 0.9184098243713379 1.0167458206415176 0.5190072655677795 -1.6206313864663713 0.2583281695842743
Car -1 -1 -2.73 1138.385498046875 205.57485961914062 1237.571044921875 375.5901794433594 1.5243345499038696 1.6687555313110352 3.9794137477874756 1.960028886795044 1.3337922096252441 0.7860723733901978 -1.5402059428467698 0.25007230043411255
Car -1 -1 -2.58 1178.94189453125 271.1482849121094 1239.8533935546875 365.17236328125 1.2630199193954468 1.572767734527588 3.354196071624756 0.2689264118671417 0.7106404304504395 0.1767502725124359 -1.5884796392855263 0.2402307093143463
Car -1 -1 -2.71 1153.3402099609375 233.83380126953125 1237.3646240234375 375.5460205078125 1.470226526260376 1.653424859046936 3.888657331466675 1.4734795093536377 1.1656562387943268 0.706588864326477 -1.5837649663425326 0.23849131166934967
Car -1 -1 -2.58 1190.777099609375 265.5560607910156 1244.1923828125 358.14715576171875 1.2635058164596558 1.5180785655975342 3.1825828552246094 0.8066726326942444 0.8517017513513565 0.52730792760849 -1.5837674873350434 0.2381255179643631
Car -1 -1 -2.18 -3.044304609298706 169.9910125732422 64.00794911384583 368.0708923339844 1.7570856809616089 1.6789699792861938 4.205812931060791 -4.184118747711182 1.7301586270332336 2.453986406326294 3.060513830889059 0.224881112575531
Car -1 -1 -2.64 1195.1751708984375 202.87521362304688 1242.186767578125 371.5300598144531 1.5947309732437134 1.5919066667556763 3.5022971630096436 1.181992769241333 1.0842222571372986 0.5909313559532166 -1.5345803239987124 0.22373153269290924
Car -1 -1 -2.59 1191.523193359375 279.34442138671875 1243.7706298828125 370.8407897949219 1.2347913980484009 1.5196715593338013 3.1735289096832275 0.15655863285064697 0.6624596826732159 0.10000000149011612 -1.5842856809033972 0.2234792560338974
Car -1 -1 -2.6 1154.7774658203125 246.8495635986328 1233.6585693359375 355.14483642578125 1.2672103643417358 1.6261872053146362 3.63572359085083 1.5353254079818726 1.0706779062747955 1.0060311555862427 -1.6092708859077902 0.21482425928115845
Car -1 -1 -2.58 1179.91845703125 258.1629943847656 1240.056884765625 352.67694091796875 1.311392068862915 1.5548063516616821 3.398566722869873 0.8936441540718079 0.9039697349071503 0.6058868169784546 -1.6023375795112162 0.20402942597866058
Van -1 -1 1.77 838.119873046875 170.0279083251953 962.5533447265625 296.4784851074219 1.9491785764694214 1.66825270652771 4.020866394042969 4.583780765533447 1.88923978805542 11.606002807617188 2.1425669243528613 0.20272697508335114
Car -1 -1 -2.68 1049.1661376953125 227.45321655273438 1197.4427490234375 358.8652648925781 1.5223361253738403 1.650468349456787 4.013163089752197 2.6579716205596924 1.4599186778068542 1.696081280708313 -1.6801359281537458 0.19928155839443207
Car -1 -1 -2.58 1168.779541015625 264.5902099609375 1235.20751953125 358.8505859375 1.2706329822540283 1.548341989517212 3.340614080429077 0.6376970410346985 0.8288848549127579 0.44191503524780273 -1.6129157334990891 0.19576683640480042
Car -1 -1 -0.47 2.5913891792297363 184.76116943359375 29.044947147369385 375.5710144042969 1.6958874464035034 1.6650406122207642 4.27890157699585 -4.146396160125732 1.5790261030197144 2.3770639896392822 -1.517513504359373 0.19182421267032623
Car -1 -1 -2.57 1198.3121337890625 287.2305603027344 1243.49462890625 365.4412536621094 1.255453109741211 1.5001881122589111 3.146831750869751 0.31651780009269714 0.7182693481445312 0.2179887294769287 -1.6070192137391768 0.19153626263141632
Car -1 -1 -2.63 1150.00830078125 255.59130859375 1223.2449951171875 361.03228759765625 1.5476188659667969 1.6981256008148193 3.6079418659210205 0.2778362035751343 0.8613925725221634 0.16759614646434784 -1.5974247455445232 0.1882769614458084
Car -1 -1 -2.64 1204.5037841796875 211.08580017089844 1242.2633056640625 367.1346435546875 1.5531980991363525 1.587184190750122 3.403066396713257 0.9185149073600769 0.994393065571785 0.5032200217247009 -1.573146277161558 0.18666338920593262
Car -1 -1 1.5 825.982421875 175.02996826171875 857.2574462890625 202.1571502685547 1.5385775566101074 1.6660990715026855 4.015071392059326 13.35766315460205 1.6797574162483215 40.95005798339844 1.8131935768101517 0.18493609130382538
Car -1 -1 -2.61 1155.7109375 262.58990478515625 1232.0369873046875 368.76361083984375 1.243675947189331 1.5825953483581543 3.403524160385132 0.8974778056144714 0.8992434144020081 0.569044828414917 -1.6022488545530509 0.18367518484592438
Car -1 -1 -2.58 1169.99462890625 279.177490234375 1234.9876708984375 370.3521423339844 1.2419426441192627 1.500129222869873 3.2418508529663086 0.2871556282043457 0.7117498517036438 0.19451509416103363 -1.6084670483200556 0.17885908484458923
Car -1 -1 -2.58 1182.3116455078125 239.22119140625 1243.2857666015625 347.0588073730469 1.3340139389038086 1.579620599746704 3.5055911540985107 1.927377700805664 1.1519080996513367 1.2322677373886108 -1.5809655188981768 0.17445363104343414
Car -1 -1 1.43 834.7698364257812 175.7476348876953 872.316650390625 208.40966796875 1.5937329530715942 1.6291637420654297 3.9412925243377686 12.711864471435547 1.83978670835495 38.203834533691406 1.752435372782637 0.17327257990837097
Car -1 -1 -2.58 1138.382568359375 247.73109436035156 1215.72265625 353.8267517089844 1.5531868934631348 1.6396520137786865 3.636667013168335 0.4288206994533539 0.9088860005140305 0.27365171909332275 -1.5807051370429521 0.1705707311630249
Car -1 -1 -2.59 1202.2481689453125 303.2453308105469 1241.298095703125 375.86163330078125 1.2472124099731445 1.4593617916107178 3.045116901397705 0.47344329953193665 0.7651021182537079 0.32530477643013 -1.619029770017697 0.16898401081562042
Car -1 -1 1.58 839.7366943359375 176.38853454589844 879.7056274414062 208.5373992919922 1.5598556995391846 1.619715690612793 3.9207732677459717 13.080592155456543 1.6687026023864746 38.555049896240234 1.9049782491362226 0.16535954177379608
Car -1 -1 -2.57 1199.41796875 268.4930114746094 1243.646728515625 348.2818298339844 1.327162504196167 1.4993324279785156 3.1603469848632812 1.1744797229766846 0.970862627029419 0.8366925120353699 -1.6199066988311683 0.16490668058395386
Car -1 -1 -2.59 1183.1512451171875 288.37689208984375 1237.442138671875 376.1273193359375 1.1996713876724243 1.5044729709625244 3.2638230323791504 0.3377898633480072 0.7032855153083801 0.21938244998455048 -1.6000343578861784 0.16262243688106537
Car -1 -1 -2.6 1126.45166015625 255.22708129882812 1210.3438720703125 358.4449462890625 1.5363267660140991 1.681174635887146 3.6275222301483154 0.6380144953727722 0.9755058139562607 0.40496906638145447 -1.5995005187891858 0.1623697429895401
Car -1 -1 0.66 0.8225484490394592 163.68116760253906 27.962952196598053 341.4864196777344 1.8464974164962769 1.7428407669067383 4.549178123474121 -5.439052581787109 1.685338318347931 3.432279348373413 -0.3495457030835807 0.1599368005990982
Car -1 -1 -2.66 1095.7061767578125 221.73109436035156 1224.3150634765625 363.61456298828125 1.4569096565246582 1.5799740552902222 3.514324903488159 2.0835163593292236 1.3234573006629944 1.3613642454147339 -1.6661653195752795 0.15884973108768463
Car -1 -1 -2.56 1191.5762939453125 251.98924255371094 1244.0458984375 345.3082275390625 1.3689674139022827 1.5187873840332031 3.289681911468506 1.4030730724334717 1.0426379442214966 0.9582811594009399 -1.588339658893891 0.1557544469833374
Car -1 -1 -2.61 1195.0177001953125 272.644775390625 1239.7125244140625 363.9765319824219 1.5473053455352783 1.6006178855895996 3.461423397064209 0.15411889553070068 0.8229628019034863 0.10000000149011612 -1.6133926994907624 0.15022970736026764
Car -1 -1 -2.75 1132.2694091796875 251.4737548828125 1239.2314453125 390.58966064453125 1.5422797203063965 1.5537673234939575 3.813314437866211 1.6799063682556152 1.2917627096176147 0.754635214805603 -1.5997780787673603 0.14974801242351532
Car -1 -1 -2.64 1140.580322265625 264.865966796875 1216.2830810546875 364.93389892578125 1.5580896139144897 1.6751818656921387 3.517808198928833 0.32179296016693115 0.8846647068858147 0.19534888863563538 -1.61868140999613 0.14962860941886902
Car -1 -1 1.55 837.05517578125 175.8477020263672 883.9774780273438 213.15699768066406 1.6098761558532715 1.595916509628296 3.791790723800659 12.408568382263184 1.7735552787780762 36.264129638671875 1.8833757790566974 0.1451757401227951
Car -1 -1 -2.58 1193.5997314453125 302.63623046875 1237.55712890625 375.6086120605469 1.2320784330368042 1.4728024005889893 3.192838191986084 0.39624151587486267 0.7386555671691895 0.2772856652736664 -1.62238681994181 0.14116212725639343
Car -1 -1 -2.84 1144.442138671875 217.48963928222656 1243.4091796875 359.94488525390625 1.5583784580230713 1.6394639015197754 3.819936752319336 1.092044472694397 1.0725109577178955 0.5959339141845703 -1.7646840309251814 0.1409764438867569
Car -1 -1 -2.72 1172.3856201171875 229.9224090576172 1231.253173828125 365.2170715332031 1.5767288208007812 1.6643333435058594 3.8582074642181396 1.4172308444976807 1.1718545854091644 0.7936415076255798 -1.66280894555935 0.13992100954055786
Car -1 -1 -2.62 1204.643798828125 273.97210693359375 1242.7803955078125 362.002685546875 1.550711989402771 1.5496914386749268 3.4448657035827637 0.1522935926914215 0.8240753710269928 0.10000000149011612 -1.6265483833363303 0.13960552215576172
Car -1 -1 -2.71 1190.77490234375 229.8271026611328 1234.5244140625 364.795654296875 1.642714262008667 1.617993950843811 3.7015769481658936 1.2954368591308594 1.1723914742469788 0.7514545321464539 -1.6644083290468084 0.13780616223812103
Car -1 -1 -2.63 1211.261962890625 236.39968872070312 1242.273681640625 360.18511962890625 1.562127947807312 1.5688022375106812 3.3594071865081787 0.8626836538314819 0.9833719432353973 0.5362623929977417 -1.6159783532770167 0.13702130317687988
Car -1 -1 -2.62 1188.0950927734375 287.4713439941406 1233.1112060546875 364.431640625 1.5357528924942017 1.672098159790039 3.565505027770996 0.14712731540203094 0.814890917390585 0.10000000149011612 -1.6482103846211533 0.13459567725658417
Car -1 -1 -2.58 1196.637939453125 299.16131591796875 1239.5135498046875 366.2199401855469 1.2396708726882935 1.5053523778915405 3.2237558364868164 0.13614098727703094 0.660779993981123 0.10000000149011612 -1.6380829244977342 0.13351058959960938
Car -1 -1 -2.58 1151.1258544921875 240.00045776367188 1220.6727294921875 346.8365783691406 1.5790331363677979 1.6053276062011719 3.503845691680908 0.7443625330924988 1.0063874572515488 0.4842742681503296 -1.5903200436143505 0.13327082991600037
Car -1 -1 -2.56 1208.4058837890625 290.9858093261719 1243.0284423828125 354.8041076660156 1.3209304809570312 1.4991939067840576 3.117309808731079 0.9877654910087585 0.9296051561832428 0.7623101472854614 -1.642012256037046 0.1310337781906128
Car -1 -1 1.39 -3.982086181640625 153.5852813720703 31.107498168945312 384.25848388671875 1.7918199300765991 1.7152103185653687 4.439721584320068 -4.809841632843018 1.793879747390747 2.4894649982452393 0.2996561363944181 0.13010355830192566
Car -1 -1 -2.56 1207.426025390625 295.808837890625 1244.7623291015625 370.00067138671875 1.2942873239517212 1.4822566509246826 3.0130696296691895 0.21513961255550385 0.707526221871376 0.14913469552993774 -1.5971859914158761 0.12826237082481384
Car -1 -1 -0.71 0.8310152888298035 179.5592041015625 23.09198635816574 351.4262390136719 1.6471364498138428 1.6625821590423584 4.2750043869018555 -4.336822986602783 1.504195749759674 2.689131021499634 -1.7259453196354029 0.12821051478385925
Car -1 -1 -2.71 1161.906494140625 212.90618896484375 1233.802490234375 372.64508056640625 1.5400865077972412 1.64525306224823 3.850559949874878 1.481192708015442 1.1788621842861176 0.7447829246520996 -1.606563985715761 0.12790633738040924
Car -1 -1 -2.63 1179.372314453125 287.5239562988281 1228.3533935546875 363.87030029296875 1.535264015197754 1.6654980182647705 3.511026382446289 0.14533129334449768 0.8143820576369762 0.10000000149011612 -1.6633197630331011 0.12181303650140762
Car -1 -1 -2.54 1207.2862548828125 264.1269226074219 1244.3756103515625 340.46710205078125 1.355913758277893 1.477000117301941 3.172889232635498 1.867985486984253 1.1325556635856628 1.3788141012191772 -1.606094466868102 0.12163063883781433
Car -1 -1 -2.54 1114.28271484375 245.9083709716797 1202.369384765625 352.55108642578125 1.5312203168869019 1.631250023841858 3.6251959800720215 0.6010205149650574 0.9583882391452789 0.41212359070777893 -1.5729284913624664 0.11989912390708923
Car -1 -1 -2.63 1165.6866455078125 273.20550537109375 1223.1728515625 362.16900634765625 1.5332286357879639 1.6464990377426147 3.576711654663086 0.23364196717739105 0.8427483588457108 0.155315101146698 -1.6490320909836527 0.11859586089849472
Car -1 -1 -2.56 1101.17333984375 252.93362426757812 1196.0089111328125 357.2571716308594 1.5256152153015137 1.6338231563568115 3.5538203716278076 0.9292020201683044 1.0758737325668335 0.6416053175926208 -1.5925137245951966 0.11100836843252182
Car -1 -1 -2.57 1210.8734130859375 311.54974365234375 1243.0084228515625 379.378662109375 1.264235258102417 1.4610880613327026 2.9504833221435547 0.6623787879943848 0.8267774134874344 0.4643004834651947 -1.6093669545118443 0.11070238053798676
Car -1 -1 -2.52 1130.4146728515625 239.38612365722656 1207.739013671875 345.7048645019531 1.5544363260269165 1.559326410293579 3.51700496673584 0.5397725701332092 0.939753383398056 0.37565749883651733 -1.5565143911912802 0.1084810122847557
Car -1 -1 -2.61 1174.2156982421875 240.42074584960938 1232.7657470703125 345.8028564453125 1.5744872093200684 1.6280385255813599 3.539346218109131 0.6442605257034302 0.9719084352254868 0.4004114270210266 -1.596715342271482 0.10761766135692596
Car -1 -1 -2.64 1155.4359130859375 273.8952941894531 1216.302978515625 360.7033996582031 1.5303374528884888 1.6500831842422485 3.565612554550171 0.5094488263130188 0.9319647252559662 0.3440829813480377 -1.667087930977634 0.10402600467205048
Car -1 -1 -2.63 1212.9163818359375 276.1316833496094 1245.554931640625 360.3993835449219 1.54655122756958 1.508200764656067 3.40364408493042 0.5126254558563232 0.9370488524436951 0.3440161943435669 -1.6489251113466201 0.10295765846967697
Car -1 -1 -2.61 1214.625732421875 301.4259338378906 1242.5150146484375 364.1387939453125 1.5481117963790894 1.5176972150802612 3.3877596855163574 0.2034830003976822 0.8390212580561638 0.15051762759685516 -1.672034745986128 0.10114208608865738