Car -1 -1 -1.82 713.2449951171875 172.15414428710938 883.0401000976562 291.34075927734375 1.5532045364379883 1.608564019203186 3.7258944511413574 2.7845356464385986 1.5874643325805664 11.53000259399414 -1.5794317282497294 0.898178219795227
Car -1 -1 -1.73 620.1385498046875 174.9390869140625 649.4916381835938 197.8950958251953 1.4364571571350098 1.6061404943466187 3.5742626190185547 1.7036579847335815 1.6749905347824097 49.83251953125 -1.6994179566990688 0.7927014827728271
Car -1 -1 -1.72 238.9588623046875 169.25808715820312 401.0220947265625 282.2425231933594 1.6689835786819458 1.5390206575393677 2.9975414276123047 -4.675887107849121 1.6438201665878296 11.954421043395996 -2.091170222284603 0.7520222067832947
Car -1 -1 -1.35 11.27884578704834 174.668701171875 299.77164363861084 362.6508483886719 1.5906902551651 1.548364281654358 3.136744499206543 -4.1518731117248535 1.6325531601905823 6.707604885101318 -1.9047897781743988 0.7482963800430298
Car -1 -1 -2.8 300.4197998046875 181.1378936767578 472.0840148925781 243.38543701171875 1.441085934638977 1.6142085790634155 3.9261202812194824 -5.574612617492676 1.6823313236236572 18.46998405456543 -3.094230111555241 0.7288098335266113
Car -1 -1 -2.69 403.3937072753906 168.21441650390625 514.93017578125 211.93820190429688 1.7668101787567139 1.7326064109802246 4.272451877593994 -6.307724475860596 1.6021595001220703 30.082218170166016 -2.8926813558832585 0.7027910947799683
Van -1 -1 -2.63 414.082275390625 168.35890197753906 516.856689453125 209.936767578125 1.7846791744232178 1.7462962865829468 4.420925140380859 -6.582855701446533 1.6572797298431396 33.003135681152344 -2.8288543170473526 0.6736384034156799
Car -1 -1 -2.63 389.89593505859375 173.1140594482422 497.4266052246094 218.87322998046875 1.6342942714691162 1.6479544639587402 4.076455593109131 -6.329304218292236 1.667757511138916 26.613792419433594 -2.86429811185587 0.661479651927948
Car -1 -1 1.26 696.9815063476562 175.6114959716797 761.1673583984375 203.9519805908203 1.422622561454773 1.5955348014831543 3.8946712017059326 6.2335028648376465 1.5810114741325378 37.52167510986328 1.429253497082577 0.6606678366661072
Car -1 -1 -2.68 147.80999755859375 175.70640563964844 357.2671813964844 257.8558654785156 1.5588310956954956 1.661081075668335 3.6636569499969482 -7.087484359741211 1.5981110334396362 14.58618450164795 -3.127415138699842 0.5686397552490234
Car -1 -1 -2.77 375.2352294921875 176.17782592773438 489.7220458984375 220.9624481201172 1.5322586297988892 1.6047093868255615 3.8082070350646973 -6.474423885345459 1.7335779666900635 25.530715942382812 -3.0145080953435848 0.5300083160400391
Car -1 -1 -2.79 361.3263854980469 180.24447631835938 486.79937744140625 224.20269775390625 1.5123449563980103 1.5775258541107178 3.8110511302948 -6.325194835662842 1.7413783073425293 25.5274600982666 -3.0316324463421793 0.5181787014007568
Car -1 -1 -2.55 222.55577087402344 173.65663146972656 407.0855407714844 265.3949279785156 1.6412712335586548 1.6622425317764282 3.786454439163208 -5.2399678230285645 1.6485968828201294 12.375256538391113 -2.9539399554500676 0.51402747631073
Car -1 -1 -2.78 118.90826416015625 173.77330017089844 371.46112060546875 269.85888671875 1.5314885377883911 1.6181637048721313 3.584331750869751 -6.845989227294922 1.6088942289352417 14.005475997924805 3.0527537158943368 0.5130894780158997
Car -1 -1 -2.92 271.8982849121094 178.47792053222656 446.4627685546875 250.2610626220703 1.5174978971481323 1.6187413930892944 3.7946603298187256 -5.642588138580322 1.7234041690826416 18.15945053100586 3.0653017037289523 0.41697579622268677
Car -1 -1 -2.55 168.36935424804688 180.45114135742188 387.4432678222656 271.68182373046875 1.4911686182022095 1.6263269186019897 3.498631715774536 -7.1650824546813965 1.6563583016395569 14.9373140335083 -2.9963617367099733 0.40799573063850403
Car -1 -1 -2.5 341.1216125488281 180.72972106933594 480.4381103515625 234.34974670410156 1.4906657934188843 1.6414366960525513 3.7103819847106934 -5.508456230163574 1.597766101360321 19.112573623657227 -2.780016417963953 0.40456095337867737
Car -1 -1 -3.1 246.44007873535156 178.93267822265625 434.2835693359375 261.2047119140625 1.5378682613372803 1.582749366760254 3.6438348293304443 -5.892554759979248 1.7478234767913818 18.429540634155273 2.8734101840768282 0.35283443331718445
Car -1 -1 -2.19 208.84381103515625 165.98509216308594 381.34564208984375 300.593505859375 1.6301296949386597 1.5920013189315796 3.6897482872009277 -5.428320407867432 1.6827954649925232 12.798197746276855 -2.595525641519407 0.3205004036426544
Car -1 -1 3.07 93.69784545898438 173.95391845703125 330.7377624511719 287.9329833984375 1.5126240253448486 1.6204887628555298 3.6645638942718506 -7.452928066253662 1.7249398827552795 14.925210952758789 2.61118320141407 0.3051202893257141
Car -1 -1 -2.81 314.79290771484375 175.93760681152344 486.2789611816406 235.94937133789062 1.4712401628494263 1.6052829027175903 3.8174479007720947 -5.403791427612305 1.6457205414772034 18.358858108520508 -3.0917455238686493 0.30229657888412476
Pedestrian -1 -1 1.92 235.4105224609375 163.3202362060547 394.79217529296875 288.0294494628906 1.8004341125488281 0.6529021859169006 0.788995623588562 -3.845182418823242 1.6424280405044556 9.439624786376953 1.5356746193885291 0.2936229407787323
Car -1 -1 -1.29 11.45747184753418 166.64837646484375 268.90797233581543 333.43310546875 1.5639923810958862 1.5527384281158447 3.205846071243286 -4.103741645812988 1.5435090065002441 6.349030494689941 -1.8596319747493535 0.2872444987297058
Car -1 -1 3.01 29.68661880493164 174.87229919433594 319.12814712524414 326.1601257324219 1.4856736660003662 1.6461437940597534 3.5779569149017334 -5.936203956604004 1.6426541209220886 10.396445274353027 2.4906157394505772 0.2626001536846161
Van -1 -1 -2.61 389.89593505859375 173.1140594482422 497.4266052246094 218.87322998046875 1.7874308824539185 1.6766655445098877 4.103446960449219 -6.764664649963379 1.7402690052986145 28.933074951171875 -2.8401948185072587 0.25514131784439087
Car -1 -1 -1.69 616.7640380859375 174.7655792236328 644.7227172851562 195.27542114257812 1.3153576850891113 1.5479060411453247 3.4993674755096436 1.7062397003173828 1.5788485407829285 48.9343376159668 -1.65871243077817 0.25156813859939575
Car -1 -1 2.77 177.540771484375 168.1482696533203 360.96258544921875 310.8260498046875 1.5984259843826294 1.5520567893981934 3.721304416656494 -7.2779316902160645 1.7836679816246033 15.071418762207031 2.3172854938088756 0.25106972455978394
Pedestrian -1 -1 1.52 208.84381103515625 165.98509216308594 381.34564208984375 300.593505859375 1.7880879640579224 0.6632757782936096 0.7882161140441895 -3.931997537612915 1.647750198841095 9.093469619750977 1.1127931354693708 0.24765309691429138
Car -1 -1 -2.68 139.44871520996094 171.56773376464844 380.67083740234375 295.2027282714844 1.602384328842163 1.6368505954742432 3.867232322692871 -5.703444480895996 1.6621399521827698 12.131492614746094 -3.1148954904027395 0.24655814468860626
Pedestrian -1 -1 -2.99 165.17926025390625 171.0772247314453 375.2950134277344 290.4759521484375 1.8034380674362183 0.6300148367881775 0.8002239465713501 -4.724452018737793 1.6993178129196167 10.040605545043945 2.8505777510311248 0.23104755580425262
Cyclist -1 -1 2.85 160.91590881347656 170.76739501953125 391.93756103515625 286.54296875 1.7052884101867676 0.6499831676483154 1.7147263288497925 -4.209159851074219 1.5971991419792175 9.332613945007324 2.4225025404344276 0.23082514107227325
Pedestrian -1 -1 -2.94 198.9477081298828 170.74899291992188 402.92681884765625 282.34881591796875 1.7879339456558228 0.6365947127342224 0.8074972033500671 -4.344083786010742 1.65864896774292 9.917298316955566 2.932848999104288 0.22825881838798523
Pedestrian -1 -1 0.6 203.23379516601562 170.74632263183594 360.35162353515625 324.53155517578125 1.7356079816818237 0.6382527947425842 0.7902664542198181 -3.830993890762329 1.7135003805160522 8.735467910766602 0.1890341066253498 0.21216008067131042
Van -1 -1 -2.73 400.23895263671875 171.72384643554688 508.5840759277344 215.37147521972656 1.8960018157958984 1.762015461921692 4.4189863204956055 -6.484902381896973 1.8413423299789429 30.699268341064453 -2.9340971067411825 0.1999334841966629
Car -1 -1 -1.79 242.03143310546875 175.3435516357422 383.4664611816406 263.7594909667969 1.4617658853530884 1.575500726699829 3.500241994857788 -5.055354118347168 1.4969006776809692 12.495461463928223 -2.170501862078898 0.19470804929733276
Car -1 -1 -1.83 192.56700134277344 183.80975341796875 368.93115234375 282.0376281738281 1.5137474536895752 1.597838044166565 3.366262435913086 -5.38939905166626 1.6989797949790955 12.28311824798584 -2.2465431251257977 0.19123801589012146
Car -1 -1 -2.73 409.9117431640625 173.68212890625 506.6646728515625 210.99234008789062 1.6273589134216309 1.6462042331695557 3.9516310691833496 -6.442953586578369 1.6784980297088623 30.203296661376953 -2.940823699564512 0.18520675599575043
Car -1 -1 1.37 447.8431396484375 18.2176513671875 495.1437072753906 47.36918258666992 1.5019099712371826 1.5344533920288086 4.214137077331543 -9.416122436523438 -9.058072686195374 49.33094024658203 1.1836201199313692 0.1818353533744812
Car -1 -1 3.05 50.5772705078125 172.66024780273438 309.69873046875 301.8856201171875 1.4994293451309204 1.6293480396270752 3.4838883876800537 -5.847599506378174 1.6709955930709839 9.543578147888184 2.5011381659689578 0.17556992173194885
Pedestrian -1 -1 2.6 315.8212585449219 177.11280822753906 469.58209228515625 242.57106018066406 1.7875423431396484 0.6139591336250305 0.717291533946991 -4.177988052368164 1.649318814277649 13.365498542785645 2.2943458392020633 0.17532581090927124
Car -1 -1 2.0 -11.342154502868652 201.7023468017578 283.4022607803345 372.6359558105469 1.4446732997894287 1.5117161273956299 2.997150182723999 -3.9500534534454346 1.7430493831634521 6.269042491912842 1.436939881673747 0.17474278807640076
Car -1 -1 2.03 24.70171356201172 176.33169555664062 256.3230514526367 304.08648681640625 1.545066475868225 1.5274531841278076 3.209820032119751 -7.229558944702148 1.8519875407218933 11.121333122253418 1.4569155873924782 0.17411303520202637
Car -1 -1 1.41 448.8646240234375 15.15123462677002 493.6001281738281 43.14991474151611 1.530769944190979 1.5347535610198975 4.167006015777588 -10.738260269165039 -10.614902198314667 55.88275146484375 1.2218971865061885 0.17136666178703308
Car -1 -1 -1.91 253.78050231933594 173.5249481201172 413.3272705078125 255.51095581054688 1.5187938213348389 1.5794135332107544 3.443145275115967 -5.310181140899658 1.5543363094329834 13.480443000793457 -2.2872578470823557 0.1677384227514267
Car -1 -1 0.95 445.197021484375 20.841398239135742 495.7374267578125 52.05500793457031 1.5178178548812866 1.5670840740203857 4.201350212097168 -8.133078575134277 -7.523341476917267 43.32611846923828 0.7671448663007276 0.1616281419992447
Car -1 -1 -2.83 350.50543212890625 172.5743408203125 498.7417907714844 224.20408630371094 1.5420876741409302 1.6032952070236206 3.9786393642425537 -5.502857685089111 1.6383880376815796 20.26627540588379 -3.0957540093548914 0.15923529863357544
Car -1 -1 2.79 20.13824462890625 175.1256561279297 233.94534301757812 275.8983459472656 1.531911849975586 1.5168418884277344 3.463724374771118 -9.02470588684082 1.8070331811904907 13.879609107971191 2.2123712765947676 0.15803320705890656
Car -1 -1 -2.49 86.82503509521484 183.3291473388672 348.8564682006836 311.3489685058594 1.5313133001327515 1.6259146928787231 3.5505189895629883 -6.673738479614258 1.7781231999397278 13.492205619812012 -2.9473773832373826 0.15729817748069763
Car -1 -1 2.52 700.25146484375 177.02883911132812 773.8713989257812 213.206298828125 1.4991081953048706 1.6152634620666504 3.8189797401428223 6.8460845947265625 1.7511213421821594 39.953041076660156 2.6923606863948972 0.1481761485338211