Car -1 -1 1.9 256.35247802734375 187.90892028808594 456.3873596191406 304.8099060058594 1.5044807195663452 1.7076917886734009 4.42810583114624 -3.9206831455230713 1.7951207756996155 11.901712417602539 1.5768511816900084 0.9041595458984375
Car -1 -1 -1.79 713.6433715820312 181.13031005859375 873.5712890625 297.7885437011719 1.538744568824768 1.5878311395645142 3.589829683303833 2.709338426589966 1.692597508430481 11.436007499694824 -1.5541895130885681 0.8880518674850464
Car -1 -1 -1.67 652.647705078125 177.4109344482422 722.134521484375 232.2967987060547 1.5182766914367676 1.6625961065292358 4.131453514099121 2.319087266921997 1.6968516111373901 22.16865348815918 -1.5664172556728282 0.8728321194648743
Car -1 -1 -2.33 915.3389892578125 203.99951171875 1241.2962646484375 372.32232666015625 1.4593397378921509 1.629229187965393 4.159102916717529 2.9726431369781494 1.654940664768219 3.1665399074554443 -1.580526316168335 0.8192658424377441
Car -1 -1 2.55 399.1419982910156 173.2215118408203 491.2465515136719 223.51756286621094 1.7878732681274414 1.6443415880203247 3.5211832523345947 -6.200157165527344 1.8701881766319275 27.80265998840332 2.335448971950738 0.8059518337249756
Truck -1 -1 -2.18 636.7424926757812 136.54962158203125 706.3145751953125 218.55702209472656 3.320693016052246 2.4173061847686768 7.714529037475586 2.6468706130981445 1.9330881536006927 31.504377365112305 -2.0926666598716466 0.6586637496948242
Van -1 -1 -1.67 636.1002197265625 135.303955078125 707.6784057617188 217.84669494628906 2.6151373386383057 2.088604688644409 5.7630743980407715 2.2084341049194336 1.6332740187644958 29.047029495239258 -1.5934725101905727 0.6131078004837036
Car -1 -1 -0.7 4.161921501159668 227.83651733398438 189.22141551971436 366.88446044921875 1.4801582098007202 1.6372262239456177 4.010822772979736 -3.6061770915985107 1.7314534783363342 2.7321724891662598 -1.6180703302261739 0.6065084338188171
Van -1 -1 -1.62 642.6768188476562 146.87310791015625 704.4261474609375 220.03369140625 2.428353786468506 2.0066134929656982 5.370693206787109 2.180086135864258 1.6816137433052063 29.122905731201172 -1.5422463191236755 0.5429513454437256
Car -1 -1 -1.6 650.6970825195312 171.18975830078125 714.0580444335938 228.99295043945312 1.5581984519958496 1.5962451696395874 3.876866579055786 2.2216544151306152 1.633805513381958 23.78386878967285 -1.5031912339073745 0.5247230529785156
Car -1 -1 -1.65 645.7839965820312 162.5067596435547 722.2930297851562 230.37303161621094 1.4953166246414185 1.6799629926681519 4.17224645614624 2.2971272468566895 1.66808021068573 22.158567428588867 -1.5453385325951956 0.4977737069129944
Car -1 -1 1.59 538.2081909179688 178.10243225097656 563.0407104492188 196.8266143798828 1.502905011177063 1.6455003023147583 3.6778945922851562 -5.018006801605225 1.974240005016327 61.24803924560547 1.5101931315389816 0.45598405599594116
Van -1 -1 -3.07 385.40863037109375 173.06117248535156 491.4104309082031 224.87710571289062 1.75502347946167 1.7754110097885132 4.021268844604492 -6.862097263336182 1.9207522869110107 29.16229820251465 2.9836219416109397 0.4315146803855896
Car -1 -1 -1.58 646.5643920898438 164.78561401367188 701.5838623046875 222.405517578125 1.6472442150115967 1.6414169073104858 4.0841264724731445 2.1690402030944824 1.6465041637420654 27.31235122680664 -1.504772085427982 0.3776487112045288
Van -1 -1 -1.59 646.5643920898438 164.78561401367188 701.5838623046875 222.405517578125 2.13376522064209 1.8433736562728882 4.950937747955322 2.3718583583831787 1.72068190574646 29.762924194335938 -1.5079879192391106 0.37407851219177246
Truck -1 -1 -1.59 637.772705078125 152.30111694335938 716.1532592773438 222.07508850097656 3.3402791023254395 2.5037529468536377 7.799506187438965 2.8408710956573486 1.9023178815841675 35.27326583862305 -1.5046413524506574 0.3739912211894989
Car -1 -1 -1.61 644.0184326171875 151.48892211914062 703.15576171875 220.50599670410156 1.830216884613037 1.6817753314971924 4.0818867683410645 2.131986141204834 1.6136013865470886 26.929262161254883 -1.5348914929659365 0.3099209666252136
Car -1 -1 -1.46 638.8339233398438 141.45050048828125 718.070556640625 219.34310913085938 1.7367490530014038 1.698634386062622 4.279820442199707 2.242391586303711 1.6552940607070923 22.66771697998047 -1.3635961609709506 0.2655628025531769
Van -1 -1 -1.68 637.772705078125 152.30111694335938 716.1532592773438 222.07508850097656 2.5586979389190674 2.0606982707977295 5.811744213104248 2.6297478675842285 1.6803346574306488 31.090065002441406 -1.5938552361239449 0.25681668519973755
Van -1 -1 -1.64 650.6970825195312 171.18975830078125 714.0580444335938 228.99295043945312 2.0996875762939453 1.7666465044021606 4.832298278808594 2.467834949493408 1.7527077198028564 29.118812561035156 -1.5542761174461628 0.2556098699569702
Car -1 -1 1.65 540.7867431640625 176.4199981689453 568.2724609375 196.3941192626953 1.5323423147201538 1.650555968284607 3.8065848350524902 -4.8335723876953125 1.9127138257026672 58.85610580444336 1.5692679712084248 0.2536965310573578
Pedestrian -1 -1 1.61 640.0905151367188 140.21458435058594 704.0663452148438 216.51544189453125 1.950788140296936 0.6492080092430115 0.8170155882835388 1.8587532043457031 1.5243206024169922 24.329919815063477 1.6858183450297206 0.25273939967155457
Cyclist -1 -1 -3.14 385.0015563964844 173.3317413330078 491.1187744140625 224.8666229248047 1.7540662288665771 0.7908174991607666 2.024094820022583 -5.021574974060059 1.7681483626365662 21.687725067138672 2.9202988567858323 0.22966977953910828
Car -1 -1 2.22 416.9694519042969 172.7747039794922 495.3866882324219 221.20387268066406 1.7928898334503174 1.6563968658447266 3.7922778129577637 -6.099048137664795 1.8444138169288635 27.568925857543945 2.0062218308343374 0.22662919759750366
Truck -1 -1 2.3 644.1552734375 148.6823272705078 710.406982421875 216.67721557617188 3.256507396697998 2.347722053527832 7.313317775726318 2.897397994995117 2.050792306661606 32.172481536865234 2.3867522272597563 0.22243420779705048
Van -1 -1 -1.48 645.1875 159.33485412597656 723.99560546875 232.73455810546875 2.095243215560913 1.9042260646820068 5.022674560546875 2.589508056640625 1.8227238059043884 27.352445602416992 -1.3850319429087374 0.2121105194091797
Pedestrian -1 -1 1.51 2.398381233215332 212.25706481933594 29.56338596343994 327.5627746582031 1.7138150930404663 0.6509122848510742 0.7227367162704468 -7.045652866363525 2.0859357714653015 7.9440717697143555 0.7871215115484671 0.2058609277009964
Pedestrian -1 -1 -3.03 387.4815979003906 174.62466430664062 490.5328369140625 224.8218994140625 1.7708532810211182 0.6324132084846497 0.7999712824821472 -5.113854885101318 1.759231984615326 20.929447174072266 3.0176318209885373 0.20583371818065643
Pedestrian -1 -1 1.81 644.9009399414062 158.6201934814453 702.0595092773438 221.62094116210938 1.8262382745742798 0.6220347881317139 0.7470332384109497 1.891403079032898 1.5410230159759521 24.672876358032227 1.8875956557608369 0.2027864158153534
Car -1 -1 -1.49 632.8466186523438 155.3447265625 697.3147583007812 215.3166961669922 1.6108217239379883 1.7290377616882324 4.2393646240234375 2.370544672012329 1.669010043144226 31.286863327026367 -1.4131176363163487 0.19735682010650635
Car -1 -1 2.26 411.0547180175781 170.6156463623047 493.7641906738281 211.18675231933594 1.813392996788025 1.6207125186920166 3.996586561203003 -8.214241981506348 1.9146379828453064 37.64430618286133 2.0493821617586345 0.1950652301311493
Pedestrian -1 -1 1.96 -5.141813278198242 185.65170288085938 45.30813789367676 342.27691650390625 1.6934154033660889 0.6627107858657837 0.7487779259681702 -4.5402398109436035 1.6480403542518616 4.886290073394775 1.209669881631525 0.19173696637153625
Pedestrian -1 -1 1.26 -2.9349939823150635 197.41073608398438 51.196887731552124 356.7279357910156 1.616249442100525 0.663737952709198 0.6888706088066101 -4.366665363311768 1.6614688634872437 4.721770763397217 0.5114278047491894 0.19015471637248993
Car -1 -1 -1.69 0.8180298805236816 198.02659606933594 25.636913776397705 342.3915100097656 1.655049204826355 1.6808761358261108 4.259670734405518 -6.850344181060791 1.793779730796814 5.4762468338012695 -2.5836419373641455 0.19003315269947052
Van -1 -1 -1.67 633.6348876953125 154.77474975585938 700.414794921875 218.27891540527344 2.1851038932800293 1.9470056295394897 5.296257495880127 2.37892746925354 1.663450300693512 31.171457290649414 -1.5930448224035887 0.18706552684307098
Cyclist -1 -1 -1.71 641.7032470703125 154.2738800048828 720.7083129882812 225.00685119628906 1.8037514686584473 0.5066639184951782 1.6983017921447754 2.2105088233947754 1.6681457161903381 20.66447639465332 -1.6014556428635842 0.18285728991031647
Pedestrian -1 -1 1.81 646.905517578125 164.990478515625 711.8984985351562 228.51785278320312 1.8243725299835205 0.6394550204277039 0.7533323168754578 2.088711977005005 1.5614594221115112 22.898130416870117 1.8967301287939922 0.18234381079673767
Cyclist -1 -1 -2.05 -5.141813278198242 185.65170288085938 45.30813789367676 342.27691650390625 1.6589181423187256 0.6089481115341187 1.6022285223007202 -4.563144207000732 1.5854061841964722 4.523674011230469 -2.8414581639860934 0.1745007038116455
Pedestrian -1 -1 1.54 -0.10139678418636322 220.30760192871094 38.58127762377262 334.4919738769531 1.7712547779083252 0.6021990776062012 0.799470067024231 -6.66222620010376 2.219098210334778 7.58333158493042 0.8206151185613924 0.17326751351356506
Car -1 -1 -1.22 0.6072131395339966 191.2468719482422 34.91831314563751 350.4117736816406 1.718204379081726 1.696631908416748 4.397234916687012 -6.897003650665283 1.842980980873108 5.403567790985107 -2.127536703440234 0.17282496392726898
Cyclist -1 -1 -2.88 637.3592529296875 140.7259063720703 715.197998046875 219.2855682373047 1.7582186460494995 0.5393161773681641 1.7519652843475342 1.9329752922058105 1.598382830619812 21.04572296142578 -2.784820086246045 0.17121748626232147
Pedestrian -1 -1 1.32 643.2105712890625 150.8413848876953 710.090087890625 219.43878173828125 1.8691405057907104 0.6234413385391235 0.7624397873878479 2.2874293327331543 1.514628827571869 24.178485870361328 1.4176468211090967 0.15902134776115417
Car -1 -1 -1.92 0.5250686407089233 182.70346069335938 24.37153661251068 318.4552001953125 1.706994891166687 1.7126363515853882 4.470627307891846 -7.295594692230225 1.727790653705597 6.004851341247559 -2.799698359789538 0.1377778798341751