Car -1 -1 -1.55 578.8147583007812 177.16908264160156 620.9746704101562 215.1082305908203 1.623679757118225 1.6686760187149048 4.025404930114746 -0.2589239776134491 1.2855921685695648 32.44035720825195 -1.554125509663745 0.8542351722717285
Van -1 -1 1.71 5.7574286460876465 11.53958797454834 402.5836615562439 377.7128973007202 2.513510227203369 2.0738275051116943 5.935022830963135 -3.395416736602783 1.5614866614341736 5.417782306671143 1.149205547882544 0.7781271934509277
Van -1 -1 -1.29 405.64056396484375 142.24058532714844 536.3377075195312 244.83087158203125 2.3506886959075928 2.0523343086242676 5.749764919281006 -3.5673060417175293 1.2883882224559784 20.32222557067871 -1.465192520136359 0.7469761371612549
Truck -1 -1 -1.68 506.2427062988281 137.67108154296875 563.1246337890625 210.0960235595703 3.4085192680358887 2.5203399658203125 8.167417526245117 -3.4743118286132812 1.191462755203247 37.89947509765625 -1.7706177345939373 0.6726285815238953
Car -1 -1 0.81 707.7513427734375 205.06834411621094 1133.402099609375 374.8283386230469 1.6044199466705322 1.5774015188217163 3.824333667755127 1.0847053527832031 1.734404444694519 2.9524402618408203 1.1608673040949107 0.43138667941093445
Truck -1 -1 -1.71 -2.4191064834594727 13.361824035644531 402.84484004974365 377.5967483520508 3.319638729095459 2.500964879989624 8.25888729095459 -4.157771587371826 1.6977675631642342 6.159149646759033 -2.299574548252136 0.4134250581264496
Van -1 -1 -1.36 421.1625061035156 158.30349731445312 524.57666015625 239.81907653808594 2.1915669441223145 1.9111417531967163 5.241661071777344 -3.673985004425049 1.4278914630413055 21.32478904724121 -1.5351395323657222 0.33514538407325745
Truck -1 -1 -0.99 515.2037963867188 144.8889617919922 566.904296875 209.3646240234375 3.4063360691070557 2.435511589050293 7.82373046875 -3.4935741424560547 1.1455131769180298 37.69992446899414 -1.083513620776115 0.3307342827320099
Van -1 -1 -1.13 400.1936950683594 156.5667266845703 518.3788452148438 235.8812713623047 2.244607925415039 2.056150197982788 5.623210906982422 -4.133021831512451 1.371581330895424 21.971059799194336 -1.314787125837415 0.31458213925361633
Truck -1 -1 -1.62 400.6055908203125 147.35858154296875 529.59716796875 245.47592163085938 3.2279794216156006 2.5109050273895264 7.555186748504639 -4.265909671783447 1.6819388791918755 25.482786178588867 -1.7849825829294481 0.29807329177856445
Car -1 -1 1.92 334.6618957519531 183.183349609375 403.5166015625 229.13735961914062 1.5060847997665405 1.6623542308807373 3.6705870628356934 -8.630692481994629 1.446042776107788 26.26908302307129 1.6058670341564207 0.24484795331954956
Van -1 -1 1.95 334.6618957519531 183.183349609375 403.5166015625 229.13735961914062 1.8289761543273926 1.7533354759216309 4.19973611831665 -8.99380874633789 1.6224600076675415 27.36110496520996 1.6371510803443785 0.24404376745224
Car -1 -1 -1.34 411.0040588378906 154.6998291015625 529.6456298828125 241.00242614746094 2.1033596992492676 1.8302596807479858 4.812685966491699 -3.474255323410034 1.353356420993805 19.710235595703125 -1.5114950729225782 0.23937757313251495
Van -1 -1 2.88 520.1939086914062 160.7508544921875 565.0206298828125 208.86343383789062 2.301464080810547 1.9839568138122559 5.790744304656982 -3.466970682144165 1.0373394563794136 38.5045166015625 2.786147350061319 0.2186475545167923
Truck -1 -1 -2.32 57.56916427612305 24.701738357543945 404.56306076049805 336.5981922149658 3.3153600692749023 2.5052778720855713 7.704378604888916 -4.5258660316467285 1.592546008527279 6.954401016235352 -2.8970738268889775 0.2040380984544754
Car -1 -1 0.71 789.849365234375 187.3926239013672 1153.5955810546875 375.7573547363281 1.7352474927902222 1.5947363376617432 3.8804285526275635 1.814934492111206 1.6470052003860474 2.368305206298828 1.359660731157203 0.19786691665649414
Van -1 -1 1.85 378.0339050292969 171.69703674316406 468.7166442871094 221.71261596679688 2.1778147220611572 1.9916573762893677 5.8538126945495605 -8.455962181091309 1.505846083164215 32.998497009277344 1.5986272860577868 0.18347232043743134
Car -1 -1 0.77 687.749267578125 180.27236938476562 1088.7685546875 369.47637939453125 1.8696366548538208 1.5993201732635498 3.9535536766052246 1.605918288230896 1.7690687775611877 2.855743169784546 1.2778711098803583 0.18110604584217072
Van -1 -1 2.32 -13.178131103515625 59.797203063964844 514.3656921386719 371.30233001708984 2.126267671585083 1.862505555152893 6.081938743591309 -2.605151414871216 1.4677143096923828 5.350560188293457 1.8658377759650495 0.1809667944908142
Car -1 -1 0.83 657.4571533203125 131.38258361816406 1181.7052001953125 411.7386016845703 1.3943758010864258 1.6931146383285522 4.540810585021973 1.7424657344818115 1.4739124178886414 4.560117721557617 1.1907826222776343 0.18015339970588684