Car -1 -1 1.87 342.3172912597656 170.25291442871094 494.5326232910156 272.6437683105469 1.6359186172485352 1.5801610946655273 3.657804012298584 -3.351393222808838 1.555238962173462 13.06964111328125 1.6218329266435525 0.867883563041687
Car -1 -1 1.87 158.91049194335938 167.66818237304688 420.97076416015625 350.7979736328125 1.6950660943984985 1.6882847547531128 4.174030303955078 -3.542829751968384 1.6264969110488892 8.757380485534668 1.480764959839954 0.8598381876945496
Car -1 -1 -1.89 651.9129028320312 170.4496612548828 692.3634033203125 204.1929168701172 1.5050609111785889 1.615282654762268 3.581191062927246 2.9615049362182617 1.4377145171165466 34.236228942871094 -1.8032828350393286 0.8595728278160095
Car -1 -1 2.3 4.1030073165893555 208.12600708007812 290.28513622283936 370.7207336425781 1.4830267429351807 1.6185088157653809 3.915088176727295 -3.25946307182312 1.7328100204467773 3.3935368061065674 1.5324646793116967 0.8295584917068481
Car -1 -1 1.73 624.6784057617188 167.8260955810547 655.8734741210938 188.45419311523438 1.4993294477462769 1.6440097093582153 4.228616237640381 2.3434395790100098 1.1272261142730713 54.017608642578125 1.7736514941573223 0.7770707607269287
Car -1 -1 2.12 27.7044677734375 191.70069885253906 359.2481384277344 361.50909423828125 1.4634120464324951 1.650973916053772 4.161062240600586 -2.375511407852173 1.39401513338089 3.481586456298828 1.525928876964616 0.43513864278793335
Car -1 -1 1.94 96.92301940917969 176.82691955566406 416.84605407714844 343.75396728515625 1.6798540353775024 1.6194531917572021 3.9353339672088623 -3.6534361839294434 1.7900065779685974 8.454900741577148 1.5354665152830371 0.39749860763549805
Car -1 -1 1.85 313.4671936035156 166.21090698242188 495.18902587890625 286.9656677246094 1.6357420682907104 1.6122092008590698 3.8584365844726562 -3.317394256591797 1.6583362221717834 13.352150917053223 1.6041652854852506 0.30468836426734924
Car -1 -1 1.78 246.6670684814453 179.77366638183594 377.2625427246094 274.1070251464844 1.5040898323059082 1.6165820360183716 4.069686412811279 -5.739697456359863 1.5909443497657776 14.079972267150879 1.395147754386553 0.2198985069990158
Car -1 -1 1.82 223.10948181152344 183.91102600097656 352.7391357421875 272.51239013671875 1.4802173376083374 1.5537230968475342 3.7564806938171387 -6.463308811187744 1.6705980896949768 14.98205280303955 1.4112257897839875 0.1872420758008957
Car -1 -1 1.7 630.0038452148438 168.76168823242188 659.5308837890625 189.86831665039062 1.6234644651412964 1.6433846950531006 4.237233638763428 2.567570209503174 1.1914484798908234 53.802406311035156 1.7433412505623584 0.1866331249475479