Car -1 -1 1.71 396.9247741699219 177.74034118652344 464.11224365234375 229.3475799560547 1.5193301439285278 1.6789591312408447 4.35457706451416 -5.929323196411133 1.7081781029701233 24.052005767822266 1.4689381747524486 0.8888078927993774
Car -1 -1 1.3 628.7045288085938 159.28001403808594 720.076171875 218.99642944335938 1.689087986946106 1.6281559467315674 3.897953748703003 1.8528398275375366 1.2864786982536316 21.88436508178711 1.3839552832242248 0.8815168142318726
Car -1 -1 1.68 446.28289794921875 171.9381866455078 487.3994445800781 209.502685546875 1.601225733757019 1.6674927473068237 4.339719295501709 -7.246083736419678 1.6628809571266174 36.6009635925293 1.4879650957519956 0.7338254451751709
Car -1 -1 1.65 443.1245422363281 174.95440673828125 482.237060546875 210.5556640625 1.5349469184875488 1.6924033164978027 4.457218647003174 -6.676976203918457 1.6135447025299072 33.12553024291992 1.4481841860403053 0.6981386542320251
Car -1 -1 1.73 437.6718444824219 177.42022705078125 483.3152160644531 213.48858642578125 1.5457136631011963 1.6466822624206543 4.257744789123535 -6.903319835662842 1.7424862384796143 33.23271942138672 1.5203124355600393 0.6751766800880432
Car -1 -1 -0.72 532.52099609375 167.04830932617188 559.6015625 191.7639617919922 1.6720523834228516 1.6544746160507202 4.204438209533691 -4.66604471206665 1.300249606370926 52.36992263793945 -0.8138564346660262 0.49057868123054504
Van -1 -1 1.6 498.3928527832031 156.6483917236328 521.5484008789062 185.74049377441406 2.7126479148864746 2.060577630996704 6.331392288208008 -10.15258502960205 1.2502732127904892 73.78207397460938 1.4615824758112472 0.453342467546463
Car -1 -1 -1.62 535.6990966796875 169.81478881835938 561.1831665039062 192.55418395996094 1.5677039623260498 1.6501375436782837 4.049936294555664 -4.54415225982666 1.3223742842674255 52.98847198486328 -1.703592217244914 0.36674216389656067
Van -1 -1 1.57 497.2123107910156 158.18814086914062 519.17041015625 183.51177978515625 2.4256751537323 1.934600830078125 6.082890033721924 -10.11807918548584 0.9265131652355194 73.052978515625 1.4338748096798852 0.2588861584663391
Car -1 -1 1.66 424.1084899902344 178.494384765625 478.2721862792969 219.53485107421875 1.4793297052383423 1.5723514556884766 4.099196910858154 -6.085447311401367 1.663502037525177 28.385440826416016 1.4515156841401922 0.25757476687431335
Car -1 -1 1.66 407.9146728515625 176.8582305908203 468.2619934082031 220.1045379638672 1.5401387214660645 1.6726782321929932 4.285933494567871 -5.977713108062744 1.6383705139160156 24.6549129486084 1.4230648310147593 0.23113974928855896
Car -1 -1 1.61 453.5245666503906 172.2068328857422 488.6615905761719 205.51673889160156 1.5966986417770386 1.7165416479110718 4.49360990524292 -6.855222702026367 1.5456040501594543 35.43781661987305 1.422018065696733 0.22252607345581055
Car -1 -1 1.67 434.2087097167969 181.205810546875 477.99853515625 218.1013946533203 1.4489271640777588 1.616020679473877 3.987518072128296 -6.93772554397583 1.839956521987915 33.4250602722168 1.460797578782996 0.20800693333148956
Van -1 -1 1.55 493.70355224609375 160.11834716796875 517.5335083007812 183.236083984375 2.5572597980499268 2.003098726272583 6.244382381439209 -10.977163314819336 1.120112955570221 74.07899475097656 1.4064384124734204 0.17035111784934998