Car -1 -1 -1.59 555.3739624023438 184.31271362304688 708.8211669921875 330.6018981933594 1.5325146913528442 1.5738507509231567 3.328233480453491 0.20545421540737152 1.4873376488685608 9.236867904663086 -1.5720598186887162 0.879505455493927
Car -1 -1 -1.08 693.7688598632812 162.07522583007812 737.1192016601562 183.94850158691406 1.572650671005249 1.6765880584716797 4.078383922576904 7.973725318908691 -0.13288170099258423 52.753684997558594 -0.9277390175292508 0.7967506051063538
Car -1 -1 -1.59 567.1902465820312 173.1773223876953 650.9172973632812 241.5650634765625 1.5152637958526611 1.644831657409668 4.18361234664917 0.07619432359933853 1.206204354763031 17.10161590576172 -1.58610841147373 0.7892640829086304
Car -1 -1 -0.86 311.222412109375 168.5006103515625 357.84332275390625 188.98614501953125 1.6243643760681152 1.6811271905899048 4.341287136077881 -22.83683204650879 0.31619611382484436 60.19923782348633 -1.2269542453088187 0.5879979133605957
Car -1 -1 2.43 15.439233779907227 185.60360717773438 376.7807559967041 376.0232849121094 1.6365619897842407 1.6358307600021362 4.257945537567139 -2.7235918045043945 1.6090994477272034 2.953298568725586 1.6832678523983553 0.44623473286628723
Car -1 -1 -1.54 568.875732421875 174.53819274902344 658.1118774414062 254.60873413085938 1.494577169418335 1.6302430629730225 3.855862855911255 0.09172967821359634 1.3045799136161804 16.604827880859375 -1.5381472735294937 0.40548577904701233
Car -1 -1 -1.58 563.8643798828125 180.9554443359375 691.2785034179688 303.4893798828125 1.4615195989608765 1.6104826927185059 3.4598848819732666 0.22945107519626617 1.3328439593315125 9.116302490234375 -1.5552115617512383 0.35938671231269836
Car -1 -1 -1.56 565.9555053710938 174.3704833984375 677.194580078125 278.33197021484375 1.506511926651001 1.6198642253875732 3.617288827896118 0.12244029343128204 1.2665913701057434 16.34305191040039 -1.5493537028906532 0.3190305829048157
Car -1 -1 -1.57 562.3887329101562 170.7932586669922 638.423095703125 232.79315185546875 1.4798405170440674 1.6603714227676392 4.118724346160889 -0.1950439214706421 1.1609973013401031 19.76966094970703 -1.5806909463482004 0.3038043677806854
Pedestrian -1 -1 2.02 560.269775390625 183.70034790039062 712.9769897460938 327.5573425292969 1.6846894025802612 0.6273711323738098 0.7510986924171448 0.21272337436676025 1.5227000713348389 7.74090576171875 2.047931089867161 0.2079378068447113
Cyclist -1 -1 -1.93 570.3048095703125 174.82398986816406 658.3085327148438 246.52783203125 1.6707615852355957 0.5394133925437927 1.748579502105713 0.1747567057609558 1.2399025559425354 14.723554611206055 -1.9202644280385712 0.20614093542099
Car -1 -1 -1.54 573.1649169921875 178.8996124267578 644.9928588867188 251.27386474609375 1.4059942960739136 1.602406620979309 3.5970137119293213 0.26378491520881653 1.3615445494651794 16.311580657958984 -1.527576496710605 0.1911664456129074
Car -1 -1 2.52 63.52644348144531 181.58892822265625 424.8376007080078 356.176025390625 1.5709224939346313 1.6464406251907349 4.322371006011963 -2.6212453842163086 1.5583342909812927 3.514962911605835 1.8783206397751995 0.18260668218135834