Car -1 -1 -1.99 805.6604614257812 163.25735473632812 1157.93505859375 342.0629577636719 1.4649021625518799 1.6838834285736084 4.475354194641113 3.6429879665374756 1.4303665161132812 8.178406715393066 -1.5678628800166194 0.8896348476409912
Car -1 -1 -1.43 528.1121215820312 182.69789123535156 601.016845703125 230.36793518066406 1.3741530179977417 1.6374359130859375 4.01291036605835 -1.3144631385803223 1.6905941367149353 22.876707077026367 -1.4828481262180881 0.8790357708930969
Van -1 -1 -1.77 716.5625610351562 129.78506469726562 837.5333862304688 240.4056854248047 2.4306161403656006 1.9809648990631104 5.549949645996094 4.109375 1.470664232969284 18.85009765625 -1.5539823677182554 0.8122488856315613
Car -1 -1 -1.47 571.146728515625 178.70590209960938 615.9443969726562 214.27297973632812 1.4448332786560059 1.5851279497146606 3.6755824089050293 -0.5833696722984314 1.7020648121833801 31.393156051635742 -1.4913147213230937 0.7555314302444458
Car -1 -1 -1.66 699.834228515625 172.95120239257812 739.2210083007812 206.9906768798828 1.6301932334899902 1.6782679557800293 4.294322967529297 5.356802463531494 1.6528456211090088 36.223541259765625 -1.5127703226979037 0.7468978762626648
Pedestrian -1 -1 1.89 805.36572265625 156.73587036132812 834.6882934570312 236.64907836914062 1.7533178329467773 0.635334849357605 0.5794054865837097 4.1180596351623535 1.3906320333480835 14.357684135437012 2.1699418315784635 0.6391746997833252
Truck -1 -1 -1.79 713.6077880859375 127.67951202392578 846.2291259765625 242.39198303222656 3.3150699138641357 2.5141823291778564 7.568800926208496 4.746638774871826 1.893807277083397 21.707775115966797 -1.5704451438882012 0.5906315445899963
Pedestrian -1 -1 1.9 800.3381958007812 156.88511657714844 839.1030883789062 234.84165954589844 1.803909182548523 0.6694644093513489 0.6672458648681641 4.010993480682373 1.3962601721286774 14.246118545532227 2.1707917082853765 0.48542895913124084
Pedestrian -1 -1 2.57 791.71923828125 146.2919158935547 837.6787719726562 241.14125061035156 1.9063013792037964 0.6629759073257446 0.8544960618019104 4.00205135345459 1.417647123336792 14.315315246582031 2.8442087485780885 0.44216808676719666
Car -1 -1 -1.63 695.6530151367188 171.57728576660156 736.3123779296875 204.30975341796875 1.5724406242370605 1.675131916999817 4.227943420410156 5.35990047454834 1.5677334666252136 35.5438117980957 -1.481629333484194 0.3494417071342468
Car -1 -1 -1.75 717.06884765625 134.5206756591797 836.8341674804688 240.2289276123047 2.24474835395813 1.7958106994628906 4.900794506072998 4.190522193908691 1.5174045860767365 19.37415313720703 -1.5402005394791463 0.33499088883399963
Van -1 -1 2.5 21.305683135986328 53.589942932128906 346.6081733703613 370.1497268676758 2.5381264686584473 2.000621795654297 5.613448619842529 -2.1765947341918945 1.6520643830299377 2.01814341545105 1.6817597741622636 0.31626400351524353
Car -1 -1 -1.41 539.989990234375 180.86012268066406 604.17431640625 224.93113708496094 1.3506501913070679 1.5731247663497925 3.6945810317993164 -1.216405987739563 1.6397051811218262 23.396800994873047 -1.4591463157658646 0.3078933358192444
Pedestrian -1 -1 1.02 809.3737182617188 161.12899780273438 836.8546752929688 240.0576171875 1.6545720100402832 0.5998886823654175 0.7350075840950012 4.595020771026611 1.428405523300171 15.609683990478516 1.3023449450364666 0.294307142496109
Truck -1 -1 -1.83 756.00537109375 138.2330322265625 841.8328857421875 239.00912475585938 3.238898992538452 2.488751173019409 7.288015842437744 4.797621250152588 1.9397227764129639 20.833948135375977 -1.603262667124703 0.2667817771434784
Car -1 -1 -1.45 555.1920166015625 182.040771484375 614.642578125 221.75961303710938 1.4165834188461304 1.553637146949768 4.131707191467285 -0.8324408531188965 1.7884826064109802 31.280046463012695 -1.4799735439437631 0.2661493718624115
Pedestrian -1 -1 2.48 760.138427734375 140.48898315429688 840.6439819335938 240.29762268066406 1.9703185558319092 0.6651915311813354 0.9279767274856567 3.9236035346984863 1.4993906617164612 15.106572151184082 2.7387908825402425 0.2621194124221802
Cyclist -1 -1 -0.58 803.7149047851562 156.63522338867188 838.895263671875 238.293212890625 1.7508662939071655 0.595503568649292 1.7889262437820435 4.591849327087402 1.4709710478782654 15.85464096069336 -0.29969306270447094 0.24910582602024078
Pedestrian -1 -1 2.85 793.275146484375 159.69174194335938 835.16015625 237.1995086669922 1.7917793989181519 0.6524025797843933 0.9682391881942749 4.346465587615967 1.4371708631515503 15.349080085754395 3.130301012783609 0.2487742304801941
Car -1 -1 -1.8 711.8115234375 163.3277130126953 775.8720092773438 220.88475036621094 1.7600053548812866 1.6217354536056519 3.9393839836120605 4.78717565536499 1.5977559685707092 25.49651527404785 -1.6124524234364292 0.24737076461315155
Car -1 -1 -1.58 702.2295532226562 173.8564910888672 747.5675048828125 211.5345458984375 1.478873610496521 1.6216903924942017 4.202430248260498 5.445984840393066 1.6192744970321655 35.771697998046875 -1.4274195157579852 0.24650204181671143
Pedestrian -1 -1 2.25 776.6651611328125 158.57977294921875 842.8958129882812 236.3542938232422 1.7843295335769653 0.6653319597244263 0.8465476632118225 3.885157585144043 1.393381953239441 14.404151916503906 2.5161658809395764 0.2371024787425995
Car -1 -1 -1.4 548.6326293945312 178.80628967285156 606.7168579101562 217.63583374023438 1.3967171907424927 1.5543557405471802 3.8079564571380615 -1.1470494270324707 1.6984394192695618 28.9883975982666 -1.4429221070539224 0.23647594451904297
Car -1 -1 -1.69 703.3284301757812 165.92312622070312 742.9097290039062 208.2482452392578 1.5545681715011597 1.660616397857666 4.266071319580078 5.605784893035889 1.602318823337555 36.36273956298828 -1.536967672663656 0.23212827742099762
Car -1 -1 -1.66 707.6354370117188 175.27484130859375 756.5916137695312 217.6890869140625 1.503818154335022 1.6448482275009155 3.6649413108825684 4.659920692443848 1.6144755482673645 26.744997024536133 -1.490088752112828 0.23090821504592896
Pedestrian -1 -1 1.89 784.4141845703125 161.42088317871094 839.1486206054688 231.2295379638672 1.81936776638031 0.6586841940879822 0.8228941559791565 4.079677581787109 1.4226187467575073 14.90672492980957 2.160754167651871 0.2298744171857834
Car -1 -1 -1.46 800.3488159179688 154.1306915283203 842.5203857421875 239.2556915283203 1.7623027563095093 1.6133733987808228 3.5541107654571533 5.246873378753662 1.467201292514801 19.065330505371094 -1.1895988540860039 0.2234189361333847
Car -1 -1 2.38 18.304445266723633 87.23005676269531 369.39050483703613 364.13380432128906 1.8446108102798462 1.6535799503326416 4.140275955200195 -2.892500162124634 1.6572224497795105 2.528292179107666 1.5273095403596448 0.22265322506427765
Pedestrian -1 -1 2.3 716.4600830078125 129.80661010742188 842.1775512695312 240.01718139648438 2.095381259918213 0.6612207889556885 1.0712378025054932 3.545748233795166 1.474146842956543 14.915435791015625 2.5339562683600363 0.21695080399513245
Car -1 -1 -1.76 776.6651611328125 158.57977294921875 842.8958129882812 236.3542938232422 1.667192816734314 1.6331284046173096 3.817854881286621 4.751906394958496 1.4025757908821106 19.055593490600586 -1.514960421101093 0.214412659406662
Car -1 -1 -1.64 718.0342407226562 169.40737915039062 781.2535400390625 221.43865966796875 1.6091700792312622 1.664989709854126 4.129008769989014 4.995156764984131 1.5656848549842834 26.37210464477539 -1.4572713330790705 0.21400579810142517
Car -1 -1 -1.84 744.2180786132812 156.7239990234375 838.2568969726562 235.83685302734375 1.732569694519043 1.6797455549240112 4.182340145111084 4.34879207611084 1.3951496481895447 18.75419044494629 -1.6085860561800036 0.20914620161056519
Car -1 -1 -1.84 731.267578125 145.42901611328125 846.79052734375 239.63681030273438 1.842448115348816 1.7137534618377686 4.318432331085205 4.0352678298950195 1.400881826877594 17.450590133666992 -1.6081773686718712 0.20664070546627045
Van -1 -1 -1.5 697.9554443359375 170.93609619140625 736.704833984375 203.57293701171875 1.758536696434021 1.6970880031585693 4.646348476409912 5.844919681549072 1.6249217987060547 40.20455551147461 -1.3605341338923065 0.2016664445400238
Pedestrian -1 -1 2.13 814.9746704101562 161.21493530273438 840.23291015625 235.2341766357422 1.6236552000045776 0.6055396199226379 0.6759247779846191 4.680278301239014 1.3658710718154907 15.563810348510742 2.4176208812294497 0.19781506061553955
Car -1 -1 -1.71 714.0547485351562 148.15255737304688 805.0635375976562 232.32847595214844 1.8780299425125122 1.7132648229599 4.522271633148193 4.734262466430664 1.5234398245811462 23.306474685668945 -1.5080442985094917 0.19677075743675232
Cyclist -1 -1 -1.23 772.174072265625 148.7998046875 844.5494995117188 233.87461853027344 1.903796672821045 0.5784045457839966 1.9044101238250732 4.121507167816162 1.41431125998497 15.666289329528809 -0.9699364620508728 0.19566375017166138
Car -1 -1 -1.63 692.7564697265625 170.25767517089844 729.7675170898438 201.8036651611328 1.5850474834442139 1.6801129579544067 4.120456695556641 5.3638715744018555 1.5710423588752747 35.454280853271484 -1.4825468171261686 0.189761221408844
Pedestrian -1 -1 2.31 769.1071166992188 146.6006622314453 850.3911743164062 232.32911682128906 1.8827576637268066 0.6508935689926147 0.7697715759277344 4.05850887298584 1.4293626844882965 15.041723251342773 2.571296776387002 0.1888970285654068
Van -1 -1 -1.3 690.303466796875 171.35208129882812 717.2318115234375 195.32427978515625 1.9576727151870728 1.6968367099761963 4.624159336090088 6.800386428833008 1.5069859623908997 52.512577056884766 -1.172197791164792 0.13798308372497559