Car -1 -1 2.0 250.45669555664062 188.9728546142578 322.18634033203125 227.66500854492188 1.5297226905822754 1.5741996765136719 3.5080058574676514 -14.210234642028809 2.2584460973739624 31.744558334350586 1.57745356938105 0.8509581089019775
Car -1 -1 1.8 404.9512939453125 182.18995666503906 441.36968994140625 205.7097625732422 1.465430736541748 1.6673945188522339 3.7227113246917725 -13.278489112854004 2.165460705757141 51.44113540649414 1.5446088565647358 0.7894851565361023
Van -1 -1 -1.63 624.66259765625 149.35824584960938 675.2044067382812 204.277099609375 2.701599597930908 2.0924553871154785 6.164799213409424 2.178938627243042 1.56545589864254 40.81950759887695 -1.5759036105693554 0.7807486057281494
Car -1 -1 2.38 1.497161865234375 202.7376708984375 36.552276611328125 262.853271484375 1.4617512226104736 1.6283926963806152 4.2389116287231445 -15.725300788879395 2.166987895965576 16.605030059814453 1.6201456356012338 0.676496148109436
Car -1 -1 2.34 -1.574040412902832 200.73336791992188 45.38284969329834 262.5833435058594 1.4814356565475464 1.6205946207046509 4.024198532104492 -15.184063911437988 2.092704951763153 16.16053581237793 1.585813024164791 0.6245632171630859
Truck -1 -1 -2.07 625.9681396484375 148.29428100585938 675.901611328125 203.78907775878906 3.4129204750061035 2.682784080505371 10.01380729675293 2.4928674697875977 1.954770565032959 45.586246490478516 -2.010733688550925 0.34197697043418884
Van -1 -1 2.4 1.7979609966278076 198.81105041503906 37.86461138725281 262.395263671875 1.7605230808258057 1.7699134349822998 4.21703577041626 -16.840822219848633 2.390820026397705 17.968841552734375 1.6501394754709136 0.3337656557559967
Car -1 -1 1.49 4.372970104217529 193.7069091796875 33.772376537323 254.94969177246094 1.4774681329727173 1.6165523529052734 4.1470441818237305 -16.3855037689209 2.1173325181007385 17.005556106567383 0.7256155186685529 0.3161005675792694
Car -1 -1 -1.63 625.3262329101562 153.10366821289062 675.54443359375 204.85093688964844 2.216304302215576 1.8105462789535522 4.6499528884887695 2.2397751808166504 1.6359089016914368 39.139564514160156 -1.5736205185192986 0.2610701024532318
Car -1 -1 -1.64 631.7705688476562 158.35813903808594 676.5921630859375 203.64651489257812 2.0575313568115234 1.8144439458847046 4.750620365142822 2.4658589363098145 1.6261181235313416 40.96855163574219 -1.5779715553664833 0.23448428511619568
Car -1 -1 2.38 -0.610815703868866 196.774658203125 27.453887283802032 252.13467407226562 1.6092009544372559 1.5675361156463623 3.898432493209839 -12.983652114868164 1.9029794931411743 13.92429256439209 1.629949322109729 0.22478660941123962
Car -1 -1 2.42 1.7999476194381714 202.7300262451172 25.26553523540497 257.3028564453125 1.59283447265625 1.6350810527801514 4.203555583953857 -13.479371070861816 2.0528804063796997 14.427597999572754 1.6668176916914295 0.19670629501342773
Van -1 -1 -1.61 629.7998046875 160.7022705078125 674.8046264648438 205.2488250732422 2.476006031036377 2.107980728149414 5.909243106842041 2.3967483043670654 1.6849533915519714 40.608280181884766 -1.555497326305268 0.191697359085083
Car -1 -1 2.43 3.5401082038879395 198.3153533935547 57.801952838897705 263.9865417480469 1.4720324277877808 1.6051933765411377 4.254604339599609 -15.133628845214844 2.1431484818458557 16.14560890197754 1.6727598096956058 0.1860998272895813