Car -1 -1 -1.82 652.499755859375 171.9857940673828 724.1451416015625 219.97329711914062 1.5014625787734985 1.5667365789413452 3.5111899375915527 2.6383070945739746 1.4945605993270874 24.99919319152832 -1.7158050450738314 0.881173849105835
Car -1 -1 -2.21 885.5007934570312 187.39794921875 1242.004150390625 372.3444519042969 1.455075740814209 1.6240324974060059 3.923703908920288 3.1099796295166016 1.5596322417259216 4.098572254180908 -1.560140938636101 0.8556818962097168
Car -1 -1 2.78 813.8887329101562 172.9190216064453 990.8489379882812 237.83091735839844 1.4791518449783325 1.6350666284561157 3.942239284515381 7.212097644805908 1.5123661160469055 18.101709365844727 -3.126656818701801 0.8508636355400085
Car -1 -1 -1.8 585.2877197265625 174.0467529296875 632.8082275390625 202.37596130371094 1.4388712644577026 1.6060419082641602 4.021206378936768 -0.09021203964948654 1.5264623165130615 39.46048355102539 -1.8014748172724984 0.8101030588150024
Car -1 -1 2.36 1.5623297691345215 209.2655487060547 258.8484625816345 368.2743835449219 1.4401750564575195 1.6062005758285522 3.7946693897247314 -3.5092201232910156 1.7019087076187134 3.4034762382507324 1.5590275278383938 0.798302173614502
Car -1 -1 -1.97 1019.0654296875 169.73348999023438 1240.57958984375 260.4952087402344 1.4450085163116455 1.5424872636795044 3.5795035362243652 9.636371612548828 1.3522736430168152 13.426663398742676 -1.348564821966506 0.5494121313095093
Car -1 -1 -3.07 990.4064331054688 149.69625854492188 1227.4613037109375 287.8701477050781 1.4992321729660034 1.635645866394043 4.0611748695373535 7.858200550079346 1.3489713072776794 10.907037734985352 -2.441625209958012 0.5091081857681274
Car -1 -1 2.61 539.9746704101562 170.90489196777344 596.1377563476562 191.9506378173828 1.5071146488189697 1.5949735641479492 3.8858213424682617 -2.9806747436523438 1.372021496295929 52.18004608154297 2.5570844471688776 0.4751388728618622
Car -1 -1 2.78 1012.3438720703125 159.40557861328125 1229.2049560546875 274.0335998535156 1.5506211519241333 1.5728938579559326 3.7557802200317383 9.326940536499023 1.3715436458587646 12.693684577941895 -2.873681897819365 0.3932841718196869
Car -1 -1 -0.84 947.4652099609375 166.1876220703125 1242.07080078125 326.5952453613281 1.4438693523406982 1.6539524793624878 4.025062561035156 7.019289016723633 1.6403030753135681 9.521029472351074 -0.20551951171727412 0.3410334289073944
Car -1 -1 0.35 1014.3190307617188 157.08937072753906 1232.8892822265625 310.7149658203125 1.5409467220306396 1.6476843357086182 3.964247226715088 7.796798229217529 1.3930568099021912 9.765236854553223 1.0252774488654435 0.32583296298980713
Van -1 -1 -2.89 992.689453125 146.53851318359375 1234.0579833984375 281.6759338378906 1.8897802829742432 1.7519322633743286 4.330909729003906 9.21656322479248 1.5962380170822144 11.94345474243164 -2.2306499003296834 0.27135327458381653
Car -1 -1 0.4 1039.8179931640625 164.30990600585938 1231.169189453125 337.5604553222656 1.6216189861297607 1.6724090576171875 3.891916513442993 6.177733421325684 1.4739019870758057 7.013186454772949 1.1184875151581801 0.25722596049308777
Car -1 -1 -1.83 655.1173706054688 168.4927978515625 720.1041259765625 214.1363067626953 1.4573736190795898 1.6019628047943115 3.601487398147583 2.729860305786133 1.385944902896881 25.478778839111328 -1.722515208879817 0.22910374402999878
Car -1 -1 -2.24 903.0851440429688 168.91949462890625 1215.9111328125 350.4486389160156 1.4812078475952148 1.6843693256378174 3.9491770267486572 3.1961252689361572 1.4725950956344604 4.2443952560424805 -1.595392922547541 0.2189241498708725
Van -1 -1 2.79 807.5999755859375 171.8982391357422 996.5275268554688 237.73117065429688 1.6991122961044312 1.6937313079833984 3.8641951084136963 7.292361259460449 1.5173217058181763 18.278287887573242 -3.1180045653796524 0.19955624639987946
Van -1 -1 -2.47 955.983642578125 149.69619750976562 1232.7222900390625 300.2796325683594 1.92278254032135 1.8198041915893555 4.354860305786133 9.283625602722168 1.7749507427215576 12.180221557617188 -1.8189774256974323 0.19673624634742737
Car -1 -1 0.08 1112.4075927734375 164.91026306152344 1228.8173828125 351.2295227050781 1.5791120529174805 1.6622281074523926 3.984604835510254 6.1962480545043945 1.542496919631958 5.727513790130615 0.9060750745798529 0.16250629723072052
Car -1 -1 1.83 1064.3221435546875 170.47731018066406 1228.248779296875 292.0325012207031 1.4534236192703247 1.5201038122177124 3.5599799156188965 9.649884223937988 1.5128423571586609 12.078898429870605 2.505309759079829 0.15164309740066528
Car -1 -1 -2.43 991.683837890625 181.50376892089844 1244.272705078125 343.4590148925781 1.3684823513031006 1.6143194437026978 3.8227884769439697 6.945265293121338 1.6889249086380005 8.687860488891602 -1.7587917862856104 0.10505832731723785