Car -1 -1 -1.86 730.5204467773438 196.45994567871094 971.00244140625 344.47509765625 1.3998746871948242 1.631799578666687 4.039764404296875 2.761960029602051 1.7586803436279297 9.467615127563477 -1.578905932804819 0.8834473490715027
Car -1 -1 1.9 244.49510192871094 206.9832305908203 456.71368408203125 344.7568359375 1.4742133617401123 1.6142455339431763 4.024799823760986 -3.5404553413391113 2.052165389060974 10.545705795288086 1.5721520777260611 0.8770323991775513
Car -1 -1 -1.79 702.6385498046875 189.52210998535156 818.806640625 271.802734375 1.476325511932373 1.6291950941085815 3.960092782974243 3.114652156829834 1.9036697149276733 15.928668975830078 -1.594717942565251 0.8752744793891907
Car -1 -1 1.77 438.679443359375 197.6997833251953 522.7247314453125 255.5165557861328 1.4964925050735474 1.633681297302246 4.241915702819824 -3.7447187900543213 2.244804799556732 21.382951736450195 1.5968822591498961 0.8699789047241211
Car -1 -1 -1.71 685.7252807617188 190.23182678222656 752.8651123046875 244.09693908691406 1.5607160329818726 1.6033782958984375 3.6079487800598145 3.2055368423461914 2.050826609134674 21.8323974609375 -1.5601224413909929 0.8648913502693176
Car -1 -1 -2.21 869.6764526367188 205.97499084472656 1242.7945556640625 377.5479736328125 1.4655035734176636 1.5775922536849976 3.581282615661621 2.6943600177764893 1.6564691066741943 3.670647621154785 -1.5750411658975239 0.8536189794540405
Car -1 -1 2.18 -5.911590576171875 217.7310791015625 338.6957702636719 377.1325988769531 1.4684926271438599 1.6402243375778198 4.081384658813477 -3.426238775253296 1.8799440264701843 4.802004814147949 1.562390956123246 0.853507399559021
Car -1 -1 1.77 384.6256408691406 199.4490966796875 485.65618896484375 277.7040100097656 1.5806673765182495 1.5773084163665771 3.7217860221862793 -3.9489693641662598 2.200190484523773 16.653146743774414 1.537098965832019 0.8482593894004822
Car -1 -1 -1.73 642.0216674804688 188.51759338378906 680.7633056640625 216.76531982421875 1.4972721338272095 1.632879614830017 3.961393117904663 2.942941904067993 2.4835997223854065 41.97551727294922 -1.6605916885001948 0.8039681315422058
Car -1 -1 1.74 411.4113464355469 198.97023010253906 506.5767822265625 265.2823791503906 1.5117135047912598 1.5785459280014038 3.8884873390197754 -3.8165485858917236 2.2732443809509277 21.32499122619629 1.5636642217807566 0.459833562374115
Van -1 -1 1.81 385.7168273925781 200.5093994140625 484.3804626464844 279.1678771972656 1.8592054843902588 1.6878690719604492 4.191224098205566 -4.125182151794434 2.4945247173309326 17.582948684692383 1.580399576304231 0.3632751405239105
Car -1 -1 -1.89 750.2562866210938 201.9954833984375 1010.6027221679688 352.04888916015625 1.5146223306655884 1.5912359952926636 3.8227243423461914 3.0183818340301514 1.8728722929954529 10.028444290161133 -1.5963283362521503 0.34828653931617737
Car -1 -1 -1.7 686.5814208984375 191.0777130126953 771.449462890625 251.1818389892578 1.5024155378341675 1.6674706935882568 3.871204137802124 3.1516337394714355 2.046937644481659 21.341415405273438 -1.5526980814121378 0.34716466069221497
Car -1 -1 0.66 1117.67919921875 183.6553497314453 1234.2159423828125 369.1080322265625 1.488901138305664 1.6268147230148315 4.192187309265137 5.230760097503662 1.6632512211799622 4.160768985748291 1.55467965187061 0.3181571066379547
Car -1 -1 1.98 145.93711853027344 214.2081298828125 445.81626892089844 355.7310791015625 1.4300529956817627 1.5328401327133179 3.8673274517059326 -3.7600643634796143 2.161871075630188 10.992803573608398 1.652784717952935 0.2909851670265198
Car -1 -1 -1.81 702.12939453125 191.64175415039062 855.4690551757812 284.1452941894531 1.4331223964691162 1.650338053703308 3.821765899658203 3.2300803661346436 1.9612687826156616 15.846094131469727 -1.6074643191834674 0.2813677191734314
Car -1 -1 -1.75 684.146728515625 190.65673828125 784.8956909179688 258.83935546875 1.5159296989440918 1.5842723846435547 3.8657848834991455 3.4704015254974365 2.144533395767212 21.87691307067871 -1.5956071216752585 0.2465405911207199
Car -1 -1 2.29 -7.447866916656494 226.64344787597656 167.23786306381226 369.8358154296875 1.4208149909973145 1.506693959236145 3.4194045066833496 -5.419199466705322 1.9971544742584229 5.635310649871826 1.5214748735122772 0.2337072491645813
Car -1 -1 2.23 -12.690820693969727 223.71328735351562 256.491979598999 371.42633056640625 1.4484652280807495 1.521359920501709 3.584707021713257 -4.478575229644775 1.9967040419578552 5.72467041015625 1.567236900804735 0.2333812266588211
Car -1 -1 0.71 1136.7314453125 174.146240234375 1232.7332763671875 355.110595703125 1.56088125705719 1.6585067510604858 4.028071880340576 4.714418411254883 1.6221125721931458 3.5510144233703613 1.6325695542713028 0.2248997837305069
Car -1 -1 1.7 357.8246765136719 206.21759033203125 489.11529541015625 288.7762756347656 1.4235577583312988 1.6235285997390747 4.039676189422607 -4.019646644592285 2.2740728855133057 17.099578857421875 1.4724333057554428 0.2245083600282669
Car -1 -1 -2.22 871.9442749023438 199.90110778808594 1154.7275390625 372.0996398925781 1.4546527862548828 1.5743457078933716 3.546109676361084 2.736438274383545 1.6740127205848694 3.675750255584717 -1.5836645050508222 0.2078021764755249
Car -1 -1 -2.07 938.1430053710938 182.14796447753906 1226.7757568359375 369.1899108886719 1.5093657970428467 1.6025784015655518 3.659526824951172 2.584364891052246 1.601243019104004 3.4497528076171875 -1.4253832065391894 0.18792462348937988
Car -1 -1 1.88 219.1806182861328 220.76759338378906 444.53240966796875 356.21875 1.4380329847335815 1.5908691883087158 3.8991737365722656 -3.78524112701416 2.2503060698509216 10.627801895141602 1.5425716697955671 0.18752454221248627
Car -1 -1 2.02 -62.403316497802734 167.82489013671875 402.3921546936035 360.4068603515625 1.3955248594284058 1.7187191247940063 4.815974712371826 -2.727471351623535 1.602809488773346 4.666135787963867 1.4909012691950068 0.18042418360710144
Car -1 -1 2.05 11.183958053588867 162.27247619628906 482.33483695983887 378.4561767578125 1.33089017868042 1.7247873544692993 4.452500343322754 -2.6826374530792236 1.658460557460785 5.5373311042785645 1.5962011758925634 0.17640739679336548
Car -1 -1 2.32 -5.108077049255371 238.08416748046875 134.97821140289307 373.3463134765625 1.3622350692749023 1.4956438541412354 3.4072413444519043 -5.366291046142578 1.8926876783370972 5.067673206329346 1.5023252516296903 0.17640025913715363
Car -1 -1 0.71 1054.8260498046875 185.85467529296875 1240.4478759765625 363.51806640625 1.5035796165466309 1.6053454875946045 4.066533088684082 4.800779819488525 1.6445685625076294 4.279673099517822 1.5481603639397745 0.1612403839826584
Car -1 -1 -1.46 767.8519287109375 213.0059356689453 1217.771484375 377.5146484375 1.2387553453445435 1.6847305297851562 4.310038089752197 2.5943987369537354 1.529502511024475 4.567460536956787 -0.94702812826183 0.1578734964132309