Car -1 -1 -1.81 734.064697265625 194.79766845703125 901.291015625 304.6689147949219 1.403067708015442 1.5771363973617554 3.4996066093444824 2.929326057434082 1.697191596031189 10.736648559570312 -1.5439867636195395 0.871819019317627
Car -1 -1 -1.64 636.642578125 178.5475311279297 668.205810546875 204.31910705566406 1.451050043106079 1.609211802482605 3.8391849994659424 2.525104284286499 1.8495075702667236 43.728641510009766 -1.582646312635977 0.8255296945571899
Car -1 -1 -0.32 704.7467651367188 172.8065185546875 797.6470947265625 217.64492797851562 1.6439567804336548 1.6356532573699951 3.8286657333374023 5.652891635894775 1.7057796716690063 28.691057205200195 -0.12158600301999911 0.8139742016792297
Car -1 -1 -0.05 800.2997436523438 173.96788024902344 1016.0319213867188 258.2835388183594 1.5744796991348267 1.6715338230133057 4.169433116912842 6.40475606918335 1.6727855801582336 15.883749008178711 0.33650275893419934 0.8110185861587524
Car -1 -1 -2.79 272.3313293457031 179.3252716064453 444.1117858886719 245.8480224609375 1.4876271486282349 1.562071681022644 3.778305768966675 -6.227586269378662 1.7045869827270508 18.161300659179688 -3.11793643534597 0.7425456643104553
Car -1 -1 -2.66 6.271475791931152 177.63909912109375 371.41149044036865 300.3999328613281 1.6154776811599731 1.6188827753067017 4.15737247467041 -5.830311298370361 1.660450041294098 10.153909683227539 3.100182390495622 0.7420080900192261
Car -1 -1 -2.93 339.5696716308594 168.3157958984375 481.0574645996094 228.43325805664062 1.7459189891815186 1.7150202989578247 4.292647361755371 -6.352695941925049 1.6840195059776306 23.540971755981445 3.0886090799424792 0.7196094989776611
Car -1 -1 0.85 1.372717261314392 184.917724609375 172.9820464849472 378.8283386230469 1.435083270072937 1.5118993520736694 3.5148327350616455 -5.62752103805542 1.6274903416633606 5.482551574707031 0.05202092219728627 0.6997888684272766
Car -1 -1 -2.83 438.4665222167969 176.3038330078125 521.6404418945312 210.25733947753906 1.4856970310211182 1.6232675313949585 4.0308918952941895 -6.175220966339111 1.7158846259117126 35.49695587158203 -3.002133636830524 0.6611549854278564
Car -1 -1 -0.1 742.6377563476562 178.71499633789062 859.8232421875 232.51307678222656 1.4685407876968384 1.6625465154647827 3.782679796218872 5.75481653213501 1.6791682243347168 21.838653564453125 0.15412486603150377 0.6602926254272461
Car -1 -1 -2.86 317.2582702636719 171.879638671875 462.04876708984375 232.1537322998047 1.6376292705535889 1.6554573774337769 3.933525323867798 -6.369355201721191 1.7095662355422974 20.85051727294922 3.1245347511847665 0.6581855416297913
Car -1 -1 -2.74 -16.13321304321289 179.37942504882812 308.2350425720215 341.29522705078125 1.4980202913284302 1.5988143682479858 3.9801740646362305 -5.4113922119140625 1.6154026985168457 7.458777904510498 2.9116580940855545 0.6348598599433899
Car -1 -1 -2.83 234.39993286132812 176.55520629882812 443.66070556640625 250.7863006591797 1.489297866821289 1.5816845893859863 3.9000084400177 -6.1767449378967285 1.6857330799102783 16.486557006835938 3.09146147707422 0.6339600086212158
Car -1 -1 -0.33 717.57373046875 178.4303436279297 821.8929443359375 221.77850341796875 1.4729063510894775 1.5990190505981445 3.84128737449646 5.927178859710693 1.720126748085022 27.945981979370117 -0.11902604952989426 0.614443302154541
Car -1 -1 -2.82 294.05224609375 176.42909240722656 452.0805969238281 238.92471313476562 1.5480811595916748 1.6703057289123535 4.091907978057861 -6.279077529907227 1.7354698181152344 19.621580123901367 -3.1314867477555755 0.614356517791748
Car -1 -1 -2.72 184.40451049804688 178.88864135742188 416.1690368652344 260.3043212890625 1.61673104763031 1.6576893329620361 4.092869281768799 -6.177515983581543 1.7129966020584106 15.14134407043457 -3.1065701382886335 0.6137460470199585
Car -1 -1 2.69 144.0257568359375 178.69801330566406 410.7351989746094 269.701171875 1.5645087957382202 1.5845000743865967 4.009831428527832 -5.804091930389404 1.653017818927765 12.938485145568848 2.263732308113755 0.6136020421981812
Car -1 -1 -3.11 454.18768310546875 177.8901824951172 536.074951171875 208.29100036621094 1.468327283859253 1.6626691818237305 4.338990211486816 -5.907574653625488 1.7555052042007446 37.10121154785156 3.016821837026086 0.5077258944511414
Car -1 -1 -0.57 733.6488037109375 178.88063049316406 838.0421752929688 226.02883911132812 1.4333325624465942 1.618066430091858 3.826341390609741 6.2669901847839355 1.70084547996521 25.39065933227539 -0.3307980380572255 0.5055655837059021
Car -1 -1 -1.75 734.1018676757812 185.86471557617188 918.214599609375 289.0651550292969 1.4709818363189697 1.6238391399383545 3.639937162399292 2.974923610687256 1.6986052989959717 10.777993202209473 -1.4799857313140796 0.5012650489807129
Car -1 -1 0.3 -0.72542804479599 178.67755126953125 235.853917658329 362.07989501953125 1.4670374393463135 1.569498896598816 3.884843349456787 -5.354177951812744 1.5663158297538757 5.365772724151611 -0.4858638946317142 0.499710351228714
Car -1 -1 -2.22 66.44512176513672 176.46754455566406 397.0022201538086 286.24658203125 1.595345139503479 1.6051522493362427 4.152864933013916 -5.671779632568359 1.6935932636260986 12.370406150817871 -2.6539805367750136 0.4796890914440155
Car -1 -1 -1.63 632.5280151367188 177.29017639160156 660.5537109375 200.7303924560547 1.441240906715393 1.5828089714050293 3.6704001426696777 2.611896276473999 1.8057902455329895 43.81776428222656 -1.568068882223324 0.4500097930431366
Car -1 -1 0.78 -1.0746883153915405 176.1396484375 130.08439981937408 348.1319580078125 1.5547541379928589 1.5641849040985107 3.6216986179351807 -6.253877639770508 1.584836184978485 5.812660217285156 -0.03717939588446084 0.43129199743270874
Car -1 -1 -1.81 737.7407836914062 184.63099670410156 894.8561401367188 273.5937194824219 1.3959934711456299 1.6106257438659668 3.5996322631835938 3.181055784225464 1.5509048104286194 11.29590892791748 -1.5319244428571785 0.4230898916721344
Car -1 -1 -0.6 753.6940307617188 180.44760131835938 873.2965698242188 237.76766967773438 1.3668956756591797 1.6699453592300415 3.8447446823120117 5.719399452209473 1.601755142211914 19.905933380126953 -0.3188971559703031 0.37533238530158997
Car -1 -1 0.94 1.6713004112243652 180.14010620117188 106.03343725204468 325.4552307128906 1.5630649328231812 1.5483386516571045 3.458684206008911 -6.927031993865967 1.6064254641532898 6.721250534057617 0.13612066469962159 0.3707706928253174
Car -1 -1 1.72 741.500732421875 182.14781188964844 871.6889038085938 252.77838134765625 1.443547248840332 1.5667372941970825 3.594285726547241 5.772890567779541 1.783079981803894 22.746688842773438 1.9658501995412454 0.3643319308757782
Car -1 -1 -2.71 358.0259094238281 172.13136291503906 498.13531494140625 225.1074981689453 1.728535771369934 1.6894118785858154 4.3757829666137695 -6.216803073883057 1.7183474898338318 24.561925888061523 -2.9598342095375454 0.34409260749816895
Car -1 -1 -1.53 748.8097534179688 179.44578552246094 918.6559448242188 266.1177673339844 1.389423131942749 1.6273365020751953 3.5946292877197266 3.516045093536377 1.6045851111412048 12.522195816040039 -1.2538506438534096 0.33784496784210205
Car -1 -1 -0.94 774.2127075195312 180.07518005371094 990.7662963867188 272.5845642089844 1.5641145706176758 1.619989275932312 3.6762490272521973 5.374589920043945 1.6517247557640076 14.303913116455078 -0.5793989703485334 0.3304857313632965
Car -1 -1 -2.95 409.95855712890625 177.55120849609375 509.0648193359375 219.5325927734375 1.4868494272232056 1.633013367652893 4.082847595214844 -6.131533145904541 1.7142260074615479 29.000516891479492 3.1281604249657873 0.31725502014160156
Car -1 -1 0.32 0.22927190363407135 186.1556396484375 92.2645578533411 356.2259216308594 1.4530638456344604 1.500188946723938 3.4741196632385254 -6.0288472175598145 1.5569608807563782 5.473363399505615 -0.5117407041207356 0.3142109215259552
Car -1 -1 -2.93 336.6409912109375 170.8683624267578 450.47589111328125 225.51133728027344 1.6969119310379028 1.7030569314956665 3.6318540573120117 -6.596919536590576 1.731544554233551 21.97801971435547 3.0605875358186854 0.31311705708503723
Car -1 -1 -2.85 426.5718078613281 178.16253662109375 513.9534301757812 214.48013305664062 1.4736541509628296 1.5665218830108643 3.8696653842926025 -6.480572700500488 1.751278817653656 34.93479919433594 -3.0324700439399646 0.3113170564174652
Car -1 -1 2.53 5.079774379730225 183.72198486328125 89.25084829330444 304.1212463378906 1.5693377256393433 1.5224419832229614 3.3795578479766846 -8.26189136505127 1.6558964848518372 8.476558685302734 1.752773290792157 0.29876282811164856
Car -1 -1 -1.64 633.9108276367188 176.60523986816406 665.456298828125 202.3373565673828 1.5176496505737305 1.5713279247283936 3.6769721508026123 2.5300021171569824 1.7433879971504211 43.414669036865234 -1.584672885316576 0.29639801383018494
Van -1 -1 -2.85 333.0320129394531 170.9728240966797 479.0353088378906 226.74533081054688 1.969001293182373 1.8703845739364624 4.957435131072998 -6.973082542419434 1.8684554696083069 25.62929344177246 -3.1149667212111076 0.27906790375709534
Car -1 -1 0.92 -0.12931883335113525 181.90896606445312 270.8952783346176 317.800048828125 1.418537974357605 1.6383169889450073 3.9581615924835205 -5.37644100189209 1.4908677339553833 6.596306324005127 0.23827116240255108 0.27153316140174866
Car -1 -1 -1.21 747.4801025390625 176.01173400878906 893.068115234375 254.09776306152344 1.4497191905975342 1.6184706687927246 3.731421709060669 5.978653907775879 1.7219693064689636 22.60352897644043 -0.9495014718936554 0.26354649662971497
Car -1 -1 -2.93 388.3070373535156 177.0447235107422 499.3352355957031 222.3245391845703 1.5727803707122803 1.6028494834899902 4.142629146575928 -6.274864196777344 1.7686405777931213 27.445104598999023 3.128779780120089 0.2624266445636749
Car -1 -1 2.82 772.1773681640625 179.96524047851562 902.7330932617188 238.0775604248047 1.399580717086792 1.693790078163147 3.8676111698150635 6.212347984313965 1.6418291926383972 19.716934204101562 3.121456145768537 0.2557676434516907
Car -1 -1 -1.92 749.7715454101562 184.19915771484375 934.98193359375 309.7478942871094 1.4082672595977783 1.5836268663406372 3.6925442218780518 3.21677827835083 1.7203959226608276 10.508749008178711 -1.6202513678790051 0.23853906989097595
Car -1 -1 -0.09 -0.27464228868484497 187.8072052001953 67.00804966688156 353.63531494140625 1.456109881401062 1.5129649639129639 3.464458465576172 -6.121693134307861 1.551917016506195 5.453352451324463 -0.9297956334765347 0.23742550611495972
Car -1 -1 0.44 -4.463025093078613 182.20892333984375 196.91313457489014 329.0953063964844 1.418535828590393 1.6544182300567627 3.962557554244995 -5.75327730178833 1.5153252482414246 5.902175426483154 -0.33085422113949114 0.2354045957326889
Cyclist -1 -1 0.84 554.6260986328125 173.96656799316406 571.5816040039062 202.95584106445312 1.7747153043746948 0.5451714992523193 1.798272728919983 -2.669247627258301 1.7324135303497314 40.079280853271484 0.7729879374824247 0.234739288687706
Car -1 -1 2.73 2.309053421020508 183.6450958251953 106.35813331604004 292.76397705078125 1.5328576564788818 1.516491413116455 3.3586041927337646 -8.703333854675293 1.6387609839439392 9.421723365783691 1.9872818186688823 0.23307205736637115
Car -1 -1 -0.79 768.6126708984375 176.7230987548828 931.1539916992188 252.6150665283203 1.4221664667129517 1.6121267080307007 3.680955410003662 4.8532328605651855 1.6369034051895142 16.489864349365234 -0.5030860516483897 0.21892496943473816
Car -1 -1 2.79 7.763326644897461 183.74249267578125 76.00654411315918 294.52008056640625 1.5210589170455933 1.499454140663147 3.2253010272979736 -8.981950759887695 1.6674606800079346 9.356915473937988 2.022717625734461 0.21703281998634338
Car -1 -1 3.0 -6.6725969314575195 206.04461669921875 209.07648754119873 376.1054992675781 1.4228850603103638 1.6418370008468628 4.154034614562988 -5.792853832244873 1.7478881478309631 5.598289966583252 2.1933390842686356 0.20875844359397888
Car -1 -1 -1.34 756.9988403320312 185.02963256835938 966.8001098632812 284.9598083496094 1.5065768957138062 1.5918794870376587 3.5857601165771484 3.797369956970215 1.7315622568130493 12.116265296936035 -1.0371526799386759 0.20616188645362854
Car -1 -1 1.08 8.957941055297852 187.69761657714844 86.04435920715332 327.9021301269531 1.508836269378662 1.5603102445602417 3.599229335784912 -6.838472366333008 1.6472555994987488 6.532625675201416 0.269767562926134 0.20566722750663757
Car -1 -1 -3.0 395.3334655761719 173.18272399902344 515.0745849609375 220.63848876953125 1.5543535947799683 1.6423583030700684 4.178396224975586 -6.204458713531494 1.727760672569275 27.401473999023438 3.0565488783442785 0.1965983361005783
Car -1 -1 -2.84 250.72056579589844 182.9586944580078 412.8262023925781 247.65989685058594 1.4349125623703003 1.5354821681976318 3.4873178005218506 -6.378220558166504 1.6895066499710083 16.761125564575195 3.0789438460816863 0.1945229023694992
Van -1 -1 -0.39 709.27685546875 174.73861694335938 802.466064453125 219.06365966796875 1.751067042350769 1.7002397775650024 4.19166898727417 6.399967193603516 1.9157100319862366 32.020259857177734 -0.18796033227282072 0.19359274208545685
Pedestrian -1 -1 2.71 728.088134765625 189.83642578125 907.3685302734375 306.3297119140625 1.72273588180542 0.732562243938446 0.8569748401641846 2.7592179775238037 1.6908683776855469 9.921669006347656 2.98372952562986 0.18900379538536072
Car -1 -1 -0.52 723.2689819335938 183.12596130371094 814.3588256835938 224.68492126464844 1.3615461587905884 1.5783156156539917 3.673219919204712 5.8422417640686035 1.7863944172859192 26.403600692749023 -0.3046474660427245 0.18835482001304626
Car -1 -1 -1.66 628.9114379882812 177.0839080810547 654.2910766601562 196.99713134765625 1.5025153160095215 1.6174901723861694 3.6136319637298584 2.6261844635009766 1.8193033933639526 54.42268753051758 -1.607029303273766 0.18742139637470245
Car -1 -1 -0.49 0.9069651961326599 196.64141845703125 47.16069978475571 341.1340026855469 1.4191021919250488 1.510567307472229 3.4696383476257324 -6.639221668243408 1.5953187346458435 6.144314289093018 -1.3154761871135543 0.1860731542110443
Car -1 -1 1.61 103.23381042480469 181.7168426513672 359.72703552246094 302.1179504394531 1.4995079040527344 1.5921223163604736 3.706976890563965 -6.133891582489014 1.7115225791931152 11.668257713317871 1.1249331551689057 0.17969326674938202
Car -1 -1 -2.59 3.2294881343841553 172.07630920410156 162.97741293907166 336.3677673339844 1.4833276271820068 1.6229082345962524 3.8217875957489014 -5.619609355926514 1.5298179388046265 5.382569313049316 2.887304069084305 0.17714999616146088
Car -1 -1 -0.57 0.7476744055747986 197.28451538085938 32.33143562078476 340.41357421875 1.4902071952819824 1.5750561952590942 3.5453929901123047 -6.583009719848633 1.6033364534378052 5.972687721252441 -1.402547957681496 0.1722397357225418
Car -1 -1 -1.98 759.0821533203125 184.33021545410156 886.8587646484375 259.5535583496094 1.4621124267578125 1.6019790172576904 3.6263394355773926 5.4730143547058105 1.9064921140670776 18.85778045654297 -1.6997591052092975 0.16913412511348724
Car -1 -1 1.86 736.3095092773438 176.4061737060547 866.6021118164062 242.51832580566406 1.4387450218200684 1.6016114950180054 3.9408016204833984 6.178243637084961 1.5814865827560425 23.417570114135742 2.1199901959547702 0.16196882724761963
Car -1 -1 -3.0 12.511272430419922 205.1431427001953 257.45971298217773 363.9741516113281 1.3741850852966309 1.6320991516113281 4.071072578430176 -6.246953010559082 1.8094074726104736 7.2493510246276855 2.572493122645753 0.1589776575565338