Car -1 -1 1.73 829.5618896484375 176.829345703125 908.8565673828125 234.1549530029297 1.5117484331130981 1.6104097366333008 3.9122443199157715 7.6516337394714355 1.6314566135406494 21.057645797729492 2.0751430550168495 0.8807012438774109
Car -1 -1 -1.81 1083.583984375 159.5885009765625 1236.6510009765625 266.8580322265625 1.6708307266235352 1.653386116027832 3.932264804840088 9.740338325500488 1.4482102394104004 13.034335136413574 -1.1653023000630602 0.8765179514884949
Car -1 -1 -1.53 908.7260131835938 169.86727905273438 950.8148803710938 202.7157440185547 1.5121721029281616 1.6914292573928833 4.308836460113525 16.33534812927246 1.4101482629776 36.78164291381836 -1.1098249477449906 0.8421158194541931
Car -1 -1 -1.66 1031.7196044921875 160.22715759277344 1082.83740234375 203.010009765625 1.7264267206192017 1.7041724920272827 4.280690670013428 19.31393051147461 1.2387588918209076 31.28424835205078 -1.1036903554037156 0.8117455840110779
Van -1 -1 -1.67 1032.74462890625 160.71261596679688 1082.0828857421875 203.7799072265625 1.8915709257125854 1.7780665159225464 4.468594074249268 20.498172760009766 1.3230378031730652 33.27092361450195 -1.1174995351586032 0.4638209342956543
Car -1 -1 -1.36 914.8062133789062 170.48931884765625 954.359375 201.1598663330078 1.515735387802124 1.6470019817352295 4.140535831451416 16.853179931640625 1.4242467880249023 37.625694274902344 -0.934216641158752 0.326442688703537
Car -1 -1 1.19 1182.2154541015625 164.47914123535156 1240.8807373046875 257.23321533203125 1.5520919561386108 1.6210707426071167 4.000355243682861 13.066479682922363 1.4210034012794495 13.76945686340332 1.9462080697576631 0.2799511253833771
Car -1 -1 0.77 1184.9180908203125 161.35597229003906 1242.868896484375 240.1602325439453 1.519378662109375 1.5974239110946655 3.650754690170288 13.89832878112793 1.3027677536010742 14.876470565795898 1.525574338791925 0.26358768343925476
Car -1 -1 -1.98 922.161865234375 171.2392578125 956.6057739257812 197.45654296875 1.4711973667144775 1.6392652988433838 4.078619003295898 18.524629592895508 1.394781231880188 40.995670318603516 -1.5572671351808793 0.2624228298664093
Car -1 -1 1.13 1193.615966796875 160.0506134033203 1242.5946044921875 255.01608276367188 1.6076807975769043 1.638291597366333 4.004036903381348 13.419637680053711 1.4237200617790222 14.027735710144043 1.8968454228836462 0.2423093020915985
Car -1 -1 -1.75 1129.71484375 168.07827758789062 1234.3802490234375 266.88702392578125 1.438312292098999 1.5782225131988525 3.551159620285034 9.753951072692871 1.3576807379722595 12.300583839416504 -1.0815598455060762 0.2354266494512558
Car -1 -1 0.91 1211.90283203125 158.69461059570312 1242.724365234375 233.06622314453125 1.5868630409240723 1.6445105075836182 3.9084227085113525 14.599949836730957 1.2894291877746582 15.184266090393066 1.6740329974946127 0.2329976111650467
Car -1 -1 -2.35 1206.11572265625 162.2596435546875 1242.4234619140625 246.81631469726562 1.5252702236175537 1.614546298980713 3.9219002723693848 13.99884033203125 1.350814163684845 14.76111888885498 -1.587873177329425 0.229942187666893
Car -1 -1 0.99 1162.56396484375 164.7680206298828 1239.9361572265625 247.39151000976562 1.4494603872299194 1.5527592897415161 3.3033971786499023 13.386881828308105 1.3540040254592896 14.835935592651367 1.7266410875173035 0.22245609760284424
Car -1 -1 0.77 1199.179443359375 158.652587890625 1242.5350341796875 235.9081573486328 1.563840627670288 1.6178346872329712 3.8547468185424805 14.290156364440918 1.2975074648857117 15.02908992767334 1.5334707441980937 0.2091405838727951
Car -1 -1 -2.4 1220.8408203125 160.87448120117188 1242.1168212890625 236.05621337890625 1.5558563470840454 1.598415493965149 3.808042049407959 14.402253150939941 1.3084218502044678 14.872657775878906 -1.6322675081428981 0.2013470083475113
Car -1 -1 1.59 929.35400390625 170.8529052734375 958.2987060546875 194.55612182617188 1.4606783390045166 1.6111947298049927 3.9332029819488525 23.283700942993164 1.3379774689674377 50.05230712890625 2.0248154063375496 0.1943477988243103
Car -1 -1 0.62 1213.4696044921875 158.28248596191406 1242.0374755859375 259.8509826660156 1.6271979808807373 1.6386665105819702 3.7334296703338623 11.372294425964355 1.4748149514198303 11.433244705200195 1.3987921410084745 0.19374504685401917
Car -1 -1 1.33 1169.2340087890625 179.21022033691406 1237.609619140625 261.4246520996094 1.3758633136749268 1.6037849187850952 3.7304046154022217 11.726765632629395 1.5309846997261047 13.079079627990723 2.05777920743774 0.19294489920139313
Car -1 -1 -2.08 1144.5218505859375 166.03916931152344 1239.12890625 257.5298767089844 1.4798907041549683 1.6510246992111206 3.882598400115967 13.007355690002441 1.4111478328704834 15.643856048583984 -1.387481647426804 0.1897905170917511
Car -1 -1 -2.79 1202.4476318359375 170.69091796875 1241.39697265625 255.11837768554688 1.4593299627304077 1.6010624170303345 3.8297042846679688 14.25308609008789 1.4551249146461487 15.028007507324219 -2.028333345983052 0.1720767766237259
Car -1 -1 -2.41 1217.009033203125 166.61917114257812 1242.290771484375 248.21107482910156 1.5342209339141846 1.6094990968704224 3.7175133228302 13.919656753540039 1.365342617034912 14.442976951599121 -1.6447626678116967 0.16301843523979187