Car -1 -1 -1.58 575.6300048828125 180.40367126464844 622.1133422851562 222.78652954101562 1.4645200967788696 1.6564470529556274 3.8231022357940674 -0.39241573214530945 1.8093343377113342 28.082782745361328 -1.5914287057110856 0.8666536808013916
Car -1 -1 -1.5 515.5159301757812 178.2744140625 554.8468627929688 211.49270629882812 1.498544692993164 1.652924656867981 4.184482574462891 -3.628481149673462 1.8097726106643677 35.45745849609375 -1.5987672750077229 0.8637821674346924
Car -1 -1 1.96 300.3481750488281 179.5362548828125 368.8226623535156 214.498046875 1.5101268291473389 1.6659865379333496 4.031065940856934 -12.722814559936523 1.861660122871399 33.546146392822266 1.5948349291301014 0.8230875730514526
Car -1 -1 1.75 427.88897705078125 178.3649139404297 457.2753601074219 196.65524291992188 1.4365612268447876 1.6467996835708618 4.464880466461182 -14.31390380859375 1.9527152180671692 62.06611633300781 1.5212117508829799 0.7134693264961243
Van -1 -1 1.56 600.443115234375 166.146728515625 626.5241088867188 198.1045379638672 2.534878730773926 2.020148277282715 5.819817066192627 0.29251551628112793 2.0380002856254578 62.409820556640625 1.5687601382992904 0.47744935750961304
Car -1 -1 -1.56 580.541748046875 179.16900634765625 625.4727172851562 218.43836975097656 1.5808465480804443 1.6165313720703125 3.9858620166778564 -0.5292024612426758 1.964794635772705 28.35110092163086 -1.574195583652254 0.37480029463768005
Car -1 -1 1.59 602.306396484375 168.6126251220703 628.0469360351562 197.93157958984375 1.683863639831543 1.6440573930740356 4.374786376953125 0.48307934403419495 1.9211416244506836 55.1525764465332 1.6029180196097457 0.24069280922412872
Van -1 -1 1.54 604.3673706054688 168.42474365234375 627.2018432617188 195.9448699951172 2.370088815689087 2.0767059326171875 5.781481742858887 0.557352602481842 2.094739079475403 63.513404846191406 1.5491450437924499 0.2218199372291565
Car -1 -1 -1.42 586.7780151367188 177.26185607910156 623.5096435546875 212.62295532226562 1.5674841403961182 1.695489764213562 4.056476593017578 -0.41940781474113464 1.8092772960662842 29.349916458129883 -1.43091734995095 0.18801581859588623
Car -1 -1 1.7 602.686767578125 173.8145751953125 627.7646484375 201.18716430664062 1.5887683629989624 1.6713941097259521 4.334137439727783 0.6175817251205444 2.0322073101997375 55.10685729980469 1.714192312728125 0.18782907724380493
Car -1 -1 2.4 592.2021484375 168.95022583007812 625.740478515625 203.9176483154297 1.5526392459869385 1.6362395286560059 3.9450459480285645 -0.3010513186454773 1.9292519092559814 40.407718658447266 2.3912489344835635 0.1832028180360794
Van -1 -1 1.75 593.827392578125 167.4188995361328 625.1465454101562 201.17503356933594 2.341449499130249 1.905178427696228 5.231982231140137 0.10488443076610565 1.5818112194538116 62.586029052734375 1.7549250787273847 0.1746085286140442
Car -1 -1 2.46 587.597900390625 171.50022888183594 624.30078125 206.79908752441406 1.4821195602416992 1.6253008842468262 3.8949155807495117 -0.24889974296092987 1.8129812479019165 39.33612823486328 2.449470331863747 0.1659722477197647
Truck -1 -1 1.57 597.874755859375 167.34764099121094 625.8160400390625 199.84815979003906 3.40502667427063 2.3803632259368896 8.438230514526367 0.32223644852638245 2.618966221809387 65.95457458496094 1.5706874758238163 0.16554933786392212
Van -1 -1 1.47 587.597900390625 171.50022888183594 624.30078125 206.79908752441406 2.4900989532470703 1.9401384592056274 5.414509296417236 0.14650410413742065 2.07211571931839 56.60956954956055 1.4721055020293283 0.1099284216761589