Car -1 -1 -1.9 637.4454956054688 197.38331604003906 821.4555053710938 301.4917297363281 1.3589545488357544 1.582062840461731 3.890448808670044 1.546069622039795 1.7384784817695618 11.414786338806152 -1.7665131596133916 0.9058382511138916
Car -1 -1 -1.69 530.5396728515625 188.5143280029297 588.6892700195312 231.7413330078125 1.4125354290008545 1.630910038948059 3.9441051483154297 -1.9745614528656006 1.997342586517334 26.264141082763672 -1.7697874692310798 0.872501015663147
Car -1 -1 1.93 26.075145721435547 213.2860870361328 239.62893295288086 344.9908752441406 1.452635407447815 1.4914672374725342 3.4552791118621826 -6.575494289398193 2.065678894519806 10.248805046081543 1.3596759522054302 0.8656589388847351
Car -1 -1 1.76 348.7805480957031 190.19515991210938 394.47021484375 222.61448669433594 1.5299376249313354 1.630324363708496 4.053926467895508 -12.406322479248047 2.4779807925224304 37.63306427001953 1.4387226842724194 0.8515404462814331
Car -1 -1 2.24 2.754366159439087 221.5012664794922 141.2230703830719 373.0421142578125 1.425323486328125 1.545304775238037 3.52722430229187 -5.527519702911377 1.9033015966415405 5.782896041870117 1.4729914505356634 0.8457391858100891
Car -1 -1 -2.29 862.8334350585938 119.11559295654297 1233.008544921875 378.91429901123047 1.8316975831985474 1.691009283065796 4.091944217681885 3.3071069717407227 1.5584221482276917 4.35087776184082 -1.6419389080182611 0.8062167763710022
Car -1 -1 -1.65 520.0159912109375 187.91424560546875 563.46484375 223.36593627929688 1.4618583917617798 1.6472437381744385 4.292015552520752 -3.129923105239868 2.144899904727936 32.50408935546875 -1.7454391263822444 0.7995403409004211
Car -1 -1 3.14 721.5079345703125 172.42422485351562 830.3326416015625 216.21258544921875 1.6018030643463135 1.6603014469146729 3.9642679691314697 6.27808952331543 1.5720953345298767 27.703489303588867 -2.9224917910755908 0.756514310836792
Car -1 -1 0.67 143.3939971923828 195.82717895507812 219.981201171875 224.2815399169922 1.5767982006072998 1.653943419456482 4.026925563812256 -24.1004581451416 2.885069966316223 40.78853988647461 0.13143253199720428 0.7112069725990295
Car -1 -1 -1.54 505.4656677246094 183.78643798828125 529.4379272460938 205.0421905517578 1.669294834136963 1.6676876544952393 4.414805889129639 -7.159688949584961 2.475610136985779 56.16768264770508 -1.662658619849366 0.6718759536743164
Car -1 -1 1.75 379.47515869140625 190.7921142578125 415.7913818359375 214.15762329101562 1.4242191314697266 1.5202138423919678 3.9589929580688477 -14.130508422851562 2.673028588294983 47.75743865966797 1.4662765998541012 0.5894952416419983
Car -1 -1 2.69 663.9037475585938 178.8779296875 751.9576416015625 212.57957458496094 1.479899287223816 1.5781551599502563 4.061347484588623 4.482962131500244 1.8112881779670715 33.11039733886719 2.8216913219392765 0.5519073009490967
Car -1 -1 2.24 -1.463192343711853 217.61563110351562 177.62599527835846 367.54168701171875 1.3819351196289062 1.60370934009552 3.7889211177825928 -5.2159600257873535 1.72274649143219 5.619589328765869 1.4886944928594241 0.5439144968986511
Car -1 -1 -1.67 521.8678588867188 187.12437438964844 573.1472778320312 226.6663055419922 1.4722522497177124 1.6339033842086792 4.177011489868164 -3.1315252780914307 2.164922297000885 33.01447296142578 -1.7649773366589745 0.5434192419052124
Car -1 -1 1.72 355.94195556640625 190.23219299316406 400.2004699707031 220.12115478515625 1.4808658361434937 1.5826247930526733 4.313845634460449 -13.438279151916504 2.57234650850296 43.54197692871094 1.4192520395177848 0.5328331589698792
Car -1 -1 1.75 370.96484375 190.30931091308594 411.048583984375 216.8134307861328 1.464157223701477 1.533926248550415 4.041139125823975 -14.03109073638916 2.664859354496002 46.96064758300781 1.456298507944048 0.5247687101364136
Van -1 -1 -2.3 865.8607788085938 107.81896209716797 1229.2110595703125 379.38475799560547 2.0441248416900635 1.7401245832443237 4.139919281005859 3.4170098304748535 1.6061484217643738 4.556515216827393 -1.657363078974197 0.5013689994812012
Car -1 -1 1.71 362.6575622558594 190.00669860839844 404.3182067871094 218.17137145996094 1.494075894355774 1.6114808320999146 4.3779754638671875 -13.7323579788208 2.6137112975120544 44.27774429321289 1.4090558898098369 0.42738401889801025
Car -1 -1 1.74 386.43658447265625 190.53927612304688 416.78741455078125 212.23828125 1.4027453660964966 1.541405439376831 3.8235397338867188 -14.2279634475708 2.682181179523468 48.606136322021484 1.4541864227633141 0.3603288233280182
Van -1 -1 -2.54 168.56573486328125 185.8460235595703 250.5586395263672 218.6123046875 2.298640489578247 1.9835565090179443 5.165386199951172 -26.107872009277344 2.957460641860962 47.20466995239258 -3.0466066808116974 0.3504331111907959
Van -1 -1 2.91 714.8959350585938 170.7088165283203 835.25439453125 217.8364715576172 1.7770111560821533 1.7932865619659424 3.9734246730804443 6.295797824859619 1.7160277366638184 27.62009620666504 3.135458111960693 0.32229480147361755
Car -1 -1 -1.65 515.0244140625 186.02264404296875 559.1092529296875 221.5757293701172 1.5696821212768555 1.6369761228561401 3.8782267570495605 -3.1816794872283936 2.138190269470215 31.967506408691406 -1.75398718211434 0.3170475959777832
Car -1 -1 2.65 706.9017333984375 174.75927734375 827.0160522460938 223.7016143798828 1.6084531545639038 1.6725010871887207 4.243804454803467 6.051804065704346 1.6348151564598083 27.807222366333008 2.861809600981288 0.3114141523838043
Car -1 -1 -1.97 650.9219360351562 187.28414916992188 828.033203125 286.8148193359375 1.5150455236434937 1.640061378479004 3.8802478313446045 1.842235803604126 1.7669642567634583 11.867691993713379 -1.8141093366701977 0.30493441224098206
Car -1 -1 -1.65 511.506103515625 188.24838256835938 552.4564208984375 223.4304656982422 1.4919795989990234 1.622921347618103 3.8263373374938965 -3.307340621948242 2.2158238887786865 32.20689392089844 -1.7521003474713917 0.28655916452407837
Car -1 -1 2.05 12.264307975769043 212.97401428222656 210.28455638885498 360.2682800292969 1.406538724899292 1.5104008913040161 3.71303653717041 -7.4440717697143555 2.1745526790618896 10.115416526794434 1.4173507471793236 0.28461217880249023
Car -1 -1 0.55 159.55918884277344 194.35287475585938 242.27755737304688 222.52688598632812 1.5053911209106445 1.5269193649291992 3.978837013244629 -22.681846618652344 2.7517621517181396 39.832542419433594 0.03058257312041235 0.27459272742271423
Van -1 -1 0.32 145.24365234375 193.1480712890625 229.71556091308594 225.4584197998047 1.974067211151123 1.7967960834503174 4.089788913726807 -24.625595092773438 3.008446216583252 42.30830001831055 -0.2109330749049314 0.25504928827285767
Car -1 -1 2.01 -14.835383415222168 210.69729614257812 239.06639575958252 366.87548828125 1.3671045303344727 1.522409439086914 3.888399600982666 -7.697743892669678 2.2398656606674194 10.436396598815918 1.3760538224564343 0.24899625778198242
Car -1 -1 1.66 437.0926208496094 188.45993041992188 456.03466796875 202.51417541503906 1.5105842351913452 1.680937647819519 3.975947856903076 -17.52776336669922 3.153483808040619 77.12312316894531 1.4354651035693236 0.2451915740966797
Car -1 -1 -2.23 856.5068359375 145.89215087890625 1180.08203125 366.19085693359375 1.655011773109436 1.6595723628997803 4.088361740112305 3.316843271255493 1.5160719752311707 4.67994499206543 -1.6175808289318345 0.2443355917930603
Car -1 -1 -1.57 507.81744384765625 183.45233154296875 533.02587890625 206.5439453125 1.5549180507659912 1.6846802234649658 4.4393110275268555 -6.968285083770752 2.459099292755127 55.12826919555664 -1.6945476348911246 0.2413557469844818
Car -1 -1 -2.65 1102.2374267578125 208.30825805664062 1237.0528564453125 375.88970947265625 1.577893614768982 1.5236127376556396 3.750976085662842 1.787998080253601 1.3373050093650818 0.9832111597061157 -1.5852103060334182 0.23187965154647827
Car -1 -1 -1.5 939.1670532226562 160.55075073242188 1021.1390991210938 212.39942932128906 1.3861262798309326 1.3730578422546387 2.8901479244232178 11.564291954040527 1.0774817764759064 23.269062042236328 -1.0364118629540027 0.22947829961776733
Car -1 -1 -0.52 153.1847381591797 191.7264862060547 234.52684020996094 220.7822723388672 1.5631688833236694 1.6267391443252563 4.035497665405273 -25.171720504760742 2.90705269575119 43.47055435180664 -1.0489961328609931 0.21789735555648804
Van -1 -1 -2.03 154.41265869140625 189.55577087402344 238.96853637695312 220.19061279296875 2.123727321624756 1.9146052598953247 4.815727710723877 -26.137849807739258 2.920347213745117 46.2315559387207 -2.547503371697066 0.2159583419561386
Car -1 -1 0.53 173.04727172851562 189.33425903320312 257.349609375 219.45819091796875 1.5393372774124146 1.5595054626464844 4.021586894989014 -22.627349853515625 2.7089561820030212 41.0135383605957 0.02759666658781157 0.19545230269432068
Car -1 -1 -1.57 521.835693359375 192.65817260742188 571.0116577148438 230.7799530029297 1.3778659105300903 1.5749843120574951 3.7731480598449707 -2.5625393390655518 2.143499433994293 28.632427215576172 -1.6549002512887991 0.1884731948375702
Car -1 -1 1.73 433.3559265136719 187.25820922851562 455.26531982421875 202.91015625 1.525597095489502 1.5743967294692993 3.912662982940674 -16.82723045349121 2.9846534729003906 73.11318969726562 1.5035081213337742 0.18542951345443726
Car -1 -1 -1.87 655.688720703125 185.60459899902344 789.8698120117188 268.7922668457031 1.4229382276535034 1.5851891040802002 3.672919273376465 2.4272797107696533 1.8348094820976257 16.305908203125 -1.7263446166246492 0.1803893893957138
Car -1 -1 -2.6 1203.6046142578125 211.0406494140625 1241.5416259765625 378.1695861816406 1.5481538772583008 1.5765631198883057 3.3641865253448486 1.2115490436553955 1.0583357512950897 0.6589784026145935 -1.531555167220085 0.17580942809581757
Car -1 -1 -1.52 508.9407653808594 185.26339721679688 539.8487548828125 211.58953857421875 1.5828077793121338 1.5558481216430664 4.060779571533203 -7.125222682952881 2.605329990386963 56.57069396972656 -1.6433955966691602 0.16968820989131927
Car -1 -1 -2.64 1148.0565185546875 186.584228515625 1234.0103759765625 367.1618347167969 1.6662678718566895 1.5161949396133423 3.5657405853271484 1.4024430513381958 1.2211321890354156 0.78286212682724 -1.5807950221583056 0.1649646908044815
Car -1 -1 -2.71 674.02587890625 184.0453643798828 821.150390625 269.45648193359375 1.3845568895339966 1.6781141757965088 3.9468607902526855 3.276533842086792 1.8125298619270325 19.20374870300293 -2.5421440969486895 0.16410966217517853
Car -1 -1 -1.52 510.6494140625 184.53472900390625 550.7420654296875 214.78726196289062 1.5320895910263062 1.6099902391433716 4.192069053649902 -4.365065574645996 2.3034462332725525 40.51829147338867 -1.6301010700783536 0.15496236085891724
Car -1 -1 -2.66 1187.6768798828125 209.50091552734375 1241.0196533203125 380.1730041503906 1.515076994895935 1.5635402202606201 3.5661165714263916 1.6645760536193848 1.1785191893577576 0.8377203345298767 -1.5544648262405376 0.1544269472360611
Car -1 -1 3.14 688.3679809570312 175.90255737304688 827.9199829101562 240.4784698486328 1.5119999647140503 1.6603121757507324 4.067664623260498 5.791797637939453 1.765462338924408 27.629718780517578 -2.9392087868936363 0.13497328758239746