Car -1 -1 -1.74 573.8906860351562 179.5803985595703 670.7114868164062 251.1861572265625 1.5182665586471558 1.6178759336471558 3.6179168224334717 0.14077220857143402 1.7302268147468567 17.686758041381836 -1.7278528743724433 0.8918983936309814
Car -1 -1 -1.47 355.3519287109375 180.34568786621094 416.56683349609375 230.0436248779297 1.4668132066726685 1.6242589950561523 3.671354055404663 -7.436161994934082 1.7969710230827332 24.217857360839844 -1.7654130307016782 0.8730196356773376
Car -1 -1 -1.7 552.2706909179688 177.02603149414062 618.1898803710938 229.22305297851562 1.5485584735870361 1.5954840183258057 3.739257574081421 -0.88470458984375 1.7136841416358948 23.54181671142578 -1.7407094894788067 0.8597933650016785
Car -1 -1 -1.7 530.8403930664062 179.81008911132812 588.5337524414062 221.5130615234375 1.4579768180847168 1.6036784648895264 4.01302433013916 -2.068031072616577 1.7590506076812744 28.08942413330078 -1.7731897915425847 0.8457586765289307
Car -1 -1 1.88 -1.7516353130340576 130.611328125 351.8949100971222 374.6400451660156 2.022310256958008 1.8465359210968018 4.744503021240234 -4.172597885131836 1.732591152191162 7.842523574829102 1.3895454775130425 0.8213279843330383
Car -1 -1 -1.59 511.5687561035156 179.11094665527344 543.769287109375 205.9322052001953 1.4530541896820068 1.570026159286499 3.4755563735961914 -4.587360382080078 1.7816139459609985 39.905765533447266 -1.7038401888141141 0.7890827059745789
Van -1 -1 1.63 377.05029296875 153.15359497070312 431.61279296875 214.35433959960938 2.4655027389526367 2.0453741550445557 5.612864017486572 -9.399796485900879 1.6802411377429962 33.184593200683594 1.353766483139573 0.7583250999450684
Car -1 -1 1.67 364.19512939453125 172.38690185546875 423.4964294433594 226.69918823242188 1.5400865077972412 1.5982855558395386 3.680140256881714 -7.373239994049072 1.7243096232414246 23.982744216918945 1.3675495992286564 0.46161937713623047
Car -1 -1 0.66 484.2239074707031 172.21563720703125 508.8138122558594 194.68740844726562 1.814826488494873 1.7048180103302002 4.099920272827148 -9.389455795288086 1.7819089889526367 59.4862060546875 0.4992079327055139 0.44410064816474915
Van -1 -1 1.93 -4.864614009857178 134.3469696044922 351.13981103897095 374.6668701171875 2.0145375728607178 1.8382833003997803 5.291130542755127 -4.428898334503174 1.8507496118545532 7.937563896179199 1.417268360601529 0.4209040105342865
Car -1 -1 1.86 178.50750732421875 177.83328247070312 306.0131530761719 276.6976623535156 1.6069413423538208 1.669551134109497 4.702012062072754 -7.672207355499268 1.873166024684906 15.3775053024292 1.3991271526410998 0.40653127431869507
Van -1 -1 0.12 375.0365905761719 164.6396942138672 428.4429016113281 217.57742309570312 2.3728976249694824 1.9859287738800049 5.310690879821777 -9.194393157958984 1.8881539702415466 32.322269439697266 -0.15433760564819243 0.33533844351768494
Car -1 -1 1.69 380.6294860839844 160.26882934570312 431.8708190917969 215.2955322265625 1.854382872581482 1.7005778551101685 4.402878761291504 -8.591516494750977 1.7202855944633484 30.595090866088867 1.4147832925968196 0.3313329815864563
Car -1 -1 1.82 126.8233413696289 171.28009033203125 307.5220413208008 291.9056701660156 1.5878112316131592 1.699497938156128 4.596603870391846 -7.414914608001709 1.7329514026641846 14.384572982788086 1.340454643210947 0.2982724905014038
Car -1 -1 1.85 386.9957275390625 170.59823608398438 432.63739013671875 216.3272705078125 1.662989616394043 1.6817378997802734 4.39617919921875 -8.740131378173828 1.7956286668777466 31.953210830688477 1.5862288955074204 0.2935234308242798
Car -1 -1 1.94 72.40534973144531 160.47271728515625 313.39849853515625 329.8041076660156 1.510642409324646 1.6244279146194458 4.449056148529053 -8.103832244873047 1.8635209202766418 15.022668838500977 1.4497014749578385 0.2886633276939392
Car -1 -1 -1.76 523.0556640625 179.93951416015625 570.381591796875 214.9283447265625 1.4609293937683105 1.562732219696045 3.640139579772949 -2.1732337474823 1.7467814683914185 28.11971664428711 -1.8413856385283793 0.2827533781528473
Car -1 -1 1.69 164.00778198242188 185.02720642089844 294.7655029296875 281.243896484375 1.5858125686645508 1.700881004333496 4.6547465324401855 -7.4969635009765625 1.859282374382019 14.626709938049316 1.2176907070144907 0.2826477885246277
Car -1 -1 1.92 43.53703308105469 141.4925079345703 333.00205993652344 333.079345703125 2.023725748062134 1.839370846748352 4.544688701629639 -4.6293463706970215 1.8258333206176758 8.617552757263184 1.4304438564838833 0.27419164776802063
Car -1 -1 1.83 106.81328582763672 160.67849731445312 317.27941131591797 307.82305908203125 1.5889211893081665 1.6723270416259766 4.4099812507629395 -7.286200523376465 1.849790871143341 14.351872444152832 1.3622418728660524 0.2546316981315613
Van -1 -1 -1.53 355.0077819824219 178.32151794433594 416.5500793457031 231.72438049316406 1.8625808954238892 1.6998392343521118 4.393887519836426 -8.204484939575195 1.9684061408042908 27.06803321838379 -1.8226016326102519 0.2517097592353821
Van -1 -1 1.41 382.9324951171875 162.98056030273438 433.92547607421875 215.91392517089844 2.20682954788208 1.9645212888717651 5.347404956817627 -9.52960205078125 1.8483880162239075 34.56328582763672 1.1381862745389837 0.2506515085697174
Car -1 -1 2.0 0.4380379617214203 145.8148956298828 300.1240426003933 349.55352783203125 1.9150594472885132 1.7438658475875854 4.319631576538086 -4.632471084594727 1.7556448578834534 8.52415657043457 1.4984764412122349 0.250620573759079
Car -1 -1 -1.75 573.39453125 179.584716796875 655.2877807617188 238.4547882080078 1.4720081090927124 1.5485332012176514 3.551553964614868 0.11890630424022675 1.6227070093154907 18.12901496887207 -1.7412520833881437 0.24282684922218323
Car -1 -1 1.82 113.07106018066406 176.7323760986328 277.9434814453125 290.1497497558594 1.4803329706192017 1.6004811525344849 4.392643451690674 -8.33035659790039 1.8107938170433044 15.431900978088379 1.3298446208801664 0.24076426029205322
Car -1 -1 2.55 372.5865173339844 163.09840393066406 426.8082275390625 216.85389709472656 1.7361177206039429 1.6199920177459717 4.0601301193237305 -7.8870649337768555 1.6700834035873413 27.045570373535156 2.26323764974006 0.23645007610321045
Van -1 -1 1.73 365.8136901855469 166.51292419433594 424.9454040527344 221.79832458496094 2.3701462745666504 1.9937987327575684 5.415058135986328 -9.380816459655762 1.8911650776863098 32.950294494628906 1.4520164686935821 0.2339119166135788
Car -1 -1 -1.59 513.761962890625 179.13072204589844 550.1361694335938 207.66009521484375 1.3936870098114014 1.5484658479690552 3.552170991897583 -4.391064167022705 1.785862684249878 38.93791198730469 -1.705928472910852 0.22912843525409698
Car -1 -1 -1.66 525.3801879882812 181.1866455078125 578.2261352539062 221.80360412597656 1.4153730869293213 1.5702015161514282 3.603205919265747 -2.1517577171325684 1.767252802848816 28.364933013916016 -1.7370705855586053 0.21828477084636688
Truck -1 -1 1.62 375.2289123535156 152.41751098632812 431.04144287109375 211.99610900878906 3.0977869033813477 2.3436851501464844 7.078726768493652 -10.332021713256836 1.9506509602069855 36.26751708984375 1.3434278253011094 0.20677876472473145
Van -1 -1 -2.37 484.812744140625 171.00669860839844 508.4871826171875 194.46290588378906 1.920839786529541 1.7430386543273926 4.5658040046691895 -9.6821928024292 1.8294471502304077 62.25879669189453 -2.5196945441569394 0.20674368739128113
Car -1 -1 1.84 175.1493377685547 184.61007690429688 284.6596984863281 264.67279052734375 1.3968675136566162 1.5921436548233032 4.012369632720947 -8.897604942321777 1.7166576385498047 17.340503692626953 1.3641574620176478 0.19903968274593353
Car -1 -1 1.77 161.352783203125 182.98385620117188 276.1275939941406 271.7812805175781 1.3505113124847412 1.5877013206481934 4.279181003570557 -8.590067863464355 1.713016390800476 16.405929565429688 1.287905773973236 0.19804249703884125
Car -1 -1 1.48 207.50326538085938 183.13465881347656 355.4812316894531 340.6873779296875 1.5653319358825684 1.727976679801941 4.071744918823242 -5.510253429412842 1.9031014442443848 11.79732608795166 1.0465528461386642 0.19736437499523163
Car -1 -1 -1.66 545.4219970703125 181.99818420410156 596.8136596679688 225.75840759277344 1.423483967781067 1.569477915763855 3.68019437789917 -1.6615711450576782 1.780148208141327 27.361513137817383 -1.7213921297281498 0.1971416473388672
Car -1 -1 1.8 174.82415771484375 160.8130340576172 340.55712890625 308.0059509277344 1.828725814819336 1.7646223306655884 4.393792629241943 -6.898999214172363 2.0375027656555176 14.161102294921875 1.3458978248830809 0.1951335072517395
Car -1 -1 2.48 11.272159576416016 192.05177307128906 93.01228713989258 370.1370849609375 1.707285761833191 1.6326249837875366 4.146432399749756 -4.193316459655762 1.8231850266456604 2.9043233394622803 1.5099569935600234 0.19367390871047974
Car -1 -1 1.64 146.32188415527344 180.96044921875 281.7890930175781 284.0646667480469 1.5608131885528564 1.665183186531067 4.532506465911865 -7.95065450668335 1.8249064683914185 15.094294548034668 1.156282468730243 0.18869741261005402
Car -1 -1 1.86 161.55517578125 169.53402709960938 310.84893798828125 282.7493591308594 1.604166865348816 1.6370619535446167 4.274162292480469 -7.5138726234436035 1.7828287482261658 14.681580543518066 1.385987451375028 0.18720537424087524
Car -1 -1 1.84 98.77501678466797 173.8008270263672 287.77880096435547 312.0445861816406 1.441781759262085 1.614783525466919 4.393779754638672 -8.417583465576172 1.8293704986572266 15.320985794067383 1.3391708944423684 0.18330276012420654
Car -1 -1 2.01 -10.81478500366211 162.2010498046875 211.26472854614258 357.7386169433594 1.5523710250854492 1.6347768306732178 4.372649669647217 -6.730658054351807 1.8396302461624146 9.491575241088867 1.3902106181035538 0.18328537046909332
Car -1 -1 1.83 195.9630126953125 162.96630859375 339.32391357421875 281.9399719238281 1.7433327436447144 1.692160725593567 4.368257522583008 -7.4299187660217285 1.9676944613456726 15.279495239257812 1.373333379202382 0.18318721652030945
Car -1 -1 -1.69 560.5005493164062 178.1494140625 643.9091186523438 241.6385040283203 1.5249855518341064 1.5834547281265259 3.5978221893310547 0.01836254447698593 1.6980448365211487 18.30930519104004 -1.6882540550252951 0.18161354959011078
Car -1 -1 2.56 1.6948208808898926 225.91929626464844 62.89232301712036 354.4088134765625 1.6845602989196777 1.6080418825149536 4.062470436096191 -4.204036712646484 1.8075433373451233 3.3270013332366943 1.655568302853176 0.1679963618516922
Car -1 -1 2.58 -3.1224148273468018 208.72740173339844 64.59183382987976 344.15625 1.7309452295303345 1.5959575176239014 4.052097320556641 -4.202815532684326 1.767605721950531 3.293545722961426 1.669473267971311 0.15616030991077423
Van -1 -1 1.63 399.1589050292969 164.9468994140625 440.23651123046875 208.8706512451172 2.224604368209839 1.9164953231811523 5.366018772125244 -10.645726203918457 1.6846193671226501 38.5297737121582 1.3644680746598716 0.14656776189804077