Car -1 -1 -1.89 776.0089721679688 169.439208984375 1006.8671875 297.0865478515625 1.3928020000457764 1.6641008853912354 4.355034351348877 3.750990152359009 1.4357560276985168 10.616100311279297 -1.554214815997419 0.874436616897583
Car -1 -1 -1.42 546.9874267578125 182.55096435546875 608.4127807617188 225.62364196777344 1.374549150466919 1.6368728876113892 4.021059036254883 -1.0489610433578491 1.721173882484436 25.620351791381836 -1.461601416785709 0.8699759840965271
Van -1 -1 -1.77 714.3436889648438 130.54669189453125 820.4182739257812 234.00767517089844 2.462646245956421 2.050809383392334 5.694145679473877 4.291154861450195 1.4710465967655182 20.740171432495117 -1.5671099971146747 0.828441858291626
Car -1 -1 -1.48 581.689697265625 179.2230987548828 621.74462890625 211.67965698242188 1.4475078582763672 1.5868605375289917 3.7786917686462402 -0.25076574087142944 1.7317053079605103 34.03761291503906 -1.4888181952444617 0.6688278913497925
Truck -1 -1 -1.76 711.396484375 136.35922241210938 824.8414306640625 235.55027770996094 3.3220505714416504 2.5068857669830322 7.53725528717041 4.9193902015686035 1.9335213601589203 23.85100746154785 -1.5521224937914884 0.520997166633606
Pedestrian -1 -1 1.67 786.719970703125 159.22903442382812 810.0817260742188 232.52980041503906 1.776785969734192 0.6456212401390076 0.7282846570014954 4.426325798034668 1.4547322392463684 17.060449600219727 1.928506858196461 0.42866626381874084
Pedestrian -1 -1 1.95 774.8736572265625 157.72994995117188 816.9917602539062 230.78858947753906 1.8518799543380737 0.6591071486473083 0.7424381375312805 4.171896934509277 1.4625132083892822 16.524349212646484 2.19741727783671 0.4044843912124634
Car -1 -1 -1.66 703.2642211914062 173.7772674560547 739.2227783203125 207.08425903320312 1.621650218963623 1.6609009504318237 4.1567702293396 5.759934902191162 1.7026139497756958 38.29483413696289 -1.5077788974454913 0.3973216116428375
Pedestrian -1 -1 1.73 777.4967651367188 153.03717041015625 813.2960815429688 225.07852172851562 1.812617301940918 0.6700739860534668 0.6815324425697327 4.73206090927124 1.4148515462875366 18.619956970214844 1.9794853552721001 0.38231977820396423
Van -1 -1 -1.74 732.4619750976562 142.4739990234375 819.6267700195312 232.4713134765625 2.293426990509033 1.9929141998291016 5.204877853393555 4.339158058166504 1.455531269311905 20.772560119628906 -1.5351633260970612 0.3446069061756134
Pedestrian -1 -1 2.11 732.4619750976562 142.4739990234375 819.6267700195312 232.4713134765625 2.029953718185425 0.6682232022285461 0.902717113494873 3.870032787322998 1.4243246018886566 16.67101287841797 2.3368832462872913 0.34064897894859314
Car -1 -1 -1.45 565.6448364257812 182.46994018554688 619.4087524414062 218.48037719726562 1.408869743347168 1.5875862836837769 4.103498458862305 -0.6148765683174133 1.7716705799102783 30.74898910522461 -1.4667908732814894 0.335877388715744
Pedestrian -1 -1 2.28 762.6109008789062 150.41177368164062 817.958740234375 232.47377014160156 1.897185206413269 0.6581348776817322 0.799452006816864 4.08992338180542 1.4231804609298706 16.76850128173828 2.5158195256223284 0.33255088329315186
Pedestrian -1 -1 1.97 778.2090454101562 159.67562866210938 809.2639770507812 232.0416259765625 1.8302502632141113 0.6605087518692017 0.8821959495544434 4.253332138061523 1.4813998341560364 17.147872924804688 2.216322696547733 0.3281503915786743
Car -1 -1 -1.61 706.2183227539062 171.95924377441406 748.3699951171875 211.07485961914062 1.6676723957061768 1.7307161092758179 4.3540544509887695 5.37429666519165 1.6770641207695007 33.453857421875 -1.4511212339948694 0.2916257977485657
Car -1 -1 -1.79 713.15576171875 136.8577423095703 823.5975952148438 234.1189422607422 2.0400991439819336 1.814304232597351 4.811938762664795 4.191760540008545 1.4356332421302795 20.0172176361084 -1.5845987034712055 0.2851563096046448
Van -1 -1 -1.81 716.2259521484375 151.1776580810547 818.4793701171875 228.7460479736328 2.2840514183044434 1.9799717664718628 5.422220230102539 4.153169631958008 1.557358741760254 20.944488525390625 -1.6135496450817248 0.27308306097984314
Car -1 -1 -1.65 709.6748657226562 172.13807678222656 762.8568115234375 216.55958557128906 1.619471788406372 1.6671897172927856 4.167828559875488 5.289013385772705 1.6737870573997498 31.233768463134766 -1.47821872493886 0.26458895206451416
Car -1 -1 -1.42 554.6790771484375 180.08323669433594 611.2843017578125 220.2178192138672 1.4174401760101318 1.5716770887374878 3.9737753868103027 -0.9090760946273804 1.7049203515052795 26.14029884338379 -1.4509754270729331 0.2560160458087921
Pedestrian -1 -1 2.02 712.0819091796875 137.91497802734375 816.3565673828125 233.84591674804688 2.099569797515869 0.6633826494216919 1.0144537687301636 3.655792713165283 1.4119700491428375 16.544349670410156 2.2402484716777034 0.2558864951133728
Car -1 -1 -1.8 719.4299926757812 155.29855346679688 816.6295776367188 228.25408935546875 1.9028894901275635 1.7358696460723877 4.543637275695801 4.418121814727783 1.531753957271576 22.313644409179688 -1.6064489256788548 0.25448548793792725
Van -1 -1 -1.75 714.9099731445312 138.49789428710938 799.1924438476562 227.05601501464844 2.4894516468048096 1.978517770767212 5.939646244049072 4.494941711425781 1.5240901410579681 21.689430236816406 -1.5465206741708943 0.2508620321750641
Car -1 -1 -1.7 714.177978515625 169.4571075439453 774.1116333007812 219.3001708984375 1.6988698244094849 1.6790052652359009 4.097041606903076 5.407817840576172 1.678370177745819 30.19789695739746 -1.5220914259855496 0.2430175244808197
Car -1 -1 -1.71 715.7796630859375 164.9212188720703 787.016845703125 220.6296844482422 1.846036434173584 1.7365529537200928 4.354864120483398 5.455376625061035 1.6607333421707153 28.814916610717773 -1.520563893038811 0.2338821291923523
Cyclist -1 -1 -1.88 713.3310546875 136.46932983398438 821.061279296875 235.81179809570312 1.9299101829528809 0.5372028946876526 1.8983060121536255 3.618863105773926 1.390146255493164 16.644615173339844 -1.6682738816481448 0.2330958992242813
Van -1 -1 2.49 28.700029373168945 33.046871185302734 391.3917713165283 369.0784568786621 2.054023027420044 2.002150058746338 5.704839706420898 -2.755378484725952 1.4584781229496002 2.2135348320007324 1.5972171685304808 0.22525721788406372
Car -1 -1 -1.66 698.6040649414062 172.64151000976562 734.5071411132812 205.10739135742188 1.5790808200836182 1.6673825979232788 4.178256511688232 5.703457832336426 1.6704711318016052 38.01162338256836 -1.5144312672162643 0.21450722217559814
Pedestrian -1 -1 2.31 747.7071533203125 151.11036682128906 821.8342895507812 229.9187774658203 1.851060152053833 0.6640872359275818 0.9242452383041382 4.001534938812256 1.4285081028938293 16.71527099609375 2.549616451503436 0.20546367764472961
Cyclist -1 -1 -1.88 736.5523071289062 144.15919494628906 820.5543823242188 232.38812255859375 1.8642178773880005 0.5610928535461426 1.9631128311157227 3.7543869018554688 1.3643501102924347 16.508291244506836 -1.6576723301872072 0.2051931619644165
Pedestrian -1 -1 2.11 717.7808227539062 157.476806640625 768.511474609375 217.46885681152344 1.9667255878448486 0.7430575489997864 0.8712379336357117 3.8298206329345703 1.5722760558128357 20.497961044311523 2.2903571523519206 0.20489582419395447
Pedestrian -1 -1 1.58 769.5484619140625 154.5032196044922 819.3648071289062 223.25747680664062 1.90432608127594 0.703408420085907 0.7607109546661377 4.429363250732422 1.3813473582267761 17.560001373291016 1.8249904911784336 0.20100834965705872
Pedestrian -1 -1 2.12 766.17724609375 161.27386474609375 808.6851806640625 230.17727661132812 1.891729712486267 0.6564906239509583 0.953962504863739 4.203354358673096 1.5038757920265198 17.338336944580078 2.3588266867474434 0.19937072694301605
Car -1 -1 -1.71 736.5523071289062 144.15919494628906 820.5543823242188 232.38812255859375 1.9990893602371216 1.769264817237854 4.44611120223999 4.2421979904174805 1.4234541654586792 20.195167541503906 -1.5075317656565623 0.19730103015899658
Car -1 -1 -1.7 709.69140625 156.10423278808594 796.9262084960938 232.27731323242188 1.7626049518585205 1.747483253479004 4.619945049285889 4.769650459289551 1.595024049282074 24.579174041748047 -1.5052574688405942 0.1894441694021225
Truck -1 -1 -1.72 736.5523071289062 144.15919494628906 820.5543823242188 232.38812255859375 3.0583608150482178 2.5349647998809814 7.3916215896606445 4.709859848022461 1.9352973401546478 22.452083587646484 -1.5151528546291626 0.1889331042766571
Car -1 -1 -1.63 708.09326171875 177.37733459472656 753.2772216796875 217.17086791992188 1.4388306140899658 1.6218897104263306 3.99875545501709 5.09332275390625 1.7040776014328003 30.926803588867188 -1.466119168494501 0.17616745829582214
Car -1 -1 -1.68 707.3043212890625 166.710205078125 742.88818359375 210.58775329589844 1.616958737373352 1.6332331895828247 4.389958381652832 6.133849143981934 1.7976672053337097 38.60143280029297 -1.5250177992116747 0.17395609617233276
Car -1 -1 -1.67 713.2592163085938 163.05101013183594 750.4354858398438 211.40110778808594 1.6506880521774292 1.6357308626174927 4.066659450531006 5.627159595489502 1.573306679725647 33.174224853515625 -1.506913958952122 0.17377424240112305
Pedestrian -1 -1 1.93 712.9210205078125 166.1300811767578 747.2056884765625 211.79885864257812 1.9380933046340942 0.7057525515556335 0.8690615296363831 4.123365879058838 1.6218267679214478 23.56089210510254 2.1024451687140218 0.1306329220533371