Car -1 -1 2.97 778.388671875 169.97894287109375 841.6716918945312 196.73553466796875 1.472960114479065 1.5545809268951416 3.7286248207092285 12.02527904510498 1.3367387056350708 43.35171890258789 -3.0469129297569175 0.8123159408569336
Car -1 -1 2.6 304.8116149902344 174.49713134765625 387.50640869140625 203.2279052734375 1.528160572052002 1.6647748947143555 4.127833843231201 -14.729907035827637 1.615492045879364 40.255008697509766 2.244574601275567 0.8063188791275024
Car -1 -1 2.42 22.865034103393555 176.88771057128906 157.8630657196045 227.8894500732422 1.6694642305374146 1.628603219985962 3.9123024940490723 -18.688810348510742 1.8539695143699646 26.11638832092285 1.7980826150623823 0.8012994527816772
Van -1 -1 1.87 237.39468383789062 160.78404235839844 290.9532775878906 199.40199279785156 2.6819136142730713 1.97977876663208 5.800798416137695 -25.199295043945312 1.8156124353408813 52.80567932128906 1.4241439551157873 0.7846200466156006
Van -1 -1 2.45 18.05048942565918 174.47703552246094 160.64770317077637 227.67257690429688 1.9694477319717407 1.8481476306915283 4.489234924316406 -20.43960952758789 2.0391828417778015 28.541696548461914 1.8287978578335249 0.47043487429618835
Car -1 -1 2.39 -0.6272628307342529 183.39466857910156 85.82288670539856 223.05755615234375 1.6266014575958252 1.5641491413116455 3.553128480911255 -24.541324615478516 2.051130771636963 30.196128845214844 1.709082718012077 0.3609607517719269
Van -1 -1 0.56 985.701904296875 159.74456787109375 1059.2442626953125 187.1334686279297 1.959579348564148 1.7654834985733032 4.306798458099365 27.832719802856445 1.0586712509393692 48.7238655090332 1.0802790863319807 0.2986059784889221
Car -1 -1 1.91 236.56869506835938 161.67991638183594 291.8162841796875 199.27891540527344 2.264838218688965 1.8644976615905762 4.394335746765137 -23.555259704589844 1.6414560675621033 49.15271759033203 1.463212192244936 0.29192206263542175
Pedestrian -1 -1 2.91 568.1890258789062 237.71530151367188 675.84375 359.9835510253906 1.3574962615966797 0.5334254503250122 0.5198771357536316 0.26187631487846375 1.771586298942566 4.151027679443359 2.9712628566792576 0.2457471787929535
Car -1 -1 2.5 -3.9100704193115234 180.15382385253906 109.27502632141113 223.712646484375 1.6878706216812134 1.6031509637832642 3.725165605545044 -23.47028923034668 1.9773970246315002 29.53270721435547 1.8304981231208863 0.22902940213680267
Pedestrian -1 -1 1.76 584.3997192382812 257.28033447265625 670.0046997070312 366.8092956542969 1.3902539014816284 0.5688757300376892 0.5080776810646057 0.30022069811820984 1.8299698233604431 4.053644180297852 1.8299831725251359 0.2268725037574768
Car -1 -1 -1.2 832.4366455078125 166.5654754638672 874.7330932617188 188.70333862304688 1.51334810256958 1.5714638233184814 3.75313138961792 18.251689910888672 1.1004666686058044 53.67869567871094 -0.8704738211263949 0.21362493932247162
Pedestrian -1 -1 2.61 563.5311279296875 255.116943359375 664.072998046875 360.710205078125 1.3638328313827515 0.5466061234474182 0.46192502975463867 0.2097235471010208 1.851597249507904 4.088074684143066 2.6565675561511375 0.21108809113502502
Car -1 -1 0.53 985.701904296875 159.74456787109375 1059.2442626953125 187.1334686279297 1.7097193002700806 1.6969013214111328 4.1185526847839355 26.533370971679688 0.9761861860752106 46.3487548828125 1.0483715938703106 0.20850899815559387
Truck -1 -1 2.68 1092.8406982421875 127.11337280273438 1242.1077880859375 189.158203125 3.756793260574341 2.770237445831299 12.711928367614746 34.73070526123047 0.6129785776138306 41.03907775878906 -2.8968004515689714 0.20283162593841553
Pedestrian -1 -1 2.96 594.5838623046875 236.1165008544922 696.229248046875 359.9872131347656 1.3300751447677612 0.5209568738937378 0.5381463766098022 0.3683002293109894 1.7587209343910217 4.127345085144043 3.044722553536552 0.20108547806739807
Car -1 -1 1.92 239.44390869140625 169.58932495117188 293.094482421875 201.5235137939453 1.8994375467300415 1.762113094329834 4.255401611328125 -24.38863182067871 1.7593967914581299 51.041534423828125 1.4737519289673795 0.19523629546165466
Car -1 -1 2.39 13.436545372009277 179.7835693359375 136.40922451019287 229.0796356201172 1.4357526302337646 1.6516956090927124 4.1991167068481445 -19.880992889404297 1.8606611490249634 27.354938507080078 1.7599939269488525 0.17422138154506683