Car -1 -1 1.82 383.64935302734375 173.55267333984375 494.3255615234375 256.0752258300781 1.7531052827835083 1.604697823524475 3.711899518966675 -3.984908103942871 1.782663345336914 17.198823928833008 1.591018878309506 0.8949199914932251
Car -1 -1 2.0 151.37278747558594 195.9921112060547 436.7248992919922 353.5870056152344 1.4681307077407837 1.6209138631820679 4.119583606719971 -3.585923910140991 1.7936444878578186 9.026090621948242 1.6185557915753348 0.8686817288398743
Car -1 -1 1.67 511.6226806640625 173.7605743408203 552.8967895507812 208.4190216064453 1.6060172319412231 1.6465198993682861 3.8895955085754395 -3.8642401695251465 1.669115424156189 35.981727600097656 1.5583815442733053 0.830348551273346
Car -1 -1 1.65 515.3696899414062 169.26480102539062 555.06396484375 206.6938934326172 1.643194317817688 1.6462030410766602 4.149397850036621 -3.7679283618927 1.6363895535469055 35.69794464111328 1.5400219917768814 0.6207413673400879
Car -1 -1 1.64 521.4713134765625 165.45816040039062 559.9182739257812 201.85128784179688 1.8369485139846802 1.697458267211914 4.231024265289307 -3.798177480697632 1.5247185230255127 40.39521408081055 1.5502738851970008 0.577410876750946
Car -1 -1 1.64 561.8880004882812 168.83204650878906 584.6884765625 187.2874298095703 1.5713062286376953 1.6469292640686035 4.166076183319092 -3.226905345916748 1.165526658296585 67.0877685546875 1.592036435959069 0.29804345965385437
Car -1 -1 1.66 527.6482543945312 164.0089111328125 562.321533203125 200.19920349121094 1.9019213914871216 1.7533071041107178 4.499803066253662 -3.789834499359131 1.459039568901062 41.706539154052734 1.5691745472740424 0.29231736063957214
Van -1 -1 1.64 523.9242553710938 165.39732360839844 559.9880981445312 203.03805541992188 2.137260913848877 1.8511779308319092 5.021862983703613 -4.215936183929443 1.6403173804283142 46.100677490234375 1.5484639767087405 0.24938581883907318
Car -1 -1 1.72 530.765380859375 170.36236572265625 561.3569946289062 203.72068786621094 1.7111132144927979 1.6696534156799316 4.543656349182129 -3.8062663078308105 1.6244370937347412 43.016441345214844 1.6283580752609383 0.24193355441093445
Car -1 -1 -2.6 1185.6998291015625 286.07781982421875 1238.5869140625 383.9312438964844 1.2782260179519653 1.4239966869354248 3.128248929977417 2.0318808555603027 1.2366563081741333 1.2778428792953491 -1.5889391530775363 0.1398995816707611
Car -1 -1 -2.6 1194.689697265625 300.1318359375 1238.6436767578125 382.33935546875 1.2624915838241577 1.4454174041748047 3.2023541927337646 2.332064628601074 1.3118845224380493 1.5726656913757324 -1.6192645530833811 0.1354992836713791