Car -1 -1 1.66 614.9039306640625 163.53842163085938 651.9055786132812 193.0271453857422 1.7770977020263672 1.7809392213821411 4.279974460601807 1.4745560884475708 1.1920511424541473 45.044029235839844 1.6903696081152306 0.7684527635574341
Pedestrian -1 -1 1.99 41.66776657104492 158.72479248046875 282.5442771911621 370.3476257324219 1.751493215560913 0.6606440544128418 0.8159793615341187 -2.0598127841949463 1.6373893022537231 3.3255062103271484 1.43308628430544 0.6575023531913757
Pedestrian -1 -1 0.89 2.2777605056762695 190.7405548095703 197.49699878692627 369.27783203125 1.5310190916061401 0.6444271802902222 0.669200599193573 -2.471708297729492 1.6622189283370972 3.3848156929016113 0.2574192449237285 0.4740614593029022
Cyclist -1 -1 1.64 11.537797927856445 137.15855407714844 280.03978157043457 376.3317565917969 1.6300146579742432 0.692878007888794 1.7996306419372559 -2.5286834239959717 1.5193033814430237 3.4278182983398438 1.0037289289126896 0.3839726448059082
Pedestrian -1 -1 -2.68 4.654092311859131 169.8904571533203 232.45699453353882 369.9430236816406 1.623773455619812 0.6336307525634766 0.688813328742981 -2.2546143531799316 1.660758137702942 3.217823028564453 2.9887485705998245 0.35416778922080994
Pedestrian -1 -1 0.93 0.0911068469285965 189.77896118164062 148.92490811645985 372.4892883300781 1.4965481758117676 0.6549668908119202 0.6362688541412354 -2.689253807067871 1.6633193492889404 3.4027154445648193 0.2638863388652415 0.34912991523742676
Pedestrian -1 -1 -2.29 84.68144989013672 161.64389038085938 303.4586410522461 375.2406311035156 1.6483891010284424 0.6169979572296143 0.7002034783363342 -2.228539228439331 1.6990848779678345 3.6987786293029785 -2.8315925157982464 0.33200186491012573
Pedestrian -1 -1 0.93 -4.268387317657471 177.41465759277344 113.20273542404175 374.8204345703125 1.5381895303726196 0.6835979223251343 0.6178886890411377 -2.772890567779541 1.6214767694473267 3.2373452186584473 0.21823747035008934 0.2901308536529541
Truck -1 -1 2.24 12.180238723754883 129.8226776123047 286.2770709991455 393.01829528808594 2.96677565574646 2.2594776153564453 6.3487629890441895 -2.668196678161621 1.7914680540561676 3.289294719696045 1.5601789679476878 0.2632587254047394
Pedestrian -1 -1 2.81 50.75289535522461 118.55675506591797 283.9610252380371 353.43212127685547 1.7415997982025146 0.5009938478469849 0.7740649580955505 -1.8564074039459229 1.5933756232261658 2.9486513137817383 2.2433076412455026 0.25990206003189087
Pedestrian -1 -1 1.65 68.3531723022461 151.02474975585938 242.9023666381836 366.6327819824219 1.581508994102478 0.5715634822845459 0.7074702978134155 -2.2093915939331055 1.5121106505393982 3.5146589279174805 1.0888060185504598 0.2557917833328247
Pedestrian -1 -1 -1.73 -0.4621866047382355 177.91671752929688 69.99443265795708 376.5518798828125 1.4947844743728638 0.6886921525001526 0.6353497505187988 -2.86167049407959 1.531272292137146 3.1799979209899902 -2.461965299457499 0.21426069736480713
Pedestrian -1 -1 2.38 6.160759925842285 188.47325134277344 97.52684879302979 374.7013244628906 1.5182156562805176 0.6149670481681824 0.5320021510124207 -2.858046054840088 1.6723896265029907 3.3505983352661133 1.6690860658049784 0.21191373467445374
Pedestrian -1 -1 -0.82 9.992318153381348 232.13319396972656 73.33920383453369 375.7751770019531 1.4789046049118042 0.6448026895523071 0.5419383645057678 -3.4749739170074463 1.8217554688453674 4.1077799797058105 -1.523468893398471 0.2039811909198761
Pedestrian -1 -1 -2.07 12.180238723754883 129.8226776123047 286.2770709991455 393.01829528808594 1.7833274602890015 0.7172873020172119 1.0061094760894775 -2.2833077907562256 1.490605115890503 3.38519549369812 -2.6657140144573237 0.200004443526268
Car -1 -1 -0.53 6.163764476776123 171.01275634765625 265.26962995529175 376.9264221191406 1.6796313524246216 1.589632272720337 3.89475417137146 -2.7721126079559326 1.8533489108085632 3.7589237689971924 -1.1647197493419483 0.19861944019794464
Pedestrian -1 -1 2.88 76.42591094970703 178.26280212402344 270.71118927001953 367.72637939453125 1.6696933507919312 0.6563112735748291 0.7304984331130981 -2.329073190689087 1.6765100955963135 3.642676830291748 2.3076158301521037 0.19702745974063873
Pedestrian -1 -1 1.74 -10.84920883178711 154.951416015625 166.76437759399414 366.7113952636719 1.6859016418457031 0.6395852565765381 0.6729024648666382 -2.1010146141052246 1.5971103310585022 2.7545769214630127 1.092183038132287 0.1965763419866562
Pedestrian -1 -1 -0.5 8.801292419433594 248.63438415527344 59.42622756958008 374.5812072753906 1.4336903095245361 0.6410305500030518 0.5697041153907776 -3.9077298641204834 1.914720892906189 4.616030693054199 -1.2032262686753112 0.19270694255828857
Pedestrian -1 -1 3.09 13.052242279052734 212.25575256347656 62.488582611083984 375.4418029785156 1.3857892751693726 0.5517213940620422 0.4923889636993408 -3.0728235244750977 1.606529176235199 3.59743332862854 2.38115887418002 0.18509668111801147
Cyclist -1 -1 1.64 -16.962501525878906 91.24301147460938 268.77745819091797 370.5459899902344 1.7239166498184204 0.6169699430465698 1.7634716033935547 -2.1570754051208496 1.3649116158485413 2.7578728199005127 0.9739544424005047 0.17909091711044312
Cyclist -1 -1 2.21 56.85456848144531 136.1592254638672 330.39955139160156 368.9481506347656 1.8401750326156616 0.5659350752830505 1.6763418912887573 -1.808440923690796 1.4419975876808167 3.0191614627838135 1.6653270930038406 0.17722365260124207
Truck -1 -1 -2.53 36.628082275390625 213.72067260742188 268.7759704589844 400.5052490234375 3.4367542266845703 2.90004825592041 8.426508903503418 -3.003093957901001 2.8315587043762207 4.561711311340332 -3.1072442339009267 0.14179150760173798