Car -1 -1 -1.72 677.8798828125 175.10382080078125 777.3023071289062 250.38174438476562 1.5699907541275024 1.6361414194107056 4.024548530578613 2.7087175846099854 1.6638145446777344 17.511789321899414 -1.565920221719681 0.8709043860435486
Car -1 -1 -1.57 528.8088989257812 173.46934509277344 571.272705078125 210.17156982421875 1.7034809589385986 1.7038236856460571 4.102726936340332 -2.9191911220550537 1.7520942091941833 35.941261291503906 -1.6527856222852844 0.8576638102531433
Car -1 -1 -1.71 657.2501831054688 172.870849609375 708.9224853515625 215.25643920898438 1.5584056377410889 1.6292660236358643 3.9632558822631836 2.8092715740203857 1.6041927933692932 28.982059478759766 -1.6086805924455305 0.8271377682685852
Van -1 -1 -1.8 720.7849731445312 135.57456970214844 901.7472534179688 287.1926574707031 2.0601251125335693 1.8393408060073853 4.615327835083008 3.016422986984253 1.5723719000816345 12.207473754882812 -1.553437622948623 0.822923481464386
Car -1 -1 -1.7 671.4530639648438 178.40354919433594 739.134033203125 228.5581512451172 1.4230074882507324 1.548441767692566 3.654374122619629 2.880321741104126 1.6110610961914062 22.76510238647461 -1.5786305510560732 0.6881654858589172
Car -1 -1 -1.8 722.1560668945312 138.57632446289062 903.988037109375 289.2478942871094 2.1009302139282227 1.7392194271087646 4.2849225997924805 2.923236846923828 1.563015878200531 11.81763744354248 -1.5592296967108714 0.6869199872016907
Car -1 -1 -1.68 664.3917236328125 176.7298583984375 725.3042602539062 225.28900146484375 1.4922380447387695 1.6281847953796387 3.8589305877685547 2.8643033504486084 1.6257461309432983 23.6693058013916 -1.5615302465693555 0.5055877566337585
Van -1 -1 0.77 629.5011596679688 154.09097290039062 663.2801513671875 190.7392120361328 2.703490734100342 2.1624386310577393 5.989175796508789 3.1732544898986816 1.4797482341527939 60.54032516479492 0.8198797166125722 0.5054373145103455
Car -1 -1 -1.66 642.7177124023438 171.28887939453125 668.2982177734375 198.6932373046875 1.5338064432144165 1.5252273082733154 3.700692892074585 2.970912218093872 1.5731011033058167 47.19335174560547 -1.5990827519523219 0.497310072183609
Van -1 -1 -1.21 630.9660034179688 159.30963134765625 660.9918823242188 192.28062438964844 2.485352039337158 2.0301709175109863 5.603081703186035 3.144798517227173 1.55814528465271 60.52825164794922 -1.1586028275475337 0.47710418701171875
Car -1 -1 -1.72 674.8984375 177.00379943847656 754.36376953125 239.88455200195312 1.5135668516159058 1.6200060844421387 4.032144546508789 2.760392665863037 1.6164248585700989 19.833587646484375 -1.5794095967350446 0.4680866301059723
Car -1 -1 -1.67 661.0820922851562 174.26251220703125 717.5057373046875 219.09620666503906 1.507513165473938 1.6427329778671265 3.745295286178589 2.9388084411621094 1.6162769794464111 29.15457534790039 -1.5683444535072306 0.44136178493499756
Car -1 -1 -1.63 635.7833862304688 166.18592834472656 663.067626953125 195.5164337158203 1.703484058380127 1.6150617599487305 3.612907886505127 2.932276725769043 1.5916519165039062 47.57209014892578 -1.5724048436529277 0.4131869077682495
Car -1 -1 -1.65 636.9783325195312 170.2704315185547 664.5269165039062 197.13662719726562 1.627435326576233 1.6036289930343628 3.624497890472412 2.976473093032837 1.6111008524894714 46.996456146240234 -1.5855387577462086 0.4103582203388214
Car -1 -1 -1.68 643.967529296875 173.9561309814453 676.3731079101562 202.70278930664062 1.5554554462432861 1.5227676630020142 3.514249086380005 3.075524091720581 1.6250421404838562 44.93140411376953 -1.6070430596696301 0.3660086393356323
Van -1 -1 -1.6 636.9765014648438 164.675048828125 663.5279541015625 195.08689880371094 2.3599092960357666 1.955657958984375 5.159148693084717 3.051567316055298 1.584408015012741 55.7765007019043 -1.549678643898539 0.36433419585227966
Car -1 -1 -1.58 632.53662109375 162.3771209716797 660.4838256835938 192.47589111328125 1.793463110923767 1.7180933952331543 4.035444259643555 2.83771014213562 1.5536553263664246 54.25482177734375 -1.5275534220013114 0.3466011881828308
Car -1 -1 -1.28 630.7435913085938 157.0047149658203 663.2826538085938 191.02261352539062 1.7564353942871094 1.7441390752792358 3.934687852859497 2.8895320892333984 1.4384526014328003 53.28697204589844 -1.221287788795057 0.3073520362377167
Car -1 -1 -1.71 683.285400390625 163.46946716308594 787.0418701171875 250.83070373535156 1.6843167543411255 1.643160104751587 3.993741989135742 2.6957833766937256 1.5914137363433838 17.55594825744629 -1.5615267534833306 0.2760792374610901
Pedestrian -1 -1 2.38 672.4224853515625 175.4981689453125 731.8717651367188 225.5558624267578 1.7690417766571045 0.6257399320602417 0.7062304019927979 2.7028584480285645 1.6175332069396973 20.849580764770508 2.5050465944738454 0.25265374779701233
Pedestrian -1 -1 0.84 1206.2574462890625 209.7515106201172 1238.0118408203125 288.1748352050781 1.2015897035598755 0.36395418643951416 0.5244781970977783 9.675862312316895 1.888820469379425 11.218544006347656 1.555501488389531 0.24299846589565277
Pedestrian -1 -1 0.33 1210.185546875 204.08181762695312 1239.6802978515625 284.3666076660156 1.288411021232605 0.41148218512535095 0.4709666073322296 9.760222434997559 1.874345600605011 11.204485893249512 1.0512833185918726 0.23926375806331635
Car -1 -1 -1.58 635.7446899414062 164.1981964111328 670.7821655273438 194.49899291992188 1.5776934623718262 1.6887668371200562 3.735236406326294 2.915461301803589 1.4175196886062622 50.31727600097656 -1.5172612249653747 0.23745939135551453
Truck -1 -1 2.48 629.4364013671875 153.7800750732422 662.864990234375 190.49197387695312 3.406111478805542 2.377004861831665 7.877231121063232 3.3271522521972656 1.7785569056868553 64.39507293701172 2.5290777576227264 0.21782657504081726
Van -1 -1 -1.61 639.5005493164062 166.8854522705078 665.4232177734375 197.16598510742188 2.295884847640991 1.8339738845825195 5.1009674072265625 3.2099649906158447 1.6055657863616943 56.18587875366211 -1.5569105341368363 0.21197457611560822
Pedestrian -1 -1 2.58 710.892822265625 140.59829711914062 890.6644897460938 285.28521728515625 1.973981499671936 0.7152186632156372 0.9835038185119629 2.3515992164611816 1.6006513237953186 9.546976089477539 2.8169789472794733 0.20999467372894287
Car -1 -1 -1.8 697.753662109375 155.90774536132812 852.2391357421875 261.6692199707031 1.8164676427841187 1.6743061542510986 4.188316822052002 3.1695594787597656 1.5274056196212769 15.274788856506348 -1.5948314497431513 0.20945782959461212
Car -1 -1 -1.33 525.650634765625 175.31861877441406 564.3740234375 207.69314575195312 1.6781413555145264 1.69291353225708 4.024610996246338 -2.968531847000122 1.7472414374351501 35.8956184387207 -1.414282623122455 0.2074422836303711
Car -1 -1 -1.6 675.4652099609375 184.4551239013672 738.9039916992188 237.81243896484375 1.365388035774231 1.554359793663025 3.525463581085205 2.9103012084960938 1.805391013622284 22.24493980407715 -1.4704991831221585 0.2068542242050171
Car -1 -1 -1.04 220.54811096191406 17.025033950805664 271.6666564941406 51.796579360961914 1.5495656728744507 1.6349178552627563 3.9783670902252197 -20.48250389099121 -7.004863083362579 40.93866729736328 -1.5062436793752463 0.20028747618198395
Car -1 -1 -1.66 673.012451171875 172.93800354003906 722.9096069335938 217.62884521484375 1.431452751159668 1.6012336015701294 3.610034465789795 2.8551530838012695 1.4784722924232483 23.892045974731445 -1.5433259392683176 0.19794346392154694
Car -1 -1 -2.13 215.23707580566406 21.16828727722168 265.550048828125 56.53783988952637 1.60288405418396 1.6746906042099 3.6015820503234863 -18.505346298217773 -5.598490834236145 36.736663818359375 -2.5984954749985043 0.19034352898597717
Car -1 -1 -1.58 635.2747802734375 172.9009246826172 662.0706176757812 198.9360809326172 1.483918309211731 1.558912754058838 3.7961041927337646 2.8693408966064453 1.6717429757118225 54.425662994384766 -1.5226190177217598 0.18698889017105103
Car -1 -1 -0.52 209.33560180664062 16.863056182861328 262.3347473144531 52.03717803955078 1.5491548776626587 1.6347858905792236 4.017000675201416 -21.06470489501953 -7.037701785564423 40.842403411865234 -0.9944093619492671 0.18344327807426453
Car -1 -1 -1.74 232.91268920898438 17.462003707885742 282.34674072265625 52.33285331726074 1.5934025049209595 1.6196202039718628 3.8501434326171875 -19.25787353515625 -6.614415347576141 39.304222106933594 -2.199896373385787 0.1805560141801834
Car -1 -1 -1.62 648.1625366210938 175.26075744628906 685.2599487304688 205.9042205810547 1.4480245113372803 1.6063449382781982 3.7121310234069824 3.251326084136963 1.6270941495895386 44.34113693237305 -1.5471979722112268 0.17567861080169678
Pedestrian -1 -1 2.32 673.539306640625 176.4763946533203 742.55615234375 231.9630584716797 1.6665985584259033 0.6388980150222778 0.7134066224098206 2.5418970584869385 1.6040100455284119 18.875545501708984 2.4555602805592986 0.16397914290428162
Car -1 -1 -1.69 654.9976196289062 172.44265747070312 701.2212524414062 211.15882873535156 1.5277342796325684 1.5482144355773926 3.763529062271118 3.299736499786377 1.5480591654777527 37.76984405517578 -1.605463739683218 0.14969810843467712
Car -1 -1 -1.67 653.0448608398438 173.41854858398438 695.6025390625 207.0760955810547 1.5530755519866943 1.5856300592422485 3.7068140506744385 2.925187826156616 1.5434237122535706 30.745471954345703 -1.570146465071872 0.13807010650634766