Car -1 -1 -1.37 412.9437561035156 186.20260620117188 497.8528747558594 243.17933654785156 1.4295560121536255 1.6587415933609009 4.209854602813721 -4.3583221435546875 1.550418198108673 21.34330940246582 -1.5732452068377523 0.8423805236816406
Car -1 -1 -1.57 575.9746704101562 181.31419372558594 608.2042236328125 211.9838409423828 1.615071415901184 1.6738135814666748 3.9591150283813477 -0.890718400478363 1.4540539383888245 40.33690643310547 -1.5895637368427122 0.8317143321037292
Van -1 -1 -1.13 4.048177719116211 43.68412780761719 408.6053066253662 376.85569763183594 2.6532368659973145 2.1193575859069824 6.174093246459961 -4.169639587402344 1.537919208407402 8.14378547668457 -1.6058496709982935 0.8204401731491089
Car -1 -1 -1.46 478.5428466796875 184.97927856445312 522.1834716796875 220.4302215576172 1.5185948610305786 1.6246432065963745 4.0661187171936035 -5.055843830108643 1.563055396080017 34.28752517700195 -1.608634837303832 0.7976735830307007
Car -1 -1 -1.48 403.0322570800781 188.9199676513672 477.64007568359375 250.80780029296875 1.4480016231536865 1.6434346437454224 3.6828854084014893 -4.438258647918701 1.5782067775726318 19.30440902709961 -1.710041930478413 0.563178539276123
Car -1 -1 1.8 376.5130615234375 187.78770446777344 426.7552490234375 222.17196655273438 1.363433599472046 1.5947887897491455 3.974839210510254 -9.02627944946289 1.580286681652069 31.909839630126953 1.5238945676094477 0.513168454170227
Car -1 -1 1.7 791.4743041992188 185.9884490966797 1197.2900390625 377.37249755859375 1.684993028640747 1.5217386484146118 3.928164005279541 1.6330569982528687 1.640353262424469 2.5023698806762695 2.278956766029804 0.49205952882766724
Truck -1 -1 -1.11 3.1442203521728516 17.815340042114258 422.0040225982666 387.245943069458 3.376244068145752 2.5424599647521973 7.929937839508057 -4.846094608306885 1.72310521453619 9.108649253845215 -1.6027023940101204 0.4720710515975952
Truck -1 -1 -1.24 51.01593780517578 0.8407641649246216 441.6252212524414 321.10654175281525 3.37671160697937 2.585374593734741 8.137084007263184 -4.760468006134033 1.4807556867599487 8.758463859558105 -1.7386901861557433 0.3856792151927948
Car -1 -1 -1.49 491.87408447265625 184.88941955566406 527.77734375 215.47927856445312 1.438786506652832 1.5792683362960815 4.123532772064209 -5.6600823402404785 1.5677329301834106 43.6181526184082 -1.615211093896324 0.38407352566719055
Car -1 -1 -1.49 408.81268310546875 183.71400451660156 481.542724609375 245.2266387939453 1.4485979080200195 1.6421787738800049 3.747150182723999 -4.386863708496094 1.530250608921051 19.511865615844727 -1.7149306884933377 0.35826411843299866
Car -1 -1 -1.38 414.3033752441406 184.88133239746094 487.94110107421875 236.30905151367188 1.5030766725540161 1.6533194780349731 3.9912831783294678 -4.527162075042725 1.559381127357483 21.204248428344727 -1.5932760400514825 0.301503986120224
Truck -1 -1 1.02 773.2286376953125 111.56377410888672 1185.6575927734375 391.42430877685547 3.1525912284851074 2.292444944381714 6.365330696105957 2.210822343826294 1.7932855933904648 2.8779754638671875 1.6724113673236047 0.29702916741371155
Van -1 -1 0.65 769.030029296875 153.89810180664062 1207.59033203125 384.598876953125 1.9836846590042114 1.8525522947311401 4.971932411193848 1.9677811861038208 1.5467786192893982 2.1714937686920166 1.383186830227368 0.27969980239868164
Car -1 -1 -1.48 404.595703125 185.53970336914062 468.5530700683594 242.40818786621094 1.4160938262939453 1.6157352924346924 3.7704579830169678 -4.442852020263672 1.5330310463905334 19.187334060668945 -1.7109693304239064 0.2576999366283417
Car -1 -1 -3.12 848.84423828125 205.8396759033203 1210.001708984375 376.54034423828125 1.572866439819336 1.6628444194793701 4.157278060913086 1.7820076942443848 1.5768188834190369 2.4599649906158447 -2.494631473639238 0.2479197382926941
Car -1 -1 -1.55 418.5523376464844 180.94580078125 475.120361328125 227.7592010498047 1.5058823823928833 1.6563555002212524 3.810292959213257 -4.643277168273926 1.4879763722419739 20.724308013916016 -1.7659372196148162 0.24135902523994446
Van -1 -1 -1.28 51.01593780517578 0.8407641649246216 441.6252212524414 321.10654175281525 2.682752847671509 2.1025822162628174 6.3083295822143555 -3.7354929447174072 1.470919281244278 6.797873497009277 -1.782143765993622 0.23834992945194244
Car -1 -1 -2.45 83.72686767578125 171.4381103515625 273.2276916503906 235.03953552246094 1.3075982332229614 1.707253098487854 3.9956603050231934 -11.989090919494629 1.2696595788002014 20.603778839111328 -2.9750259147502156 0.22694939374923706
Car -1 -1 -0.69 392.17596435546875 190.19082641601562 459.216552734375 241.1837158203125 1.413408637046814 1.6198289394378662 3.8606300354003906 -4.794140815734863 1.5891295671463013 20.002674102783203 -0.9239915482963665 0.21180330216884613
Car -1 -1 -1.1 7.308176040649414 57.033546447753906 414.66675758361816 370.3227310180664 2.3328969478607178 1.8452978134155273 4.909422397613525 -4.386665344238281 1.4399738311767578 8.9300537109375 -1.5521888217867161 0.20901057124137878
Car -1 -1 -1.48 497.9189758300781 185.11167907714844 531.2562866210938 212.83509826660156 1.4605305194854736 1.613836646080017 4.010194301605225 -5.5667243003845215 1.5541766285896301 43.83357238769531 -1.603391236379677 0.2068137526512146
Truck -1 -1 1.35 804.792236328125 93.02098083496094 1163.6153564453125 365.25254821777344 3.082913398742676 2.2788708209991455 5.91948127746582 2.6812005043029785 1.7294355928897858 3.8467931747436523 1.9551074249873155 0.1984020173549652
Van -1 -1 1.17 711.395751953125 69.21363830566406 1269.5728759765625 396.8384552001953 1.8438255786895752 1.8318277597427368 5.3364763259887695 2.0709738731384277 1.368158757686615 4.475650310516357 1.606801398199691 0.18757522106170654
Car -1 -1 -1.46 421.8559265136719 180.3292999267578 467.413818359375 220.67054748535156 1.5349339246749878 1.6784348487854004 4.074373245239258 -7.2437615394592285 1.4888012409210205 31.75322914123535 -1.6887800419679433 0.18070843815803528
Truck -1 -1 1.54 840.7307739257812 116.73539733886719 1214.0040283203125 378.4506072998047 3.1617133617401123 2.283543825149536 6.271224021911621 2.719292402267456 1.7844414412975311 3.2690517902374268 2.234579121005506 0.17689228057861328
Van -1 -1 0.59 742.6737060546875 96.94172668457031 1169.7200927734375 376.68812561035156 1.8696410655975342 1.8102089166641235 5.251657962799072 1.8733081817626953 1.3689101040363312 3.4681472778320312 1.0803508661022647 0.16201606392860413
Van -1 -1 2.95 -21.72559928894043 47.28127670288086 506.08250617980957 348.3219871520996 2.820866823196411 2.3052194118499756 5.8921942710876465 -2.614975690841675 1.5643838196992874 4.982112884521484 2.4641035563570357 0.15908336639404297
Car -1 -1 0.23 378.9210205078125 190.37535095214844 450.5211181640625 228.79383850097656 1.4170712232589722 1.636976718902588 3.6168620586395264 -9.019855499267578 1.6905795335769653 33.29853057861328 -0.03613923635049199 0.15737763047218323
Van -1 -1 2.22 -74.15156555175781 62.438961029052734 495.36192321777344 398.25747299194336 2.6233832836151123 2.2328453063964844 5.790526866912842 -2.3214054107666016 1.3981501460075378 5.366004467010498 1.80671149128895 0.1493406593799591