Car -1 -1 -1.11 78.71977996826172 193.7503662109375 371.84285736083984 347.7323303222656 1.4100013971328735 1.5966931581497192 3.9488329887390137 -4.343380928039551 1.5566890835762024 8.867766380310059 -1.570169824727368 0.8816314935684204
Car -1 -1 -1.54 573.7979125976562 174.45115661621094 615.3121337890625 212.60867309570312 1.643603801727295 1.701738953590393 4.012167930603027 -0.6070992946624756 1.1625447273254395 32.1317253112793 -1.5580730487956078 0.8774303793907166
Car -1 -1 -1.31 320.8457336425781 179.6124267578125 439.8189392089844 252.2546844482422 1.454464077949524 1.6465495824813843 4.258144378662109 -5.157060146331787 1.404743254184723 16.879154205322266 -1.610626544911562 0.8762003779411316
Van -1 -1 -1.38 441.94415283203125 151.4281768798828 520.52978515625 226.17552185058594 2.3133561611175537 1.9859057664871216 5.576014518737793 -4.3582868576049805 1.2866172641515732 26.169109344482422 -1.5404330575646483 0.8696867227554321
Car -1 -1 1.32 152.0048065185547 184.968505859375 294.2991943359375 245.78457641601562 1.422029972076416 1.571230173110962 3.7796812057495117 -10.33122444152832 1.43193119764328 19.54442024230957 0.8346928044043684 0.6966312527656555
Car -1 -1 2.04 209.3768768310547 179.71524047851562 328.6875305175781 231.4544677734375 1.5003337860107422 1.584143042564392 3.4043567180633545 -10.824440002441406 1.3148475289344788 23.069419860839844 1.6026695077340314 0.6348425149917603
Car -1 -1 2.41 0.5937621593475342 195.9042510986328 48.228142499923706 312.95831298828125 1.443063735961914 1.6589906215667725 4.3699822425842285 -9.131251335144043 1.6799338459968567 8.401456832885742 1.5781692132387493 0.6314961314201355
Car -1 -1 2.49 5.642001152038574 201.30055236816406 56.49574947357178 317.15972900390625 1.5052214860916138 1.599922776222229 4.0692830085754395 -8.911250114440918 1.6417402029037476 8.274980545043945 1.6686991447881443 0.56132572889328
Car -1 -1 2.19 214.33010864257812 181.07693481445312 323.1708984375 223.15597534179688 1.578392505645752 1.5856074094772339 3.877335548400879 -13.167009353637695 1.4315904378890991 27.706411361694336 1.743311617510706 0.4975663721561432
Car -1 -1 -1.2 324.1261901855469 173.40838623046875 421.4916687011719 241.4508056640625 1.5138936042785645 1.6238644123077393 4.018280029296875 -5.372472763061523 1.3631972670555115 17.06891441345215 -1.5096980356764504 0.4395925998687744
Car -1 -1 1.98 197.24769592285156 182.64369201660156 318.962646484375 235.3166046142578 1.4303992986679077 1.560289978981018 3.4757461547851562 -10.658529281616211 1.398417353630066 22.377668380737305 1.5342615193326683 0.41320767998695374
Car -1 -1 1.97 326.8427429199219 170.32498168945312 395.26409912109375 222.2692413330078 1.630980372428894 1.6189671754837036 4.02632999420166 -8.819246292114258 1.2191767394542694 26.203638076782227 1.6495424391291182 0.4031599164009094
Car -1 -1 1.06 176.2784881591797 184.91990661621094 304.7827453613281 242.80758666992188 1.4198095798492432 1.5641379356384277 3.4113926887512207 -9.937686920166016 1.4267573952674866 19.550893783569336 0.5944894018871332 0.3799647390842438
Car -1 -1 -1.09 91.06047058105469 188.9130859375 351.28709411621094 324.87225341796875 1.4274786710739136 1.597566843032837 3.6417977809906006 -4.445010662078857 1.4447047710418701 9.037891387939453 -1.543923062539685 0.3587386906147003
Cyclist -1 -1 0.86 -3.751530647277832 177.6998748779297 53.441439628601074 340.4535827636719 1.7364327907562256 0.60695880651474 1.8557318449020386 -7.209860801696777 1.673754870891571 7.782899379730225 0.11291867356274787 0.3360148072242737
Car -1 -1 2.52 -0.7108142375946045 174.76104736328125 51.444852113723755 323.8060302734375 1.6295132637023926 1.6709887981414795 4.295460224151611 -9.308405876159668 1.7119179368019104 8.478968620300293 1.6904200310316115 0.33212506771087646
Car -1 -1 -1.43 457.2275390625 161.56333923339844 524.8174438476562 221.37501525878906 2.063931941986084 1.810753345489502 5.016538143157959 -4.421176910400391 1.2864497303962708 27.949899673461914 -1.591491613516248 0.3283524513244629
Car -1 -1 1.82 330.8206787109375 168.74339294433594 392.13555908203125 214.35049438476562 1.7327624559402466 1.617353916168213 3.6352508068084717 -10.039619445800781 1.104962021112442 29.520336151123047 1.488752252025666 0.319705605506897
Cyclist -1 -1 0.95 4.766134262084961 198.11212158203125 44.723440170288086 325.545166015625 1.8142677545547485 0.5944907665252686 1.7318311929702759 -6.960903167724609 1.6853008270263672 7.594342231750488 0.20874500212993308 0.2989163100719452
Car -1 -1 -1.36 364.5947265625 180.85638427734375 444.133056640625 235.68601989746094 1.4891901016235352 1.6505348682403564 3.9148752689361572 -5.637613773345947 1.4090136885643005 20.47480010986328 -1.6244963115655793 0.29661932587623596
Car -1 -1 -1.33 340.9732360839844 179.4611358642578 443.2571716308594 243.79466247558594 1.4790289402008057 1.6263524293899536 3.891331434249878 -5.103255271911621 1.3626942038536072 17.26252555847168 -1.6191761781565184 0.2936619818210602
Cyclist -1 -1 0.69 1.6336917877197266 171.14353942871094 45.567941665649414 321.5293273925781 1.7342499494552612 0.6072196960449219 1.786609172821045 -7.141221523284912 1.5838088393211365 7.50239896774292 -0.06827071839525001 0.2907252311706543
Cyclist -1 -1 0.94 -0.8793708682060242 180.46823120117188 42.91736298799515 302.26812744140625 1.9279868602752686 0.5791016817092896 1.7640748023986816 -6.373461723327637 1.5402026772499084 7.024002552032471 0.2050428621468008 0.2823698818683624
Van -1 -1 1.99 326.8427429199219 170.32498168945312 395.26409912109375 222.2692413330078 2.0058491230010986 1.7702040672302246 4.450954437255859 -10.012040138244629 1.378608077764511 29.63982391357422 1.6618638728779427 0.2809673249721527
Cyclist -1 -1 0.79 2.8526718616485596 215.77174377441406 52.442031145095825 310.4336242675781 1.6899898052215576 0.5850864052772522 1.6780232191085815 -8.620058059692383 2.015911340713501 9.742021560668945 0.06491115256443081 0.26749205589294434
Van -1 -1 2.72 2.078108787536621 210.65992736816406 45.51370143890381 307.2958984375 1.7184953689575195 1.747784972190857 4.222646713256836 -10.485907554626465 2.024590015411377 10.25291633605957 1.9268355583080927 0.26314690709114075
Van -1 -1 1.64 507.4085998535156 171.23385620117188 538.7415771484375 204.1701202392578 1.9468902349472046 1.81643807888031 5.717311859130859 -5.353314399719238 1.0362429097294807 47.23162078857422 1.52539140496026 0.26270440220832825
Car -1 -1 -1.38 443.2376708984375 153.60452270507812 522.3446655273438 226.08248901367188 2.347973585128784 1.8779383897781372 4.729931354522705 -4.203056335449219 1.3246274590492249 25.08654022216797 -1.5443341096150416 0.2582131028175354
Car -1 -1 -1.9 11.854803085327148 200.69000244140625 79.96305656433105 318.19110107421875 1.4527021646499634 1.5977683067321777 3.8291118144989014 -8.421280860900879 1.6288619637489319 8.109992980957031 -2.7063262616355956 0.24890568852424622
Car -1 -1 2.33 135.7665557861328 185.78761291503906 284.66265869140625 259.5222473144531 1.4822272062301636 1.607340931892395 3.8442559242248535 -9.753011703491211 1.609379231929779 17.930700302124023 1.8327027586394067 0.2422480434179306
Car -1 -1 2.3 0.06359202414751053 204.5970001220703 36.322438307106495 311.59259033203125 1.5452678203582764 1.6619147062301636 4.006016731262207 -8.555028915405273 1.7726850509643555 8.133316993713379 1.4854941651787108 0.23475642502307892
Car -1 -1 2.66 3.7328782081604004 214.22410583496094 40.1822304725647 301.14190673828125 1.499011754989624 1.601714849472046 3.992586374282837 -9.280922889709473 1.9141267538070679 8.706770896911621 1.8469585669042097 0.23371554911136627
Car -1 -1 1.4 122.83464813232422 183.9147186279297 305.74083709716797 268.8411865234375 1.4019986391067505 1.5593788623809814 3.7598319053649902 -8.354275703430176 1.3819627165794373 16.32411766052246 0.9234665904198254 0.22510041296482086
Car -1 -1 1.65 508.42095947265625 171.49131774902344 539.5723876953125 203.79795837402344 1.6236623525619507 1.6340054273605347 4.386388778686523 -4.960792064666748 1.0542563945055008 44.100341796875 1.5422283463476552 0.22490334510803223
Car -1 -1 -1.63 191.99188232421875 187.72308349609375 297.8819274902344 232.78709411621094 1.4731049537658691 1.5584956407546997 3.5665037631988525 -12.061654090881348 1.5764134526252747 24.076662063598633 -2.09606455424934 0.22459354996681213
Van -1 -1 1.61 537.443359375 170.28977966308594 560.0432739257812 193.42926025390625 2.2490429878234863 1.9181559085845947 5.871718883514404 -5.148012161254883 0.8423870801925659 64.29718017578125 1.5289186439609512 0.22228166460990906
Car -1 -1 1.32 3.1523935794830322 186.4774627685547 59.02573800086975 331.885009765625 1.4495112895965576 1.6301699876785278 4.175811767578125 -9.368972778320312 1.6772654056549072 8.313023567199707 0.4786697676805449 0.22189222276210785
Van -1 -1 1.17 1.6336917877197266 171.14353942871094 45.567941665649414 321.5293273925781 1.811365008354187 1.8545100688934326 4.371166706085205 -9.409061431884766 1.6110726594924927 8.40034294128418 0.3299680465040957 0.21852602064609528
Van -1 -1 -1.38 456.3319091796875 160.08474731445312 522.6621704101562 221.5667266845703 2.26962947845459 2.004610776901245 5.729899883270264 -4.495734214782715 1.3320985585451126 27.197656631469727 -1.5445934239909986 0.21716806292533875
Car -1 -1 1.85 141.03372192382812 179.66552734375 324.75177001953125 256.309326171875 1.4829130172729492 1.5318413972854614 3.8903956413269043 -9.395391464233398 1.333888292312622 18.295578002929688 1.3713262188581083 0.21541152894496918
Car -1 -1 -1.47 511.51177978515625 175.50355529785156 541.9930419921875 202.86170959472656 1.6009641885757446 1.677794337272644 3.9179773330688477 -5.034483432769775 1.0605140924453735 43.85086441040039 -1.5854199605502872 0.2084672749042511
Car -1 -1 2.61 201.7755584716797 184.8873748779297 305.6473388671875 228.78163146972656 1.447757601737976 1.5401885509490967 3.6261215209960938 -12.66003704071045 1.4914960861206055 25.825450897216797 2.151891397148808 0.20584432780742645
Cyclist -1 -1 0.92 0.5332804322242737 214.3378448486328 45.963402807712555 336.34326171875 1.6987439393997192 0.5861033797264099 1.6585795879364014 -6.500863552093506 1.7487995028495789 7.042402744293213 0.1753087077386546 0.19706515967845917
Car -1 -1 1.94 108.90340423583984 182.54513549804688 329.5455551147461 288.49725341796875 1.4063223600387573 1.5678893327713013 3.755286931991577 -9.171185493469238 1.4372437000274658 17.783981323242188 1.4666896191622554 0.19453977048397064
Car -1 -1 -0.47 327.3876953125 173.205078125 408.3895263671875 228.9109649658203 1.5172226428985596 1.631056308746338 4.185523509979248 -8.142292976379395 1.3508815169334412 24.895479202270508 -0.7903814299369869 0.19302788376808167
Car -1 -1 2.79 5.147884845733643 190.68580627441406 68.8818211555481 309.671630859375 1.6010040044784546 1.6457175016403198 4.032649517059326 -9.116948127746582 1.6395342946052551 8.805869102478027 1.988268850250697 0.18341079354286194
Van -1 -1 3.01 4.442675590515137 219.65261840820312 39.83346462249756 298.4122619628906 1.7982007265090942 1.8292213678359985 4.442370414733887 -11.376111030578613 2.199759542942047 11.614265441894531 2.235280208335113 0.1781853288412094
Car -1 -1 1.62 1.2931236028671265 176.3502197265625 35.05463254451752 300.4564514160156 1.628279447555542 1.6632683277130127 4.225978374481201 -8.51624870300293 1.5072879195213318 7.664358615875244 0.7853202406867847 0.177989199757576
Car -1 -1 -1.56 574.2352294921875 173.9663543701172 608.1276245117188 206.591796875 1.68861722946167 1.6843093633651733 4.124307155609131 -0.7575239539146423 1.0772960931062698 37.14483642578125 -1.5798872276225868 0.17706622183322906
Pedestrian -1 -1 -1.74 132.8300323486328 183.3489990234375 304.1114501953125 257.7185363769531 1.7476637363433838 0.6802917718887329 0.6985131502151489 -7.839278221130371 1.4678513407707214 14.22531509399414 -2.2394811464633566 0.1729799509048462
Van -1 -1 1.63 519.4342651367188 171.37413024902344 547.089111328125 200.18179321289062 1.997876763343811 1.8931227922439575 5.846480846405029 -5.55112361907959 1.019458457827568 51.68827438354492 1.527132429766998 0.16715335845947266
Car -1 -1 1.56 0.5332804322242737 214.3378448486328 45.963402807712555 336.34326171875 1.5966405868530273 1.6200307607650757 4.064502239227295 -8.798009872436523 1.8693162202835083 8.30534839630127 0.7434596003857692 0.15972165763378143
Truck -1 -1 1.49 4.457586765289307 218.6766815185547 48.99291467666626 303.495361328125 2.6286702156066895 2.5551769733428955 7.29340124130249 -11.74954605102539 2.5765639543533325 12.196876525878906 0.7264518922113989 0.14379757642745972
Car -1 -1 1.96 173.95306396484375 181.6398468017578 331.30224609375 246.84559631347656 1.4292478561401367 1.5360925197601318 3.7862143516540527 -10.156469345092773 1.3659923076629639 20.698171615600586 1.5021502017012116 0.14096325635910034