Van -1 -1 -1.79 717.2382202148438 112.24689483642578 902.408447265625 291.38904571533203 2.449867010116577 2.0166919231414795 5.495259761810303 3.2831952571868896 1.5374975800514221 12.642478942871094 -1.5347105729099768 0.8251248002052307
Pedestrian -1 -1 0.38 977.4700317382812 165.23036193847656 1068.3831787109375 329.908935546875 1.6467280387878418 0.5891993641853333 0.5287767648696899 4.338176727294922 1.4493849873542786 7.496652603149414 0.9091610719432364 0.802685558795929
Pedestrian -1 -1 1.58 514.6016845703125 178.41433715820312 537.8654174804688 234.82081604003906 1.7064869403839111 0.6247015595436096 0.8530982732772827 -2.2088499069213867 1.5627461075782776 21.779403686523438 1.4780190387068082 0.7444633841514587
Truck -1 -1 -1.76 717.536865234375 104.41625213623047 900.6697998046875 294.8490524291992 3.37697172164917 2.57608962059021 7.82880163192749 3.7655065059661865 1.9070763736963272 14.600214004516602 -1.5066028870650214 0.6769605875015259
Pedestrian -1 -1 2.03 674.490234375 179.5329132080078 693.74169921875 224.48097229003906 1.7746589183807373 0.6304911971092224 0.8976753354072571 3.262131452560425 1.6505787372589111 27.93034553527832 2.146861768730509 0.6053263545036316
Pedestrian -1 -1 1.74 284.44097900390625 152.91510009765625 329.9952087402344 301.26287841796875 1.7928767204284668 0.6275620460510254 0.5580723285675049 -3.981750726699829 1.5024833679199219 9.883344650268555 1.354350177241903 0.6034565567970276
Pedestrian -1 -1 1.45 257.1840515136719 151.9462890625 309.53369140625 300.5484313964844 1.7564311027526855 0.6208738684654236 0.6968304514884949 -4.2692694664001465 1.4931856393814087 9.840877532958984 1.0406478955866927 0.5964746475219727
Pedestrian -1 -1 1.8 270.7651062011719 152.87191772460938 323.63360595703125 305.7723083496094 1.7828041315078735 0.6211275458335876 0.6064209342002869 -4.076676368713379 1.5042203068733215 9.679935455322266 1.4050205893927012 0.5905380249023438
Cyclist -1 -1 -3.04 410.9233703613281 169.9298095703125 444.5923156738281 244.23651123046875 1.6658027172088623 0.5719009041786194 1.617567777633667 -4.302441596984863 1.4474814534187317 17.993911743164062 3.0108873840604424 0.5284982323646545
Car -1 -1 -1.78 708.6942749023438 108.85244750976562 905.4632568359375 295.6416015625 2.232536554336548 1.6957242488861084 4.401612281799316 2.989664077758789 1.3803164660930634 11.784843444824219 -1.5281444316221364 0.48591873049736023
Pedestrian -1 -1 1.71 625.6862182617188 174.42892456054688 642.5013427734375 218.169189453125 1.750914454460144 0.618560791015625 0.9615728855133057 1.3981974124908447 1.520782470703125 30.151683807373047 1.756914855405431 0.4797949492931366
Car -1 -1 2.62 -8.4103364944458 213.33619689941406 313.8494596481323 372.9104309082031 1.499642014503479 1.628846526145935 3.8862380981445312 -2.5963871479034424 1.7746276259422302 1.9813816547393799 1.7016696179937174 0.478704571723938
Pedestrian -1 -1 1.61 412.01806640625 171.1234130859375 443.2327575683594 244.1527862548828 1.736127495765686 0.6284946799278259 0.7008022665977478 -4.129467010498047 1.4919872879981995 17.3797607421875 1.3736237143129468 0.4736643135547638
Pedestrian -1 -1 1.65 368.0375061035156 174.6449737548828 425.4556884765625 274.217529296875 1.6301578283309937 0.5972145795822144 0.46121805906295776 -3.4987876415252686 1.5455058217048645 12.456936836242676 1.3750286264611233 0.4688996374607086
Pedestrian -1 -1 0.82 218.46092224121094 150.6119842529297 336.3099670410156 348.803466796875 1.9335006475448608 0.725330650806427 0.6300175189971924 -3.458167314529419 1.661254346370697 8.344470977783203 0.4238148543689082 0.43273690342903137
Pedestrian -1 -1 0.97 241.87913513183594 148.2633514404297 327.2131042480469 334.76092529296875 1.8856666088104248 0.7071021199226379 0.6446007490158081 -3.739238977432251 1.5940373539924622 8.990386009216309 0.5750076593893247 0.4021141827106476
Pedestrian -1 -1 1.14 266.84326171875 157.1000213623047 317.51971435546875 295.29412841796875 1.7711946964263916 0.6139431595802307 0.6425076127052307 -4.369204044342041 1.5250070691108704 10.249464988708496 0.7373440413469865 0.3857478201389313
Cyclist -1 -1 1.32 -19.165746688842773 211.78968811035156 324.0333499908447 379.872314453125 1.7361133098602295 0.5354236364364624 1.69107985496521 -1.6422429084777832 1.5760926008224487 1.9620554447174072 0.6277195680113192 0.38408830761909485
Van -1 -1 -1.74 714.2412719726562 127.48893737792969 863.0718994140625 277.6989440917969 2.3130342960357666 1.9641075134277344 5.734571933746338 3.351483106613159 1.5201188325881958 13.31314754486084 -1.4964279483353096 0.36841467022895813
Cyclist -1 -1 -0.53 374.8460388183594 173.4392852783203 427.74981689453125 267.7113342285156 1.6649222373962402 0.5844611525535583 1.6422675848007202 -3.6583173274993896 1.5104999542236328 13.271900177001953 -0.8012788722800606 0.36536163091659546
Pedestrian -1 -1 2.1 291.06207275390625 157.95155334472656 335.91168212890625 294.5671691894531 1.724696397781372 0.607674241065979 0.5111109018325806 -3.9809069633483887 1.5423527359962463 10.058225631713867 1.7256368121860053 0.35416489839553833
Pedestrian -1 -1 1.47 245.06776428222656 156.1772003173828 295.4539489746094 303.9831237792969 1.7512271404266357 0.5965059995651245 0.615973174571991 -4.320866107940674 1.4662824869155884 9.605701446533203 1.0492350583314218 0.35223743319511414
Car -1 -1 -1.75 716.8051147460938 142.40615844726562 869.4219360351562 279.0430603027344 1.92640221118927 1.7144392728805542 4.456141471862793 3.553697109222412 1.57050359249115 15.018813133239746 -1.5216198615804322 0.34685018658638
Pedestrian -1 -1 0.29 403.22406005859375 172.6856231689453 439.42169189453125 253.30245971679688 1.6229588985443115 0.6292647123336792 0.4400327503681183 -4.3321099281311035 1.5358900427818298 18.065608978271484 0.0521436791904053 0.33858606219291687
Cyclist -1 -1 1.01 967.5132446289062 163.34715270996094 1076.5711669921875 326.72802734375 1.6337693929672241 0.5782529711723328 1.703683614730835 4.385660171508789 1.412377655506134 7.5673956871032715 1.5327915230798315 0.3346802890300751
Pedestrian -1 -1 -0.19 51.702308654785156 189.1272430419922 355.8074722290039 369.20172119140625 1.6828581094741821 0.6229000687599182 0.7980103492736816 -1.8527461290359497 1.504018783569336 3.4421865940093994 -0.6788471835508476 0.3249850571155548
Car -1 -1 2.6 2.646594762802124 207.90431213378906 253.4003942012787 368.2192687988281 1.6130869388580322 1.569691777229309 3.4256765842437744 -2.3389699459075928 1.6512237787246704 1.6850682497024536 1.6515233119806325 0.32015547156333923
Cyclist -1 -1 2.26 397.0754089355469 169.69216918945312 441.5032653808594 246.7440185546875 1.708821415901184 0.5763795971870422 1.6900070905685425 -4.396106719970703 1.487327754497528 17.90691566467285 2.023875097281574 0.31760069727897644
Pedestrian -1 -1 0.96 300.7953796386719 157.1494903564453 338.0773010253906 288.45147705078125 1.7262356281280518 0.6123327016830444 0.6223336458206177 -4.055449962615967 1.5015243291854858 10.388449668884277 0.58605297824875 0.3173348903656006
Pedestrian -1 -1 1.1 250.33322143554688 153.19033813476562 319.43341064453125 319.48846435546875 1.785934329032898 0.7077265977859497 0.724597692489624 -3.952453374862671 1.5727517008781433 9.393638610839844 0.7048934674031493 0.316847026348114
Cyclist -1 -1 1.74 384.0934143066406 170.30648803710938 434.0675964355469 256.23333740234375 1.696877121925354 0.6383193135261536 1.5758135318756104 -3.8640244007110596 1.4928304553031921 14.968642234802246 1.4842668534656465 0.31320303678512573
Pedestrian -1 -1 0.33 186.10450744628906 160.27774047851562 354.5158996582031 365.1695861816406 1.8835917711257935 0.733502984046936 0.6776106357574463 -2.998004674911499 1.762324571609497 6.965144634246826 -0.07809078124175128 0.31230947375297546
Pedestrian -1 -1 0.84 384.65966796875 172.39642333984375 428.8271179199219 267.9248046875 1.633729338645935 0.6185922622680664 0.6448195576667786 -3.563307285308838 1.5766831040382385 13.110443115234375 0.5745270779486766 0.3117797076702118
Pedestrian -1 -1 0.98 214.5720977783203 159.87596130371094 318.2906799316406 340.1050109863281 1.8244117498397827 0.670388400554657 0.7418044805526733 -3.9345366954803467 1.5889393091201782 9.087717056274414 0.5742502618284795 0.3027665615081787
Cyclist -1 -1 0.82 23.979827880859375 194.6706085205078 335.4419860839844 371.6401062011719 1.5763087272644043 0.5216832160949707 1.6205617189407349 -2.114832639694214 1.4812136888504028 2.933018922805786 0.19213914914133312 0.30103376507759094
Car -1 -1 -1.74 717.8636474609375 152.36158752441406 844.8428955078125 271.00347900390625 1.7903423309326172 1.6819913387298584 4.386579513549805 3.5861892700195312 1.586434543132782 15.543410301208496 -1.5137522238624443 0.2988811135292053
Pedestrian -1 -1 0.26 965.574951171875 168.3732452392578 1054.334716796875 324.1323547363281 1.6305699348449707 0.6027182340621948 0.6395878195762634 4.337533473968506 1.4497831463813782 7.533827304840088 0.7812721935071423 0.29255586862564087
Pedestrian -1 -1 2.84 346.1934509277344 172.62551879882812 397.8570556640625 297.5618591308594 1.646370530128479 0.5912566781044006 0.5214670896530151 -3.110029697418213 1.5189547538757324 9.617767333984375 2.5275181948487813 0.29175010323524475
Pedestrian -1 -1 2.08 307.7422180175781 156.1273193359375 342.06585693359375 282.8699951171875 1.723014235496521 0.600548267364502 0.5576747059822083 -4.080522537231445 1.4921289682388306 10.492935180664062 1.7129294040708576 0.26925596594810486
Car -1 -1 -0.59 14.709762573242188 169.0476837158203 271.8640594482422 385.4686279296875 1.6952447891235352 1.6123775243759155 3.9867820739746094 -2.0992603302001953 1.6899305582046509 2.033698081970215 -1.3950090420413979 0.26910772919654846
Cyclist -1 -1 -1.22 514.9038696289062 179.07781982421875 539.21240234375 233.93710327148438 1.6571913957595825 0.5201931595802307 1.6570357084274292 -2.2564101219177246 1.5970417261123657 21.74913215637207 -1.32623097123078 0.2668200135231018
Cyclist -1 -1 2.77 1.9889397621154785 180.89878845214844 295.42885065078735 381.5971374511719 1.7692879438400269 0.5794969797134399 1.5664103031158447 -1.7910404205322266 1.51292484998703 2.3561086654663086 2.119899892760852 0.2655349671840668
Pedestrian -1 -1 1.12 254.50164794921875 159.72152709960938 302.08355712890625 306.4323425292969 1.8060739040374756 0.6331009864807129 0.7950458526611328 -4.386288166046143 1.548553466796875 9.843422889709473 0.7014494072221318 0.2650975286960602
Pedestrian -1 -1 1.26 657.1594848632812 173.2528533935547 667.3677978515625 209.27304077148438 1.7041116952896118 0.6839015483856201 0.7043194770812988 3.252108097076416 1.5297439694404602 40.23604202270508 1.3454477945168168 0.2628459334373474
Pedestrian -1 -1 1.01 287.3857116699219 165.26104736328125 325.7215881347656 308.0232849121094 1.7127516269683838 0.6213197708129883 0.7198879718780518 -4.001185417175293 1.5446650385856628 9.595657348632812 0.6172938847419385 0.2620694637298584
Pedestrian -1 -1 0.68 395.88665771484375 171.38868713378906 434.01873779296875 260.4070129394531 1.6575487852096558 0.6241458654403687 0.6192964315414429 -3.8942811489105225 1.552257478237152 14.753296852111816 0.425333860134419 0.25594469904899597
Pedestrian -1 -1 3.12 14.53776741027832 202.29885864257812 320.44774055480957 369.2582092285156 1.8708645105361938 0.6197918057441711 0.8079854846000671 -2.3444387912750244 1.695364236831665 3.184119939804077 2.4823743673965 0.2517267167568207
Pedestrian -1 -1 1.25 191.1496124267578 164.90603637695312 316.18756103515625 348.5690612792969 1.721721887588501 0.6236104965209961 0.707878828048706 -3.6588118076324463 1.6278444528579712 8.269371032714844 0.8361513668238607 0.25120311975479126
Pedestrian -1 -1 0.57 275.787353515625 158.8698272705078 338.4507141113281 312.3955383300781 1.7537932395935059 0.6602017879486084 0.7511943578720093 -3.8941667079925537 1.6131139993667603 9.59620475769043 0.1824614841566543 0.25093162059783936
Pedestrian -1 -1 2.3 352.0731201171875 173.02072143554688 411.816162109375 294.97650146484375 1.6128867864608765 0.5768582820892334 0.5517160296440125 -3.0287058353424072 1.502049744129181 10.004434585571289 2.0080984672343973 0.25020909309387207
Cyclist -1 -1 1.4 403.22406005859375 172.6856231689453 439.42169189453125 253.30245971679688 1.6523609161376953 0.6502405405044556 1.693078637123108 -4.368819236755371 1.5930657386779785 18.21653175354004 1.166489965554546 0.2461003065109253
Pedestrian -1 -1 2.26 356.0894775390625 178.260498046875 406.65679931640625 286.1327819824219 1.549782156944275 0.544340193271637 0.5489777326583862 -3.498300313949585 1.578505039215088 11.381845474243164 1.9646325702777148 0.2437010258436203
Pedestrian -1 -1 1.46 234.51609802246094 159.12391662597656 289.159912109375 298.8240661621094 1.741458773612976 0.5998589396476746 0.6006374955177307 -4.411045074462891 1.4623472690582275 9.502638816833496 1.0277647575370938 0.24277496337890625
Pedestrian -1 -1 -2.87 343.31805419921875 173.55035400390625 386.0632629394531 297.0330810546875 1.6412912607192993 0.5922219753265381 0.4922308027744293 -3.245154619216919 1.5206179022789001 9.776350021362305 3.0927394590554886 0.23842662572860718
Car -1 -1 -1.81 734.1552124023438 149.46774291992188 908.4205932617188 295.3833923339844 1.9630787372589111 1.7660679817199707 4.398348808288574 2.9472200870513916 1.4771662950515747 11.941598892211914 -1.5646292805316202 0.2380649745464325
Pedestrian -1 -1 0.49 258.828369140625 163.0539093017578 342.4759826660156 321.4826965332031 1.7649834156036377 0.6717416048049927 0.7105494141578674 -3.6925971508026123 1.6257383227348328 9.001907348632812 0.10519693342879144 0.23701106011867523
Pedestrian -1 -1 0.92 964.8137817382812 154.9120330810547 1102.53515625 325.97735595703125 1.6621023416519165 0.6648650765419006 0.8416061401367188 4.280938625335693 1.4061824083328247 7.184324741363525 1.4578456435403035 0.23538801074028015
Cyclist -1 -1 1.88 366.45330810546875 171.66964721679688 431.66668701171875 273.9054260253906 1.6177754402160645 0.5978711843490601 1.6093233823776245 -3.4131767749786377 1.5273252129554749 12.300654411315918 1.60561142542468 0.2352975606918335
Van -1 -1 -1.79 729.9470825195312 140.08010864257812 907.9371948242188 298.9601745605469 2.1685400009155273 1.938041090965271 5.164770603179932 3.479564666748047 1.6946033835411072 12.906378746032715 -1.5229749121033684 0.23354856669902802
Pedestrian -1 -1 0.97 264.3332824707031 164.11415100097656 307.6031799316406 309.3833312988281 1.7750598192214966 0.6490424871444702 0.8114383220672607 -4.3719801902771 1.6090351939201355 10.042393684387207 0.5603070632749301 0.23304593563079834
Pedestrian -1 -1 1.94 670.7037353515625 177.23123168945312 692.1177978515625 223.1684112548828 1.7567843198776245 0.6892101764678955 0.9813861846923828 3.255476951599121 1.6237257719039917 27.797502517700195 2.0527618040111992 0.23189839720726013
Pedestrian -1 -1 1.45 239.9075164794922 163.1810302734375 285.080322265625 313.302734375 1.688449501991272 0.6015540957450867 0.6852647066116333 -4.176180362701416 1.4847488403320312 9.035223960876465 1.015691779451588 0.23183634877204895
Pedestrian -1 -1 0.65 119.04629516601562 171.86744689941406 350.025390625 376.9776916503906 1.7466905117034912 0.7486375570297241 0.6203885674476624 -2.367586135864258 1.6966922283172607 4.3703789710998535 0.15158401020315893 0.22231878340244293
Pedestrian -1 -1 1.46 656.8761596679688 174.76295471191406 670.0135498046875 213.35145568847656 1.7491569519042969 0.6877274513244629 0.7326406836509705 2.986299514770508 1.4972057938575745 37.61731719970703 1.537503718201532 0.22096899151802063
Pedestrian -1 -1 2.88 292.8909606933594 155.8527374267578 346.6683349609375 310.3824462890625 1.7338496446609497 0.6394646763801575 0.7160366773605347 -3.727818250656128 1.585105061531067 9.473350524902344 2.5099513949341405 0.22074957191944122
Pedestrian -1 -1 2.49 657.6069946289062 173.7261505126953 671.782958984375 208.64906311035156 1.714889407157898 0.6835999488830566 0.6719129085540771 3.645568370819092 1.4327861070632935 40.42790603637695 2.5848450101755915 0.21881256997585297
Pedestrian -1 -1 1.38 253.01553344726562 165.39830017089844 292.1876525878906 306.34417724609375 1.665855884552002 0.5605889558792114 0.5819913148880005 -4.18720006942749 1.486402153968811 9.408405303955078 0.9585768874058527 0.21781860291957855
Cyclist -1 -1 1.85 11.559843063354492 194.4155731201172 261.68441581726074 370.1829528808594 1.733933687210083 0.5492839217185974 1.6972196102142334 -2.0170745849609375 1.5517200827598572 2.3203487396240234 1.1360020960572328 0.21693485975265503
Car -1 -1 -0.63 51.702308654785156 189.1272430419922 355.8074722290039 369.20172119140625 1.642904281616211 1.6140046119689941 3.6576497554779053 -2.1858150959014893 1.5757448077201843 2.7145819664001465 -1.3050384943170252 0.2166760265827179
Pedestrian -1 -1 1.1 234.92349243164062 155.21697998046875 305.9984130859375 312.7685852050781 1.7942273616790771 0.6741442084312439 0.8068440556526184 -3.9990718364715576 1.5672067999839783 9.054495811462402 0.686432732907825 0.21368680894374847
Pedestrian -1 -1 0.22 248.84324645996094 172.47645568847656 360.1053161621094 335.0587158203125 1.7770887613296509 0.6745193004608154 0.7376766204833984 -3.4835829734802246 1.692866325378418 8.709003448486328 -0.15739289673746448 0.21300733089447021
Pedestrian -1 -1 0.77 299.85467529296875 171.06414794921875 331.35406494140625 302.6483459472656 1.6613075733184814 0.5967826843261719 0.6833788156509399 -3.9578654766082764 1.5388897061347961 9.774739265441895 0.3853956820914668 0.21163995563983917
Cyclist -1 -1 -0.88 391.67645263671875 173.63829040527344 429.06207275390625 256.9551696777344 1.7463138103485107 0.5781686305999756 1.6416362524032593 -4.152328014373779 1.5646656155586243 16.04553985595703 -1.1317936320532214 0.21074320375919342
Pedestrian -1 -1 2.42 716.31201171875 106.75592803955078 903.075439453125 297.64969635009766 2.0089988708496094 0.6817375421524048 0.9958275556564331 2.470027208328247 1.3574735522270203 9.332918167114258 2.675268891062112 0.20815308392047882
Pedestrian -1 -1 -2.84 351.8668212890625 171.2613067626953 428.3336486816406 284.7637939453125 1.7673308849334717 0.6923705339431763 0.770226776599884 -2.9003801345825195 1.717479944229126 9.988554954528809 -3.122562156544334 0.2073410600423813
Pedestrian -1 -1 -0.18 971.6016845703125 170.359619140625 1043.140625 314.9358215332031 1.5389610528945923 0.5630768537521362 0.7518997192382812 4.6034016609191895 1.4173815250396729 8.078675270080566 0.33363763852166883 0.20232465863227844
Pedestrian -1 -1 1.03 273.2143859863281 167.0076446533203 311.780517578125 305.64971923828125 1.744521141052246 0.6321091651916504 0.7927538156509399 -4.337424278259277 1.6082599759101868 10.220919609069824 0.631556872160715 0.20008257031440735
Pedestrian -1 -1 1.57 416.537353515625 172.27316284179688 439.5182189941406 243.671630859375 1.724447250366211 0.6336175799369812 0.5260270833969116 -4.120975971221924 1.5085932612419128 17.59427261352539 1.337476215916979 0.19985875487327576
Cyclist -1 -1 0.77 408.0386657714844 172.11990356445312 437.9705810546875 243.7520294189453 1.6495115756988525 0.599187433719635 1.712221384048462 -4.405660152435303 1.4377881288528442 17.961149215698242 0.534267275217374 0.19936467707157135
Pedestrian -1 -1 1.23 378.2032775878906 168.3657989501953 425.90924072265625 281.6227722167969 1.685382604598999 0.6450690627098083 0.609149694442749 -3.238457202911377 1.537699818611145 11.749812126159668 0.9575022365831618 0.19730408489704132
Pedestrian -1 -1 1.08 278.3480529785156 168.67764282226562 321.4742126464844 318.49285888671875 1.740161657333374 0.6129865050315857 0.7761486172676086 -3.9182991981506348 1.5699396133422852 9.289228439331055 0.6763782711234647 0.19589124619960785
Pedestrian -1 -1 1.06 72.96524047851562 182.74237060546875 312.03521728515625 380.23126220703125 1.6468415260314941 0.5961378216743469 0.7964223623275757 -2.114928960800171 1.6325730681419373 3.690897226333618 0.543648076951174 0.19398735463619232
Car -1 -1 2.53 -3.057725667953491 227.49488830566406 182.90151810646057 366.95965576171875 1.5460349321365356 1.5863497257232666 3.6532905101776123 -2.5060770511627197 1.6050089001655579 1.7197400331497192 1.5616324810898137 0.19157087802886963
Pedestrian -1 -1 -2.71 330.0421447753906 163.16656494140625 394.17559814453125 304.0693054199219 1.655524730682373 0.6613056659698486 0.7244964241981506 -3.260528326034546 1.5658268332481384 9.354979515075684 -3.047063890846953 0.19117596745491028
Pedestrian -1 -1 2.9 316.9249572753906 161.25511169433594 347.1067810058594 279.4346618652344 1.6429924964904785 0.584791898727417 0.5572161078453064 -3.9465153217315674 1.4703810811042786 10.550321578979492 2.5431619732844153 0.1891428530216217
Pedestrian -1 -1 2.0 391.67645263671875 173.63829040527344 429.06207275390625 256.9551696777344 1.6527677774429321 0.6344820261001587 0.6638966202735901 -3.985046625137329 1.5109545588493347 15.50683307647705 1.7489242648052246 0.1880429983139038
Car -1 -1 2.53 -10.047503471374512 227.6941375732422 125.77502155303955 369.9071044921875 1.546363353729248 1.5680029392242432 3.66263747215271 -2.8813283443450928 1.685534417629242 1.9352660179138184 1.5501567310432174 0.18467409908771515
Pedestrian -1 -1 1.44 163.27975463867188 179.75389099121094 330.5876770019531 363.7864685058594 1.6773520708084106 0.5841931700706482 0.7105714082717896 -3.354997396469116 1.7541167736053467 7.499314308166504 1.0215229560393073 0.1814332902431488
Pedestrian -1 -1 1.64 657.0844116210938 176.22802734375 673.0653076171875 215.9461212158203 1.7823023796081543 0.6577428579330444 0.7641857862472534 3.0530319213867188 1.5751075744628906 36.437225341796875 1.7199019538626814 0.17940841615200043
Pedestrian -1 -1 1.71 147.77687072753906 170.48292541503906 306.3288879394531 361.2227478027344 1.6391204595565796 0.6176349520683289 0.770573079586029 -2.7717418670654297 1.5918645858764648 5.651646137237549 1.2558508123622643 0.17519672214984894
Car -1 -1 -0.92 -5.114542484283447 70.98149108886719 15.47528600692749 100.49302673339844 1.6939254999160767 1.6181410551071167 3.6857433319091797 -24.986902236938477 -2.182670295238495 27.015188217163086 -1.6622566689288725 0.168680801987648
Cyclist -1 -1 1.78 64.78804016113281 169.28024291992188 293.6797180175781 370.2413024902344 1.6894217729568481 0.5774856805801392 1.6426811218261719 -1.9813510179519653 1.435804307460785 2.5180795192718506 1.1151520837000355 0.1686645746231079
Car -1 -1 -0.72 -5.814925670623779 64.49410247802734 16.70526361465454 96.37187957763672 1.6861989498138428 1.616353154182434 3.729889154434204 -24.406347274780273 -2.287545084953308 26.185100555419922 -1.468951221292766 0.16487902402877808
Cyclist -1 -1 1.68 96.96726989746094 185.78176879882812 374.19126892089844 364.46441650390625 1.6925209760665894 0.6121166348457336 1.642310380935669 -1.98394775390625 1.5303032398223877 4.105370998382568 1.231009800165804 0.16327108442783356
Car -1 -1 -1.01 29.03400993347168 153.79368591308594 319.4423656463623 384.6061706542969 1.8909744024276733 1.64796781539917 3.936720609664917 -1.885737657546997 1.538324236869812 1.7846593856811523 -1.8212621725616271 0.15879802405834198
Pedestrian -1 -1 -1.04 149.0389404296875 188.07325744628906 400.92169189453125 348.9969482421875 1.6645487546920776 0.6125025153160095 0.7919720411300659 -2.114837884902954 1.5937146544456482 5.669796466827393 -1.3978608462342121 0.15690207481384277
Car -1 -1 2.79 -2.5625274181365967 234.5373077392578 78.06390690803528 359.00177001953125 1.5758928060531616 1.6683306694030762 3.907585382461548 -4.790818214416504 1.8898407816886902 3.3421883583068848 1.8290288641257497 0.15450230240821838
Cyclist -1 -1 0.97 44.463539123535156 156.20985412597656 339.5076370239258 385.385009765625 1.5576303005218506 0.49681657552719116 1.65854811668396 -1.9585473537445068 1.2931384444236755 2.9804439544677734 0.3867009026056998 0.1518964171409607
Pedestrian -1 -1 1.12 652.3108520507812 173.1234130859375 666.154296875 208.3276824951172 1.691131353378296 0.6636906266212463 0.7729693651199341 2.9649264812469482 1.5015841126441956 38.16469192504883 1.19677296565993 0.14065028727054596
Car -1 -1 2.89 -4.709502220153809 240.3313751220703 97.10505771636963 368.0278015136719 1.5649094581604004 1.6134865283966064 3.9731366634368896 -4.1936140060424805 1.8582700490951538 2.950870990753174 1.935701334714782 0.1255895495414734
Car -1 -1 2.87 -3.4943816661834717 236.59840393066406 51.50891423225403 353.87115478515625 1.6079227924346924 1.6565172672271729 3.84093976020813 -4.483107566833496 1.8134814500808716 3.18796706199646 1.9195017720082088 0.1198832169175148