Car -1 -1 -1.76 676.3516845703125 178.60147094726562 780.1567993164062 256.1164245605469 1.4595661163330078 1.6590608358383179 4.217887878417969 2.65997576713562 1.703288972377777 16.891000747680664 -1.5999056354129966 0.9037571549415588
Car -1 -1 -2.03 775.69482421875 195.675048828125 1109.176025390625 373.7546081542969 1.4490995407104492 1.5232077836990356 3.464345693588257 2.9545185565948486 1.7160087823867798 7.28845739364624 -1.6481334424478558 0.8995204567909241
Car -1 -1 -1.69 661.5672607421875 178.91957092285156 712.3370971679688 219.39822387695312 1.380445957183838 1.5781562328338623 3.68646240234375 2.904810905456543 1.664519488811493 27.76668357849121 -1.5808117918419269 0.8390321731567383
Car -1 -1 -2.44 -5.571573257446289 190.77777099609375 226.29572105407715 354.30682373046875 1.464142918586731 1.6358236074447632 4.096664905548096 -6.666604995727539 1.7529284358024597 8.04877758026123 -3.1315405156850167 0.793048083782196
Car -1 -1 -2.57 22.638256072998047 191.54209899902344 318.1223564147949 304.3865051269531 1.504775881767273 1.62938392162323 3.950042724609375 -6.361766815185547 1.7232142686843872 10.409924507141113 -3.1154673537380866 0.7778135538101196
Car -1 -1 -2.57 117.94593811035156 180.92840576171875 366.2018737792969 276.8609619140625 1.5272318124771118 1.6281938552856445 3.830685615539551 -6.543217658996582 1.7124534249305725 12.86356258392334 -3.0427902952293797 0.7624112367630005
Car -1 -1 0.11 316.8497009277344 182.4346466064453 478.8660583496094 236.7135467529297 1.4200971126556396 1.6060153245925903 3.8985512256622314 -5.806741237640381 1.7152183055877686 20.220890045166016 -0.16586312380924362 0.735435962677002
Car -1 -1 -2.82 469.6581726074219 173.219970703125 542.8390502929688 206.38145446777344 1.5688904523849487 1.658926248550415 4.093061923980713 -5.210678577423096 1.6553863286972046 36.50559616088867 -2.9635846889960105 0.7070634365081787
Car -1 -1 0.53 199.9838409423828 183.4896697998047 399.8527526855469 259.142333984375 1.4197152853012085 1.5928373336791992 3.8947067260742188 -6.402592182159424 1.672168254852295 14.971501350402832 0.12683970604240358 0.6814926266670227
Car -1 -1 -2.16 0.8402930498123169 213.37396240234375 106.23522102832794 379.5812072753906 1.3796192407608032 1.5376787185668945 3.9223835468292236 -6.360995292663574 1.7743057608604431 5.501575469970703 -3.0213636834185182 0.6805484890937805
Car -1 -1 0.94 -5.0961432456970215 196.14535522460938 122.32467126846313 372.2935485839844 1.5936328172683716 1.6253137588500977 4.201608180999756 -6.565931797027588 1.6816797256469727 5.605906963348389 0.07678460007662125 0.6453171372413635
Car -1 -1 -2.85 362.17633056640625 171.657958984375 484.33209228515625 217.77999877929688 1.5599737167358398 1.6322293281555176 3.497574806213379 -6.720429420471191 1.5988361835479736 26.34235382080078 -3.0972498303118625 0.6264026761054993
Car -1 -1 -2.6 78.46317291259766 187.91786193847656 366.2605667114258 287.6213684082031 1.4939286708831787 1.6085710525512695 3.918043851852417 -6.6531219482421875 1.8130617141723633 12.93242073059082 -3.079154446606454 0.6119986176490784
Car -1 -1 -1.42 640.9967651367188 171.7254180908203 672.7301025390625 199.16900634765625 1.6229143142700195 1.6249415874481201 3.7183659076690674 2.843451738357544 1.5650742053985596 44.56909942626953 -1.3609997645233065 0.607064962387085
Car -1 -1 -2.48 5.1619367599487305 191.19891357421875 265.0239362716675 331.3741455078125 1.4603854417800903 1.6034729480743408 4.079013824462891 -6.123136043548584 1.7215090990066528 7.971131801605225 -3.134158184834395 0.599062979221344
Car -1 -1 -2.7 428.9520263671875 176.1566619873047 523.3104858398438 212.0680694580078 1.5061067342758179 1.5930507183074951 4.040545463562012 -6.123539924621582 1.6769824028015137 31.165878295898438 -2.891429350698777 0.5694136023521423
Car -1 -1 -1.03 153.7660369873047 180.85675048828125 383.34368896484375 263.4492492675781 1.5021004676818848 1.5665363073349 3.856051206588745 -6.490196704864502 1.711854100227356 15.179859161376953 -1.4310080009508042 0.5041025876998901
Car -1 -1 -2.75 345.3899230957031 177.19371032714844 487.3085021972656 224.19859313964844 1.5190047025680542 1.5316674709320068 3.9339845180511475 -6.4350385665893555 1.7153373956680298 24.697477340698242 -3.002408039045478 0.5037360787391663
Car -1 -1 -2.82 463.2165222167969 177.03988647460938 538.8876953125 207.9597930908203 1.561384677886963 1.6356717348098755 4.026081562042236 -5.468952655792236 1.7136555910110474 35.90150451660156 -2.973249743850868 0.49721941351890564
Car -1 -1 -2.74 441.6748962402344 176.41262817382812 532.1736450195312 210.13900756835938 1.498806357383728 1.5864464044570923 4.030427932739258 -5.689116954803467 1.6745816469192505 33.9310302734375 -2.908752589203642 0.48492860794067383
Car -1 -1 -2.39 0.18663370609283447 197.36630249023438 171.37948954105377 363.322509765625 1.4304076433181763 1.5814200639724731 4.087669372558594 -5.656396865844727 1.642544150352478 5.194913387298584 3.066418439142118 0.47832155227661133
Car -1 -1 -3.01 498.6338806152344 173.4867706298828 552.66845703125 200.89804077148438 1.6528319120407104 1.7262836694717407 4.223989009857178 -5.193571090698242 1.6837453246116638 44.266082763671875 -3.1218028727368283 0.39854902029037476
Car -1 -1 -2.42 413.29034423828125 174.20321655273438 515.3260498046875 213.33619689941406 1.4795570373535156 1.5824415683746338 3.978661298751831 -6.368642807006836 1.6340928673744202 31.185688018798828 -2.6234218928155357 0.3842584192752838
Car -1 -1 -2.77 487.7191162109375 172.53665161132812 548.9981079101562 201.45449829101562 1.5766292810440063 1.7270044088363647 4.06874418258667 -5.41720724105835 1.5877628922462463 43.70826721191406 -2.896461626620029 0.3496958315372467
Van -1 -1 -2.91 374.3528747558594 172.651611328125 489.5268249511719 217.09410095214844 1.8321502208709717 1.7519642114639282 4.117781639099121 -6.964529514312744 1.8059317469596863 28.195388793945312 3.1323719709159903 0.31038621068000793
Car -1 -1 -3.11 279.5439453125 181.70350646972656 450.2483825683594 238.26768493652344 1.4450299739837646 1.5932337045669556 3.8648390769958496 -6.131707668304443 1.6518932580947876 19.761554718017578 2.8722333955717465 0.27873632311820984
Car -1 -1 -2.54 46.896881103515625 201.2600555419922 299.3427429199219 323.2380676269531 1.4745272397994995 1.5944041013717651 3.9446005821228027 -6.388735771179199 1.8369832634925842 10.143115043640137 -3.1055051069311386 0.26298317313194275
Car -1 -1 -2.6 387.6371154785156 170.67242431640625 498.6057434082031 213.37152099609375 1.4898650646209717 1.6285876035690308 3.9451489448547363 -6.628724098205566 1.6482736468315125 30.144983291625977 -2.8137766906933255 0.26139914989471436
Van -1 -1 -2.65 361.9305725097656 174.9920196533203 494.6087951660156 222.4997100830078 1.6356137990951538 1.6529687643051147 4.2269744873046875 -6.627467632293701 1.5858116745948792 28.318050384521484 -2.883185740104068 0.23593634366989136
Car -1 -1 -2.41 2.120116949081421 191.7079620361328 194.61097693443298 334.5352478027344 1.4099867343902588 1.6156096458435059 4.02317476272583 -6.554582595825195 1.6503071784973145 7.428500652313232 -3.1285644866616655 0.22967679798603058
Car -1 -1 -2.85 453.28826904296875 180.0050811767578 526.035400390625 208.43536376953125 1.4997225999832153 1.5715850591659546 3.7242867946624756 -6.232531547546387 1.8801680207252502 37.53400802612305 -3.0171619998086276 0.22629672288894653
Car -1 -1 -1.69 654.2693481445312 176.37220764160156 703.7114868164062 214.06683349609375 1.4866853952407837 1.5609647035598755 3.577434778213501 2.9442663192749023 1.6416136026382446 28.7288875579834 -1.5864252837667472 0.22370505332946777
Car -1 -1 -2.55 7.16741943359375 210.32225036621094 277.6056823730469 349.3874816894531 1.4882179498672485 1.516677737236023 3.8419108390808105 -5.644257545471191 1.8177545666694641 8.458056449890137 -3.1370557710512195 0.22358335554599762
Car -1 -1 -0.0 0.4339340627193451 196.38011169433594 89.83910068869591 370.3857116699219 1.5197162628173828 1.6574525833129883 4.071910858154297 -6.265443325042725 1.6488491892814636 5.195110321044922 -0.8830277841547343 0.2186363786458969
Car -1 -1 -1.06 229.36851501464844 184.30384826660156 381.9623107910156 254.1291961669922 1.4333449602127075 1.577907919883728 3.754429578781128 -6.827484130859375 1.708526611328125 15.791250228881836 -1.4688908289278366 0.214488223195076
Car -1 -1 -2.13 803.220947265625 190.6022491455078 1087.7724609375 341.8446044921875 1.4809287786483765 1.55308997631073 3.4107892513275146 3.246903657913208 1.740602195262909 7.813671588897705 -1.7343297647861995 0.20938833057880402
Car -1 -1 -2.37 20.196353912353516 215.30291748046875 209.47006607055664 356.9515380859375 1.449966311454773 1.5463334321975708 3.8347184658050537 -6.2700910568237305 1.8829320073127747 7.638140678405762 -3.0523550838657556 0.2029750943183899
Car -1 -1 -2.23 506.2408447265625 172.79234313964844 556.2786254882812 199.1873321533203 1.653995394706726 1.747356653213501 4.282662868499756 -5.049957752227783 1.6551011204719543 47.05252456665039 -2.3415322721949083 0.20036330819129944
Car -1 -1 1.12 3.6319496631622314 202.1591796875 70.29037404060364 339.95684814453125 1.5090209245681763 1.5756971836090088 3.861086845397949 -7.707052707672119 1.7313125729560852 7.1555705070495605 0.29336155937436814 0.19989286363124847
Car -1 -1 -1.7 648.9942016601562 174.01817321777344 694.5111083984375 208.0484161376953 1.521950364112854 1.569934368133545 3.508002519607544 2.8995490074157715 1.6479355096817017 29.35694122314453 -1.5978176445679093 0.18652908504009247
Car -1 -1 0.44 242.08448791503906 182.57460021972656 432.6434631347656 251.2670135498047 1.420442819595337 1.5531961917877197 3.859393835067749 -6.40369176864624 1.6822797656059265 16.519180297851562 0.07157234599821072 0.18636243045330048
Car -1 -1 -2.58 -1.7908833026885986 197.10362243652344 324.1928508281708 337.09442138671875 1.4345701932907104 1.5669726133346558 4.04522180557251 -5.725764751434326 1.6528218388557434 8.995549201965332 3.138100343865764 0.18556495010852814
Pedestrian -1 -1 -2.98 423.5850524902344 173.20977783203125 516.956298828125 211.54473876953125 1.8349984884262085 0.6455051302909851 0.8440027832984924 -4.699775695800781 1.5900281071662903 23.840856552124023 3.111829435683509 0.18276561796665192
Car -1 -1 -2.48 4.957642555236816 237.31748962402344 84.98720645904541 356.32806396484375 1.5825598239898682 1.620123028755188 3.926891803741455 -5.911512851715088 1.8711127042770386 5.643278121948242 2.9919682045003686 0.17898155748844147
Car -1 -1 1.94 642.9249877929688 172.22523498535156 683.0343627929688 203.66595458984375 1.5941067934036255 1.5460240840911865 3.5201733112335205 3.164658546447754 1.584145188331604 40.498329162597656 2.022013910668968 0.17704415321350098
Car -1 -1 1.63 1.8821794986724854 178.42286682128906 113.90587639808655 354.7900390625 1.488525152206421 1.6222418546676636 4.120781421661377 -6.570494174957275 1.6280156373977661 5.787409782409668 0.7834421423353319 0.16309788823127747