Car -1 -1 -1.88 714.6596069335938 147.90762329101562 894.8211059570312 274.2939147949219 1.8421837091445923 1.6408458948135376 3.905775785446167 2.99859619140625 1.4254052639007568 12.11424732208252 -1.6374155504716512 0.8811526894569397
Car -1 -1 1.81 290.91436767578125 171.7862548828125 460.2940673828125 291.9847717285156 1.6590715646743774 1.6577563285827637 3.9898228645324707 -3.76188588142395 1.6601964831352234 12.131590843200684 1.5129089699287688 0.8640575408935547
Car -1 -1 -2.05 814.8760375976562 178.27871704101562 1231.397216796875 375.30438232421875 1.4684914350509644 1.5996967554092407 4.1178879737854 3.3955068588256836 1.5305593013763428 6.768653869628906 -1.5836678648367197 0.8638631105422974
Car -1 -1 2.03 6.720720291137695 174.0283966064453 392.68809700012207 375.19805908203125 1.6519109010696411 1.7058203220367432 4.259804725646973 -3.5256149768829346 1.6988855600357056 6.941414833068848 1.5551032636601523 0.8624499440193176
Car -1 -1 1.78 395.6495361328125 179.7494659423828 486.6054992675781 245.4461212158203 1.4336968660354614 1.5780988931655884 3.8403849601745605 -4.2314982414245605 1.6468843221664429 18.553558349609375 1.5520545608486396 0.8540561199188232
Car -1 -1 1.69 483.89007568359375 168.9726104736328 528.2574462890625 204.8675994873047 1.6680575609207153 1.6871075630187988 4.141407489776611 -5.141830921173096 1.520417869091034 35.93464660644531 1.543587201765451 0.8401836156845093
Car -1 -1 1.8 315.1481628417969 176.5958709716797 468.6794738769531 283.8966064453125 1.568566918373108 1.6107062101364136 3.6786696910858154 -3.8018648624420166 1.6038293242454529 12.21589469909668 1.4940902489657217 0.3284641206264496
Van -1 -1 1.8 297.20709228515625 172.00477600097656 457.648193359375 291.11468505859375 1.8506430387496948 1.7107409238815308 4.249286651611328 -3.8689963817596436 1.8358169794082642 12.488874435424805 1.5012596628183132 0.2527269124984741
Car -1 -1 1.71 370.1295166015625 174.9514617919922 483.716796875 260.9149169921875 1.5565240383148193 1.5962133407592773 3.8325858116149902 -4.251077651977539 1.682942509651184 18.690818786621094 1.4854010596615517 0.2498970627784729
Car -1 -1 1.36 493.52728271484375 171.21865844726562 532.2660522460938 201.4224853515625 1.53165602684021 1.6442115306854248 4.140832424163818 -5.410387992858887 1.5010907053947449 41.035362243652344 1.2333250972207939 0.24643844366073608
Car -1 -1 1.57 506.12225341796875 174.88514709472656 537.4210205078125 200.7351531982422 1.440625548362732 1.6242740154266357 3.9815990924835205 -5.3321099281311035 1.488277018070221 42.48291015625 1.444461031871211 0.22794513404369354
Van -1 -1 -1.86 712.8049926757812 150.61012268066406 895.3157958984375 270.94036865234375 1.7900497913360596 1.7125153541564941 4.219393730163574 3.153287410736084 1.432777464389801 12.696353912353516 -1.615853215008869 0.22381043434143066
Car -1 -1 -1.51 610.5899658203125 171.13589477539062 636.9507446289062 188.43077087402344 1.4472607374191284 1.630908489227295 3.699741840362549 1.0868204832077026 1.209115445613861 60.85588073730469 -1.4909171669269936 0.21331456303596497
Car -1 -1 1.59 514.5977783203125 173.44528198242188 544.9951782226562 195.4418182373047 1.4009755849838257 1.5866559743881226 4.001843452453613 -5.108005523681641 1.4720664024353027 44.84703826904297 1.4724392630607266 0.1652342826128006