Car -1 -1 1.78 390.2724609375 188.70123291015625 495.3329162597656 259.5145263671875 1.466479778289795 1.6263699531555176 4.104108810424805 -3.9740114212036133 1.882351279258728 17.427583694458008 1.5535386752645524 0.8987354636192322
Car -1 -1 1.97 229.8678436279297 199.47914123535156 367.9040832519531 272.67266845703125 1.404517650604248 1.573020577430725 3.808771848678589 -6.965949058532715 2.035691738128662 16.334983825683594 1.5621793175042749 0.8682262301445007
Car -1 -1 1.76 463.0240173339844 186.75563049316406 524.1356811523438 229.23681640625 1.4247703552246094 1.5749117136001587 3.7353529930114746 -4.264431476593018 1.9097471237182617 26.479778289794922 1.5963452607303932 0.8607571721076965
Car -1 -1 -1.6 631.4097290039062 178.79348754882812 670.3833618164062 210.15455627441406 1.531359314918518 1.5794634819030762 3.001002311706543 2.039053201675415 1.8667970299720764 37.906925201416016 -1.5504046700401126 0.826101541519165
Car -1 -1 2.82 720.8519897460938 163.11508178710938 845.961669921875 205.3715362548828 1.668311357498169 1.7083470821380615 4.3261895179748535 7.199766635894775 1.2721737623214722 29.839200973510742 3.0549207480707707 0.7551560997962952
Pedestrian -1 -1 -2.85 -1.5103920698165894 231.1110382080078 56.38749611377716 373.0852966308594 1.5281035900115967 0.5721063613891602 0.6977925896644592 -5.305896282196045 1.9050018787384033 6.177099227905273 2.7246444737427167 0.5603067278862
Car -1 -1 2.29 1.6140066385269165 229.08189392089844 57.30187284946442 372.62200927734375 1.3509193658828735 1.5828218460083008 3.9540421962738037 -7.152537822723389 1.9894071221351624 6.384771347045898 1.4438468763161136 0.5601456165313721
Cyclist -1 -1 1.43 0.966055691242218 225.5275115966797 56.27794152498245 373.11016845703125 1.6248769760131836 0.6045750379562378 1.75449538230896 -5.576704978942871 1.980039358139038 6.139303207397461 0.6963787928073062 0.44932428002357483
Pedestrian -1 -1 1.87 714.9435424804688 167.67935180664062 744.9556884765625 245.87628173828125 1.6937216520309448 0.6351150274276733 0.6868417859077454 2.4850308895111084 1.5460439920425415 15.16237735748291 2.0365718245663054 0.31987378001213074
Car -1 -1 -2.38 708.2860717773438 163.8618927001953 800.0394897460938 197.63818359375 1.5463507175445557 1.667335867881775 4.192067623138428 7.339750289916992 1.3352814316749573 38.1953125 -2.187958955945132 0.2699451446533203
Van -1 -1 -1.15 940.8418579101562 142.84713745117188 1012.6506958007812 174.5100860595703 1.9861646890640259 1.9632999897003174 4.772494316101074 24.454051971435547 0.028358161449432373 48.11648178100586 -0.6832468819365403 0.26388394832611084
Car -1 -1 2.9 740.8905029296875 164.24786376953125 850.322265625 201.9241485595703 1.5245920419692993 1.67725670337677 4.05021333694458 7.218109607696533 1.2190604209899902 29.819137573242188 3.1380613257056424 0.2575059235095978
Car -1 -1 -2.99 714.33984375 161.56602478027344 823.5333251953125 200.24119567871094 1.6087630987167358 1.675160527229309 4.175761699676514 7.3426713943481445 1.3187445402145386 34.48128128051758 -2.776676571522353 0.25248390436172485
Pedestrian -1 -1 -3.05 1.8297771215438843 226.51287841796875 43.00133550167084 373.1182556152344 1.4792900085449219 0.5323672294616699 0.6663241386413574 -5.411484718322754 1.8818143606185913 6.1715850830078125 2.517003484418172 0.25033509731292725
Cyclist -1 -1 0.56 7.764717102050781 255.14161682128906 73.96975708007812 369.5948181152344 1.4977896213531494 0.5362967848777771 1.423161268234253 -6.164032936096191 2.231366515159607 7.095118999481201 -0.15508584479240284 0.24530412256717682
Pedestrian -1 -1 0.81 716.41455078125 167.936279296875 750.2267456054688 238.7595977783203 1.7550013065338135 0.6903244256973267 0.832072377204895 2.7242746353149414 1.5069056749343872 15.913204193115234 0.976938156859422 0.24055011570453644
Van -1 -1 2.34 1.6140066385269165 229.08189392089844 57.30187284946442 372.62200927734375 1.683882236480713 1.5941205024719238 4.017449855804443 -7.667457103729248 2.2141271829605103 7.433667182922363 1.5354451365492583 0.2378847897052765
Pedestrian -1 -1 -2.28 -2.5187504291534424 245.5857696533203 46.76732516288757 368.1724548339844 1.497833251953125 0.46171098947525024 0.9301954507827759 -6.666625022888184 2.3273351192474365 7.707352161407471 -2.996107864648444 0.22490063309669495
Cyclist -1 -1 -0.54 1.9893027544021606 251.3931121826172 62.96446907520294 369.77618408203125 1.5731916427612305 0.5454182624816895 1.5055968761444092 -6.584275245666504 2.328478217124939 7.431726455688477 -1.2697754430223025 0.2145301252603531
Pedestrian -1 -1 -2.96 5.002617835998535 218.67721557617188 48.18681812286377 349.2025146484375 1.6932975053787231 0.5539054274559021 0.8692121505737305 -5.215862274169922 1.7852057218551636 5.930647373199463 2.6010082268386245 0.21075350046157837
Pedestrian -1 -1 -2.02 7.058325290679932 232.04795837402344 68.6476502418518 376.7204895019531 1.4921886920928955 0.5447739958763123 0.813366711139679 -5.959261894226074 2.160162091255188 7.1480584144592285 -2.7145388610389514 0.20907418429851532
Van -1 -1 2.56 720.4392700195312 160.69815063476562 838.8875732421875 202.2909393310547 1.8532272577285767 1.7414193153381348 3.9595534801483154 7.424408912658691 1.3324852585792542 31.881284713745117 2.788584054740552 0.20828388631343842
Car -1 -1 2.13 4.300056457519531 197.5431671142578 53.197731018066406 377.17425537109375 1.5571353435516357 1.6384992599487305 3.9616785049438477 -6.838972091674805 1.9023374319076538 5.8606953620910645 1.2687355355180605 0.20615145564079285
Cyclist -1 -1 1.8 4.300056457519531 197.5431671142578 53.197731018066406 377.17425537109375 1.6949865818023682 0.6437063813209534 1.718775987625122 -5.287977695465088 1.854388952255249 5.675197124481201 1.0467030293751423 0.20354369282722473
Car -1 -1 1.75 463.3437805175781 184.74310302734375 518.3655395507812 222.35516357421875 1.405145287513733 1.5593180656433105 3.739797830581665 -4.281435966491699 1.8628166317939758 26.89578628540039 1.5881547715865665 0.19984079897403717
Car -1 -1 -1.36 863.3751831054688 151.5254364013672 942.9956665039062 177.36744689941406 1.6239216327667236 1.6704931259155273 4.197234153747559 19.23346519470215 0.37717205286026 47.067501068115234 -0.9750066422507784 0.1976599097251892
Pedestrian -1 -1 -0.0 1222.141357421875 168.72303771972656 1241.1297607421875 242.41014099121094 1.485890507698059 0.5225323438644409 0.6267797350883484 10.50412368774414 1.293323576450348 11.688019752502441 0.7278414118596075 0.194183811545372
Pedestrian -1 -1 0.36 720.9318237304688 167.54867553710938 747.0667724609375 234.23826599121094 1.7062864303588867 0.6760190725326538 0.7966890335083008 3.0763840675354004 1.5196157693862915 17.753063201904297 0.5347082021991394 0.19102700054645538
Cyclist -1 -1 2.88 1220.3951416015625 130.16854858398438 1240.200927734375 247.50042724609375 1.6505943536758423 0.6388564705848694 1.878588080406189 9.812481880187988 1.1200453639030457 9.99604606628418 -2.6250542065402875 0.18872281908988953
Car -1 -1 1.71 474.79742431640625 184.87686157226562 525.0231323242188 220.5366668701172 1.5179073810577393 1.6070349216461182 3.742069959640503 -4.306666374206543 1.938264012336731 27.968259811401367 1.559724576857306 0.18652750551700592
Pedestrian -1 -1 -1.58 4.300056457519531 197.5431671142578 53.197731018066406 377.17425537109375 1.6923820972442627 0.6556748747825623 0.7298292517662048 -5.121933937072754 1.8290602564811707 5.788447856903076 -2.3052005416259975 0.18209001421928406
Car -1 -1 1.93 1.064469575881958 231.96044921875 44.86045575141907 361.4789123535156 1.364565134048462 1.5769686698913574 3.632730722427368 -7.126103401184082 1.9287267923355103 6.33775520324707 1.0876813112473194 0.1802430897951126
Car -1 -1 -2.72 705.385986328125 166.44979858398438 779.6756591796875 202.57440185546875 1.5320488214492798 1.7141941785812378 4.206079006195068 7.491206645965576 1.4330835938453674 40.214725494384766 -2.5379793027591795 0.16860410571098328
Van -1 -1 2.91 715.8657836914062 160.4529571533203 819.9666137695312 199.1396942138672 1.9269826412200928 1.7744760513305664 3.9869627952575684 7.619331359863281 1.3487605154514313 36.15544891357422 3.116854387439613 0.16719692945480347
Truck -1 -1 -1.92 4.4317708015441895 233.4632110595703 50.60751390457153 365.7693176269531 2.8540215492248535 2.42606258392334 8.114355087280273 -10.604562759399414 3.351433753967285 10.62662124633789 -2.701527867311283 0.1257973462343216