Car -1 -1 1.9 302.1241149902344 179.99456787109375 435.44268798828125 269.61627197265625 1.559992790222168 1.6096731424331665 3.961669683456421 -4.983550071716309 1.7538195848464966 15.245684623718262 1.5819774334571202 0.8854455947875977
Car -1 -1 -1.77 703.2886962890625 166.6253662109375 849.080810546875 284.7957458496094 1.6419678926467896 1.637534737586975 3.8204939365386963 2.5669565200805664 1.5740053057670593 11.959456443786621 -1.5594081054375533 0.8798313736915588
Car -1 -1 1.79 456.50750732421875 179.64019775390625 514.8699340820312 217.6049346923828 1.4157902002334595 1.5357433557510376 3.649336338043213 -5.099477291107178 1.7242226004600525 29.784284591674805 1.6234296580307852 0.8739988207817078
Car -1 -1 -1.47 632.3643188476562 174.0022430419922 660.6298828125 197.67591857910156 1.4752607345581055 1.6086971759796143 3.365823268890381 2.5527617931365967 1.5820642709732056 50.28653335571289 -1.4171799111344097 0.6788886785507202
Cyclist -1 -1 1.77 516.405517578125 172.32876586914062 538.1874389648438 218.5994415283203 1.6729223728179932 0.5666688680648804 1.7454159259796143 -3.1617839336395264 1.6601232290267944 27.553007125854492 1.6571710879484645 0.6783086061477661
Cyclist -1 -1 1.75 530.9031372070312 173.06134033203125 555.3309326171875 213.12086486816406 1.7456556558609009 0.5872479677200317 1.855520248413086 -2.6136062145233154 1.6426032185554504 28.553050994873047 1.6547823366759138 0.5280646085739136
Pedestrian -1 -1 0.77 689.4078369140625 165.9620361328125 704.27978515625 202.0017547607422 1.723227620124817 0.6148459911346436 0.7145877480506897 4.010293960571289 1.43045574426651 33.62257766723633 0.8890835502222512 0.504767894744873
Pedestrian -1 -1 -0.62 516.3089599609375 171.29954528808594 537.154052734375 219.97145080566406 1.727622628211975 0.625863790512085 0.7895646691322327 -3.0989654064178467 1.638175904750824 26.783550262451172 -0.7331526922533103 0.47249460220336914
Pedestrian -1 -1 -1.69 517.4639892578125 173.81436157226562 539.4623413085938 215.811767578125 1.767087459564209 0.6522839069366455 0.7205379009246826 -3.169384241104126 1.7317652106285095 28.005685806274414 -1.7993289914292987 0.4470593333244324
Cyclist -1 -1 1.86 533.8259887695312 169.3978271484375 552.3920288085938 215.61497497558594 1.7582716941833496 0.60666823387146 1.780887246131897 -2.682979106903076 1.6577845215797424 28.572084426879883 1.7663716580548776 0.43753039836883545
Pedestrian -1 -1 -1.99 534.5169067382812 171.31887817382812 554.8179931640625 214.22239685058594 1.7060718536376953 0.6416577100753784 0.6958647966384888 -2.644644260406494 1.6592153310775757 28.71063995361328 -2.0793136049905083 0.399458110332489
Cyclist -1 -1 1.85 530.89306640625 171.58651733398438 550.62451171875 216.5612030029297 1.6899231672286987 0.6188253164291382 1.8049793243408203 -2.80387544631958 1.6457489728927612 27.605316162109375 1.7452573434220424 0.3638507127761841
Pedestrian -1 -1 -2.01 530.89306640625 171.58651733398438 550.62451171875 216.5612030029297 1.7151483297348022 0.6383695006370544 0.725433886051178 -2.7018637657165527 1.6731146574020386 27.31056785583496 -2.107135508407019 0.3115759491920471
Pedestrian -1 -1 0.67 691.4024658203125 165.37013244628906 706.2169189453125 202.73944091796875 1.7191511392593384 0.606332540512085 0.7281835675239563 4.137182712554932 1.437030553817749 33.63410949707031 0.7939716262678216 0.3080134689807892
Cyclist -1 -1 1.76 518.6038818359375 171.937744140625 543.1455688476562 214.8693084716797 1.6840438842773438 0.6198795437812805 1.81026029586792 -2.999864339828491 1.6461406350135803 27.888051986694336 1.6573572564773462 0.2753598988056183
Cyclist -1 -1 1.74 525.5677490234375 172.77125549316406 552.228271484375 216.36317443847656 1.7729833126068115 0.5588118433952332 1.805146336555481 -2.878994941711426 1.6621679067611694 27.883914947509766 1.6351599453563805 0.24884803593158722
Car -1 -1 -2.56 1198.9312744140625 284.87591552734375 1242.213623046875 356.9551696777344 1.3139727115631104 1.5245013236999512 3.3651437759399414 1.6830182075500488 1.11455899477005 1.1975597143173218 -1.6077230740692912 0.23925907909870148
Car -1 -1 1.89 530.9031372070312 173.06134033203125 555.3309326171875 213.12086486816406 1.6647740602493286 1.4935139417648315 3.452441930770874 -3.529709577560425 1.7932854294776917 36.377872467041016 1.795168060594997 0.23693637549877167
Pedestrian -1 -1 0.65 522.3764038085938 169.8739013671875 544.9524536132812 219.46250915527344 1.7058799266815186 0.6395733952522278 0.7141079902648926 -2.8645238876342773 1.6425278782844543 27.195924758911133 0.5480437515696419 0.23039749264717102
Car -1 -1 -2.55 1204.5797119140625 295.0799560546875 1242.263427734375 358.9326477050781 1.317955732345581 1.5006611347198486 3.310770034790039 1.593778133392334 1.1046748459339142 1.19462251663208 -1.6199389152379462 0.2141006737947464
Car -1 -1 1.85 517.3643798828125 172.8108367919922 539.059326171875 215.78857421875 1.723238229751587 1.4401897192001343 3.2778515815734863 -3.737717628479004 1.7953220009803772 34.14219665527344 1.7385584316654699 0.2121458500623703
Cyclist -1 -1 1.94 522.3764038085938 169.8739013671875 544.9524536132812 219.46250915527344 1.7321500778198242 0.6266665458679199 1.7967264652252197 -2.924696922302246 1.6375856399536133 27.580623626708984 1.8298238877683586 0.21074272692203522
Cyclist -1 -1 1.79 536.4287719726562 173.1049041748047 555.8748779296875 211.4241180419922 1.727483868598938 0.632837176322937 1.8403122425079346 -2.5744712352752686 1.6364690661430359 28.944171905517578 1.7056649579332746 0.20791544020175934
Car -1 -1 1.85 464.4746398925781 175.19989013671875 515.9481201171875 212.439697265625 1.4620682001113892 1.5842264890670776 3.6271767616271973 -5.027459621429443 1.5941212177276611 30.035737991333008 1.6838832923797158 0.20355546474456787
Pedestrian -1 -1 0.92 686.8379516601562 166.30177307128906 701.229736328125 201.08265686035156 1.7825543880462646 0.6694276332855225 0.8117316365242004 3.922985076904297 1.487943172454834 33.74422836303711 1.0399263050468397 0.2019367516040802
Car -1 -1 -2.69 1170.3648681640625 271.57611083984375 1243.4613037109375 373.0862121582031 1.5298852920532227 1.5892444849014282 3.766092538833618 1.382157325744629 1.154523640871048 0.7095231413841248 -1.591759931098176 0.1870850920677185
Car -1 -1 -2.55 1196.15966796875 294.96026611328125 1239.32763671875 358.6578369140625 1.3020977973937988 1.5131492614746094 3.4735090732574463 1.6703470945358276 1.1331592798233032 1.2718266248703003 -1.6312847170569693 0.18434390425682068
Car -1 -1 -2.55 1205.4111328125 279.2146911621094 1243.406005859375 351.63543701171875 1.3571712970733643 1.512878179550171 3.267193555831909 2.2667396068573 1.2601585388183594 1.668489694595337 -1.6087568104249783 0.16176077723503113
Car -1 -1 -2.54 1210.5989990234375 290.1910400390625 1243.552978515625 354.1590270996094 1.3357603549957275 1.498826026916504 3.2563390731811523 2.1185038089752197 1.2279186248779297 1.6256766319274902 -1.6194863747840778 0.15682247281074524
Car -1 -1 -2.71 1144.75 281.9302062988281 1240.9051513671875 379.3324279785156 1.5028327703475952 1.6157351732254028 3.8875925540924072 1.7117491960525513 1.2584774494171143 0.9112623333930969 -1.6297910410767482 0.15129749476909637
Car -1 -1 -2.76 1182.6925048828125 226.86636352539062 1241.7803955078125 384.46270751953125 1.5331504344940186 1.6783968210220337 3.8836023807525635 2.001765251159668 1.3306687474250793 0.8793051838874817 -1.5982223905763675 0.14882966876029968
Car -1 -1 -2.59 1212.5111083984375 267.1824645996094 1241.434326171875 372.37274169921875 1.5380256175994873 1.595361590385437 3.5041353702545166 1.250308632850647 1.0789626240730286 0.7335297465324402 -1.5449471764904565 0.14665457606315613
Car -1 -1 -2.53 1213.1260986328125 301.97613525390625 1243.3453369140625 362.5018005371094 1.308423399925232 1.508753776550293 3.170776605606079 1.167487621307373 0.9754690527915955 0.8696622848510742 -1.5956439195527565 0.14409379661083221
Car -1 -1 -2.54 1207.137939453125 307.2265930175781 1241.2691650390625 367.8325500488281 1.2488199472427368 1.5175461769104004 3.325359582901001 0.5927169919013977 0.7962826043367386 0.43259552121162415 -1.5966016409381627 0.13643257319927216
Car -1 -1 -2.6 1215.1817626953125 309.7718200683594 1242.498046875 365.9109802246094 1.556084394454956 1.5743515491485596 3.522296667098999 0.13942547142505646 0.8221745900809765 0.10000000149011612 -1.652201871765138 0.12474926561117172
Car -1 -1 -2.55 1200.993408203125 303.1333312988281 1238.9921875 360.5064697265625 1.2584642171859741 1.550489902496338 3.4781737327575684 1.3967844247817993 1.0342704057693481 1.0937052965164185 -1.6419510549266905 0.1210610419511795
Car -1 -1 -2.54 1189.785400390625 301.46649169921875 1236.1240234375 362.3288879394531 1.3050063848495483 1.5132559537887573 3.451239824295044 1.267508625984192 1.0410531163215637 0.9876499772071838 -1.6266553979985012 0.11210553348064423
Car -1 -1 -2.59 1217.2545166015625 317.0226745605469 1242.33447265625 370.5924072265625 1.5755950212478638 1.5721994638442993 3.476950168609619 0.35307037830352783 0.9016494378447533 0.25263527035713196 -1.637095191986992 0.10856914520263672
Car -1 -1 -2.62 1221.3291015625 309.85577392578125 1244.086669921875 365.5849609375 1.5582181215286255 1.556467890739441 3.462831735610962 0.1381758451461792 0.8226205110549927 0.10000000149011612 -1.6730596290101705 0.10345107316970825
Car -1 -1 -2.58 1209.0616455078125 317.09552001953125 1239.6402587890625 370.56219482421875 1.5638585090637207 1.6122798919677734 3.496453046798706 0.1387275755405426 0.8273103535175323 0.10000000149011612 -1.6381245827359798 0.10342416912317276