Car -1 -1 -1.78 650.1465454101562 174.00552368164062 756.6880493164062 255.01504516601562 1.6192867755889893 1.6341886520385742 3.868115186691284 1.9944959878921509 1.6851279735565186 16.846799850463867 -1.6638170388883946 0.908044159412384
Car -1 -1 1.81 365.6343994140625 185.8523712158203 503.784423828125 278.08050537109375 1.4067437648773193 1.5875974893569946 3.802485227584839 -3.015367031097412 1.6584609746932983 13.21111011505127 1.583013466767989 0.8568878769874573
Car -1 -1 -2.9 258.9024353027344 179.36166381835938 424.0638122558594 237.69937133789062 1.4690322875976562 1.6439437866210938 3.889206886291504 -7.372536659240723 1.6653929352760315 19.86615753173828 3.028638031562691 0.8044251203536987
Car -1 -1 -1.62 609.1140747070312 176.919921875 635.52392578125 198.7313232421875 1.3773736953735352 1.60966956615448 3.778867483139038 0.8415064215660095 1.7042843103408813 49.45437240600586 -1.6078394724751384 0.7753745317459106
Van -1 -1 -2.9 447.680908203125 169.09246826171875 524.9387817382812 202.83209228515625 2.057889461517334 1.8258041143417358 4.59194278717041 -7.389707565307617 1.8101098537445068 43.42227554321289 -3.069625387606994 0.6369835734367371
Car -1 -1 1.77 362.38427734375 177.38748168945312 470.1584167480469 225.29234313964844 1.4722856283187866 1.5891516208648682 3.7785544395446777 -6.413374900817871 1.6536821126937866 23.936891555786133 1.5096013856220045 0.6321155428886414
Car -1 -1 -2.87 438.8809509277344 168.70986938476562 520.862548828125 204.9137420654297 1.7640928030014038 1.7498050928115845 4.331189155578613 -6.882559776306152 1.6400818824768066 38.09218978881836 -3.0483785802267835 0.6104961037635803
Car -1 -1 -2.66 427.31182861328125 170.9085693359375 506.2876281738281 207.19552612304688 1.7188488245010376 1.6828670501708984 3.7555477619171143 -7.125219821929932 1.7539134621620178 35.410343170166016 -2.861722384598731 0.6016770005226135
Car -1 -1 1.96 377.52001953125 178.28843688964844 483.6065368652344 223.23617553710938 1.4192049503326416 1.5968374013900757 4.004250526428223 -6.237844944000244 1.6637824773788452 25.771066665649414 1.7249254010452892 0.5277290344238281
Car -1 -1 1.79 372.05889892578125 182.24740600585938 497.034423828125 257.0157165527344 1.4194118976593018 1.602912187576294 3.677154064178467 -3.094802141189575 1.5370643138885498 13.230356216430664 1.5593357403722203 0.4867902398109436
Car -1 -1 -2.68 416.8340759277344 174.4335479736328 502.46240234375 209.9179229736328 1.6034700870513916 1.6323306560516357 3.7449026107788086 -7.277101516723633 1.7466599345207214 35.32506561279297 -2.8798628985462598 0.4586208164691925
Car -1 -1 -1.67 606.0752563476562 172.95013427734375 634.5591430664062 197.52317810058594 1.5079830884933472 1.6056476831436157 3.5878729820251465 0.8458925485610962 1.7124204635620117 49.53878402709961 -1.6484872473521142 0.42474931478500366
Car -1 -1 -2.53 391.4037170410156 178.58839416503906 488.53509521484375 215.6787567138672 1.4355913400650024 1.592915415763855 3.903625011444092 -6.57442569732666 1.68997460603714 28.16440200805664 -2.7637875951324773 0.41658878326416016
Van -1 -1 -2.89 437.33404541015625 170.6019744873047 517.5458984375 205.4154052734375 1.9640982151031494 1.7760584354400635 4.4761552810668945 -7.470280647277832 1.8073440194129944 40.76569747924805 -3.0685055224642044 0.39994940161705017
Car -1 -1 1.62 369.71197509765625 180.1350555419922 483.0462341308594 244.07447814941406 1.4453483819961548 1.5809228420257568 3.7739458084106445 -6.180596828460693 1.80730539560318 24.064226150512695 1.3662714359042845 0.3859047293663025
Car -1 -1 -2.94 404.8218078613281 176.20753479003906 497.40887451171875 212.49600219726562 1.450482964515686 1.5837215185165405 3.9059348106384277 -6.8405070304870605 1.7320597767829895 31.301362991333008 3.131586272231731 0.3776549994945526
Car -1 -1 -1.64 603.7671508789062 170.40008544921875 631.67333984375 196.30654907226562 1.4621883630752563 1.5628468990325928 3.623508930206299 0.8289720416069031 1.6956998109817505 49.93588638305664 -1.6205148132073672 0.3456639349460602
Car -1 -1 3.03 461.8291931152344 171.01071166992188 528.5880126953125 200.3207244873047 1.663644552230835 1.6467593908309937 4.254352569580078 -7.1240997314453125 1.6713290810585022 46.78184509277344 2.878753238086622 0.2918412983417511
Car -1 -1 1.97 379.65557861328125 180.40194702148438 490.38397216796875 233.28787231445312 1.3619000911712646 1.5724802017211914 3.8792476654052734 -6.609585762023926 1.7869230508804321 27.344789505004883 1.7278843616697088 0.2570328116416931
Car -1 -1 2.12 269.1541442871094 176.1570587158203 437.37109375 244.2351531982422 1.4414048194885254 1.6244360208511353 3.9650909900665283 -7.000545978546143 1.6567699313163757 19.095279693603516 1.767889636865612 0.2381480634212494
Car -1 -1 -3.09 476.8162841796875 173.8653106689453 535.2160034179688 197.06021118164062 1.6160997152328491 1.6473954916000366 4.260043144226074 -7.675181865692139 1.7433013916015625 53.67948913574219 3.054859394671439 0.21570618450641632
Car -1 -1 2.98 295.3244934082031 181.12486267089844 429.02783203125 235.29261779785156 1.4587448835372925 1.6743162870407104 4.023187160491943 -7.25234317779541 1.6645659804344177 20.50194549560547 2.638809925474127 0.20789463818073273
Car -1 -1 -2.76 438.75775146484375 174.5478973388672 511.1743469238281 206.2963104248047 1.5913554430007935 1.6187636852264404 3.8669657707214355 -7.057311058044434 1.7781039476394653 38.34346008300781 -2.9452220367024573 0.18681930005550385
Car -1 -1 -1.95 341.0140075683594 177.99423217773438 478.9214782714844 236.39598083496094 1.4668337106704712 1.5794166326522827 3.8522772789001465 -7.503795146942139 1.604409396648407 24.89078140258789 -2.2413398611230573 0.1512049287557602
Van -1 -1 -3.08 421.0791015625 171.80990600585938 509.2032775878906 208.12515258789062 1.9578787088394165 1.8053778409957886 4.753768444061279 -7.626879692077637 1.7396667003631592 40.070411682128906 3.0154177916811165 0.15114638209342957
Pedestrian -1 -1 2.79 16.280054092407227 236.91078186035156 78.68750190734863 358.0107116699219 1.4870716333389282 0.36239293217658997 0.42049649357795715 -3.9549546241760254 1.8843525052070618 4.592228412628174 2.0839799852194325 0.13942161202430725
Pedestrian -1 -1 3.08 20.819812774658203 235.91407775878906 93.70294570922852 359.266845703125 1.4647148847579956 0.3653331696987152 0.47712403535842896 -3.934968948364258 1.8740126490592957 4.6776909828186035 2.384699024175349 0.1318902224302292
Car -1 -1 0.76 396.38397216796875 176.12551879882812 499.3182373046875 224.13406372070312 1.3912763595581055 1.6242632865905762 3.829780340194702 -5.009812831878662 1.7510335445404053 22.12373161315918 0.5375327150303599 0.13105638325214386
Pedestrian -1 -1 2.35 11.325079917907715 238.44505310058594 65.30093288421631 356.3760070800781 1.4993069171905518 0.352577805519104 0.39673104882240295 -3.98874831199646 1.8848364353179932 4.498847007751465 1.6230509971644107 0.12262557446956635