Car -1 -1 -1.95 482.26885986328125 215.4488983154297 716.4088134765625 346.5765380859375 1.422925353050232 1.614332675933838 4.033958435058594 -0.44450104236602783 2.0520920157432556 10.184210777282715 -1.9912194920381578 0.8984308242797852
Car -1 -1 -1.84 428.3558044433594 211.9247589111328 560.574951171875 299.36688232421875 1.4519381523132324 1.5533031225204468 3.4531877040863037 -2.4511420726776123 2.229279637336731 14.292774200439453 -2.0069505776025345 0.8845519423484802
Car -1 -1 -2.18 600.7175903320312 209.56961059570312 1035.3740234375 377.4216613769531 1.4555127620697021 1.5229958295822144 3.5011279582977295 1.3756377696990967 1.7747377157211304 5.7927751541137695 -1.9437340210625988 0.8730688691139221
Car -1 -1 -1.75 374.2371826171875 199.1304473876953 469.3592834472656 275.48895263671875 1.7969775199890137 1.6788603067398071 4.128844261169434 -5.100986957550049 2.5381200313568115 18.885440826416016 -2.014686101600934 0.873024046421051
Car -1 -1 1.78 17.610157012939453 230.14207458496094 161.40161514282227 329.24871826171875 1.4584821462631226 1.55908203125 3.6661930084228516 -9.702685356140137 2.5821375250816345 13.663533210754395 1.1655013304124395 0.8463775515556335
Car -1 -1 2.08 2.943190574645996 234.80165100097656 103.30470180511475 369.05169677734375 1.4655101299285889 1.521570086479187 3.2991130352020264 -6.593438148498535 2.1642229557037354 7.407356262207031 1.356124933632552 0.7862403392791748
Car -1 -1 1.41 330.6564636230469 210.2018280029297 389.110107421875 250.3011474609375 1.540094017982483 1.629898190498352 3.947705030441284 -10.362573623657227 3.091694176197052 29.75385856628418 1.0736509967300911 0.7714113593101501
Car -1 -1 -0.23 351.5492858886719 211.5533447265625 422.8636474609375 257.2781677246094 1.478559970855713 1.588820457458496 3.6067957878112793 -7.603776931762695 2.840766429901123 25.00397491455078 -0.522792396368474 0.7285645008087158
Car -1 -1 1.7 129.92996215820312 205.74282836914062 207.4162139892578 270.343505859375 1.8643805980682373 1.7347466945648193 4.245779037475586 -13.678537368774414 2.892559766769409 22.468826293945312 1.1482201429223267 0.7112667560577393
Van -1 -1 1.67 126.22581481933594 205.7419891357422 205.2345428466797 271.5583190917969 1.9611703157424927 1.8214083909988403 4.63225793838501 -14.220284461975098 3.031299650669098 23.227737426757812 1.1253080500344357 0.7088644504547119
Car -1 -1 1.65 192.17422485351562 215.38751220703125 227.82470703125 240.86508178710938 1.5071415901184082 1.6695747375488281 4.155459880828857 -23.661985397338867 4.004224538803101 42.68159484863281 1.141175342225182 0.6176585555076599
Car -1 -1 1.91 4.367764949798584 230.9034423828125 127.5030951499939 360.47247314453125 1.4564517736434937 1.5596896409988403 3.355617046356201 -6.3159098625183105 2.0701168179512024 7.577759265899658 1.210583341894223 0.5432998538017273
Car -1 -1 -1.77 353.8445739746094 207.76766967773438 432.4579162597656 262.7269592285156 1.5387486219406128 1.607904314994812 3.7835261821746826 -7.169334411621094 2.75880366563797 23.46255111694336 -2.061593808896511 0.5205257534980774
Car -1 -1 1.26 347.5247497558594 211.29383850097656 413.4261779785156 252.76988220214844 1.4884083271026611 1.5735357999801636 3.7173879146575928 -9.187692642211914 2.9735902547836304 28.08568000793457 0.9438661114306237 0.4856017827987671
Car -1 -1 1.84 9.092121124267578 232.76841735839844 150.14697647094727 347.3621520996094 1.3968064785003662 1.5627521276474 3.8082213401794434 -9.871301651000977 2.610858917236328 13.742656707763672 1.2125239157138683 0.45497527718544006
Car -1 -1 -1.18 316.1529235839844 209.4769287109375 353.5956115722656 239.10494995117188 1.590179443359375 1.6405881643295288 4.064106464385986 -16.151992797851562 3.7655155658721924 41.88571548461914 -1.5460356763352454 0.45195576548576355
Car -1 -1 -1.73 365.0655212402344 204.77960205078125 457.4436340332031 269.9598083496094 1.6482114791870117 1.6532939672470093 3.9150872230529785 -7.199005603790283 2.8388590812683105 23.828306198120117 -2.0232386231535084 0.44330093264579773
Car -1 -1 1.18 340.2264404296875 210.7528076171875 401.3350524902344 252.2860107421875 1.4614471197128296 1.5744889974594116 3.869671583175659 -8.545049667358398 2.8426641821861267 26.43562126159668 0.8635015423111687 0.40406379103660583
Car -1 -1 -1.4 312.80487060546875 209.263916015625 348.5202941894531 237.26419067382812 1.608469843864441 1.6458911895751953 4.149501323699951 -16.232038497924805 3.7679571509361267 41.8870849609375 -1.7651184182770923 0.3671700358390808
Van -1 -1 2.06 6.225917816162109 231.8611602783203 106.15192794799805 368.48541259765625 1.7148714065551758 1.5930886268615723 4.241434097290039 -7.474116802215576 2.4426681995391846 8.432256698608398 1.3364445265176474 0.3065130114555359
Car -1 -1 -2.06 501.27471923828125 217.07705688476562 808.2228393554688 360.7994079589844 1.3740614652633667 1.4820408821105957 3.383528709411621 -0.3347003161907196 2.050146162509918 10.483107566833496 -2.0945464080548835 0.29958900809288025
Car -1 -1 -0.76 319.16265869140625 209.85519409179688 361.3729553222656 241.73411560058594 1.564850926399231 1.6111197471618652 4.078815937042236 -15.609814643859863 3.7010815739631653 40.955135345458984 -1.1214029895154072 0.27735820412635803
Car -1 -1 -1.57 308.3370361328125 209.32699584960938 343.185546875 236.0264892578125 1.6185786724090576 1.6474953889846802 4.030065536499023 -17.10066795349121 3.803146004676819 43.331485748291016 -1.9494983119632758 0.25608640909194946
Car -1 -1 -2.23 600.7305297851562 213.3144073486328 906.14501953125 375.648681640625 1.377040982246399 1.5123687982559204 3.115058660507202 1.4629063606262207 1.8180575966835022 5.864465236663818 -1.9818561793086227 0.2327430546283722
Car -1 -1 -1.62 325.25909423828125 210.79788208007812 375.0416259765625 248.6148681640625 1.4663208723068237 1.5778881311416626 3.6163060665130615 -12.669280052185059 3.351625382900238 34.51326370239258 -1.9748411500074106 0.23243334889411926
Car -1 -1 -1.91 410.4787902832031 210.32846069335938 544.7726440429688 288.8515625 1.526509165763855 1.6396023035049438 3.728569984436035 -2.7742552757263184 2.309655249118805 14.986620903015137 -2.0891197289497114 0.21515598893165588
Car -1 -1 1.62 185.08274841308594 213.91773986816406 223.39321899414062 243.52078247070312 1.5634305477142334 1.6624209880828857 4.208414077758789 -23.190690994262695 3.9936119318008423 41.64446258544922 1.115238372168065 0.21299917995929718
Car -1 -1 -2.01 488.5815124511719 205.52313232421875 937.500732421875 380.990966796875 1.2014188766479492 1.6559559106826782 4.194316387176514 1.1091527938842773 1.5896825790405273 5.099440574645996 -1.791063508548346 0.18990576267242432
Car -1 -1 2.19 -1.3433654308319092 242.10867309570312 84.53325963020325 352.8071594238281 1.5289297103881836 1.5439786911010742 3.72369384765625 -6.016765117645264 2.03876531124115 6.582430362701416 1.4489438459499953 0.17915038764476776
Car -1 -1 -1.56 519.3261108398438 184.9513397216797 1030.941650390625 396.9911804199219 1.60336434841156 1.4286195039749146 3.7231414318084717 1.4475979804992676 1.933086097240448 6.16859769821167 -1.3329967671147616 0.17183178663253784
Car -1 -1 -2.1 348.00091552734375 206.65611267089844 403.8658752441406 249.9443359375 1.503200650215149 1.6051781177520752 3.677246570587158 -8.890681266784668 2.889977991580963 27.53618621826172 -2.413296615157071 0.16868872940540314
Car -1 -1 2.23 -7.085287094116211 230.8384246826172 83.74904823303223 337.3402099609375 1.4863992929458618 1.535312294960022 3.6871206760406494 -5.7168450355529785 1.8772515654563904 6.1877007484436035 1.480329922263543 0.16754069924354553
Car -1 -1 1.63 175.58473205566406 212.49374389648438 220.211181640625 247.7580108642578 1.5933890342712402 1.651365041732788 4.171833038330078 -23.983619689941406 4.065762042999268 42.770782470703125 1.1143885542174967 0.16014553606510162