Car -1 -1 -1.39 416.3736267089844 186.98104858398438 528.609130859375 270.1705017089844 1.417945384979248 1.6129070520401 3.8035943508148193 -2.697476863861084 1.7831768989562988 14.988785743713379 -1.5675066133024966 0.8890972137451172
Car -1 -1 -1.8 697.6171875 182.76756286621094 843.4682006835938 284.8241271972656 1.4664069414138794 1.5964170694351196 3.8503148555755615 2.6648271083831787 1.6765959858894348 12.885354995727539 -1.5930621007737757 0.8842259049415588
Car -1 -1 -1.96 764.3872680664062 195.10057067871094 1069.102294921875 373.1772766113281 1.4346648454666138 1.546034574508667 3.530158042907715 2.838207483291626 1.6969903707504272 7.617512226104736 -1.5993743558455877 0.8840272426605225
Car -1 -1 1.69 502.6995544433594 181.57452392578125 561.634033203125 226.37893676757812 1.4896937608718872 1.6593965291976929 4.195355415344238 -2.875826358795166 1.8440757393836975 27.094648361206055 1.5794836764023712 0.876424252986908
Car -1 -1 -1.64 642.3342895507812 177.53274536132812 681.7716064453125 208.514892578125 1.4842474460601807 1.595591425895691 3.648236036300659 2.61161208152771 1.761764407157898 37.24015808105469 -1.5725091112054974 0.8453408479690552
Car -1 -1 -1.77 679.5380249023438 166.7631072998047 779.9542846679688 250.3406982421875 1.8818650245666504 1.644094467163086 3.9138004779815674 2.7972493171691895 1.7444466352462769 17.959436416625977 -1.6143382791941674 0.8449538350105286
Car -1 -1 -2.38 921.5140380859375 213.9531707763672 1235.388427734375 369.7581787109375 1.4366894960403442 1.5849864482879639 3.7297022342681885 2.8103480339050293 1.6996559500694275 2.7364439964294434 -1.5839334405458692 0.7644356489181519
Car -1 -1 1.66 559.4430541992188 177.41424560546875 584.2080078125 197.9080047607422 1.6352345943450928 1.7183253765106201 4.3698859214782715 -3.1024348735809326 2.061219334602356 59.511199951171875 1.606376803478561 0.7516181468963623
Car -1 -1 -0.63 3.7712602615356445 218.39590454101562 261.3564043045044 371.5864562988281 1.4866673946380615 1.6171468496322632 4.021718978881836 -2.917025089263916 1.674608826637268 2.316411018371582 -1.5320367758560671 0.6997237801551819
Car -1 -1 -1.77 683.0556030273438 172.06407165527344 806.1593017578125 265.2884826660156 1.70054030418396 1.6861772537231445 4.068608283996582 2.816002368927002 1.7487103939056396 17.646007537841797 -1.6090305825795097 0.5888916850090027
Van -1 -1 -1.75 681.1219482421875 165.787109375 781.94287109375 251.81407165527344 2.031609296798706 1.7918957471847534 4.268450736999512 2.9963929653167725 1.8477462530136108 18.428489685058594 -1.5913536229145597 0.4233779311180115
Car -1 -1 -2.18 825.6560668945312 206.98667907714844 1198.6973876953125 366.74017333984375 1.4618061780929565 1.5357953310012817 3.4228670597076416 2.3275115489959717 1.49610435962677 3.10859751701355 -1.535844235223096 0.3910975754261017
Car -1 -1 -1.96 756.6997680664062 201.97039794921875 1139.642333984375 364.7515563964844 1.4800310134887695 1.5673346519470215 3.6074955463409424 2.851114511489868 1.786820650100708 7.650420665740967 -1.6021182591427108 0.3877343237400055
Car -1 -1 2.54 636.640869140625 176.3700714111328 670.286865234375 203.86892700195312 1.5898836851119995 1.5993070602416992 3.8428332805633545 2.519634962081909 1.8339419960975647 51.23127365112305 2.591985775671599 0.3813585937023163
Car -1 -1 1.59 632.8551635742188 175.311767578125 658.1110229492188 199.91787719726562 1.6040490865707397 1.625566005706787 3.8313350677490234 2.5287606716156006 1.8214098811149597 51.97115707397461 1.6349014588261968 0.3523191213607788
Car -1 -1 -1.62 638.4931030273438 176.90377807617188 676.925537109375 206.64984130859375 1.5067869424819946 1.6064282655715942 3.7402162551879883 2.5200493335723877 1.7498165965080261 37.291259765625 -1.5507780635556347 0.30477386713027954
Car -1 -1 0.77 631.1609497070312 176.44515991210938 654.867431640625 198.41770935058594 1.6473612785339355 1.654335856437683 3.9606547355651855 2.6522793769836426 1.945145606994629 53.94334411621094 0.8171154858414429 0.25714075565338135
Car -1 -1 -0.61 -8.69279956817627 173.36221313476562 239.41242504119873 368.7961120605469 1.8017436265945435 1.5797425508499146 4.2803215980529785 -2.4917385578155518 1.5096142292022705 1.6715604066848755 -1.5881622830498099 0.24023066461086273
Car -1 -1 -0.48 -1.7797868251800537 217.55755615234375 195.09457230567932 368.6869201660156 1.4910128116607666 1.6417193412780762 4.04378604888916 -3.229780673980713 1.5917220711708069 2.054551601409912 -1.4853609510505814 0.23568017780780792
Car -1 -1 -2.46 935.6688232421875 184.69544982910156 1225.9344482421875 357.3135070800781 1.5678564310073853 1.5895651578903198 3.4882051944732666 3.253217935562134 1.7246899604797363 3.295339822769165 -1.679394668316995 0.21590320765972137
Van -1 -1 -1.87 685.546875 171.71728515625 816.0614013671875 271.0966491699219 2.0323469638824463 1.768555760383606 4.542819023132324 2.9894142150878906 1.7825952768325806 18.12921142578125 -1.7031662387234396 0.2127893716096878
Pedestrian -1 -1 -1.75 683.8667602539062 175.2313690185547 693.7545776367188 209.7073211669922 1.643642783164978 0.6126248240470886 0.49589934945106506 3.6634225845336914 1.6981592178344727 33.06193161010742 -1.6436241504657394 0.19506628811359406
Car -1 -1 -2.27 920.6156005859375 201.5842742919922 1173.251953125 362.5667724609375 1.4924838542938232 1.5139780044555664 3.466593027114868 2.7056708335876465 1.5528628826141357 3.27134108543396 -1.5768880972025379 0.1884714812040329
Car -1 -1 -0.74 635.3330078125 176.84423828125 663.2376708984375 201.2796173095703 1.6478972434997559 1.5917099714279175 4.0691633224487305 2.624664545059204 1.9183374643325806 51.612098693847656 -0.6899931927224463 0.1850612759590149
Car -1 -1 0.37 -7.489317893981934 216.40335083007812 151.12341403961182 377.5682373046875 1.4703214168548584 1.6717541217803955 4.147949695587158 -3.6052565574645996 1.6121049523353577 2.4661834239959717 -0.598168025615017 0.18444235622882843
Van -1 -1 1.82 630.3809814453125 175.8279571533203 654.1731567382812 199.26181030273438 2.079723596572876 1.7809463739395142 4.919323921203613 2.7239248752593994 2.047287106513977 58.52947998046875 1.8617856037238703 0.1820775866508484
Pedestrian -1 -1 -1.56 682.9002075195312 176.17123413085938 691.3739013671875 207.67169189453125 1.695521593093872 0.628038763999939 0.5236139893531799 3.6814661026000977 1.745695173740387 34.87215042114258 -1.4535158220753122 0.18083077669143677