Car -1 -1 -1.82 681.2205810546875 182.24874877929688 814.456298828125 279.59332275390625 1.5599876642227173 1.561506748199463 3.483705520629883 2.3877737522125244 1.7203784584999084 13.431197166442871 -1.6405532978773287 0.8779570460319519
Car -1 -1 -1.44 288.8748779296875 192.7137451171875 399.4350891113281 269.2596740722656 1.4258288145065308 1.6248202323913574 3.9552385807037354 -5.618542194366455 1.9242785573005676 15.770096778869629 -1.779453284617662 0.8705433011054993
Car -1 -1 -1.71 565.8780517578125 181.99717712402344 613.4280395507812 220.30723571777344 1.5342687368392944 1.6264270544052124 3.527883768081665 -0.9840346574783325 1.98825603723526 32.07033920288086 -1.7389590282814362 0.8504396080970764
Car -1 -1 0.98 864.073974609375 183.2804412841797 1235.8734130859375 374.9688415527344 1.5222821235656738 1.6624336242675781 4.2421441078186035 3.045943260192871 1.640633463859558 4.335882186889648 1.597086080035809 0.8404454588890076
Cyclist -1 -1 1.81 440.4578552246094 177.6710968017578 470.3363037109375 250.76644897460938 1.7268859148025513 0.5952488780021667 1.7717182636260986 -3.8704593181610107 1.8645640015602112 18.016483306884766 1.6011227425298493 0.816765308380127
Car -1 -1 -1.6 542.69921875 183.043212890625 577.5040893554688 210.69674682617188 1.5155749320983887 1.6066476106643677 3.34709095954895 -2.891021490097046 2.144677996635437 42.09397888183594 -1.6703600969796542 0.7396789193153381
Cyclist -1 -1 1.99 394.05462646484375 179.6448211669922 432.9260559082031 262.73040771484375 1.6952974796295166 0.5742014646530151 1.764370322227478 -4.3258891105651855 1.860451579093933 15.935624122619629 1.729625859373459 0.7319063544273376
Car -1 -1 1.76 343.2538757324219 187.82147216796875 421.45025634765625 246.20484924316406 1.5486643314361572 1.5898007154464722 3.8587610721588135 -6.668932914733887 2.027163505554199 21.29397964477539 1.4598122912986735 0.709588348865509
Car -1 -1 -1.76 619.8306884765625 177.4491424560547 724.6900024414062 242.7713623046875 1.4958369731903076 1.5910712480545044 3.4190540313720703 1.481972336769104 1.795212745666504 20.4337100982666 -1.6845816882451468 0.6835554242134094
Pedestrian -1 -1 2.49 400.1177673339844 178.3740234375 433.1344909667969 260.2747497558594 1.7842100858688354 0.6983036994934082 0.8580000400543213 -4.290928840637207 1.8827975988388062 15.97860336303711 2.2291237836751776 0.6735666990280151
Pedestrian -1 -1 1.96 440.93060302734375 177.8479766845703 470.66265869140625 247.73936462402344 1.7800415754318237 0.6618130803108215 0.7643204927444458 -3.863379716873169 1.8806964755058289 17.949539184570312 1.7501739366764335 0.5636648535728455
Pedestrian -1 -1 0.71 393.3631591796875 182.93177795410156 436.14794921875 260.0654296875 1.7547942399978638 0.6503108739852905 0.6928863525390625 -4.079073905944824 1.8579828143119812 15.083887100219727 0.44129307201354173 0.3952678442001343
Car -1 -1 -0.47 311.1812438964844 190.375732421875 410.83953857421875 259.2856140136719 1.4296259880065918 1.6050684452056885 3.7458369731903076 -5.446143627166748 1.8509544134140015 16.071006774902344 -0.7941477896085476 0.3861185908317566
Car -1 -1 1.65 358.440185546875 185.21864318847656 415.9005432128906 249.819091796875 1.573259949684143 1.571398138999939 3.704301357269287 -6.444391250610352 1.973051369190216 20.910717010498047 1.3533675741544675 0.3673211634159088
Car -1 -1 1.74 353.9241943359375 183.6853790283203 425.5562744140625 254.15554809570312 1.5463361740112305 1.585861325263977 3.65729022026062 -6.4838666915893555 2.016905665397644 20.75772476196289 1.4334514605431243 0.35280129313468933
Cyclist -1 -1 1.8 445.06292724609375 180.491455078125 468.8447570800781 245.9751434326172 1.7646229267120361 0.66611647605896 1.7501622438430786 -3.8903162479400635 1.8988219499588013 18.264406204223633 1.5925669303001184 0.33993712067604065
Car -1 -1 -2.33 400.1719055175781 180.28465270996094 433.8121643066406 260.6787109375 1.6624394655227661 1.5734846591949463 3.5518860816955566 -5.291592597961426 2.004043996334076 19.78751564025879 -2.5946660911831856 0.33933937549591064
Car -1 -1 -0.95 393.10919189453125 183.83047485351562 437.70977783203125 264.4249267578125 1.5407756567001343 1.5712876319885254 3.666555404663086 -5.196598529815674 1.9459883570671082 18.88991928100586 -1.2170654524104059 0.30825772881507874
Cyclist -1 -1 2.2 402.6165466308594 178.78570556640625 438.6059265136719 257.07501220703125 1.7179521322250366 0.6492905616760254 1.717980980873108 -4.243083477020264 1.8266280889511108 16.81805992126465 1.9482142598846721 0.29587024450302124
Car -1 -1 1.66 371.2645568847656 184.47779846191406 428.2862854003906 247.8787078857422 1.5675048828125 1.553579330444336 3.7299129962921143 -6.733478546142578 2.043191075325012 22.472721099853516 1.3736999484977437 0.2927621603012085
Cyclist -1 -1 -3.08 389.1650085449219 183.7875213623047 438.9774169921875 256.7624816894531 1.6490117311477661 0.5341060757637024 1.7625038623809814 -4.275993347167969 1.7951412796974182 15.494348526000977 2.9368007280293646 0.2896071672439575
Car -1 -1 -1.8 624.767822265625 180.1104278564453 706.156494140625 239.98013305664062 1.4864016771316528 1.5773000717163086 3.5440921783447266 1.4616639614105225 1.8007051348686218 20.804828643798828 -1.7317613604277877 0.2837115526199341
Car -1 -1 -2.01 414.4925231933594 181.83103942871094 444.74176025390625 227.3431854248047 1.5502642393112183 1.6096851825714111 3.798555374145508 -8.163723945617676 2.149639666080475 32.534942626953125 -2.259419911725912 0.27702853083610535
Car -1 -1 1.69 327.2596130371094 189.9860076904297 412.66754150390625 252.5096893310547 1.4486212730407715 1.5715550184249878 3.7431604862213135 -6.600957870483398 2.0237367153167725 20.850820541381836 1.3846560859438446 0.2656818926334381
Car -1 -1 -0.4 396.1551818847656 181.10838317871094 428.9797058105469 252.015625 1.632064938545227 1.537245273590088 3.664659261703491 -5.942075729370117 1.9972954392433167 20.881362915039062 -0.6793319923103636 0.2651994228363037
Car -1 -1 0.96 440.566162109375 178.11508178710938 471.47821044921875 249.9048309326172 1.7453384399414062 1.501145362854004 3.1289243698120117 -4.945897579193115 2.0184004306793213 22.525657653808594 0.7462993724905065 0.2634693682193756
Cyclist -1 -1 1.59 372.15191650390625 183.31044006347656 430.961181640625 257.0556945800781 1.7177720069885254 0.5758051872253418 1.7632684707641602 -4.619165420532227 1.9023593664169312 15.804155349731445 1.305026469653158 0.26025766134262085
Cyclist -1 -1 1.87 355.32666015625 184.93699645996094 422.89501953125 251.13075256347656 1.7929126024246216 0.5726066827774048 1.764349341392517 -5.058216094970703 1.963352620601654 16.92976188659668 1.5806085005833133 0.25772207975387573
Cyclist -1 -1 1.83 432.8647155761719 180.87713623046875 467.60052490234375 244.45704650878906 1.8199536800384521 0.6624146103858948 1.8022305965423584 -4.0797014236450195 1.937957525253296 18.735050201416016 1.617759960551119 0.256424218416214
Car -1 -1 -1.56 533.0155029296875 183.1151580810547 563.8795166015625 205.0493927001953 1.5450867414474487 1.6425280570983887 3.4927639961242676 -3.0788846015930176 2.1951059699058533 43.474952697753906 -1.6355750751791867 0.24725845456123352
Cyclist -1 -1 2.29 397.58563232421875 181.46774291992188 443.28369140625 260.91455078125 1.7365305423736572 0.5984998345375061 1.6999375820159912 -4.1139397621154785 1.9226785898208618 16.33183479309082 2.043174311415064 0.24545244872570038
Cyclist -1 -1 0.95 414.2196044921875 181.91720581054688 446.7218017578125 251.8040771484375 1.7470897436141968 0.5988940000534058 1.7184464931488037 -4.241889476776123 1.880314290523529 17.395061492919922 0.7082442807918916 0.24506209790706635
Car -1 -1 -1.7 622.6602783203125 183.76832580566406 691.2242431640625 237.65835571289062 1.437451958656311 1.5680299997329712 3.6467432975769043 1.46494722366333 1.7996907830238342 22.088594436645508 -1.6365148148412842 0.24180670082569122
Car -1 -1 0.34 377.69085693359375 181.65585327148438 433.54266357421875 256.8778991699219 1.5670498609542847 1.5847387313842773 3.586153507232666 -5.8235602378845215 1.9668485522270203 20.3529109954834 0.05869251055918534 0.24149388074874878
Pedestrian -1 -1 -2.98 402.1000061035156 179.47604370117188 437.4114990234375 249.79461669921875 1.7447054386138916 0.7249174118041992 0.792142927646637 -4.712253570556641 1.8958826065063477 18.528139114379883 3.053202709997624 0.24115823209285736
Pedestrian -1 -1 1.74 396.699462890625 179.40525817871094 429.99578857421875 245.46395874023438 1.7380739450454712 0.6264768838882446 0.6447668075561523 -4.851540565490723 1.827111303806305 17.920949935913086 1.4741126026402656 0.23770204186439514
Car -1 -1 -2.55 402.1000061035156 179.47604370117188 437.4114990234375 249.79461669921875 1.5429778099060059 1.5370768308639526 3.6730945110321045 -8.03050422668457 2.236147403717041 31.732282638549805 -2.8001175701488883 0.2319091260433197
Car -1 -1 -1.6 537.587890625 184.4046173095703 570.0301513671875 209.04847717285156 1.504085898399353 1.558210015296936 3.3982622623443604 -3.0398662090301514 2.1690574288368225 42.329856872558594 -1.6751866965326228 0.22786134481430054
Car -1 -1 -2.38 407.8831787109375 181.84437561035156 439.1631164550781 233.57737731933594 1.5345300436019897 1.6322708129882812 3.8057403564453125 -8.30832576751709 2.2164235711097717 33.371280670166016 -2.6229537719928135 0.21318185329437256
Car -1 -1 -1.6 527.5809936523438 183.31015014648438 556.897216796875 203.82977294921875 1.489245891571045 1.62332022190094 3.589707612991333 -4.438968181610107 2.2254759073257446 50.14332962036133 -1.6876970116160326 0.21209044754505157
Pedestrian -1 -1 -1.66 376.1643981933594 184.5659942626953 430.9853210449219 251.67568969726562 1.7543079853057861 0.6481426954269409 0.7757363319396973 -4.916480541229248 1.902831792831421 16.609527587890625 -1.9497905814785064 0.209207683801651
Pedestrian -1 -1 -1.23 353.9241943359375 183.6853790283203 425.5562744140625 254.15554809570312 1.7703474760055542 0.6600387096405029 0.6866111159324646 -4.901740074157715 1.9271158576011658 16.407577514648438 -1.5188581803405832 0.20522074401378632
Car -1 -1 -0.25 388.38037109375 180.4412078857422 437.3655090332031 250.48690795898438 1.6218219995498657 1.5864120721817017 3.538194417953491 -5.63853645324707 1.955943763256073 19.847999572753906 -0.5286869761150594 0.2016076296567917
Car -1 -1 0.89 1032.6680908203125 199.63795471191406 1248.915283203125 361.19000244140625 1.3993898630142212 1.5673191547393799 3.6710245609283447 5.587303638458252 1.777448832988739 6.566145896911621 1.592002691206094 0.19965872168540955
Car -1 -1 0.82 1085.42724609375 187.81536865234375 1236.8345947265625 359.1684875488281 1.4846724271774292 1.5806314945220947 3.7159903049468994 5.996435165405273 1.755432665348053 6.044619560241699 1.6020040532777111 0.19715386629104614
Cyclist -1 -1 -3.08 426.08599853515625 181.92086791992188 470.6956787109375 251.43560791015625 1.7004016637802124 0.5849231481552124 1.7535189390182495 -4.055134296417236 1.8838441967964172 17.88277244567871 2.98395469733029 0.1865740418434143
Car -1 -1 -1.7 617.9434814453125 182.84291076660156 675.9146728515625 233.2745361328125 1.360821008682251 1.5037992000579834 3.6269478797912598 1.241002082824707 1.8099677562713623 24.48351287841797 -1.6524608824010176 0.18513499200344086
Cyclist -1 -1 -0.95 382.86163330078125 184.33853149414062 431.7453308105469 252.59371948242188 1.7269771099090576 0.5476327538490295 1.7955939769744873 -5.004780292510986 1.9099940061569214 17.115541458129883 -1.23229708474297 0.1840488612651825
Cyclist -1 -1 1.48 423.4462585449219 181.44061279296875 455.776123046875 249.5890350341797 1.7413746118545532 0.5940479040145874 1.7317832708358765 -4.214955806732178 1.9004246592521667 17.985828399658203 1.2468502042225396 0.18095317482948303
Car -1 -1 -0.45 621.7849731445312 176.3972930908203 681.0225219726562 227.51416015625 1.4517632722854614 1.4492614269256592 3.5442636013031006 1.6159510612487793 1.8833728432655334 32.2143669128418 -0.40415299707513297 0.17051412165164948
Cyclist -1 -1 1.32 414.09417724609375 181.85755920410156 444.34320068359375 237.6135711669922 1.8137211799621582 0.6575093269348145 1.85163414478302 -4.882106304168701 1.9114084243774414 20.43095588684082 1.0839696818849358 0.1608557254076004
Pedestrian -1 -1 -2.75 414.09417724609375 181.85755920410156 444.34320068359375 237.6135711669922 1.7206714153289795 0.7021055817604065 0.7154597043991089 -4.801764965057373 1.8918893337249756 20.242937088012695 -2.979632050728063 0.15940198302268982
Cyclist -1 -1 1.39 419.76654052734375 181.7917022705078 451.73638916015625 242.0619354248047 1.6994057893753052 0.619239330291748 1.790822148323059 -4.537359237670898 1.8626338839530945 19.379364013671875 1.1620329708941028 0.1584767997264862
Car -1 -1 0.87 928.1836547851562 188.788818359375 1278.0589599609375 398.97698974609375 1.5155435800552368 1.708042025566101 4.854556083679199 2.6114327907562256 1.465427815914154 3.90544056892395 1.45578421353075 0.15679411590099335
Truck -1 -1 1.59 438.6751708984375 178.10015869140625 472.7455139160156 251.97744750976562 3.0998735427856445 2.539278745651245 7.561717510223389 -4.394024848937988 2.7041014432907104 20.745819091796875 1.3789333193427886 0.1477920562028885
Truck -1 -1 -1.39 397.4676818847656 177.08837890625 432.8717041015625 262.6470642089844 3.2564258575439453 2.559211492538452 7.563063621520996 -5.052748680114746 2.77504563331604 18.645668029785156 -1.6502328565853874 0.14568878710269928