Car -1 -1 -1.2 113.86417388916016 194.12216186523438 381.7548599243164 359.0451354980469 1.4564787149429321 1.554815649986267 3.415222644805908 -3.866765260696411 1.5937714576721191 8.41115951538086 -1.6279645955374757 0.8653555512428284
Car -1 -1 -1.61 564.1509399414062 177.99267578125 605.4307861328125 215.4130096435547 1.6456598043441772 1.7083916664123535 4.235008239746094 -1.089264988899231 1.3226584792137146 33.70179748535156 -1.644120975999651 0.8503515720367432
Car -1 -1 -1.04 55.68370819091797 187.7357177734375 241.63024139404297 273.1175537109375 1.5672383308410645 1.574167013168335 3.2715842723846436 -9.07717514038086 1.61696058511734 14.502981185913086 -1.6015193532162018 0.8479019999504089
Van -1 -1 -1.27 434.730224609375 144.7694091796875 523.5061645507812 230.39988708496094 2.6723508834838867 2.1050689220428467 6.163116455078125 -4.42746639251709 1.4126645997166634 26.101131439208984 -1.4422507386353676 0.7951998114585876
Van -1 -1 -1.22 274.5561218261719 142.79656982421875 412.95709228515625 239.13946533203125 2.4113917350769043 2.043308734893799 5.774805068969727 -8.05974292755127 1.3959567844867706 22.82015037536621 -1.5604068085068503 0.7861683368682861
Car -1 -1 -0.69 2.4020328521728516 193.9071807861328 75.60354042053223 322.2780456542969 1.4186758995056152 1.6100387573242188 3.831906318664551 -7.8732476234436035 1.560271441936493 7.64856481552124 -1.4948416976615855 0.7802621126174927
Truck -1 -1 -1.49 433.99530029296875 141.2265625 532.2515258789062 233.41790771484375 3.2840330600738525 2.481679916381836 7.948781967163086 -4.357099533081055 1.6446389632765204 26.827518463134766 -1.6553801325235762 0.6507431268692017
Van -1 -1 1.67 500.7327575683594 168.02365112304688 539.8121948242188 207.98802185058594 2.22430419921875 1.892871618270874 6.123243808746338 -5.301363945007324 1.2940772771835327 44.902103424072266 1.548177586729489 0.5965195298194885
Truck -1 -1 -1.35 274.9997863769531 141.90481567382812 409.1610412597656 242.1764373779297 3.2356460094451904 2.471574544906616 7.57489538192749 -8.809555053710938 1.8839038610458374 24.647241592407227 -1.696575163063879 0.574874758720398
Truck -1 -1 2.54 520.8673095703125 151.72769165039062 557.9837036132812 201.18759155273438 3.4437265396118164 2.5097343921661377 8.773391723632812 -5.129290580749512 1.0971667766571045 54.58759689331055 2.4510909913856436 0.389261931180954
Car -1 -1 -0.52 -11.727309226989746 187.62091064453125 83.45089817047119 322.9838562011719 1.5808037519454956 1.5951718091964722 3.9155988693237305 -7.916101455688477 1.6232653856277466 7.6652445793151855 -1.3198113533614837 0.36986979842185974
Car -1 -1 -0.69 57.08646011352539 186.74261474609375 292.87973403930664 300.4586181640625 1.401428461074829 1.5884162187576294 3.629694700241089 -9.007930755615234 1.5825916528701782 14.879539489746094 -1.2357954584599833 0.30935534834861755
Car -1 -1 1.96 379.30487060546875 183.94790649414062 432.01092529296875 219.161865234375 1.5147051811218262 1.6371630430221558 4.346802234649658 -9.344598770141602 1.54166579246521 33.73405456542969 1.6879314551588118 0.30377131700515747
Truck -1 -1 0.84 505.20782470703125 160.6928253173828 541.3145751953125 208.48741149902344 3.3283557891845703 2.46875262260437 7.827225685119629 -5.462795734405518 1.5959933027625084 47.44504928588867 0.7282456037125176 0.26614728569984436
Van -1 -1 -2.91 2.348390817642212 213.7085723876953 75.96406769752502 316.4850769042969 1.7696502208709717 1.830273985862732 4.202147960662842 -9.807785987854004 2.104033589363098 10.04799747467041 2.598700180749061 0.25833749771118164
Truck -1 -1 1.69 515.9179077148438 157.35610961914062 551.5279541015625 204.19639587402344 3.3845674991607666 2.458770513534546 8.805889129638672 -5.495670318603516 1.300472915172577 54.817955017089844 1.5862032395485306 0.25627079606056213
Van -1 -1 -0.54 350.0725402832031 174.2998504638672 429.7378845214844 222.39466857910156 1.8387404680252075 1.8410894870758057 5.060369491577148 -9.221587181091309 1.5187252163887024 30.447938919067383 -0.8334221256479282 0.25096395611763
Car -1 -1 -0.58 -6.8429951667785645 192.82534790039062 68.06991529464722 302.5626220703125 1.5421298742294312 1.5564875602722168 3.624605417251587 -6.704288959503174 1.4426279067993164 6.955514907836914 -1.3473259921998233 0.2485295683145523
Car -1 -1 0.78 724.6521606445312 173.5428009033203 1090.69775390625 375.95166015625 1.8304805755615234 1.6494672298431396 3.9918673038482666 1.6201233863830566 1.7392348051071167 2.7652859687805176 1.3073086973696029 0.24455884099006653
Car -1 -1 -1.17 83.0911865234375 186.6227569580078 367.9231872558594 339.9281311035156 1.3663080930709839 1.5271309614181519 3.4946541786193848 -3.858109951019287 1.423916757106781 8.17928409576416 -1.6137601188142003 0.2443699836730957
Van -1 -1 1.66 489.4590148925781 166.4755096435547 539.6317138671875 210.72779846191406 2.1695902347564697 1.9714558124542236 5.863122463226318 -5.0515923500061035 1.2888119965791702 40.2598876953125 1.5380122227605568 0.23834264278411865
Car -1 -1 -1.1 74.11703491210938 192.89865112304688 330.1788330078125 311.91949462890625 1.4528064727783203 1.6072986125946045 3.689335823059082 -5.06373929977417 1.6905359029769897 10.131110191345215 -1.5644188561011854 0.23076045513153076
Car -1 -1 1.68 500.72442626953125 170.15298461914062 541.9445190429688 209.2114715576172 1.831676959991455 1.6860146522521973 4.221790790557861 -5.0436859130859375 1.3496840000152588 42.27365493774414 1.5645185478453296 0.22850020229816437
Car -1 -1 1.55 390.2712097167969 184.45823669433594 458.0660705566406 214.47735595703125 1.4391112327575684 1.6887931823730469 4.18971586227417 -9.199453353881836 1.3849705457687378 36.702171325683594 1.309194748979312 0.2201354205608368
Van -1 -1 1.63 508.28448486328125 166.1182403564453 543.9039306640625 204.93528747558594 2.401092767715454 2.0430145263671875 5.863288402557373 -5.313657760620117 1.3414828032255173 45.887184143066406 1.5113233221354596 0.21977123618125916
Car -1 -1 -2.21 442.25848388671875 158.389892578125 524.62890625 229.8243408203125 2.02207350730896 1.7536133527755737 4.610790252685547 -4.084434986114502 1.4630542695522308 25.024568557739258 -2.371663387253891 0.21071583032608032
Truck -1 -1 1.73 524.3460083007812 157.12823486328125 555.6300048828125 199.9995880126953 3.4446327686309814 2.5669751167297363 9.542600631713867 -5.544753551483154 1.031201958656311 59.008338928222656 1.6394390180003269 0.20976987481117249
Car -1 -1 2.05 5.364150047302246 216.3134307861328 80.666579246521 316.1493835449219 1.3331331014633179 1.6368327140808105 3.948430299758911 -8.608501434326172 1.7515079379081726 8.575322151184082 1.263372103889444 0.2075088769197464
Car -1 -1 2.59 413.02703857421875 185.89698791503906 459.7500305175781 214.31182861328125 1.429685354232788 1.6314024925231934 4.322701454162598 -9.485525131225586 1.526549518108368 40.11807632446289 2.361607639977171 0.20393243432044983
Car -1 -1 1.81 245.5184326171875 179.68948364257812 309.280517578125 215.80140686035156 1.6515429019927979 1.542395830154419 3.479121208190918 -15.979562759399414 1.461070716381073 35.141021728515625 1.383078806697287 0.2019445300102234
Car -1 -1 -0.56 -3.8743317127227783 213.75344848632812 63.582295179367065 324.4071960449219 1.5783917903900146 1.572957158088684 3.7919023036956787 -7.646936416625977 1.756361722946167 7.81994104385376 -1.3303371296708848 0.19970376789569855
Car -1 -1 -1.36 360.1305236816406 183.68565368652344 432.2046813964844 220.8765411376953 1.5766284465789795 1.7278066873550415 4.500428199768066 -9.228862762451172 1.5626175999641418 31.74235725402832 -1.639407223031757 0.199700728058815
Van -1 -1 1.71 495.750732421875 162.7906036376953 545.587890625 210.25149536132812 2.239551544189453 1.9746102094650269 6.252782821655273 -5.297304153442383 1.2910975366830826 42.63847351074219 1.5851352883513714 0.19458140432834625
Van -1 -1 1.4 477.52301025390625 162.50509643554688 536.9409790039062 212.8214874267578 2.2787070274353027 1.9616296291351318 5.81805944442749 -5.010602951049805 1.3042415380477905 38.05331802368164 1.2650172897968748 0.18443013727664948
Car -1 -1 -1.35 350.98284912109375 177.5287322998047 429.244873046875 223.72994995117188 1.6310421228408813 1.7723488807678223 4.4867730140686035 -9.38516616821289 1.561416208744049 31.534032821655273 -1.6381713683605135 0.18249794840812683
Car -1 -1 -0.15 0.6905644536018372 197.54383850097656 84.1312306523323 302.6734924316406 1.4562017917633057 1.6607657670974731 4.300191402435303 -8.633359909057617 1.6203768253326416 8.525020599365234 -0.9417318964890953 0.18206028640270233
Van -1 -1 1.67 514.9411010742188 162.40798950195312 547.7022705078125 203.65170288085938 2.49111008644104 2.0663468837738037 5.599687099456787 -5.436319351196289 1.2396914782002568 51.2900390625 1.5613189560986092 0.17890594899654388
Car -1 -1 -2.52 397.6190185546875 185.51251220703125 444.2596130371094 217.54835510253906 1.4377374649047852 1.660870909690857 4.191092014312744 -9.312397003173828 1.465185821056366 36.36431121826172 -2.7691893918119614 0.17565447092056274
Van -1 -1 2.2 239.81674194335938 181.42526245117188 314.7466125488281 218.86077880859375 1.834197759628296 1.8945426940917969 4.503849983215332 -17.05021095275879 1.5475619435310364 37.221351623535156 1.7678249378445656 0.1701914370059967
Truck -1 -1 1.56 511.83587646484375 165.73342895507812 549.2371215820312 206.39134216308594 3.1951730251312256 2.450620174407959 8.4768705368042 -5.189509868621826 1.4821674898266792 52.821502685546875 1.4580601546477236 0.1684039682149887