Car -1 -1 -1.39 409.3533935546875 179.76968383789062 513.104736328125 253.0672607421875 1.4732720851898193 1.6635876893997192 4.206362724304199 -3.3241915702819824 1.4039470553398132 17.245641708374023 -1.5761220063775934 0.9005335569381714
Car -1 -1 -1.56 554.320068359375 175.9873046875 626.4561157226562 240.84829711914062 1.6281124353408813 1.6857166290283203 3.8854877948760986 -0.4463447034358978 1.3602486848831177 19.643152236938477 -1.5839092817682232 0.8883638978004456
Car -1 -1 -1.29 255.10304260253906 192.5845489501953 464.54107666015625 318.36865234375 1.3663365840911865 1.6392886638641357 4.106914520263672 -3.1481833457946777 1.477050006389618 10.120404243469238 -1.5948955656393125 0.8709405064582825
Car -1 -1 -1.46 471.3027038574219 173.16567993164062 536.169677734375 227.14044189453125 1.660190224647522 1.699908971786499 4.335913181304932 -3.4618773460388184 1.307502418756485 24.59185028076172 -1.6024108926407594 0.8539097309112549
Car -1 -1 -1.2 273.1431579589844 181.118408203125 370.5135498046875 237.6669464111328 1.5080896615982056 1.5699042081832886 3.1537506580352783 -8.04635238647461 1.4489733576774597 20.54121208190918 -1.5692314514333479 0.8007432818412781
Car -1 -1 -1.45 517.50341796875 176.5934600830078 559.6229858398438 211.31256103515625 1.5791295766830444 1.69194757938385 4.462724208831787 -3.3258495330810547 1.20732781291008 34.72658157348633 -1.5503948830509646 0.7639744877815247
Car -1 -1 1.84 252.40899658203125 185.30117797851562 318.6871032714844 220.8812713623047 1.4297479391098022 1.5661489963531494 3.6865859031677246 -13.72996711730957 1.4103944301605225 30.97502899169922 1.4198371267581855 0.741861879825592
Truck -1 -1 2.45 20.076183319091797 -4.817758560180664 279.65107345581055 363.99571800231934 3.322303295135498 2.316410541534424 7.654356956481934 -3.7931408882141113 1.7109192907810211 3.313455104827881 1.5953110852052426 0.7281779646873474
Car -1 -1 2.62 258.60675048828125 182.08181762695312 343.9886779785156 224.47569274902344 1.5237393379211426 1.6111482381820679 3.3482117652893066 -11.860279083251953 1.4212075471878052 27.536537170410156 2.215030982555003 0.44099095463752747
Car -1 -1 -1.54 397.12847900390625 174.90097045898438 442.0198974609375 212.1243896484375 1.5674546957015991 1.6340328454971313 3.899116277694702 -9.268091201782227 1.2005233466625214 35.67173385620117 -1.7929230393649584 0.38226011395454407
Car -1 -1 -1.32 264.1169738769531 185.74583435058594 445.9959411621094 296.99676513671875 1.4239751100540161 1.6152960062026978 3.681993246078491 -3.7524757385253906 1.4135807752609253 11.086599349975586 -1.641904129003077 0.3822348415851593
Van -1 -1 2.36 11.301873207092285 -10.970067977905273 284.6102228164673 376.2195682525635 2.4640393257141113 2.088067054748535 6.123469829559326 -3.673943281173706 1.6549938023090363 3.18754243850708 1.5042806758284977 0.37594127655029297
Van -1 -1 2.3 3.715590715408325 77.10595703125 287.4252464771271 378.0028991699219 2.140003204345703 1.9376143217086792 5.051659107208252 -3.551306962966919 1.5062281489372253 3.4167532920837402 1.4972650449420346 0.34108275175094604
Car -1 -1 -1.49 263.7579650878906 182.09649658203125 353.4981384277344 231.87403869628906 1.4400548934936523 1.5665215253829956 3.227372884750366 -9.696301460266113 1.456721007823944 23.453346252441406 -1.8791844266556277 0.3288364112377167
Truck -1 -1 2.25 4.009162425994873 21.20894432067871 271.94760847091675 301.88622093200684 3.2683022022247314 2.312462091445923 7.882932186126709 -4.643716812133789 1.5169155448675156 4.354743480682373 1.429488483998453 0.3238101601600647
Car -1 -1 0.78 773.5079956054688 240.0535888671875 1048.8804931640625 368.87799072265625 1.5070164203643799 1.6126058101654053 3.800694704055786 0.9587070941925049 1.724569857120514 2.5148627758026123 1.141392654831039 0.3198339641094208
Truck -1 -1 2.2 -1.594870686531067 68.55165100097656 289.1448448896408 372.9613800048828 3.0599417686462402 2.2704761028289795 7.441819190979004 -3.436856746673584 1.7560436874628067 3.356844902038574 1.399685633482 0.31349483132362366
Car -1 -1 2.28 2.0723986625671387 118.25164794921875 289.2421679496765 380.2692565917969 1.4706244468688965 1.6527631282806396 4.11468505859375 -3.989745855331421 1.4974509477615356 3.9173455238342285 1.4852434641704502 0.3093453645706177
Car -1 -1 -1.41 433.3602294921875 175.8690643310547 520.9960327148438 247.2615509033203 1.582627773284912 1.6674996614456177 4.258822917938232 -3.2866690158843994 1.4109293818473816 17.936656951904297 -1.5960047020979822 0.3037882447242737
Car -1 -1 -1.17 281.6225891113281 180.5248260498047 379.5595703125 229.16468811035156 1.5199354887008667 1.596445083618164 3.4318013191223145 -8.447691917419434 1.4253821969032288 21.700756072998047 -1.5408670714619266 0.29577702283859253
Van -1 -1 -1.46 471.9376525878906 171.72669982910156 537.5098266601562 226.65748596191406 1.8395792245864868 1.7952393293380737 4.444389820098877 -3.718109130859375 1.4196215867996216 26.534494400024414 -1.6033292638139294 0.29283377528190613
Van -1 -1 2.37 9.656718254089355 10.084030151367188 269.8573408126831 316.5466766357422 2.461069107055664 2.127408027648926 5.910303592681885 -3.5248639583587646 1.4997672736644745 3.6675329208374023 1.6078488187804805 0.2700633406639099
Car -1 -1 0.81 710.3666381835938 218.14306640625 1055.6602783203125 375.52447509765625 1.6692036390304565 1.5841788053512573 3.5562214851379395 1.4166131019592285 1.6932807564735413 2.8611841201782227 1.2730778594628518 0.26576825976371765
Car -1 -1 0.71 798.2084350585938 225.38906860351562 1082.14599609375 373.43792724609375 1.5472153425216675 1.6571663618087769 4.161026477813721 2.4648685455322266 1.7655195593833923 2.4393508434295654 1.5010079932921423 0.23727639019489288
Truck -1 -1 2.33 35.726348876953125 41.36046600341797 297.4739685058594 335.6198959350586 2.961433172225952 2.342480421066284 8.20932674407959 -4.588633060455322 1.5851124823093414 5.321958541870117 1.6234318141214086 0.22758594155311584
Car -1 -1 -1.26 206.803955078125 180.59091186523438 439.6476745605469 317.6161193847656 1.4478763341903687 1.569044828414917 3.7812912464141846 -3.4578752517700195 1.5925795435905457 9.89352798461914 -1.594589348836795 0.2216813713312149
Car -1 -1 -1.43 460.1549377441406 179.42965698242188 532.6199340820312 235.52268981933594 1.5500797033309937 1.650426983833313 4.138699531555176 -3.3963897228240967 1.3469536304473877 23.938249588012695 -1.5680925851428889 0.21951860189437866
Car -1 -1 2.03 253.86102294921875 182.12213134765625 332.176025390625 219.61257934570312 1.4963828325271606 1.5799860954284668 3.6747946739196777 -12.426977157592773 1.365721046924591 28.56374740600586 1.6232365783513254 0.2153266966342926
Truck -1 -1 2.6 -17.717769622802734 -65.46563720703125 303.18063735961914 385.0777893066406 3.4836578369140625 2.4778788089752197 7.684809684753418 -5.909323215484619 1.7942472472786903 5.080538749694824 1.7366102639540442 0.21503816545009613
Car -1 -1 -1.15 271.0654296875 179.9755401611328 394.3594055175781 257.7334899902344 1.5059000253677368 1.5966153144836426 3.695052146911621 -8.157255172729492 1.541020154953003 21.53185272216797 -1.511814772194196 0.21415357291698456
Car -1 -1 -1.57 482.1644592285156 177.041259765625 538.3029174804688 226.5453338623047 1.5748732089996338 1.6697999238967896 4.13236141204834 -3.407625675201416 1.3256497979164124 25.657312393188477 -1.6991371480056525 0.2128165066242218
Pedestrian -1 -1 0.8 412.3426208496094 179.7105255126953 510.0419616699219 256.1030578613281 1.7513622045516968 0.6157540678977966 0.8899648785591125 -2.757303476333618 1.4949292540550232 14.182206153869629 0.6031435076123675 0.21035119891166687
Car -1 -1 -1.58 569.847412109375 176.60775756835938 628.9639282226562 228.9989013671875 1.6668312549591064 1.6913807392120361 4.219890117645264 -0.4131021797657013 1.4336011409759521 26.757410049438477 -1.595145559128035 0.20988181233406067
Car -1 -1 2.38 2.1472766399383545 188.83299255371094 291.99124026298523 370.15185546875 1.6053520441055298 1.7062560319900513 4.3349833488464355 -3.5163371562957764 1.6406367421150208 3.6678807735443115 1.6156040673280323 0.20931467413902283
Car -1 -1 0.7 756.1875610351562 214.4832305908203 1025.82666015625 360.2121887207031 1.5647823810577393 1.6629215478897095 4.1559672355651855 2.607083797454834 1.77126944065094 2.4280056953430176 1.5168880457546337 0.19962772727012634
Car -1 -1 -1.58 561.1611938476562 175.3907470703125 621.8221435546875 231.64801025390625 1.5855515003204346 1.6737303733825684 3.9470603466033936 -0.497285395860672 1.2505209743976593 19.661643981933594 -1.608668304183265 0.1924908310174942
Car -1 -1 -1.94 172.66845703125 33.15613555908203 225.98501586914062 67.32239532470703 1.5840027332305908 1.61788010597229 3.3119397163391113 -18.79330825805664 -4.784960627555847 32.39805603027344 -2.462103365430604 0.18150858581066132
Cyclist -1 -1 2.23 12.953496932983398 34.02300262451172 288.9697322845459 372.4144515991211 2.0384199619293213 0.6056156158447266 2.0700581073760986 -2.0203135013580322 1.3514975011348724 2.407311201095581 1.5324457420062387 0.18133489787578583
Pedestrian -1 -1 2.98 12.953496932983398 34.02300262451172 288.9697322845459 372.4144515991211 2.1622118949890137 0.6148127913475037 0.8909920454025269 -3.3491060733795166 1.7188439965248108 4.838925361633301 2.3751949265012797 0.1635001301765442
Car -1 -1 -1.15 275.2662658691406 181.5225372314453 419.7178039550781 271.82928466796875 1.4416334629058838 1.6076462268829346 3.6184511184692383 -7.146257400512695 1.517441749572754 19.642284393310547 -1.5006283142294157 0.15924106538295746