Car -1 -1 2.05 156.71554565429688 192.36279296875 347.6221008300781 279.0160217285156 1.439693570137024 1.595033884048462 3.9428861141204834 -6.853514671325684 1.856382429599762 14.25834846496582 1.6001605106566155 0.8824375867843628
Car -1 -1 2.49 456.3536071777344 178.02572631835938 609.2772827148438 229.70997619628906 1.5674574375152588 1.7311066389083862 4.635848522186279 -2.445873737335205 1.737063705921173 23.368303298950195 2.381467595083354 0.8358705043792725
Car -1 -1 -0.82 1172.584228515625 156.6559295654297 1242.2086181640625 227.56333923339844 1.6060376167297363 1.6468877792358398 3.96868896484375 14.940023422241211 1.2204172313213348 15.969968795776367 -0.06566366343810559 0.7961627840995789
Car -1 -1 2.53 475.86724853515625 179.82537841796875 598.22607421875 220.80152893066406 1.550986409187317 1.6760759353637695 4.394686698913574 -2.675994873046875 1.784762442111969 24.973031997680664 2.4237854214008294 0.3678824007511139
Van -1 -1 2.59 455.9989929199219 177.39910888671875 610.6536254882812 228.28041076660156 1.648051142692566 1.7138736248016357 4.083235263824463 -2.574155330657959 1.7872771620750427 23.758333206176758 2.4809477707496015 0.2615192234516144
Van -1 -1 -0.78 1171.750244140625 151.89085388183594 1240.917236328125 230.0957794189453 1.7868571281433105 1.763948678970337 4.255738258361816 15.853759765625 1.2735064327716827 17.0427303314209 -0.02691065292662076 0.2555525004863739
Car -1 -1 2.48 485.09149169921875 179.22630310058594 592.51025390625 214.76820373535156 1.5278419256210327 1.625121831893921 4.3741350173950195 -3.1004369258880615 1.8384143710136414 28.012277603149414 2.3732925916636294 0.2202840894460678
Cyclist -1 -1 -0.4 1175.1920166015625 154.0951690673828 1241.701416015625 230.1705780029297 1.68058443069458 0.67344731092453 1.8949503898620605 12.325730323791504 1.2628032267093658 14.002436637878418 0.3254857107442177 0.2179979830980301
Car -1 -1 -2.83 465.6316833496094 179.65545654296875 576.958984375 219.94815063476562 1.4071455001831055 1.6874167919158936 4.321993350982666 -3.330554246902466 1.776289701461792 28.125749588012695 -2.9469549958201533 0.21077372133731842
Car -1 -1 2.61 487.7760009765625 180.53472900390625 610.6173706054688 224.6740264892578 1.4804397821426392 1.6924371719360352 4.54434871673584 -2.5815091133117676 1.8297039866447449 28.103923797607422 2.5167457634951536 0.20787160098552704
Car -1 -1 -1.24 498.7781677246094 180.18235778808594 602.9033813476562 213.39468383789062 1.5297399759292603 1.6581408977508545 4.533198833465576 -2.8640389442443848 1.891069233417511 32.96992492675781 -1.326328335358844 0.20645101368427277
Car -1 -1 -2.55 1193.9208984375 243.2152557373047 1234.8369140625 375.24725341796875 1.5418270826339722 1.5886027812957764 3.712740898132324 2.2015793323516846 1.3617854714393616 1.3055766820907593 -1.5170537006466214 0.17444108426570892
Car -1 -1 -2.63 1189.9493408203125 186.2254638671875 1238.2484130859375 371.7032165527344 1.484500527381897 1.7073097229003906 3.9855151176452637 2.0927577018737793 1.2048395276069641 1.193576455116272 -1.5742480732300752 0.1688106209039688
Car -1 -1 -2.34 1191.6707763671875 217.73849487304688 1241.0479736328125 360.92755126953125 1.7221113443374634 1.6418999433517456 3.889688014984131 2.6376285552978516 1.5091597437858582 1.8160579204559326 -1.3755719952564647 0.1488511562347412
Car -1 -1 -2.48 1173.6597900390625 199.86427307128906 1241.7320556640625 380.81341552734375 1.6402583122253418 1.5989643335342407 3.7266995906829834 2.5264337062835693 1.513796627521515 1.4820605516433716 -1.443229999539449 0.14453615248203278
Car -1 -1 -2.62 1208.340576171875 224.5758514404297 1237.0452880859375 384.2546081542969 1.5358502864837646 1.6178752183914185 3.759202480316162 1.9689853191375732 1.2686535120010376 1.0879597663879395 -1.5493824145591528 0.13365432620048523
Car -1 -1 -2.29 1197.37744140625 198.42054748535156 1241.35595703125 346.3113098144531 1.6643818616867065 1.611481785774231 3.8158185482025146 3.1650853157043457 1.5007555484771729 2.294102668762207 -1.346421273249283 0.12115949392318726