Pedestrian -1 -1 1.05 699.3540649414062 140.63002014160156 777.28857421875 329.96051025390625 1.7634201049804688 0.6356666684150696 0.6681827902793884 1.3197190761566162 1.3601750135421753 6.863198280334473 1.2402271138862009 0.8282685279846191
Pedestrian -1 -1 1.14 785.0895385742188 139.5887908935547 856.5502319335938 319.61328125 1.788521409034729 0.6133537292480469 0.5907884836196899 2.226775884628296 1.3542710542678833 7.361018657684326 1.4367073438903137 0.8128688931465149
Pedestrian -1 -1 1.39 586.6298217773438 140.2424774169922 617.5416259765625 222.8656463623047 1.7912541627883911 0.6379261612892151 0.6851383447647095 -0.08129452168941498 0.9132759012281895 15.04639720916748 1.3818664985991056 0.7708984613418579
Pedestrian -1 -1 0.95 678.9672241210938 146.24085998535156 699.92041015625 203.47152709960938 1.6323288679122925 0.5944147109985352 0.4550853669643402 2.391273021697998 0.6537981182336807 19.87824249267578 1.0685809247293445 0.7511532306671143
Pedestrian -1 -1 1.4 478.24481201171875 139.60629272460938 504.4939270019531 212.0287628173828 1.7919793128967285 0.6820066571235657 0.5837474465370178 -2.768782138824463 0.8163388222455978 17.590669631958008 1.246919348353373 0.7222543954849243
Pedestrian -1 -1 1.64 548.2726440429688 140.31292724609375 577.8464965820312 225.94825744628906 1.736615777015686 0.6408003568649292 0.7041767835617065 -0.8799718022346497 0.9423448070883751 14.847931861877441 1.580826428597927 0.7005169987678528
Pedestrian -1 -1 1.57 508.6802978515625 142.20509338378906 533.6073608398438 217.68553161621094 1.7735267877578735 0.6885573863983154 0.8210703730583191 -1.9785478115081787 0.8693251758813858 17.060163497924805 1.4512370211991525 0.6749060153961182
Pedestrian -1 -1 1.67 546.82421875 140.86279296875 574.3405151367188 215.31475830078125 1.8106006383895874 0.649666428565979 0.6815037131309509 -1.2328871488571167 0.7903202548623085 18.103837966918945 1.6055025760777903 0.6682254076004028
Pedestrian -1 -1 2.33 454.38323974609375 141.89382934570312 483.3982849121094 216.35643005371094 1.8276020288467407 0.6657394170761108 0.6764765977859497 -3.3209660053253174 0.8981908988207579 17.51332664489746 2.1464240146304414 0.6239547729492188
Cyclist -1 -1 2.28 427.5129089355469 142.9323272705078 465.7794494628906 212.4968719482422 1.7124699354171753 0.6645458936691284 1.7520097494125366 -4.432783126831055 0.8005713261663914 20.160634994506836 2.0680921837706583 0.5914479494094849
Pedestrian -1 -1 0.78 234.6767120361328 133.84518432617188 315.8361511230469 302.05474853515625 1.7826396226882935 0.6434378027915955 0.7491359710693359 -3.7678110599517822 1.3353122770786285 8.157041549682617 0.3455326678979631 0.5570349097251892
Cyclist -1 -1 2.29 433.8926696777344 143.6855010986328 472.1104736328125 210.7211456298828 1.805285930633545 0.6990705132484436 1.717606544494629 -4.472074031829834 0.7976511716842651 20.713064193725586 2.0735110822264984 0.556194543838501
Cyclist -1 -1 2.51 448.693603515625 142.20729064941406 488.39752197265625 212.2842254638672 1.9161760807037354 0.637920618057251 1.7141653299331665 -4.179283618927002 0.7415619641542435 21.569704055786133 2.3178637791182988 0.5393767952919006
Cyclist -1 -1 2.63 444.8505554199219 144.101806640625 484.6754150390625 205.562255859375 1.917647361755371 0.7425308227539062 1.6065444946289062 -4.733061790466309 0.5508638024330139 24.271333694458008 2.4375835884287858 0.530427098274231
Pedestrian -1 -1 -3.11 430.5426940917969 143.54026794433594 468.56787109375 213.95008850097656 1.8528748750686646 0.6500596404075623 0.6126298904418945 -4.159121513366699 0.8798426873981953 19.04383087158203 2.962963879042521 0.5132293701171875
Pedestrian -1 -1 2.21 435.5867614746094 143.95367431640625 462.2990417480469 213.6683807373047 1.820709466934204 0.648064136505127 0.5773534774780273 -4.103307247161865 0.8724122829735279 18.649656295776367 1.9947449738298166 0.5017987489700317
Cyclist -1 -1 0.47 428.3929443359375 141.967529296875 475.2171325683594 217.22756958007812 1.8412446975708008 0.6707313060760498 1.7149821519851685 -4.393563747406006 0.8082914277911186 20.274654388427734 0.2581440488247395 0.48666226863861084
Pedestrian -1 -1 1.64 571.0993041992188 144.45558166503906 590.8603515625 208.0911865234375 1.7705789804458618 0.6391051411628723 0.6150032877922058 -0.5890158414840698 0.7669633477926254 18.788053512573242 1.6039258048834029 0.48081448674201965
Cyclist -1 -1 2.15 439.93316650390625 144.1983642578125 476.7486877441406 203.35940551757812 1.8790836334228516 0.650226354598999 1.7171952724456787 -5.08886194229126 0.6589635014533997 24.467988967895508 1.9412864210488188 0.47991225123405457
Pedestrian -1 -1 1.59 559.393798828125 142.49307250976562 584.9187622070312 213.2210693359375 1.7751109600067139 0.6678054928779602 0.5339320302009583 -0.7333788871765137 0.7614026963710785 17.68980598449707 1.5488742586109776 0.4671711325645447
Pedestrian -1 -1 2.79 448.367919921875 142.12802124023438 478.1684875488281 213.00184631347656 1.798779010772705 0.6665376424789429 0.6898864507675171 -3.376182794570923 0.851248987019062 17.338726043701172 2.5988944050251153 0.4657006859779358
Pedestrian -1 -1 1.67 554.6370849609375 142.57730102539062 579.4664306640625 211.8990478515625 1.776176929473877 0.6539156436920166 0.6336861848831177 -0.9147375226020813 0.7618786245584488 18.149633407592773 1.6178079578949482 0.45580020546913147
Pedestrian -1 -1 0.75 269.6144104003906 142.58444213867188 307.1308898925781 231.97860717773438 1.7868915796279907 0.6313713192939758 0.5555723309516907 -6.46506404876709 1.0376392751932144 14.533317565917969 0.33474374995077527 0.455760657787323
Cyclist -1 -1 -2.99 474.26116943359375 142.01097106933594 506.771728515625 209.05422973632812 1.9771126508712769 0.6604326367378235 1.670435905456543 -3.6971874237060547 0.7570305615663528 22.351030349731445 3.132296962720618 0.43631649017333984
Pedestrian -1 -1 1.76 565.2247924804688 143.5347900390625 587.2249755859375 208.15528869628906 1.783779263496399 0.655924379825592 0.648482084274292 -0.6410888433456421 0.7615248560905457 18.669921875 1.721130124945339 0.4281271696090698
Pedestrian -1 -1 -2.56 445.6856689453125 143.41476440429688 483.71295166015625 206.2895965576172 1.876280665397644 0.7073400616645813 0.6289289593696594 -3.813633680343628 0.7768628299236298 19.85603904724121 -2.7479011553510606 0.42578309774398804
Pedestrian -1 -1 1.38 514.4793090820312 140.84561157226562 536.67919921875 207.3494110107422 1.7574297189712524 0.6704350709915161 0.7548166513442993 -2.029597043991089 0.6962717920541763 18.21875 1.2695402079303406 0.4251880645751953
Pedestrian -1 -1 2.73 443.5999755859375 141.1419677734375 481.6371765136719 221.40602111816406 1.8029626607894897 0.68631911277771 0.7205826044082642 -3.40145206451416 0.9157498842105269 17.11187744140625 2.5304779234488812 0.419839471578598
Pedestrian -1 -1 2.2 442.6263122558594 143.37428283691406 468.81927490234375 213.72364807128906 1.7841885089874268 0.6453853249549866 0.6767552495002747 -3.8705036640167236 0.8598568215966225 18.45352554321289 1.992953557624677 0.41880103945732117
Pedestrian -1 -1 -2.72 439.3694763183594 144.2396697998047 477.32171630859375 212.12205505371094 1.8131846189498901 0.6476600170135498 0.660151481628418 -3.942274332046509 0.8586308397352695 19.092201232910156 -2.920920542861195 0.4187147319316864
Pedestrian -1 -1 1.53 584.63037109375 137.7744903564453 612.6001586914062 219.31590270996094 1.7245997190475464 0.6346768736839294 0.6118142008781433 -0.19617071747779846 0.7995190694928169 16.412090301513672 1.5146766999455092 0.41675931215286255
Pedestrian -1 -1 1.9 544.4072875976562 141.4561767578125 568.3441772460938 208.03152465820312 1.8238180875778198 0.6601612567901611 0.7865445017814636 -1.2420847415924072 0.7452464699745178 18.302749633789062 1.837073287747443 0.4111102521419525
Pedestrian -1 -1 1.42 577.6654663085938 138.674072265625 600.4066772460938 213.18849182128906 1.7661056518554688 0.6161786913871765 0.6172529458999634 -0.5171898603439331 0.7614660635590553 18.83509063720703 1.3901634897821218 0.4050816297531128
Pedestrian -1 -1 1.3 509.9266052246094 140.3297882080078 538.6795043945312 209.2731170654297 1.8102116584777832 0.6717527508735657 0.6517109870910645 -2.103304624557495 0.6841897517442703 19.609886169433594 1.1922027953676277 0.40183719992637634
Pedestrian -1 -1 1.18 775.7008666992188 138.7045135498047 847.8516235351562 313.5864562988281 1.7360587120056152 0.6450336575508118 0.6882562041282654 2.2052805423736572 1.3388999998569489 7.398616313934326 1.472484100495195 0.4011703133583069
Cyclist -1 -1 -3.06 453.9654846191406 142.3252410888672 483.6508483886719 214.9049072265625 1.8313630819320679 0.5876084566116333 1.7078487873077393 -3.635535717010498 0.8505666255950928 19.032011032104492 3.034896937220097 0.3969096839427948
Pedestrian -1 -1 1.49 484.9610290527344 140.91363525390625 511.2514343261719 210.72476196289062 1.8318120241165161 0.6612015962600708 0.6321751475334167 -3.0322625637054443 0.7959451526403427 20.328872680664062 1.3396681690275312 0.39314696192741394
Cyclist -1 -1 1.0 441.1636657714844 142.23764038085938 480.61126708984375 212.50804138183594 1.89180326461792 0.6458925604820251 1.7594876289367676 -4.207867622375488 0.7875016927719116 20.669832229614258 0.7971383448729021 0.3928965628147125
Pedestrian -1 -1 1.4 573.6448974609375 140.46041870117188 594.9036254882812 212.42816162109375 1.7729871273040771 0.611823320388794 0.5148119926452637 -0.46708428859710693 0.8034750074148178 17.764318466186523 1.3781313991104476 0.3838741183280945
Cyclist -1 -1 2.64 444.201416015625 143.03317260742188 472.5372314453125 212.95733642578125 1.845690369606018 0.6251547336578369 1.7271668910980225 -4.465953350067139 0.7685571014881134 21.559268951416016 2.440727636841305 0.38144752383232117
Pedestrian -1 -1 1.82 472.2099609375 144.29173278808594 505.964111328125 210.5995635986328 1.8931270837783813 0.7135409712791443 0.6657941937446594 -2.881950855255127 0.8958143144845963 17.74923324584961 1.6634683552197913 0.38086143136024475
Pedestrian -1 -1 1.8 466.4259033203125 141.83006286621094 495.2351989746094 210.7797088623047 1.7886611223220825 0.640173614025116 0.8066670894622803 -3.259645462036133 0.8464656807482243 18.326702117919922 1.6191300335412517 0.3771088421344757
Cyclist -1 -1 1.45 483.3793640136719 139.81556701660156 515.3921508789062 197.60198974609375 1.8667317628860474 0.6512587070465088 1.675059199333191 -3.597578287124634 0.470586359500885 24.439319610595703 1.30410205413029 0.374301940202713
Pedestrian -1 -1 1.33 580.0347900390625 138.5728302001953 608.8042602539062 217.53443908691406 1.7618499994277954 0.6347155570983887 0.5948000550270081 -0.3047359585762024 0.8251076899468899 16.602706909179688 1.3125868988044438 0.372275710105896
Pedestrian -1 -1 1.41 578.9055786132812 142.61099243164062 604.634521484375 211.55308532714844 1.6928633451461792 0.6079981923103333 0.7177489399909973 -0.3753837049007416 0.7497344017028809 17.90496826171875 1.387119617299792 0.36224791407585144
Cyclist -1 -1 2.95 435.5867614746094 143.95367431640625 462.2990417480469 213.6683807373047 1.7659591436386108 0.6229507327079773 1.7457318305969238 -4.526126861572266 0.7963182553648949 20.561952590942383 2.7289823909867543 0.3572397530078888
Pedestrian -1 -1 2.2 506.2968444824219 145.63568115234375 539.776123046875 216.38844299316406 1.8117001056671143 0.6592758893966675 0.821250319480896 -1.91604483127594 0.9409762248396873 16.872406005859375 2.08965495025927 0.35390329360961914
Pedestrian -1 -1 0.9 715.6430053710938 143.9613800048828 791.6322021484375 325.4315490722656 1.7482131719589233 0.633342444896698 0.7734444737434387 1.5453532934188843 1.3440138697624207 6.679272651672363 1.130913317833084 0.35229092836380005
Pedestrian -1 -1 0.94 731.2793579101562 144.5945281982422 807.5121459960938 322.2030029296875 1.6959259510040283 0.6156448721885681 0.8399373292922974 1.862464189529419 1.353653371334076 7.236405372619629 1.1944032127873774 0.3511405289173126
Pedestrian -1 -1 1.19 492.6714782714844 141.24986267089844 515.3895263671875 203.46116638183594 1.8361592292785645 0.6395577192306519 0.6916573643684387 -2.9998602867126465 0.7160171866416931 20.20840072631836 1.0398650821881867 0.3410326838493347
Pedestrian -1 -1 2.46 435.1396789550781 138.73355102539062 475.4725341796875 223.57623291015625 1.818458080291748 0.672402560710907 0.6974234580993652 -3.747384548187256 0.9290022850036621 17.7315731048584 2.252481588269207 0.33801499009132385
Cyclist -1 -1 0.63 432.73065185546875 140.12835693359375 483.1337585449219 229.3672332763672 1.7762850522994995 0.5956211686134338 1.7185704708099365 -2.6511411666870117 1.0256976336240768 12.653026580810547 0.42161829414956564 0.33290648460388184
Pedestrian -1 -1 0.91 760.1190795898438 143.49928283691406 840.0767822265625 320.9123229980469 1.6834397315979004 0.6153505444526672 0.7841649651527405 1.9660758972167969 1.3274620175361633 7.106652736663818 1.1844813819841207 0.33110979199409485
Pedestrian -1 -1 1.85 499.2742004394531 141.85394287109375 523.7750854492188 207.27700805664062 1.8755133152008057 0.6528015732765198 0.578467607498169 -2.854218006134033 0.7334151566028595 20.634708404541016 1.7133939900685213 0.3168812394142151
Pedestrian -1 -1 1.66 504.6676940917969 142.4446258544922 529.4297485351562 207.32168579101562 1.8188730478286743 0.6607159972190857 0.7457894682884216 -2.41489577293396 0.7531424313783646 19.227081298828125 1.5357210323311037 0.31177836656570435
Pedestrian -1 -1 3.02 455.5853271484375 144.1196746826172 489.8648986816406 209.24139404296875 1.7986812591552734 0.6581950783729553 0.6428241729736328 -3.487532377243042 0.8185956105589867 19.25432586669922 2.835956155206656 0.3104652762413025
Pedestrian -1 -1 1.73 553.903076171875 140.14161682128906 586.383544921875 216.73269653320312 1.7412467002868652 0.6307492852210999 0.6133762001991272 -0.7362195253372192 0.7543564960360527 17.979230880737305 1.6939824411735085 0.3098757863044739
Pedestrian -1 -1 1.22 424.07232666015625 137.55557250976562 480.0597839355469 233.04298400878906 1.7978540658950806 0.7122395038604736 0.718662679195404 -3.6415486335754395 1.0477052479982376 16.240873336791992 0.9983020529163085 0.3078151047229767
Car -1 -1 2.19 -9.173316955566406 103.1183090209961 265.3773727416992 374.34764862060547 1.7330222129821777 1.690169334411621 4.04006814956665 -3.293001174926758 1.5210354924201965 3.3724071979522705 1.4183532332001452 0.3077637553215027
Car -1 -1 -1.42 447.18890380859375 144.04678344726562 486.96722412109375 211.11805725097656 1.6933037042617798 1.5129727125167847 3.527477979660034 -5.621030330657959 0.661089763045311 28.81586265563965 -1.6175123689471418 0.3047994375228882
Pedestrian -1 -1 0.96 261.0057373046875 144.51380920410156 303.98297119140625 253.13690185546875 1.7354066371917725 0.612999439239502 0.6531186699867249 -5.582078456878662 1.1746255457401276 12.23780345916748 0.5368226448371924 0.3024166226387024
Pedestrian -1 -1 1.59 793.4588623046875 145.5292510986328 869.4430541992188 326.85565185546875 1.744827151298523 0.6188510060310364 0.8572213053703308 2.3453869819641113 1.3561491072177887 7.345587253570557 1.9027351304211075 0.302305668592453
Cyclist -1 -1 1.39 435.8016052246094 141.86021423339844 480.59857177734375 196.94833374023438 1.8842277526855469 0.654210090637207 1.6374433040618896 -4.859846591949463 0.5743368864059448 23.694231033325195 1.186332278127125 0.3013100326061249
Pedestrian -1 -1 1.57 495.630859375 141.61061096191406 520.3902587890625 207.70947265625 1.8185780048370361 0.6665082573890686 0.6181268095970154 -2.8157944679260254 0.7581639885902405 20.246280670166016 1.4269961776177933 0.2957720458507538
Cyclist -1 -1 0.55 479.8002014160156 140.47593688964844 509.40936279296875 208.15725708007812 1.86172616481781 0.6198702454566956 1.6217786073684692 -3.234797716140747 0.6795318424701691 20.96091079711914 0.3954015468798655 0.29547929763793945
Cyclist -1 -1 -3.04 464.4277038574219 141.99246215820312 500.9678039550781 204.02516174316406 1.9076467752456665 0.6359457969665527 1.7507259845733643 -3.8712639808654785 0.6860060691833496 22.711341857910156 3.0770003106797867 0.2932722866535187
Cyclist -1 -1 -1.66 267.0234680175781 133.38453674316406 309.2508850097656 239.4150390625 1.7532981634140015 0.5957081913948059 1.7334460020065308 -7.100950241088867 1.0176344066858292 16.1552677154541 -2.0705484469427926 0.2923346161842346
Pedestrian -1 -1 1.84 475.8325500488281 144.52955627441406 501.3966979980469 208.52525329589844 1.8436975479125977 0.6434296369552612 0.6097574234008789 -3.1473031044006348 0.815487764775753 19.151763916015625 1.673864886238861 0.29206979274749756
Cyclist -1 -1 1.9 455.2643737792969 143.4415740966797 495.1327819824219 205.59278869628906 1.9073103666305542 0.6731231212615967 1.721992015838623 -4.263617992401123 0.6736319959163666 23.538211822509766 1.725402889433985 0.2849912643432617
Pedestrian -1 -1 1.0 242.20513916015625 134.88658142089844 285.38006591796875 271.59979248046875 1.814452886581421 0.6435139179229736 0.7891034483909607 -5.097332954406738 1.2235163152217865 10.573814392089844 0.5552536361423273 0.28403717279434204
Pedestrian -1 -1 1.9 481.6815185546875 142.84976196289062 507.7315673828125 213.2363739013672 1.765710711479187 0.6565946936607361 0.7654118537902832 -2.9065864086151123 0.8206186033785343 18.423633575439453 1.7435890409105177 0.28248003125190735
Pedestrian -1 -1 0.85 744.9190063476562 137.4637908935547 817.1445922851562 317.5465393066406 1.631951928138733 0.5994167923927307 0.7021024227142334 1.7943543195724487 1.3174766898155212 7.119777202606201 1.0926312477210622 0.2819967269897461
Cyclist -1 -1 0.67 419.3269958496094 140.92176818847656 471.90570068359375 211.96392822265625 1.839149832725525 0.6349853277206421 1.735202431678772 -4.819012641906738 0.7710666358470917 21.031463623046875 0.44438155137594393 0.27975812554359436
Pedestrian -1 -1 1.58 448.9127197265625 142.12872314453125 487.4086608886719 221.59603881835938 1.7493277788162231 0.6185010075569153 0.7601079940795898 -3.2111756801605225 0.8801153684034944 16.949710845947266 1.3901543380082053 0.27908116579055786
Pedestrian -1 -1 0.72 486.4720153808594 141.8465576171875 516.811279296875 205.29234313964844 1.845907211303711 0.6635547280311584 0.6092849373817444 -2.832017183303833 0.7071938365697861 20.452102661132812 0.5871819096037427 0.2772400677204132
Pedestrian -1 -1 2.18 514.7333984375 141.24472045898438 542.573486328125 204.16966247558594 1.824947476387024 0.6231129765510559 0.5982802510261536 -2.214730978012085 0.6635623276233673 21.606700897216797 2.0771236888217945 0.27632370591163635
Pedestrian -1 -1 1.56 464.4277038574219 141.99246215820312 500.9678039550781 204.02516174316406 1.8373509645462036 0.6533997654914856 0.7082675695419312 -3.249316453933716 0.7761086374521255 18.81673240661621 1.3854903413481097 0.2750725746154785
Cyclist -1 -1 -0.59 235.0080108642578 136.3863525390625 315.8042297363281 300.1219482421875 1.7859283685684204 0.6161442995071411 1.7260150909423828 -3.854560613632202 1.3288690149784088 8.476656913757324 -1.0196993766743638 0.27298504114151
Cyclist -1 -1 1.77 412.3524475097656 144.64085388183594 462.0209655761719 211.72964477539062 1.7524194717407227 0.6600494384765625 1.6772820949554443 -4.722065448760986 0.8031231313943863 20.350683212280273 1.5408568225903254 0.27256110310554504
Pedestrian -1 -1 1.47 593.49853515625 143.7024688720703 620.5812377929688 223.09800720214844 1.7258719205856323 0.6101599931716919 0.7013569474220276 -0.024151192978024483 0.8949240632355213 15.572842597961426 1.470982605770926 0.2710529565811157
Pedestrian -1 -1 1.95 464.83966064453125 142.02066040039062 490.86810302734375 205.94985961914062 1.7770131826400757 0.6421521902084351 0.6882271766662598 -3.5344314575195312 0.7129751741886139 20.13357925415039 1.7774194630525555 0.27040213346481323
Van -1 -1 2.23 -10.908344268798828 107.69297790527344 263.0291557312012 361.179443359375 1.942884922027588 1.8127127885818481 4.647522926330566 -3.5790319442749023 1.5131547451019287 3.9537811279296875 1.4947695427735628 0.26875972747802734
Pedestrian -1 -1 1.72 556.565673828125 146.35935974121094 584.3893432617188 225.1027374267578 1.6293394565582275 0.6210528612136841 0.7631649971008301 -0.7011393308639526 0.9016988426446915 15.148294448852539 1.6764475542772068 0.26739501953125
Pedestrian -1 -1 0.95 703.392333984375 147.38246154785156 769.3135986328125 312.4351501464844 1.6586283445358276 0.6764216423034668 0.8596309423446655 1.3454821109771729 1.2612881064414978 6.791380882263184 1.142859473760808 0.26256781816482544
Cyclist -1 -1 2.85 489.61785888671875 140.92518615722656 517.97412109375 198.35379028320312 1.8619189262390137 0.6744734644889832 1.6763620376586914 -3.678439140319824 0.48163118958473206 25.228731155395508 2.705970286354832 0.25843316316604614
Cyclist -1 -1 -2.99 321.8250427246094 151.5693817138672 387.6607666015625 203.15113830566406 1.6563925743103027 0.6164047122001648 1.4763168096542358 -8.33300495147705 0.7052692174911499 23.43500328063965 2.9556338082735465 0.2564001977443695
Pedestrian -1 -1 1.72 500.7046203613281 142.76805114746094 532.807373046875 217.5485076904297 1.832110047340393 0.6482827067375183 0.9024550914764404 -2.113177537918091 0.9369264747947454 16.6495418548584 1.5965239308020234 0.2559376060962677
Cyclist -1 -1 2.86 494.9555969238281 141.08486938476562 524.4804077148438 203.31863403320312 1.864158034324646 0.6404053568840027 1.6043808460235596 -3.5126404762268066 0.5563814043998718 25.11809539794922 2.7234592724967257 0.2548154592514038
Pedestrian -1 -1 1.38 682.4031982421875 143.07962036132812 705.0451049804688 208.41680908203125 1.7400656938552856 0.607273519039154 0.6501042246818542 2.412256956100464 0.7312841415405273 19.84562110900879 1.496492633481851 0.2528861165046692
Cyclist -1 -1 -1.94 509.0738830566406 140.4554443359375 537.6675415039062 213.88941955566406 1.7984715700149536 0.5853190422058105 1.7356549501419067 -2.239658832550049 0.7595790028572083 18.598787307739258 -2.0567691466072384 0.2520245611667633
Pedestrian -1 -1 1.68 556.8491821289062 136.52359008789062 593.56884765625 228.76976013183594 1.8367950916290283 0.6541687846183777 0.8536785840988159 -0.4851617217063904 0.9554850272834301 15.142234802246094 1.6487727303627313 0.2505876421928406
Car -1 -1 -1.38 440.591552734375 145.21498107910156 478.8834533691406 209.31385803222656 1.71198308467865 1.52378511428833 3.3660507202148438 -6.046363353729248 0.652712345123291 29.963485717773438 -1.5829263570702068 0.24813731014728546
Pedestrian -1 -1 1.14 716.6889038085938 142.02230834960938 774.8745727539062 298.4621276855469 1.7373032569885254 0.6784471273422241 0.7722725868225098 1.4941437244415283 1.2876662015914917 7.588707447052002 1.3364476947509107 0.2479173094034195
Cyclist -1 -1 -0.52 253.9660186767578 144.74258422851562 298.5497741699219 214.65139770507812 1.7731183767318726 0.6340177655220032 1.6912416219711304 -8.739592552185059 0.9046785328537226 18.978158950805664 -0.9527113182267968 0.2431037575006485
Cyclist -1 -1 -1.26 243.30807495117188 133.54368591308594 283.79937744140625 262.8916931152344 1.801433801651001 0.5511452555656433 1.6899962425231934 -5.2508134841918945 1.1762730479240417 10.858663558959961 -1.710236264744176 0.24159930646419525
Pedestrian -1 -1 1.61 549.1865844726562 140.81417846679688 572.4876098632812 205.45700073242188 1.7751950025558472 0.6835860013961792 0.7068976759910583 -1.1950191259384155 0.6971236616373062 18.821128845214844 1.5450132038833146 0.24125508964061737
Pedestrian -1 -1 1.72 552.7894897460938 150.88865661621094 580.4534912109375 228.43145751953125 1.5091848373413086 0.5394591689109802 0.825446605682373 -0.8145349621772766 0.9665643870830536 15.022375106811523 1.667521920844802 0.24093224108219147
Cyclist -1 -1 2.3 334.8711242675781 148.49404907226562 374.59210205078125 202.893310546875 1.6892542839050293 0.6116381883621216 1.6937799453735352 -8.08286190032959 0.7045517563819885 23.378421783447266 1.9707761549019 0.2402903437614441
Van -1 -1 2.23 11.940664291381836 96.05374145507812 251.90067100524902 273.6435852050781 2.196681022644043 1.91752290725708 5.179366111755371 -5.248904705047607 1.6188689470291138 6.022538185119629 1.5102160075527227 0.23825959861278534
Car -1 -1 2.24 -5.012900352478027 165.28555297851562 259.35852909088135 376.116455078125 1.488729476928711 1.6270698308944702 3.7294654846191406 -3.2821028232574463 1.5247061848640442 3.5516695976257324 1.4957121625811967 0.23606064915657043
Pedestrian -1 -1 1.46 538.6302490234375 143.8831024169922 566.5348510742188 208.5251922607422 1.69602632522583 0.6163141131401062 0.8026517629623413 -1.3140627145767212 0.7091578096151352 18.26622772216797 1.389690113555739 0.23418912291526794
Car -1 -1 -1.55 450.6991882324219 142.25672912597656 481.8009338378906 213.9666290283203 1.713992714881897 1.5086244344711304 3.4043078422546387 -5.158142566680908 0.764723427593708 25.96866226196289 -1.7476644905272707 0.23405645787715912
Cyclist -1 -1 1.69 485.98345947265625 139.31932067871094 511.5957336425781 193.623046875 1.73476243019104 0.6023483276367188 1.6440987586975098 -3.2821285724639893 0.4507251977920532 21.952049255371094 1.5462643187079 0.23239512741565704
Car -1 -1 -1.3 476.2290344238281 140.51268005371094 506.3535461425781 207.41737365722656 1.7814695835113525 1.5337333679199219 3.6389505863189697 -4.436382293701172 0.6432309001684189 28.082786560058594 -1.4616418201091985 0.2314048707485199
Car -1 -1 -1.46 469.0377197265625 143.4523162841797 506.2127685546875 204.66668701171875 1.7911906242370605 1.5711283683776855 3.7226479053497314 -4.935673236846924 0.6906971335411072 29.51266860961914 -1.62609951570351 0.23055188357830048
Pedestrian -1 -1 1.58 454.41033935546875 143.06832885742188 493.49688720703125 219.42910766601562 1.9073396921157837 0.6996086239814758 0.6999351382255554 -3.316054582595825 0.9786137286573648 17.82396697998047 1.4004611515450751 0.22959202527999878
Pedestrian -1 -1 1.11 254.83535766601562 147.8267822265625 293.3232727050781 255.4368438720703 1.687028169631958 0.6051342487335205 0.6861844062805176 -5.3686604499816895 1.1750117540359497 11.577963829040527 0.6745167559532992 0.22930048406124115
Pedestrian -1 -1 1.64 485.78704833984375 148.53021240234375 508.0565185546875 215.30889892578125 1.6342041492462158 0.5850712656974792 0.7416903972625732 -2.7446699142456055 0.8550627194344997 17.8223819732666 1.485739961109073 0.22889897227287292
Car -1 -1 -2.63 436.6025390625 142.49195861816406 470.75115966796875 209.68028259277344 1.7359217405319214 1.5012624263763428 3.2778494358062744 -5.565886974334717 0.6851011663675308 26.434965133666992 -2.8368131898960094 0.22829507291316986
Cyclist -1 -1 2.34 448.5543212890625 141.55645751953125 494.50347900390625 199.21595764160156 1.8422150611877441 0.6476086974143982 1.6826525926589966 -4.1577959060668945 0.5742899477481842 22.852203369140625 2.1587821248969457 0.2279449999332428
Cyclist -1 -1 2.13 443.0894470214844 143.19985961914062 489.3856201171875 196.2108612060547 1.846403956413269 0.6460264921188354 1.6544017791748047 -4.672791957855225 0.6079626977443695 23.946941375732422 1.9324888148180444 0.22782254219055176
Pedestrian -1 -1 -1.94 477.5281982421875 142.03785705566406 511.2032165527344 200.86627197265625 1.8579071760177612 0.6782511472702026 0.5478034615516663 -3.061758041381836 0.5566137135028839 21.545963287353516 -2.0764709731931035 0.22757723927497864
Pedestrian -1 -1 1.88 447.1601257324219 143.06454467773438 493.7132873535156 208.2415008544922 1.8620078563690186 0.6740831732749939 0.6958122849464417 -3.3536527156829834 0.8273832499980927 18.09587860107422 1.6978393525178435 0.22738416492938995
Pedestrian -1 -1 2.02 511.701904296875 145.84808349609375 547.16943359375 219.8912811279297 1.8240302801132202 0.6315280795097351 0.8546355366706848 -1.785780906677246 0.929240744560957 16.92866325378418 1.9114315897947973 0.2266901731491089
Pedestrian -1 -1 0.87 267.0234680175781 133.38453674316406 309.2508850097656 239.4150390625 1.8038427829742432 0.6486802697181702 0.5551789402961731 -7.015170574188232 1.0414421260356903 15.917484283447266 0.4591876138147146 0.22661636769771576
Pedestrian -1 -1 0.83 501.9688720703125 140.75807189941406 536.0026245117188 206.2550811767578 1.8435684442520142 0.6554766297340393 0.6153686046600342 -2.4504168033599854 0.6961763948202133 19.546192169189453 0.7067315949588817 0.22644732892513275
Pedestrian -1 -1 1.15 256.63653564453125 145.77664184570312 289.04681396484375 243.60984802246094 1.743334174156189 0.6334848403930664 0.6816481351852417 -5.425620079040527 1.1508761644363403 11.690754890441895 0.716811334433181 0.22560220956802368
Pedestrian -1 -1 1.41 257.0598449707031 134.09344482421875 303.68780517578125 279.9833679199219 1.7309595346450806 0.6653648018836975 0.7245237827301025 -5.1590375900268555 1.176047831773758 11.134143829345703 0.9772341547038774 0.22554108500480652
Pedestrian -1 -1 0.85 237.48968505859375 137.8172149658203 327.7427673339844 282.1009216308594 1.8426109552383423 0.708023190498352 0.8253189325332642 -3.8581695556640625 1.3470732271671295 8.4562349319458 0.4202212731522259 0.2251308411359787
Pedestrian -1 -1 0.89 675.6859130859375 146.8972930908203 696.3958740234375 202.6915283203125 1.5880379676818848 0.5782358050346375 0.5358288288116455 2.3848605155944824 0.6232386529445648 20.015287399291992 1.0043213714763493 0.2248893678188324
Pedestrian -1 -1 1.49 727.1013793945312 147.83343505859375 775.2485961914062 270.7015686035156 1.651839017868042 0.6286997199058533 0.5985976457595825 2.0241081714630127 1.2152429223060608 9.897382736206055 1.6966510844317497 0.2232661098241806
Cyclist -1 -1 -0.38 263.553466796875 143.48085021972656 308.423095703125 217.71234130859375 1.8020286560058594 0.6284014582633972 1.6697717905044556 -8.468233108520508 0.9212367832660675 18.820985794067383 -0.8025001297150092 0.22242839634418488
Pedestrian -1 -1 2.03 462.94000244140625 148.60011291503906 490.704345703125 214.82452392578125 1.6468561887741089 0.593216598033905 0.8077822327613831 -3.113011598587036 0.8772129192948341 17.3597469329834 1.8541520973421726 0.22186948359012604
Car -1 -1 -1.43 464.4277038574219 141.99246215820312 500.9678039550781 204.02516174316406 1.7213444709777832 1.544437289237976 3.5894248485565186 -4.881861209869385 0.6064838767051697 29.245258331298828 -1.5952600465905666 0.22103279829025269
Pedestrian -1 -1 2.25 509.7342529296875 142.78533935546875 531.1229858398438 206.31849670410156 1.8290421962738037 0.6492229104042053 0.5362933874130249 -2.5952696800231934 0.7026157081127167 20.544219970703125 2.1255869353298733 0.22072923183441162
Cyclist -1 -1 2.61 387.24884033203125 147.6456298828125 441.3500671386719 197.29339599609375 1.6429998874664307 0.6671832799911499 1.5569008588790894 -5.9317240715026855 0.6207111179828644 23.407695770263672 2.3599778089778356 0.22022110223770142
Pedestrian -1 -1 1.55 772.6781616210938 143.88497924804688 838.3038940429688 285.70269775390625 1.640615463256836 0.590179979801178 0.6773124933242798 2.309304714202881 1.2016654014587402 8.242934226989746 1.823558844709562 0.21835894882678986
Pedestrian -1 -1 0.99 727.3062133789062 144.7269287109375 794.0913696289062 306.0142822265625 1.6601791381835938 0.605154275894165 0.7176281809806824 1.654486060142517 1.2755147516727448 6.921955108642578 1.2257474561206472 0.21681246161460876
Pedestrian -1 -1 1.57 518.771484375 141.3579559326172 539.1193237304688 202.6256866455078 1.7326453924179077 0.6379850506782532 0.7817552089691162 -2.007387399673462 0.6399876922369003 19.524826049804688 1.4658978884303906 0.2159680873155594
Pedestrian -1 -1 2.25 421.23388671875 139.32322692871094 470.4938659667969 225.1217498779297 1.834633469581604 0.6675339937210083 0.6895641088485718 -4.1566691398620605 0.9235664210282266 18.385469436645508 2.030764307233179 0.21577733755111694
Cyclist -1 -1 2.26 391.7282409667969 145.61984252929688 447.0340881347656 205.4049835205078 1.7055977582931519 0.6426716446876526 1.6684268712997437 -5.542668342590332 0.7849173918366432 21.83380889892578 2.006522344948367 0.2157246619462967
Cyclist -1 -1 -1.48 256.23956298828125 133.07110595703125 295.5365905761719 253.9024658203125 1.776358962059021 0.5760757327079773 1.678961992263794 -6.025681972503662 1.1335367411375046 13.076878547668457 -1.912304873434124 0.21534202992916107
Cyclist -1 -1 1.34 422.4156494140625 137.91287231445312 476.5693054199219 202.7037811279297 1.8518677949905396 0.5972893238067627 1.7270792722702026 -4.894349098205566 0.5869142711162567 21.877037048339844 1.1207431935857066 0.2147105485200882
Pedestrian -1 -1 1.55 574.4099731445312 137.85629272460938 609.625732421875 228.80438232421875 1.8337620496749878 0.6610928773880005 0.8024915456771851 -0.22087980806827545 0.9587595611810684 15.045241355895996 1.531715513145615 0.21175870299339294
Cyclist -1 -1 1.71 482.7521057128906 139.92173767089844 520.51025390625 188.385009765625 1.8096956014633179 0.6281346082687378 1.6105941534042358 -3.914320468902588 0.2592615485191345 27.633895874023438 1.5664969230440358 0.2101026177406311
Pedestrian -1 -1 0.83 250.68106079101562 144.39935302734375 293.3753662109375 212.40658569335938 1.688476800918579 0.6116294264793396 0.5804260969161987 -8.30296802520752 0.8559597115963697 17.678874969482422 0.39303216465420654 0.209004208445549
Cyclist -1 -1 0.76 423.55364990234375 142.69793701171875 461.22528076171875 206.27655029296875 1.7628350257873535 0.6305485367774963 1.6723248958587646 -4.487307071685791 0.7303717881441116 19.81167984008789 0.5337846002092981 0.20836268365383148
Cyclist -1 -1 2.03 491.4252014160156 140.35853576660156 514.8001708984375 187.8437042236328 1.78464674949646 0.6357946991920471 1.6814910173416138 -4.034425258636475 0.21882736682891846 28.536312103271484 1.8886200796571426 0.2083187848329544
Pedestrian -1 -1 1.51 552.4666748046875 140.75741577148438 576.7326049804688 206.0378875732422 1.761094331741333 0.6607011556625366 0.6958757042884827 -1.0709229707717896 0.6626404076814651 18.976665496826172 1.4557844906752129 0.20816989243030548
Pedestrian -1 -1 1.59 493.58062744140625 142.49252319335938 527.3282470703125 216.9734344482422 1.803521752357483 0.6507176756858826 0.8418264985084534 -2.423266649246216 0.9003674741834402 17.60346794128418 1.4563185271794428 0.20621876418590546
Cyclist -1 -1 -2.93 261.1968688964844 140.09161376953125 316.73175048828125 238.45167541503906 1.809093952178955 0.6095668077468872 1.748181700706482 -6.10837984085083 1.078604280948639 13.639151573181152 2.9305746398586896 0.20527531206607819
Pedestrian -1 -1 1.48 506.2417297363281 148.8918914794922 531.0004272460938 217.56973266601562 1.5880835056304932 0.5671560168266296 0.8142803907394409 -2.0091347694396973 0.8788754120469093 16.805973052978516 1.3564538690159083 0.20423389971256256
Cyclist -1 -1 2.26 342.66912841796875 147.935791015625 381.4582824707031 203.05685424804688 1.6823348999023438 0.6126898527145386 1.7064478397369385 -7.977180480957031 0.7082985639572144 23.469579696655273 1.9282587581810713 0.20356972515583038
Cyclist -1 -1 0.84 462.9306335449219 142.34800720214844 492.65423583984375 200.79898071289062 1.8628438711166382 0.651699960231781 1.7118538618087769 -4.385526180267334 0.5644928514957428 24.826906204223633 0.6629832272200531 0.20352637767791748
Pedestrian -1 -1 1.81 530.3421020507812 139.76979064941406 566.6032104492188 223.89002990722656 1.82686185836792 0.6676695942878723 0.9127829670906067 -1.3664737939834595 0.9579150713980198 16.05628204345703 1.7257172408578487 0.20206180214881897
Car -1 -1 -2.98 432.4281005859375 142.29681396484375 464.085693359375 214.35829162597656 1.7533591985702515 1.574807047843933 3.317225456237793 -4.902469158172607 0.7408417165279388 24.103771209716797 3.0993841093323127 0.20171114802360535
Pedestrian -1 -1 0.86 248.98370361328125 129.50860595703125 305.9339599609375 291.2413635253906 1.708093523979187 0.7262219786643982 0.7534847855567932 -4.493577480316162 1.2771137058734894 9.642661094665527 0.42105546466925503 0.20154856145381927
Cyclist -1 -1 -2.88 311.4702453613281 151.78549194335938 376.7460632324219 202.9131317138672 1.6589622497558594 0.6002681255340576 1.4661943912506104 -8.609518051147461 0.7237063273787498 23.33182144165039 3.0492645855569176 0.2005242258310318
Cyclist -1 -1 0.21 511.9091491699219 141.164794921875 545.3700561523438 200.15277099609375 1.7835476398468018 0.6389597058296204 1.6143804788589478 -2.3608381748199463 0.49561449885368347 24.12314224243164 0.10874627348811572 0.1982097327709198
Pedestrian -1 -1 1.59 781.96826171875 142.6704864501953 843.5314331054688 270.8453369140625 1.6664479970932007 0.5849820971488953 0.6291655898094177 2.8593931198120117 1.1446145474910736 9.977914810180664 1.8648054879239533 0.1978875696659088
Car -1 -1 3.04 421.1247863769531 146.44943237304688 471.3332214355469 215.57568359375 1.6004573106765747 1.5294451713562012 3.431389808654785 -4.549121379852295 0.8175186552107334 22.574167251586914 2.843334927153787 0.19682419300079346
Cyclist -1 -1 0.9 459.762939453125 141.4905242919922 497.6805725097656 195.77113342285156 1.8604273796081543 0.6378476619720459 1.6910955905914307 -4.591597557067871 0.470608651638031 25.851016998291016 0.7237765937747938 0.193254753947258
Pedestrian -1 -1 1.93 475.9028015136719 145.42298889160156 512.1248779296875 212.32554626464844 1.8668463230133057 0.6746770143508911 0.7108173966407776 -2.7684438228607178 0.9523136802017689 18.05510711669922 1.774261277745544 0.1913495510816574
Truck -1 -1 2.07 -4.768837928771973 80.45530700683594 255.53688716888428 334.52392578125 3.172743320465088 2.4003889560699463 6.989643096923828 -4.900584697723389 1.7144267708063126 5.6258134841918945 1.352511911659331 0.19109418988227844
Pedestrian -1 -1 1.64 730.0791625976562 151.11447143554688 778.2283935546875 253.2876434326172 1.612835168838501 0.5540468096733093 0.6713079214096069 2.6066627502441406 1.108464926481247 11.820596694946289 1.85399615652162 0.19064433872699738
Pedestrian -1 -1 1.55 567.2836303710938 141.0693817138672 592.253173828125 215.05484008789062 1.6953442096710205 0.6393752098083496 0.6844677329063416 -0.592204213142395 0.7773019298911095 18.57891273498535 1.5179175869915884 0.1875605583190918
Cyclist -1 -1 -1.98 259.7562255859375 132.89511108398438 304.5137634277344 265.1282958984375 1.809430718421936 0.6144148707389832 1.7111471891403198 -5.800721168518066 1.1681833565235138 12.690317153930664 -2.411100691538863 0.18637068569660187
Cyclist -1 -1 -2.57 492.6714782714844 141.24986267089844 515.3895263671875 203.46116638183594 1.888763189315796 0.6479675769805908 1.7181886434555054 -3.5858726501464844 0.5938713550567627 24.429180145263672 -2.716291873706414 0.18517321348190308
Pedestrian -1 -1 1.89 470.1202697753906 148.0714569091797 497.37445068359375 214.10763549804688 1.6572786569595337 0.6124436855316162 0.7524396777153015 -3.079685926437378 0.8723041452467442 18.144699096679688 1.7230816886789508 0.18332034349441528
Cyclist -1 -1 2.02 421.6014099121094 141.36439514160156 476.7957763671875 227.48423767089844 1.809403896331787 0.6167790293693542 1.793620228767395 -3.675044536590576 0.9819005727767944 17.261560440063477 1.80675012758131 0.18288612365722656
Cyclist -1 -1 -2.51 539.6572265625 140.90518188476562 569.371337890625 208.31675720214844 1.7421114444732666 0.577034056186676 1.5622841119766235 -1.6220040321350098 0.5581240952014923 21.5811710357666 -2.5845367519265023 0.18253716826438904
Pedestrian -1 -1 1.7 511.33538818359375 140.9392852783203 541.1795654296875 196.3773956298828 1.7896389961242676 0.6153086423873901 0.6451696753501892 -2.3334991931915283 0.5895760357379913 21.20287322998047 1.5865573919133844 0.17985200881958008
Cyclist -1 -1 -1.46 261.0173645019531 135.42471313476562 298.0981140136719 240.30917358398438 1.7188359498977661 0.6033294796943665 1.751863956451416 -6.821866512298584 1.0502660125494003 15.07070255279541 -1.8891000670795712 0.17889845371246338
Pedestrian -1 -1 1.46 536.8558959960938 143.7464599609375 573.5184326171875 221.66290283203125 1.715585470199585 0.6143638491630554 0.7729479670524597 -1.289189338684082 0.9027612656354904 16.931791305541992 1.385822251148177 0.17680656909942627
Car -1 -1 -1.75 427.3209228515625 142.5707244873047 476.07720947265625 213.61085510253906 1.5730489492416382 1.5453981161117554 3.5404093265533447 -5.7928056716918945 0.5685730278491974 27.721763610839844 -1.9562847010188023 0.17614518105983734
Pedestrian -1 -1 1.51 536.6688842773438 140.04049682617188 570.3868408203125 204.68959045410156 1.8214190006256104 0.6565776467323303 0.6795140504837036 -1.5256022214889526 0.6826427280902863 19.72998809814453 1.4283280149750714 0.17499548196792603
Pedestrian -1 -1 1.94 530.2077026367188 142.4363555908203 559.6519775390625 202.6270751953125 1.8281960487365723 0.6420233845710754 0.5943653583526611 -2.017643690109253 0.6265465319156647 22.301177978515625 1.853416055985039 0.17495866119861603
Pedestrian -1 -1 1.94 488.525390625 140.48858642578125 513.164794921875 200.7065887451172 1.8651279211044312 0.7020766735076904 0.7882000803947449 -3.1351654529571533 0.5799999237060547 21.887584686279297 1.8024439779493608 0.16562791168689728
Pedestrian -1 -1 0.98 261.7279357910156 132.6540069580078 298.0472106933594 262.7350769042969 1.7888990640640259 0.6567274332046509 0.5911401510238647 -6.050970554351807 1.1506413221359253 13.181624412536621 0.5492475339168377 0.1635219007730484
Pedestrian -1 -1 0.84 248.5196990966797 135.02374267578125 290.43756103515625 262.2415466308594 1.709063172340393 0.6298553347587585 0.7363710403442383 -5.349519729614258 1.1328486204147339 11.451152801513672 0.4050896678661222 0.16299711167812347
Cyclist -1 -1 -2.09 499.4722595214844 141.4618682861328 530.466064453125 211.62294006347656 1.8432286977767944 0.6095808744430542 1.7469451427459717 -2.645907163619995 0.753773957490921 19.878890991210938 -2.2228212769889293 0.159464031457901
Pedestrian -1 -1 2.09 520.105224609375 142.6856689453125 548.2514038085938 207.86773681640625 1.8142597675323486 0.6399352550506592 0.589116096496582 -1.9239883422851562 0.7132025063037872 20.36913299560547 1.9918112976896998 0.15831829607486725
Car -1 -1 1.0 461.1856689453125 75.61054229736328 496.4955139160156 95.93006134033203 1.565525770187378 1.6961406469345093 4.508067607879639 -9.246541023254395 -5.179912209510803 48.21066665649414 0.8118239928935758 0.15015427768230438