Car -1 -1 -1.82 658.2830810546875 169.07070922851562 704.537353515625 196.24049377441406 1.4563517570495605 1.6479872465133667 4.074028015136719 4.479488849639893 0.851920373737812 41.146507263183594 -1.7127281061606965 0.8117243051528931
Car -1 -1 -0.82 3.0152318477630615 199.0524139404297 295.2826268672943 366.4153137207031 1.5424542427062988 1.6217572689056396 3.9026870727539062 -3.274989604949951 1.669284701347351 3.582456111907959 -1.5557031918108715 0.8073058128356934
Car -1 -1 1.57 448.3793029785156 174.1653289794922 483.20220947265625 198.89447021484375 1.4640411138534546 1.6816391944885254 4.283878326416016 -8.697328567504883 1.0690025091171265 44.21034622192383 1.371490428180735 0.7904861569404602
Pedestrian -1 -1 0.58 394.71966552734375 161.43019104003906 440.14947509765625 277.2005310058594 1.7846275568008423 0.6686206459999084 0.7130300998687744 -2.950167655944824 1.500427007675171 11.087977409362793 0.3214342813036559 0.7773542404174805
Pedestrian -1 -1 0.53 941.3148193359375 146.02354431152344 1002.6082153320312 311.56219482421875 1.7887041568756104 0.7004585862159729 0.9382447004318237 4.149386882781982 1.3888762891292572 8.127293586730957 1.0040546883988757 0.7710631489753723
Pedestrian -1 -1 0.45 367.9532775878906 164.96217346191406 413.66680908203125 282.8811950683594 1.7059340476989746 0.6018415689468384 0.828025221824646 -3.279284715652466 1.501565396785736 10.711511611938477 0.1481662974646767 0.7487177848815918
Pedestrian -1 -1 0.43 978.437744140625 135.25033569335938 1049.0631103515625 311.7626647949219 1.8685369491577148 0.7776683568954468 0.9772931337356567 4.635836124420166 1.352436363697052 8.023514747619629 0.9576551134780065 0.7413251996040344
Pedestrian -1 -1 0.14 376.5556335449219 164.00401306152344 421.431396484375 284.5430908203125 1.679325819015503 0.5816876292228699 0.858264684677124 -3.1400060653686523 1.4908177256584167 11.01248836517334 -0.13512274862215623 0.5599538087844849
Pedestrian -1 -1 0.5 382.1884460449219 160.08642578125 437.136962890625 284.9443664550781 1.7360975742340088 0.6724875569343567 0.7759309411048889 -2.948357343673706 1.4862123727798462 10.867246627807617 0.2367070245481866 0.5483670234680176
Pedestrian -1 -1 1.09 965.252197265625 144.4466094970703 1029.539306640625 308.2865905761719 1.74528169631958 0.6586799025535583 0.9631646275520325 4.491378307342529 1.371427595615387 8.181985855102539 1.5872312281731542 0.5246372222900391
Pedestrian -1 -1 0.88 954.518798828125 140.54299926757812 1023.2147827148438 314.933349609375 1.7585508823394775 0.6743221879005432 0.952545702457428 4.47134256362915 1.3737023770809174 8.123944282531738 1.3869211132678565 0.5181795954704285
Pedestrian -1 -1 1.26 882.097900390625 153.7071533203125 902.3256225585938 195.51181030273438 1.775726556777954 0.6017119884490967 0.9206700921058655 12.529068946838379 0.6472867280244827 30.810665130615234 1.6469920607248731 0.43553629517555237
Pedestrian -1 -1 0.8 364.237060546875 167.32574462890625 405.8970642089844 281.0265808105469 1.6921199560165405 0.6094646453857422 0.6544071435928345 -3.30745267868042 1.512380301952362 10.616959571838379 0.4980638761837768 0.39908885955810547
Pedestrian -1 -1 1.01 952.0514526367188 156.87925720214844 1012.1279907226562 308.32080078125 1.5444557666778564 0.5570511817932129 0.7576450705528259 4.2225728034973145 1.327396035194397 7.9383015632629395 1.4949044885335203 0.3251363933086395
Pedestrian -1 -1 0.32 383.0929870605469 170.05429077148438 424.4851379394531 281.17755126953125 1.583285927772522 0.552983283996582 0.7608234882354736 -3.0614631175994873 1.4711498022079468 10.979540824890137 0.05041465773457965 0.2952367067337036
Pedestrian -1 -1 0.65 992.5068969726562 137.80628967285156 1051.7071533203125 295.971435546875 1.841235637664795 0.7321622967720032 1.0592505931854248 4.932854652404785 1.3449686467647552 8.322102546691895 1.1848568547770455 0.28989195823669434
Pedestrian -1 -1 0.52 968.0441284179688 145.772216796875 1043.2259521484375 291.9216613769531 1.742345929145813 0.7113885879516602 0.840463399887085 4.61215877532959 1.263832837343216 8.06884479522705 1.0396805783883512 0.28809717297554016
Pedestrian -1 -1 0.45 932.6868896484375 146.200439453125 1013.1009521484375 304.5994873046875 1.8720327615737915 0.6931033730506897 0.927386999130249 4.218412399291992 1.3774319291114807 8.143254280090332 0.9321918627572163 0.26937517523765564
Pedestrian -1 -1 1.11 984.7945556640625 137.1667022705078 1046.112060546875 271.9922180175781 1.7743271589279175 0.6798920631408691 0.9218305349349976 5.562328338623047 1.253050148487091 9.575794219970703 1.6333216512278304 0.2500654458999634
Cyclist -1 -1 1.74 996.4356689453125 151.33538818359375 1043.9278564453125 204.30494689941406 1.6749589443206787 0.6159994006156921 1.672436237335205 14.387984275817871 0.7325500100851059 24.582983016967773 2.2704818691252715 0.24925284087657928
Cyclist -1 -1 -0.68 387.5996398925781 162.46536254882812 440.1907043457031 283.40380859375 1.7177081108093262 0.5423850417137146 1.73789381980896 -2.9831149578094482 1.4890010952949524 11.383512496948242 -0.9377611538591992 0.24900588393211365
Pedestrian -1 -1 0.81 929.9031982421875 162.0424041748047 1002.0894165039062 306.98046875 1.5908879041671753 0.5655298829078674 0.7861899733543396 4.196016311645508 1.4006989002227783 8.10257625579834 1.2829412856730436 0.24250775575637817
Pedestrian -1 -1 0.22 1001.245361328125 141.005615234375 1047.1748046875 263.89703369140625 1.7684311866760254 0.674807608127594 0.9246653914451599 6.152094841003418 1.2549840807914734 10.34444808959961 0.7516670979326978 0.2340804934501648
Pedestrian -1 -1 2.07 982.7274169921875 143.20570373535156 1068.083984375 300.989013671875 1.8656655550003052 0.7077710032463074 0.9821804165840149 4.6204681396484375 1.3875447511672974 7.952714920043945 2.5915958769817644 0.23079754412174225
Pedestrian -1 -1 0.77 517.4387817382812 173.00706481933594 529.5180053710938 198.51986694335938 1.7040830850601196 0.5933031439781189 0.8104363679885864 -4.431304454803467 1.0937161147594452 38.91495132446289 0.6518533470511763 0.22553303837776184
Pedestrian -1 -1 -1.02 1000.5179443359375 151.36782836914062 1036.2652587890625 204.49789428710938 1.781449556350708 0.6318268775939941 0.6571500897407532 13.072859764099121 0.8912102915928699 22.47052001953125 -0.4939476408181047 0.22545741498470306
Pedestrian -1 -1 0.39 963.679443359375 152.16969299316406 1013.9469604492188 294.58538818359375 1.5572611093521118 0.6275631785392761 0.7383967041969299 4.3038787841796875 1.2230593860149384 8.070735931396484 0.878800451584608 0.22504843771457672
Cyclist -1 -1 0.66 517.1246337890625 170.4154815673828 531.6115112304688 197.51519775390625 1.728173851966858 0.5475649237632751 1.7872308492660522 -4.4094109535217285 1.0079355984926224 38.77383041381836 0.5497519826657431 0.21953223645687103
Cyclist -1 -1 -0.63 362.0601501464844 161.76844787597656 416.2668151855469 279.4784240722656 1.8003952503204346 0.6136089563369751 1.756063461303711 -3.3914177417755127 1.5441079139709473 11.411252975463867 -0.9225399096727767 0.21016328036785126
Pedestrian -1 -1 0.98 945.0442504882812 147.1326904296875 997.6001586914062 282.42547607421875 1.7302387952804565 0.620389997959137 0.8144065141677856 4.845463275909424 1.3031074702739716 9.334712982177734 1.4576535572833746 0.20346111059188843
Cyclist -1 -1 1.38 990.604736328125 151.05641174316406 1035.240234375 205.8616943359375 1.664976716041565 0.6064479351043701 1.6637585163116455 14.759605407714844 0.6998324543237686 25.5749568939209 1.8985044135248659 0.20043961703777313
Pedestrian -1 -1 1.45 962.029541015625 153.69659423828125 1043.0538330078125 252.9575653076172 1.6859371662139893 0.6954290866851807 0.7346636652946472 6.702477931976318 1.2105005979537964 11.943796157836914 1.966217258607995 0.19537296891212463
Pedestrian -1 -1 0.73 360.0398864746094 163.3458709716797 403.3552551269531 268.04901123046875 1.7303355932235718 0.7474411725997925 0.8520606160163879 -3.6162993907928467 1.4480798840522766 11.280586242675781 0.4182584857179492 0.19373758137226105
Pedestrian -1 -1 0.56 1003.8934326171875 143.9070587158203 1043.9071044921875 248.60336303710938 1.7694971561431885 0.651423454284668 0.931892454624176 7.467703342437744 1.1720485985279083 12.546055793762207 1.092958306012095 0.19041050970554352
Pedestrian -1 -1 1.18 992.6287841796875 152.63357543945312 1036.9556884765625 215.85919189453125 1.756701111793518 0.6452697515487671 0.7362474203109741 10.57664680480957 1.0430438220500946 18.371761322021484 1.707063064736423 0.182068333029747
Cyclist -1 -1 1.98 957.665283203125 159.08506774902344 1048.6038818359375 234.91888427734375 1.8282467126846313 0.6390158534049988 1.8287204504013062 8.998130798339844 1.183617502450943 15.965063095092773 2.4904533878894917 0.17784824967384338
Cyclist -1 -1 0.36 975.8328247070312 156.02447509765625 1046.5838623046875 212.60081481933594 1.7377889156341553 0.6175423264503479 1.7065107822418213 12.54906177520752 0.8985567037016153 21.577848434448242 0.8887226515494016 0.1753740906715393
Pedestrian -1 -1 1.43 974.4473876953125 153.7403106689453 1051.0504150390625 257.62799072265625 1.7390445470809937 0.681259036064148 0.7734068632125854 5.926178455352783 1.2456119060516357 10.186746597290039 1.9531874969129221 0.17503982782363892
Pedestrian -1 -1 -0.21 973.3453979492188 157.23516845703125 1044.627685546875 215.82164001464844 1.7701876163482666 0.6779432892799377 0.6373674869537354 10.552400588989258 1.0055877715349197 18.387285232543945 0.31438196787116235 0.17373517155647278
Pedestrian -1 -1 0.75 370.68701171875 165.58314514160156 405.02789306640625 260.3912353515625 1.7532140016555786 0.8016633987426758 0.9581981897354126 -3.616532564163208 1.4438452124595642 11.964576721191406 0.45416990571079197 0.17371857166290283
Pedestrian -1 -1 1.56 971.6207885742188 150.74339294433594 1029.4739990234375 261.7327575683594 1.6097966432571411 0.6657561659812927 0.7097797393798828 5.849553108215332 1.182333618402481 10.550084114074707 2.0620680963733404 0.17195376753807068
Pedestrian -1 -1 1.28 1000.316650390625 152.7998046875 1045.0511474609375 216.1215057373047 1.7756447792053223 0.6540551781654358 0.6849537491798401 12.287936210632324 1.0341963917016983 20.80023193359375 1.8168402465795932 0.16696159541606903
Van -1 -1 1.65 424.6001892089844 167.20082092285156 445.0686340332031 187.00624084472656 2.168698310852051 1.7611554861068726 4.90560245513916 -16.628496170043945 0.994024395942688 67.45895385742188 1.4118172286757371 0.15631966292858124
Pedestrian -1 -1 1.28 972.1320190429688 153.99114990234375 1033.4468994140625 238.1209716796875 1.643135905265808 0.6381174921989441 0.6801877021789551 8.155448913574219 1.0872791111469269 14.691258430480957 1.7864123318227012 0.1541893035173416
Cyclist -1 -1 0.42 971.793212890625 155.86253356933594 1042.0274658203125 229.48182678222656 1.868332028388977 0.6187409162521362 1.775593638420105 8.804869651794434 1.1360731571912766 15.359856605529785 0.9370250640226336 0.14960667490959167
Car -1 -1 0.26 973.3453979492188 157.23516845703125 1044.627685546875 215.82164001464844 1.4799058437347412 1.594831109046936 3.3977997303009033 15.500580787658691 0.8432857394218445 26.61156463623047 0.7844519473820277 0.14750154316425323