Car -1 -1 -1.68 634.220947265625 186.2382354736328 674.1204833984375 217.5848846435547 1.4796582460403442 1.6040709018707275 3.808844566345215 2.188076972961426 2.1863827109336853 36.388492584228516 -1.6185476764841074 0.8512665629386902
Car -1 -1 -0.24 728.7086791992188 184.65745544433594 871.9378051757812 241.89944458007812 1.6218323707580566 1.633541226387024 3.686359167098999 5.591180801391602 1.9781984090805054 21.25443458557129 0.013674045211508723 0.816120982170105
Car -1 -1 -2.72 105.40813446044922 188.72979736328125 360.6794967651367 280.73065185546875 1.398401141166687 1.6226621866226196 4.141202926635742 -6.587317943572998 1.7654330134391785 12.53868293762207 3.076295326261681 0.8155496120452881
Car -1 -1 -0.59 897.2330932617188 190.46969604492188 1204.68359375 315.4438781738281 1.4565871953964233 1.6590864658355713 4.097874641418457 6.0432634353637695 1.7537068724632263 10.293209075927734 -0.06324407077381489 0.789509654045105
Car -1 -1 -0.55 824.9910278320312 191.3821563720703 1037.258544921875 280.8868103027344 1.5323594808578491 1.631750226020813 3.8782143592834473 6.11566162109375 1.925778329372406 13.842484474182129 -0.13060643260412252 0.7858515977859497
Car -1 -1 2.71 752.2901611328125 188.51185607910156 939.2899169921875 257.318603515625 1.5039541721343994 1.612113356590271 4.074366569519043 5.842981815338135 1.9020309448242188 17.947975158691406 3.0279709987473034 0.785480797290802
Car -1 -1 -2.42 3.065227746963501 194.10195922851562 172.73720955848694 352.31494140625 1.4991110563278198 1.5370327234268188 3.763120412826538 -7.111797332763672 1.7873573899269104 7.601505279541016 3.1078116324811145 0.7661648988723755
Car -1 -1 -0.7 961.0020751953125 190.8059539794922 1240.990966796875 350.5871887207031 1.4943480491638184 1.671054482460022 4.262387275695801 6.436199188232422 1.7212820053100586 8.056339263916016 -0.028930700945819954 0.7629657983779907
Car -1 -1 1.51 421.50177001953125 185.43150329589844 513.772216796875 218.7540283203125 1.46236252784729 1.6664811372756958 4.323026180267334 -6.553711414337158 2.065977931022644 32.780731201171875 1.3136992209517562 0.7344343066215515
Car -1 -1 -2.63 0.98775315284729 193.97225952148438 323.6314604282379 311.09869384765625 1.5085198879241943 1.656278133392334 4.136582374572754 -6.389797210693359 1.7445369958877563 9.769394874572754 3.074865959670336 0.731019139289856
Car -1 -1 -2.79 405.9290771484375 186.01922607421875 500.0058898925781 223.16592407226562 1.4034745693206787 1.6236903667449951 3.9285383224487305 -6.5312371253967285 1.9837453365325928 29.70602035522461 -3.005626434448412 0.7284431457519531
Car -1 -1 -2.85 217.7537841796875 171.818603515625 419.0762634277344 261.1404113769531 1.7640330791473389 1.7251955270767212 4.220484733581543 -6.333990097045898 1.7767130732536316 16.009920120239258 3.0529451963455827 0.7223101854324341
Car -1 -1 -2.73 54.33776092529297 189.04393005371094 358.9933395385742 291.4264221191406 1.4608161449432373 1.605968713760376 4.052610397338867 -6.574802875518799 1.7991511821746826 12.32068157196045 3.063346089718811 0.6975536942481995
Car -1 -1 -0.32 797.9361572265625 190.1737823486328 999.9867553710938 267.27874755859375 1.5031918287277222 1.6246490478515625 3.8670833110809326 6.304710388183594 1.9609784483909607 16.645307540893555 0.03806488678020159 0.6952470541000366
Car -1 -1 -2.27 273.4379577636719 178.53990173339844 448.592529296875 246.07460021972656 1.6650669574737549 1.676621437072754 4.143703937530518 -6.284275531768799 1.8324637413024902 18.16703224182129 -2.6002640751488766 0.6698891520500183
Car -1 -1 -2.25 917.6209716796875 221.61895751953125 1245.196044921875 378.630126953125 1.4526506662368774 1.6263880729675293 3.773369550704956 2.5390398502349854 1.6868294477462769 2.8337042331695557 -1.5168881247347699 0.6654552817344666
Car -1 -1 -0.69 926.1275634765625 186.86062622070312 1231.6260986328125 330.5600891113281 1.4282536506652832 1.6694425344467163 4.099609851837158 6.318802833557129 1.7885411977767944 9.778691291809082 -0.11526851348576717 0.6226148009300232
Car -1 -1 -2.41 241.57974243164062 172.06527709960938 440.3374938964844 249.29884338378906 1.6834003925323486 1.695679783821106 4.181233882904053 -6.336578845977783 1.728489339351654 18.09906005859375 -2.7438885966459896 0.61891770362854
Car -1 -1 -0.33 802.6900634765625 193.03057861328125 969.706787109375 262.40484619140625 1.4514459371566772 1.593886137008667 3.62388014793396 6.593172073364258 1.987680971622467 16.938507080078125 0.04155801892655475 0.5857108235359192
Car -1 -1 -2.53 -10.663177490234375 197.4969940185547 216.39817810058594 330.2255554199219 1.4918183088302612 1.5941622257232666 4.038726329803467 -6.269937038421631 1.7244960069656372 7.284128665924072 3.0451830136473585 0.5839927196502686
Car -1 -1 -0.64 881.3875732421875 195.72564697265625 1155.8065185546875 311.3003845214844 1.468869686126709 1.6301095485687256 4.106180191040039 6.261277198791504 1.8257898092269897 10.982540130615234 -0.12143569851870417 0.5722683072090149
Car -1 -1 1.44 5.954831123352051 195.645263671875 141.68180561065674 374.90081787109375 1.4323056936264038 1.6308175325393677 4.099020481109619 -6.015212059020996 1.6750673055648804 5.453531742095947 0.606067122761381 0.5124613642692566
Car -1 -1 -0.22 734.6883544921875 189.84661865234375 893.2023315429688 249.6371612548828 1.5932894945144653 1.630747675895691 4.0706787109375 5.542513847351074 2.037740170955658 21.610755920410156 0.02662060956011736 0.49898436665534973
Car -1 -1 -0.22 730.1915283203125 182.1029815673828 847.1416625976562 233.89402770996094 1.5714478492736816 1.5888574123382568 3.677978992462158 6.03806734085083 1.9827598333358765 24.30901527404785 0.023824852899032578 0.46900907158851624
Cyclist -1 -1 0.64 527.5892333984375 180.45901489257812 544.8794555664062 223.21417236328125 1.7386142015457153 0.5509101748466492 1.7619813680648804 -2.9801597595214844 2.028283655643463 29.246803283691406 0.5335332326286295 0.46103420853614807
Car -1 -1 -1.64 630.3680419921875 185.66786193847656 665.4088134765625 213.2850799560547 1.450746774673462 1.576850175857544 3.4492387771606445 2.2489185333251953 2.17465078830719 35.833290100097656 -1.5819362229434555 0.4110487699508667
Car -1 -1 -2.83 173.9633026123047 177.31912231445312 413.3643493652344 267.0533142089844 1.5777732133865356 1.6156306266784668 4.03226900100708 -6.19454288482666 1.7422812581062317 15.566513061523438 3.0698482413101082 0.38829490542411804
Car -1 -1 -2.68 395.0690612792969 187.20904541015625 489.2142028808594 225.07672119140625 1.4091997146606445 1.5721923112869263 3.922736644744873 -6.560940742492676 1.9897373914718628 29.100465774536133 -2.9046647721653045 0.3510090410709381
Car -1 -1 -1.1 899.9411010742188 200.60926818847656 1250.9014892578125 362.0012512207031 1.317449688911438 1.6839449405670166 4.0565032958984375 2.4709722995758057 1.2772228717803955 2.7900121212005615 -0.37727970179871306 0.3490864038467407
Car -1 -1 -1.56 622.3433837890625 182.9163360595703 649.8563232421875 208.11708068847656 1.5811680555343628 1.6568933725357056 3.8880255222320557 1.7437597513198853 2.2703868746757507 49.64699172973633 -1.521947667333552 0.3473964333534241
Car -1 -1 -2.88 6.8242082595825195 192.10714721679688 110.3026933670044 376.43389892578125 1.5574778318405151 1.6492869853973389 4.134818077087402 -5.97761869430542 1.7568469643592834 5.322869300842285 2.561585400823576 0.3014135956764221
Car -1 -1 2.72 789.29150390625 190.98504638671875 945.453369140625 258.771728515625 1.5046145915985107 1.5719444751739502 3.907208204269409 6.150426387786865 1.9846268892288208 17.94877052307129 3.0549558214363337 0.2935526669025421
Car -1 -1 1.76 6.093655109405518 186.6632843017578 93.17302370071411 362.48046875 1.6200717687606812 1.6331340074539185 4.083207130432129 -6.602664470672607 1.7089033126831055 5.809623718261719 0.9084034608647666 0.2907634675502777
Car -1 -1 0.95 438.3979797363281 185.54673767089844 515.3777465820312 216.49578857421875 1.4381710290908813 1.6127146482467651 4.2867841720581055 -6.438656330108643 2.0804763436317444 33.713138580322266 0.7627114507211168 0.2804013192653656
Car -1 -1 -2.61 -11.891745567321777 177.16847229003906 267.9344263076782 330.802490234375 1.4910379648208618 1.6228197813034058 4.172330379486084 -6.593916893005371 1.7114487290382385 9.665955543518066 3.0711727796611807 0.27862048149108887
Car -1 -1 2.87 302.3491516113281 180.417236328125 459.500732421875 240.4853057861328 1.571533441543579 1.622501015663147 4.0846781730651855 -6.399460315704346 1.8673099279403687 19.270769119262695 2.551747290953857 0.2681134343147278
Van -1 -1 -2.9 224.1412353515625 171.5005645751953 444.78228759765625 250.20693969726562 1.9966973066329956 1.898668646812439 5.049594879150391 -6.6514058113098145 1.892764687538147 18.75351333618164 3.0378441768161313 0.26061660051345825
Car -1 -1 -2.59 15.671262741088867 197.2132568359375 288.31164360046387 327.0927429199219 1.4935381412506104 1.6203217506408691 4.197285175323486 -6.576746940612793 1.9031425714492798 9.765303611755371 3.1002147886224014 0.25619059801101685
Car -1 -1 -2.86 137.52108764648438 187.01153564453125 376.2731628417969 269.48309326171875 1.5308290719985962 1.628063440322876 4.1735429763793945 -6.495043754577637 1.7152323722839355 14.32236099243164 2.9973226312877532 0.24322426319122314
Car -1 -1 -2.16 904.0811767578125 211.160400390625 1186.821533203125 354.7248840332031 1.5051534175872803 1.6347155570983887 3.851033926010132 2.0298614501953125 1.3254948854446411 2.459677219390869 -1.4741012876821618 0.2428319752216339
Car -1 -1 -3.0 205.7449188232422 184.79100036621094 400.2166748046875 261.677734375 1.5595216751098633 1.6593894958496094 4.066197872161865 -6.665821075439453 1.7821999788284302 16.0191593170166 2.8845748804551503 0.22452236711978912
Van -1 -1 -0.54 953.8717041015625 192.80992126464844 1241.1988525390625 355.7060852050781 1.898871660232544 1.736293077468872 4.360658168792725 6.742842674255371 2.077981948852539 8.693017959594727 0.1197083578055782 0.22438064217567444
Car -1 -1 -1.73 490.7343444824219 183.57249450683594 531.984619140625 213.87623596191406 1.4661918878555298 1.6094155311584473 3.735395908355713 -5.979547500610352 2.1926878094673157 43.81278991699219 -1.8621500035318617 0.221724271774292
Car -1 -1 -1.64 627.5838012695312 184.4742431640625 658.4007568359375 210.7502899169922 1.5075526237487793 1.6251157522201538 4.047332286834717 1.9614492654800415 2.3080341815948486 49.02334976196289 -1.6022564205002974 0.22081737220287323
Car -1 -1 -2.49 454.75848388671875 187.290283203125 519.3317260742188 217.15609741210938 1.4123750925064087 1.5820746421813965 3.9379727840423584 -6.241962909698486 2.1093379855155945 35.50843811035156 -2.6678481584241887 0.21441097557544708
Car -1 -1 -2.65 58.97550582885742 198.72886657714844 343.37617111206055 307.795654296875 1.4372059106826782 1.5958820581436157 3.9136157035827637 -6.269362449645996 1.7552464604377747 11.411181449890137 3.131100429077577 0.21279767155647278
Car -1 -1 -2.93 382.99786376953125 183.30804443359375 501.5161437988281 226.37557983398438 1.4590271711349487 1.6309642791748047 4.084743976593018 -6.026154518127441 1.8892012238502502 29.469799041748047 -3.132242489243607 0.21216611564159393
Car -1 -1 -0.53 841.9740600585938 192.70542907714844 1102.837158203125 296.72711181640625 1.5238679647445679 1.65309739112854 4.197115898132324 6.266056060791016 1.9397009015083313 13.743964195251465 -0.09748234823885227 0.21113263070583344
Car -1 -1 -1.85 478.8575134277344 185.21170043945312 528.8248291015625 214.1231689453125 1.404219150543213 1.6234097480773926 3.7487001419067383 -6.198829650878906 2.2026230096817017 43.9207649230957 -1.9895665903625233 0.20960105955600739
Car -1 -1 -2.42 1.7496225833892822 197.52725219726562 148.34590554237366 329.3959045410156 1.4169752597808838 1.5766003131866455 3.899066209793091 -7.029720783233643 1.71280837059021 7.345589637756348 3.100994931775084 0.20708468556404114
Van -1 -1 2.67 265.6588134765625 175.20883178710938 443.2250061035156 245.4993133544922 1.8159713745117188 1.831579327583313 4.534611701965332 -6.727907657623291 1.892433226108551 19.27814292907715 2.331097915450214 0.19420669972896576
Car -1 -1 1.0 297.0647888183594 174.30474853515625 400.46368408203125 231.61407470703125 1.512118935585022 1.5600100755691528 3.874682664871216 -7.87402868270874 1.7204393148422241 22.152332305908203 0.6583709243651912 0.19220376014709473
Car -1 -1 -2.6 -7.1263580322265625 176.58352661132812 295.7635955810547 302.8521423339844 1.5376321077346802 1.549503207206726 4.147522449493408 -6.688930034637451 1.7858636975288391 10.175332069396973 3.0969944821179336 0.19026903808116913
Car -1 -1 -2.36 8.646017074584961 183.1963348388672 128.23290824890137 332.1234130859375 1.6109628677368164 1.6118775606155396 3.833258867263794 -7.236546993255615 1.7552900314331055 7.477149486541748 -3.1296992930692307 0.1850304901599884
Car -1 -1 -1.2 906.5252685546875 209.21942138671875 1153.468017578125 333.5691833496094 1.4355990886688232 1.598038911819458 3.673677682876587 3.1419732570648193 1.6913824081420898 5.090473175048828 -0.6441089969997646 0.18001770973205566
Car -1 -1 -2.63 -14.736156463623047 149.17657470703125 264.0701789855957 311.475830078125 1.5264123678207397 1.71148681640625 4.065648555755615 -7.604290962219238 1.7563823461532593 10.7704496383667 3.037265116786778 0.16552220284938812
Car -1 -1 -0.53 1181.44873046875 224.38461303710938 1240.5113525390625 388.4087219238281 1.4529352188110352 1.5778297185897827 3.680222988128662 3.7491466999053955 1.5329944491386414 2.530144214630127 0.4440870045161738 0.15889425575733185
Car -1 -1 -1.11 1199.22705078125 210.3518524169922 1238.6700439453125 386.3291931152344 1.503441572189331 1.6112089157104492 3.8682644367218018 3.9874930381774902 1.601112425327301 2.577234983444214 -0.11678289048378865 0.1516130566596985
Car -1 -1 3.05 340.8629455566406 182.2882537841797 477.40985107421875 235.77505493164062 1.485753059387207 1.6193994283676147 4.057858467102051 -6.31310510635376 1.8592970371246338 24.98468017578125 2.7997746696163865 0.145607128739357
Car -1 -1 3.1 362.9227294921875 185.85003662109375 491.349365234375 235.50628662109375 1.4122980833053589 1.6181395053863525 3.903424024581909 -6.575476169586182 1.9334020018577576 26.830623626708984 2.863223229578379 0.12174517661333084