Car -1 -1 -1.68 658.3926391601562 178.55740356445312 725.288818359375 234.77728271484375 1.7564198970794678 1.6846290826797485 4.139240264892578 2.6460795402526855 1.9369221925735474 23.93982696533203 -1.571028474080836 0.8910142779350281
Car -1 -1 -1.97 816.166259765625 213.28880310058594 1240.280517578125 377.8742370605469 1.452019453048706 1.5566884279251099 3.8496925830841064 2.9654531478881836 1.776865005493164 5.546081066131592 -1.481710497731969 0.8484847545623779
Car -1 -1 -2.31 7.452841281890869 176.16934204101562 239.69101572036743 347.8245849609375 1.642038106918335 1.553654432296753 3.4404804706573486 -6.442558765411377 1.7448115348815918 8.161778450012207 -2.9744081299468768 0.7783330678939819
Car -1 -1 -2.92 277.3370361328125 184.29745483398438 437.2185974121094 253.4311981201172 1.517148733139038 1.6127662658691406 3.457641363143921 -6.225591659545898 1.8774399757385254 17.931520462036133 3.0306249447195874 0.7696625590324402
Car -1 -1 -1.64 646.0899047851562 184.8589630126953 689.0277099609375 219.52679443359375 1.5320833921432495 1.6192957162857056 3.738637685775757 2.5592105388641357 2.053149402141571 32.54127883911133 -1.5622617940673758 0.71335768699646
Car -1 -1 -2.84 359.2247619628906 178.69642639160156 490.0911865234375 232.47142028808594 1.714862585067749 1.7387391328811646 4.047582149505615 -6.034213542938232 1.9116016626358032 24.166048049926758 -3.080355866922103 0.6827289462089539
Car -1 -1 -2.96 417.1883544921875 179.5187530517578 517.1350708007812 220.3288116455078 1.765122652053833 1.7275598049163818 4.24337100982666 -6.0559539794921875 2.021137833595276 31.044673919677734 3.130851452596243 0.6700252294540405
Car -1 -1 -2.9 379.89483642578125 176.76077270507812 499.4995422363281 228.93467712402344 1.6973912715911865 1.6636639833450317 3.782973289489746 -6.074539661407471 1.9462532997131348 25.317012786865234 -3.132829615691799 0.662776529788971
Car -1 -1 -2.96 337.8474426269531 182.2293701171875 484.9795227050781 238.72076416015625 1.5600165128707886 1.6215105056762695 3.734311819076538 -5.859002113342285 1.904107391834259 21.50408363342285 3.058235274999829 0.6253737211227417
Car -1 -1 -1.71 652.9977416992188 180.2884063720703 717.7041625976562 229.94921875 1.6352477073669434 1.6091647148132324 3.9542717933654785 2.7078683376312256 1.9583173990249634 26.26703453063965 -1.6066342474195583 0.6217365264892578
Car -1 -1 -2.9 399.1226501464844 178.0152130126953 511.3583068847656 223.19302368164062 1.6500333547592163 1.7217304706573486 4.158229827880859 -6.186588764190674 1.9843716025352478 30.13226890563965 -3.098867894225428 0.6158144474029541
Car -1 -1 -3.01 304.28167724609375 184.99063110351562 466.34674072265625 243.6132049560547 1.5182944536209106 1.6190760135650635 3.832467794418335 -6.01418924331665 1.9067359566688538 20.096832275390625 2.9827178529450293 0.5988972187042236
Car -1 -1 -2.74 262.500244140625 188.21290588378906 420.9254150390625 262.1035461425781 1.5721176862716675 1.5600858926773071 3.3092002868652344 -5.29099702835083 1.8635409474372864 14.521641731262207 -3.0935097326978074 0.5882711410522461
Car -1 -1 -2.55 -7.301390647888184 183.61422729492188 219.78254795074463 329.10797119140625 1.5982173681259155 1.5741894245147705 3.771547317504883 -7.03098726272583 1.738264560699463 8.71186637878418 3.0537332041196112 0.5424102544784546
Car -1 -1 -2.85 476.8546447753906 180.84622192382812 540.517578125 209.11627197265625 1.5723114013671875 1.6160314083099365 3.999791383743286 -6.1822509765625 2.144823670387268 43.43321990966797 -2.9943560933966076 0.48583289980888367
Car -1 -1 -1.67 647.7418212890625 181.81954956054688 705.8447875976562 226.9443359375 1.5298430919647217 1.5944786071777344 3.8881635665893555 2.676927089691162 2.0346213579177856 32.39448165893555 -1.5870663049477658 0.4759591519832611
Car -1 -1 -1.65 633.979248046875 184.39767456054688 660.2560424804688 207.53387451171875 1.4114784002304077 1.5962673425674438 3.453601598739624 2.4460647106170654 2.207393705844879 46.83988571166992 -1.5958657578308246 0.45675668120384216
Car -1 -1 -2.94 -0.028505343943834305 186.39317321777344 127.06783865019679 328.8716125488281 1.6016451120376587 1.5667518377304077 3.439614772796631 -7.4115471839904785 1.7070688009262085 8.035394668579102 2.5960474832409774 0.44793158769607544
Van -1 -1 -2.81 383.0602722167969 176.86329650878906 504.4322814941406 226.93185424804688 1.9769783020019531 1.794122576713562 4.962764263153076 -6.239212989807129 2.0737032890319824 28.143234252929688 -3.032580783987129 0.34856081008911133
Car -1 -1 -2.33 8.201275825500488 189.11141967773438 173.06986713409424 294.3920593261719 1.5376346111297607 1.5469028949737549 3.3136510848999023 -9.12477970123291 1.794643759727478 11.902237892150879 -2.9847396962807773 0.343001127243042
Car -1 -1 -2.57 -1.1831002235412598 187.11537170410156 151.1491141319275 307.74298095703125 1.6200119256973267 1.5506763458251953 3.4127206802368164 -9.194554328918457 1.8763883709907532 11.200264930725098 3.0235705945393523 0.31618303060531616
Car -1 -1 -1.75 640.9996337890625 185.37921142578125 681.6910400390625 216.37890625 1.4683808088302612 1.578344464302063 3.508134365081787 2.597910165786743 2.0634610056877136 33.32089614868164 -1.6709617208970258 0.31601929664611816
Car -1 -1 -3.03 458.5946960449219 183.1538543701172 532.6959228515625 211.8826446533203 1.622601866722107 1.6641103029251099 4.005047798156738 -6.380769729614258 2.2374425530433655 40.43585968017578 3.1005592959835866 0.3019205629825592
Car -1 -1 -1.63 637.2086181640625 184.4432373046875 672.7837524414062 213.5409393310547 1.4372674226760864 1.5798407793045044 3.634521007537842 2.456205368041992 2.0040828585624695 33.509403228759766 -1.553835914677224 0.287300705909729
Cyclist -1 -1 2.77 267.3841552734375 183.54576110839844 428.2732238769531 265.0501708984375 1.6870557069778442 0.6826489567756653 1.793282151222229 -4.235604763031006 1.7433137893676758 11.396273612976074 2.4172304092976313 0.28638187050819397
Van -1 -1 -2.98 410.17071533203125 176.8235321044922 519.072021484375 220.65965270996094 2.0283725261688232 1.8148226737976074 5.2058796882629395 -6.4641852378845215 2.0945141315460205 33.86327362060547 3.1195471566915707 0.28506869077682495
Car -1 -1 2.66 630.3302001953125 183.4647216796875 657.58154296875 206.54212951660156 1.5142585039138794 1.6473078727722168 3.724078416824341 2.328458309173584 2.221742570400238 48.579124450683594 2.704027657237389 0.27667558193206787
Cyclist -1 -1 1.59 755.8588256835938 194.09120178222656 874.8264770507812 306.3335876464844 1.6427373886108398 0.6054041385650635 1.7279471158981323 2.905527114868164 1.8461575508117676 10.156972885131836 1.86474090743362 0.26118341088294983
Cyclist -1 -1 2.77 281.2158203125 185.18324279785156 438.0263366699219 253.78317260742188 1.6501572132110596 0.684789776802063 1.763983964920044 -4.441997528076172 1.7141632437705994 12.535099983215332 2.433255507827983 0.25251081585884094
Car -1 -1 -2.94 443.9526672363281 182.25352478027344 527.5494384765625 216.9090576171875 1.6772807836532593 1.6423012018203735 4.185958385467529 -6.1713385581970215 2.137231767177582 36.562477111816406 -3.1115829000636666 0.24805259704589844
Car -1 -1 -2.48 -1.4345585107803345 180.9728546142578 173.31338155269623 332.68023681640625 1.6021085977554321 1.581943392753601 3.6009576320648193 -6.97922420501709 1.7225086092948914 8.01264762878418 3.08937403722215 0.24494494497776031
Car -1 -1 -1.63 648.2631225585938 187.8756103515625 692.4459838867188 224.8216552734375 1.4742242097854614 1.581633448600769 3.8353631496429443 2.582343816757202 2.1531384587287903 31.73105812072754 -1.5467404372317812 0.22300194203853607
Van -1 -1 -1.67 658.386962890625 178.45217895507812 726.3004150390625 235.02569580078125 1.8512558937072754 1.7588894367218018 4.433781623840332 2.7067298889160156 2.032615542411804 24.747270584106445 -1.5624961366552652 0.221535786986351
Car -1 -1 -2.71 430.21087646484375 182.2933349609375 516.5331420898438 223.79212951660156 1.5045922994613647 1.6189453601837158 4.322551250457764 -5.994857311248779 2.0271562933921814 31.226564407348633 -2.901020574128344 0.21268460154533386
Van -1 -1 -2.79 362.26300048828125 177.52227783203125 489.9721984863281 231.08029174804688 1.8869547843933105 1.715004563331604 4.283707618713379 -6.400599956512451 2.006347417831421 25.758642196655273 -3.03782283973022 0.20559059083461761
Car -1 -1 -2.64 5.680381774902344 190.01287841796875 98.27957916259766 322.6934814453125 1.5372217893600464 1.5675077438354492 3.227466106414795 -7.641109943389893 1.723055899143219 8.261506080627441 2.894943651546928 0.19313067197799683
Car -1 -1 -2.49 1.1109029054641724 184.37266540527344 34.384958386421204 334.7414245605469 1.546543836593628 1.6113332509994507 3.4930145740509033 -8.199870109558105 1.7154128551483154 7.854070663452148 2.989783648922387 0.19056336581707
Car -1 -1 0.6 955.7992553710938 209.01077270507812 1260.6214599609375 401.0423889160156 1.4319369792938232 1.6145678758621216 4.69984769821167 2.9043819904327393 1.5745107531547546 4.470869064331055 1.1730893173006312 0.18537575006484985