Car -1 -1 -1.58 578.7293701171875 172.8433380126953 641.637939453125 231.1041717529297 1.6386533975601196 1.7044280767440796 3.9587550163269043 0.07665945589542389 1.2547126710414886 22.112930297851562 -1.5768243949262013 0.8885471224784851
Car -1 -1 -1.44 473.64752197265625 172.385498046875 528.0828247070312 218.88816833496094 1.5950813293457031 1.6880693435668945 4.326383113861084 -3.913529396057129 1.1615222096443176 27.287357330322266 -1.5792003405646735 0.8759250640869141
Van -1 -1 -1.31 320.8218994140625 127.96318817138672 481.49658203125 265.62804412841797 2.3103973865509033 1.9839974641799927 5.446783542633057 -4.2561798095703125 1.375919833779335 16.052600860595703 -1.5734828570172832 0.849959671497345
Car -1 -1 -1.14 201.8590087890625 184.75723266601562 336.77301025390625 248.42626953125 1.4720269441604614 1.6339644193649292 3.8916306495666504 -8.411645889282227 1.4496396780014038 18.248796463012695 -1.5719365316801426 0.8493661880493164
Car -1 -1 -0.91 2.8356924057006836 195.28945922851562 265.4374990463257 375.791259765625 1.4624303579330444 1.568913221359253 3.669663190841675 -4.5245513916015625 1.582543671131134 5.919527053833008 -1.5583129157322357 0.8487012386322021
Truck -1 -1 -1.45 529.7049560546875 152.08633422851562 564.4841918945312 192.3755645751953 3.5508341789245605 2.6154468059539795 8.798175811767578 -5.318459987640381 0.7090604305267334 64.64666748046875 -1.5292949180760465 0.7674651145935059
Car -1 -1 -1.57 504.4371643066406 175.4199981689453 539.5626831054688 205.33114624023438 1.5145796537399292 1.619019865989685 3.798476457595825 -4.773397922515869 1.056412398815155 39.97979736328125 -1.6885420219348752 0.6230624318122864
Car -1 -1 -1.54 577.470458984375 175.39254760742188 613.4978637695312 213.8273162841797 1.5036941766738892 1.6185804605484009 3.6507201194763184 -0.6329572200775146 1.169998049736023 32.66117858886719 -1.5632963273601703 0.48937880992889404
Car -1 -1 -1.54 576.2869262695312 173.2999267578125 633.0977783203125 223.93487548828125 1.6147408485412598 1.6678810119628906 4.165343761444092 -0.17713941633701324 1.1804196238517761 27.846391677856445 -1.5488311845347393 0.4861602485179901
Truck -1 -1 -1.3 321.7536315917969 130.36390686035156 482.3725280761719 267.11883544921875 3.403858184814453 2.562502861022949 7.6700568199157715 -4.88329553604126 1.8525664955377579 18.164398193359375 -1.5630438567498937 0.47653084993362427
Car -1 -1 -1.53 576.4287719726562 173.0345001220703 619.7244262695312 216.25669860839844 1.618230938911438 1.6819672584533691 4.040950775146484 -0.4052187502384186 1.1421456634998322 30.853487014770508 -1.5424621994000596 0.46749189496040344
Car -1 -1 -1.5 484.758544921875 173.02740478515625 534.126953125 214.1701202392578 1.6165366172790527 1.6467562913894653 4.0618205070495605 -4.174379825592041 1.1281069815158844 31.007856369018555 -1.6360545013964778 0.3986123502254486
Truck -1 -1 -1.54 323.0059814453125 124.68561553955078 451.7414245605469 252.44003295898438 3.386413097381592 2.54435133934021 7.867154121398926 -5.430856704711914 1.809582456946373 19.4210262298584 -1.80818551981889 0.34368929266929626
Van -1 -1 -1.95 528.2811279296875 151.7124481201172 564.8137817382812 191.9600372314453 2.7886953353881836 2.1040124893188477 6.272122859954834 -4.811917781829834 0.48731499910354614 58.13752746582031 -2.0353359604503716 0.3216158151626587
Van -1 -1 1.66 531.7858276367188 154.38687133789062 561.532958984375 190.03179931640625 2.7772393226623535 2.094681739807129 6.222104072570801 -5.239102840423584 0.616315484046936 61.73456954956055 1.5786248220622943 0.310794860124588
Car -1 -1 -1.46 528.2322998046875 168.0764617919922 555.3878784179688 196.88165283203125 1.6124622821807861 1.7311094999313354 4.103391647338867 -5.204728126525879 0.6900106072425842 56.55857849121094 -1.5476897913388994 0.2722965478897095
Car -1 -1 -1.53 510.6181640625 173.84567260742188 544.8116455078125 203.10012817382812 1.491109013557434 1.5666632652282715 3.5145606994628906 -4.66849946975708 0.9876005351543427 39.56814193725586 -1.6449471653082899 0.266874760389328
Car -1 -1 -1.27 328.37841796875 149.43673706054688 481.9317932128906 257.06878662109375 1.8964678049087524 1.7430123090744019 4.632414817810059 -4.885475158691406 1.4252642095088959 18.854333877563477 -1.5267591669441947 0.2658211290836334
Pedestrian -1 -1 -3.13 531.0975952148438 153.4497528076172 563.245361328125 191.6400146484375 1.8462817668914795 0.6103108525276184 0.6557604670524597 -4.275583744049072 0.43516236543655396 49.846317291259766 3.072093076762453 0.2474389374256134
Car -1 -1 -1.48 496.2716064453125 175.99209594726562 538.5355224609375 209.56475830078125 1.496873378753662 1.5596797466278076 3.978945255279541 -4.5213117599487305 1.102808952331543 36.479984283447266 -1.6008964974908428 0.22527281939983368
Car -1 -1 -1.38 508.00726318359375 167.6225128173828 545.4679565429688 202.974609375 1.4990155696868896 1.6383033990859985 3.726253032684326 -4.594268798828125 0.8969803750514984 39.102935791015625 -1.5003699500741234 0.22487902641296387
Car -1 -1 2.48 -4.601017951965332 183.6444091796875 72.26668071746826 370.6490173339844 1.689055323600769 1.6275479793548584 3.981548547744751 -4.115041732788086 1.652993381023407 3.392361879348755 1.598532352954436 0.2229621261358261
Car -1 -1 -1.51 528.5316772460938 173.12673950195312 552.9274291992188 196.85128784179688 1.5704569816589355 1.6754390001296997 4.078089237213135 -5.3234663009643555 0.8126495536416769 57.653873443603516 -1.5992802496136331 0.22129765152931213
Truck -1 -1 2.96 529.2130737304688 161.7472381591797 558.1492309570312 194.6931610107422 3.5279085636138916 2.429446220397949 8.66525650024414 -5.484097480773926 0.8096722364425659 63.582984924316406 2.878367164099963 0.2191111445426941
Car -1 -1 -0.25 529.45703125 162.21505737304688 557.3116455078125 195.1969757080078 1.692580223083496 1.7115851640701294 3.8621654510498047 -5.095812797546387 0.6188964247703552 56.935691833496094 -0.33602225558552856 0.2158527970314026
Truck -1 -1 -1.31 535.7478637695312 155.56982421875 566.8822021484375 192.7777862548828 3.5513086318969727 2.5820934772491455 9.004290580749512 -5.473217487335205 0.7475413084030151 67.1691665649414 -1.3893870896661316 0.21468330919742584
Van -1 -1 -1.33 326.1077880859375 126.27900695800781 448.4343566894531 251.4855499267578 2.53187894821167 2.088538885116577 5.816829204559326 -4.57723331451416 1.4462743252515793 16.603784561157227 -1.598062695670766 0.2055848240852356
Car -1 -1 -1.53 581.6513061523438 171.24404907226562 626.919189453125 217.91578674316406 1.6320239305496216 1.653494119644165 3.8796238899230957 -0.10282135754823685 1.199099451303482 27.851337432861328 -1.5288654333497451 0.20168054103851318
Car -1 -1 -1.5 531.5363159179688 154.90773010253906 560.7041625976562 192.1483612060547 1.9371052980422974 1.6787928342819214 4.006911754608154 -4.804660797119141 0.6625216603279114 55.01637268066406 -1.5909971428477085 0.19758932292461395
Car -1 -1 -1.6 519.0858154296875 175.34999084472656 547.4596557617188 199.8885955810547 1.4868817329406738 1.595118761062622 3.630847215652466 -5.35727596282959 0.8993876576423645 50.91022872924805 -1.7026326845737199 0.18627530336380005
Car -1 -1 -1.58 522.653076171875 172.47418212890625 547.3312377929688 197.58546447753906 1.5077154636383057 1.6252048015594482 3.702669858932495 -5.171322345733643 0.7924877926707268 50.95564651489258 -1.6851257914275113 0.18130914866924286
Van -1 -1 1.57 530.4428100585938 158.8015594482422 558.51611328125 191.2718048095703 2.6800498962402344 2.108407497406006 6.112586975097656 -5.433767795562744 0.42275506258010864 63.262821197509766 1.4822201895006053 0.17154985666275024