Car -1 -1 -1.53 729.5804443359375 173.97796630859375 775.5724487304688 215.4193572998047 1.6558573246002197 1.6833691596984863 3.8219082355499268 6.36215353012085 1.1775537133216858 31.555891036987305 -1.3266706857920099 0.8480156660079956
Car -1 -1 -1.46 724.0004272460938 174.51585388183594 755.790771484375 198.22996520996094 1.5550487041473389 1.6848371028900146 4.34614896774292 10.15542984008789 0.9555024057626724 54.55232620239258 -1.2754942205416304 0.49090635776519775
Car -1 -1 -1.39 725.899658203125 174.88748168945312 765.98876953125 207.37857055664062 1.6126922369003296 1.6265532970428467 3.865766763687134 8.263167381286621 1.1135660409927368 42.588504791259766 -1.1978839392955845 0.43039003014564514
Car -1 -1 -1.5 725.7611083984375 175.04212951660156 759.4802856445312 203.63536071777344 1.6797221899032593 1.658456802368164 4.069660186767578 9.263286590576172 1.0264245867729187 49.80295181274414 -1.315477849033348 0.3763844668865204
Car -1 -1 -2.73 1106.6396484375 153.06719970703125 1225.7684326171875 373.5255432128906 1.7334810495376587 1.5676043033599854 3.8510076999664307 2.2796385288238525 1.4200255870819092 1.06890869140625 -1.596403200920351 0.29240846633911133
Car -1 -1 -2.74 1134.1031494140625 147.49368286132812 1230.9080810546875 378.9312438964844 1.7135781049728394 1.5895015001296997 3.9076859951019287 2.2559571266174316 1.3702629208564758 1.0170313119888306 -1.595916427672985 0.27070724964141846
Cyclist -1 -1 0.76 472.87933349609375 202.0650634765625 502.0071105957031 229.61553955078125 1.6679210662841797 0.5732542872428894 1.6476547718048096 -6.2239179611206055 2.6539578437805176 37.77384567260742 0.5938794213460383 0.2600439190864563
Cyclist -1 -1 1.93 492.6908874511719 197.88442993164062 524.3404541015625 224.67315673828125 1.6834135055541992 0.5515733361244202 1.678688406944275 -4.928657531738281 2.327020049095154 36.17839050292969 1.7926019648025164 0.2511221468448639
Cyclist -1 -1 1.38 469.4986572265625 196.64361572265625 505.1077575683594 229.51698303222656 1.674548864364624 0.5708581805229187 1.674937129020691 -5.036306381225586 2.1094257831573486 30.51714515686035 1.219247503539254 0.23432902991771698
Cyclist -1 -1 1.58 474.3395080566406 196.57911682128906 509.8390197753906 228.78009033203125 1.6742665767669678 0.5597569346427917 1.6787344217300415 -4.766752243041992 2.071207284927368 30.093868255615234 1.4248831748100974 0.22757571935653687
Car -1 -1 -2.69 1087.824462890625 203.40475463867188 1233.3739013671875 370.1513977050781 1.627212405204773 1.5296499729156494 3.702737808227539 2.0306334495544434 1.3915318846702576 1.0928906202316284 -1.6160964314212984 0.2258729189634323
Cyclist -1 -1 1.01 477.0376892089844 202.2188262939453 505.7218933105469 228.90870666503906 1.6633425951004028 0.566783607006073 1.652652382850647 -5.93355131149292 2.6164280772209167 37.49526596069336 0.8482689538760546 0.22468189895153046
Cyclist -1 -1 1.85 488.89422607421875 198.4989013671875 520.7736206054688 225.72726440429688 1.6832208633422852 0.5578515529632568 1.6819807291030884 -5.25537633895874 2.3848928213119507 36.63050842285156 1.7103492354244194 0.22278374433517456
Cyclist -1 -1 2.03 496.5141296386719 197.41400146484375 528.6106567382812 223.9834747314453 1.6810787916183472 0.5510943531990051 1.678425908088684 -4.610620975494385 2.275567352771759 35.736507415771484 1.903240006961803 0.22184450924396515
Cyclist -1 -1 0.88 468.93701171875 202.1193389892578 498.3012390136719 230.62399291992188 1.6860969066619873 0.5748153328895569 1.6445401906967163 -6.508955478668213 2.684490203857422 37.904422760009766 0.7093100912557837 0.2200007140636444
Cyclist -1 -1 1.21 474.774169921875 206.1102294921875 500.12213134765625 233.2932586669922 1.6716017723083496 0.565037727355957 1.6008853912353516 -6.123249530792236 2.7853000164031982 36.93644714355469 1.0446986904329414 0.21724067628383636
Car -1 -1 -1.5 740.4556274414062 173.1649169921875 778.3971557617188 209.4888153076172 1.609578251838684 1.678576111793518 4.025751113891602 6.281747817993164 1.1444917619228363 30.83525276184082 -1.3024897712732182 0.21373507380485535
Car -1 -1 -2.72 1075.51708984375 161.4533233642578 1220.9786376953125 369.28582763671875 1.7353466749191284 1.5442571640014648 3.7347500324249268 2.483508586883545 1.4879735708236694 1.2620066404342651 -1.6188134203841198 0.19930821657180786
Cyclist -1 -1 1.16 478.35443115234375 193.4274444580078 518.3250122070312 227.48150634765625 1.6824674606323242 0.5561757683753967 1.7209337949752808 -4.580724716186523 1.93205988407135 30.25333023071289 1.0077598869492252 0.19877119362354279
Cyclist -1 -1 0.76 485.04571533203125 192.8101043701172 524.7687377929688 225.79742431640625 1.6917873620986938 0.5535286068916321 1.7304314374923706 -4.309554100036621 1.8833783268928528 29.909374237060547 0.6153190884214048 0.19185830652713776
Cyclist -1 -1 1.28 470.9750061035156 206.09251403808594 496.4647216796875 233.75416564941406 1.6765228509902954 0.5712491869926453 1.6017975807189941 -6.366788864135742 2.814087688922882 36.92263412475586 1.1088950118965712 0.19140546023845673
Cyclist -1 -1 1.87 494.6884765625 201.51951599121094 522.1959228515625 227.15048217773438 1.6667057275772095 0.5426229238510132 1.6572494506835938 -4.987691879272461 2.4620835185050964 36.31306838989258 1.7290690928460686 0.18565315008163452
Car -1 -1 -1.54 730.5443725585938 171.68312072753906 771.2176513671875 208.08116149902344 1.6187993288040161 1.7072598934173584 4.026968479156494 7.143347263336182 1.037182703614235 34.92645263671875 -1.3354912493941038 0.1855386197566986
Cyclist -1 -1 1.12 482.2151794433594 199.38482666015625 514.9472045898438 227.30422973632812 1.6710238456726074 0.5613350868225098 1.6734808683395386 -5.582235336303711 2.435282588005066 36.96775436401367 0.9667050422826442 0.18454614281654358
Cyclist -1 -1 1.31 463.35260009765625 194.45578002929688 502.5413818359375 229.92984008789062 1.7088737487792969 0.5715957283973694 1.715764045715332 -5.359872817993164 2.0370547771453857 30.993192672729492 1.1348653759362506 0.18318593502044678
Cyclist -1 -1 1.68 433.4813537597656 201.35232543945312 466.9877014160156 242.84483337402344 1.623397707939148 0.5389007329940796 1.5996943712234497 -5.085644721984863 1.8523024916648865 23.32842254638672 1.4612046363461229 0.18290914595127106
Cyclist -1 -1 1.78 490.49322509765625 201.77569580078125 518.5311279296875 227.80955505371094 1.6645227670669556 0.5536827445030212 1.651451826095581 -5.338973522186279 2.525259792804718 36.9329948425293 1.6371871124782569 0.18236064910888672
Cyclist -1 -1 2.08 499.5291748046875 194.0799560546875 535.3287353515625 223.04141235351562 1.7031688690185547 0.5699228644371033 1.6878479719161987 -4.294713497161865 2.122727632522583 35.4861946105957 1.956852260546917 0.18108020722866058
Car -1 -1 -2.72 1147.2684326171875 171.22216796875 1233.8536376953125 377.351806640625 1.5896391868591309 1.5977784395217896 3.7323098182678223 2.0358011722564697 1.280991792678833 0.9196319580078125 -1.5689754317532714 0.1789356917142868
Cyclist -1 -1 1.88 436.2138671875 204.4624786376953 461.9330749511719 242.4583282470703 1.6011645793914795 0.5331116914749146 1.568544626235962 -5.380023002624512 2.02947735786438 24.908288955688477 1.669582827335904 0.17808130383491516
Cyclist -1 -1 1.11 463.5348205566406 202.71824645996094 493.6965637207031 232.25439453125 1.7010072469711304 0.5806602239608765 1.640334963798523 -6.69561767578125 2.689696252346039 37.306488037109375 0.9293936833981498 0.17631278932094574
Cyclist -1 -1 1.62 458.2655334472656 206.93057250976562 485.6483459472656 235.46273803710938 1.7044682502746582 0.601198673248291 1.641692042350769 -6.7052741050720215 2.803972840309143 35.60666275024414 1.435432656531133 0.1759595274925232
Car -1 -1 -2.71 1179.2303466796875 148.9127197265625 1236.06396484375 371.4544372558594 1.681998610496521 1.5992852449417114 3.8095860481262207 2.103193759918213 1.2670779824256897 0.9943016171455383 -1.5856482103488139 0.17583729326725006
Cyclist -1 -1 1.56 465.26568603515625 206.48529052734375 491.4717102050781 234.47471618652344 1.6875841617584229 0.5868090391159058 1.6192758083343506 -6.567667484283447 2.8177417516708374 36.4693717956543 1.3823741536201624 0.17179913818836212
Car -1 -1 1.6 492.6908874511719 197.88442993164062 524.3404541015625 224.67315673828125 1.4766329526901245 1.5944616794586182 3.8576438426971436 -5.9211201667785645 2.523162543773651 43.72051239013672 1.4629891787866676 0.16748730838298798
Car -1 -1 -2.71 1120.3729248046875 143.75242614746094 1225.1231689453125 347.52008056640625 1.7678074836730957 1.593931794166565 3.8188703060150146 2.090402364730835 1.336108386516571 1.0913089513778687 -1.6240069764492464 0.16601519286632538
Car -1 -1 -2.68 1203.6795654296875 163.89227294921875 1235.9344482421875 373.7218322753906 1.6351264715194702 1.558432698249817 3.5181961059570312 1.956554651260376 1.316069483757019 0.9848282933235168 -1.5745913337180397 0.1655454784631729
Car -1 -1 -1.31 472.87933349609375 202.0650634765625 502.0071105957031 229.61553955078125 1.488621711730957 1.6079809665679932 3.6931049823760986 -7.385495662689209 2.9237499237060547 45.2278938293457 -1.4673677166721557 0.16419927775859833
Car -1 -1 -2.63 1042.3837890625 202.71200561523438 1226.7354736328125 369.5025939941406 1.5599799156188965 1.5051828622817993 3.5014266967773438 2.6354947090148926 1.5540452599525452 1.745392918586731 -1.647597259723554 0.16270481050014496
Car -1 -1 1.54 584.5254516601562 175.97776794433594 617.0786743164062 202.2965545654297 1.5564061403274536 1.677246332168579 4.5778021812438965 -0.31396377086639404 1.2188458740711212 52.64279556274414 1.5332922590843632 0.1574423611164093
Car -1 -1 -2.71 1169.366943359375 170.57359313964844 1240.4261474609375 375.3929443359375 1.5789663791656494 1.5806349515914917 3.665811777114868 2.0322556495666504 1.2623675763607025 0.9397233128547668 -1.5753299455605125 0.15693435072898865
Car -1 -1 1.5 579.461181640625 176.11868286132812 612.8218383789062 202.76361083984375 1.5470125675201416 1.6751608848571777 4.492764472961426 -0.6595034003257751 1.221795380115509 52.21332931518555 1.4842517091461458 0.15640053153038025
Car -1 -1 -1.46 724.0061645507812 171.26840209960938 762.3250732421875 200.31210327148438 1.5143558979034424 1.6667017936706543 4.132704257965088 9.230921745300293 0.8765398561954498 49.47403335571289 -1.2786016662599256 0.15457291901111603
Car -1 -1 -2.72 1188.2664794921875 171.91571044921875 1237.0238037109375 369.9919738769531 1.594712257385254 1.586484432220459 3.827126979827881 1.805131196975708 1.1649605333805084 0.8874689340591431 -1.6022307387463135 0.14645028114318848