Car -1 -1 1.92 185.43209838867188 178.01449584960938 430.1321105957031 337.35101318359375 1.5366202592849731 1.6161588430404663 3.9760119915008545 -3.597526788711548 1.643358290195465 9.238241195678711 1.5450232687097287 0.8989176154136658
Car -1 -1 1.73 489.6456604003906 172.62689208984375 543.4878540039062 210.59320068359375 1.4924603700637817 1.5925732851028442 3.79111909866333 -3.8913230895996094 1.492650330066681 30.58374786376953 1.6049647688398663 0.8560054302215576
Car -1 -1 -2.98 471.877197265625 166.9702911376953 525.6868286132812 194.1213836669922 1.6148834228515625 1.6872600317001343 4.252401351928711 -6.960216045379639 1.1991271078586578 45.79613494873047 -3.126766277319639 0.6221809387207031
Car -1 -1 1.76 314.5000915527344 167.32736206054688 384.223876953125 206.1356658935547 1.7476308345794678 1.73497474193573 4.3195319175720215 -11.870062828063965 1.4930572509765625 33.20650863647461 1.4211522136782309 0.4879833161830902
Car -1 -1 1.99 481.239501953125 169.68597412109375 537.2132568359375 204.45701599121094 1.4688445329666138 1.6582130193710327 4.121777057647705 -4.141924858093262 1.3923941254615784 31.3140869140625 1.8598650756165398 0.48285624384880066
Car -1 -1 -0.63 -1.0868271589279175 190.5729217529297 79.18126213550568 374.77752685546875 1.4688549041748047 1.5333893299102783 3.4790852069854736 -3.756235122680664 1.6132941246032715 2.0936689376831055 -1.6956787084462226 0.4581635296344757
Car -1 -1 -0.43 10.141114234924316 208.25576782226562 168.23359775543213 372.93060302734375 1.5703293085098267 1.5402309894561768 3.805927276611328 -2.172717571258545 1.426508605480194 1.1739617586135864 -1.5045848249605784 0.36732253432273865
Car -1 -1 -0.54 2.290599822998047 190.56982421875 108.35569381713867 375.4299621582031 1.4969559907913208 1.555556297302246 3.452997922897339 -3.4303507804870605 1.596729040145874 1.8473724126815796 -1.6193499339364683 0.3615324795246124
Car -1 -1 1.64 540.26416015625 169.76979064941406 566.4585571289062 186.61325073242188 1.4642988443374634 1.6570801734924316 4.066410541534424 -4.690528392791748 1.1719956398010254 59.33062744140625 1.5633790229375215 0.31940537691116333
Car -1 -1 -0.44 5.6693854331970215 196.6415557861328 205.96746587753296 370.50439453125 1.5680351257324219 1.5167303085327148 3.5502779483795166 -2.232269763946533 1.512415587902069 1.2049673795700073 -1.5112097171900247 0.31299883127212524
Car -1 -1 -0.5 -0.21995264291763306 180.95530700683594 153.8699216246605 369.52392578125 1.6163004636764526 1.5018776655197144 3.5578155517578125 -3.290847063064575 1.656732976436615 1.7700918912887573 -1.5800982073559897 0.3004148304462433
Car -1 -1 -0.75 0.3896821141242981 203.70904541015625 61.14683085680008 374.51251220703125 1.3910257816314697 1.5588122606277466 3.7298381328582764 -3.7747437953948975 1.5290998220443726 2.3245880603790283 -1.7682005322396437 0.2998749911785126
Car -1 -1 -0.23 1.213923692703247 228.63143920898438 51.76157307624817 378.0072326660156 1.4125655889511108 1.6429369449615479 3.975520610809326 -4.3642354011535645 1.6781886219978333 2.791661500930786 -1.2309124825644506 0.29475700855255127
Car -1 -1 -0.94 3.1531660556793213 204.8046417236328 49.583975076675415 363.67822265625 1.4987503290176392 1.6111177206039429 3.669804811477661 -3.6383090019226074 1.5785624980926514 2.3496880531311035 -1.9364552336872531 0.2937801480293274
Car -1 -1 -0.84 3.670567750930786 200.1748046875 91.7668354511261 362.80645751953125 1.5123999118804932 1.532427430152893 3.5841493606567383 -3.3433470726013184 1.6331719160079956 1.7879650592803955 -1.9238268709458355 0.2703745663166046
Car -1 -1 -1.03 -3.675025224685669 166.56268310546875 54.205700635910034 377.95068359375 1.5563395023345947 1.6631547212600708 3.743685007095337 -3.430771827697754 1.5843409895896912 1.936208724975586 -2.0895061767397696 0.2657332420349121
Car -1 -1 1.89 136.86053466796875 184.14317321777344 414.6849670410156 339.1876525878906 1.5214872360229492 1.585696816444397 3.581753969192505 -3.5549566745758057 1.6631632447242737 9.192117691040039 1.5240464001663439 0.25888052582740784
Car -1 -1 -0.51 15.708619117736816 209.11964416503906 131.04638767242432 371.43634033203125 1.5240193605422974 1.5593262910842896 3.9387478828430176 -2.610308885574341 1.5013779997825623 1.4861600399017334 -1.5582520305064964 0.23934772610664368
Car -1 -1 -0.6 -1.7668124437332153 186.1612548828125 61.77891433238983 332.8879699707031 1.765737533569336 1.6096299886703491 3.7369160652160645 -2.3001627922058105 1.404371201992035 1.5959473848342896 -1.5660455780946183 0.2336447834968567
Car -1 -1 -0.48 4.076035976409912 161.8343963623047 86.88698720932007 372.8517761230469 1.663464069366455 1.592441201210022 3.6400153636932373 -2.8053929805755615 1.57493656873703 1.395666241645813 -1.592062301591774 0.22579410672187805
Car -1 -1 -0.5 9.13103199005127 217.14173889160156 68.6738977432251 375.0711669921875 1.4781467914581299 1.6347389221191406 3.83479905128479 -3.161229372024536 1.4857129454612732 1.8844647407531738 -1.5347125518835023 0.22494156658649445
Car -1 -1 -0.53 23.908823013305664 227.28282165527344 214.1439914703369 363.12335205078125 1.4890995025634766 1.4959986209869385 3.210054874420166 -2.3644542694091797 1.5324576497077942 1.357488989830017 -1.5775300407693278 0.2160094976425171
Pedestrian -1 -1 1.15 50.71856689453125 244.9386749267578 155.5650177001953 365.27923583984375 1.592004656791687 0.37996432185173035 0.35192087292671204 -3.577230453491211 2.039091408252716 4.419045448303223 0.4688971153388053 0.21518489718437195
Car -1 -1 -0.51 27.499488830566406 220.49595642089844 146.41336059570312 372.9911193847656 1.4461886882781982 1.5073224306106567 3.247199058532715 -1.7461649179458618 1.2574790716171265 1.0912710428237915 -1.5205053557770078 0.20135989785194397
Car -1 -1 -0.86 1.5789440870285034 187.19122314453125 41.79374587535858 381.93182373046875 1.4725295305252075 1.6616877317428589 3.6854257583618164 -3.4847683906555176 1.5611191987991333 2.061549186706543 -1.8976339859266762 0.19738690555095673
Car -1 -1 -0.88 3.39591908454895 234.13076782226562 60.183581590652466 360.7126159667969 1.6516413688659668 1.6316136121749878 4.038629055023193 -3.1385109424591064 1.6533334255218506 2.3385443687438965 -1.8146098189182798 0.1936262995004654
Pedestrian -1 -1 1.44 35.96821594238281 237.46641540527344 131.81260681152344 360.8893737792969 1.5774681568145752 0.377393513917923 0.37200817465782166 -3.6983091831207275 1.9648654460906982 4.383636951446533 0.7373677588984169 0.19307056069374084
Pedestrian -1 -1 1.15 41.90861511230469 237.14511108398438 105.43923950195312 338.57110595703125 1.5787824392318726 0.3589484393596649 0.42980489134788513 -4.094707012176514 1.9627466797828674 4.876399040222168 0.45321678576218716 0.19137535989284515
Car -1 -1 -0.59 -6.011293888092041 165.42929077148438 58.73143529891968 309.3956604003906 1.8044133186340332 1.5669963359832764 3.606398344039917 -2.4373645782470703 1.4003787338733673 1.7174999713897705 -1.5462744250172689 0.19099043309688568
Pedestrian -1 -1 1.28 46.62370300292969 230.65945434570312 141.7106170654297 353.9100646972656 1.5471450090408325 0.3952658176422119 0.4443015158176422 -3.422780990600586 1.802562177181244 4.185532093048096 0.5967744525368044 0.18899036943912506
Car -1 -1 -0.5 -3.0276973247528076 149.62986755371094 76.87798810005188 336.7837219238281 1.7897340059280396 1.5036585330963135 3.437999725341797 -2.2208595275878906 1.438441812992096 1.290562629699707 -1.5486884670494856 0.18013674020767212
Pedestrian -1 -1 0.93 63.02668762207031 245.2939453125 175.93064880371094 363.07061767578125 1.5507005453109741 0.391167551279068 0.41645348072052 -3.328317880630493 1.9571983218193054 4.324587345123291 0.2733045032571475 0.17740242183208466
Pedestrian -1 -1 0.97 55.240875244140625 236.86026000976562 125.53477478027344 337.0438232421875 1.5253902673721313 0.36283308267593384 0.4592876136302948 -3.83701753616333 1.8922612071037292 4.7966790199279785 0.2925873325852262 0.17562276124954224
Car -1 -1 -0.59 -1.1519503593444824 166.536865234375 66.80994844436646 366.3359375 1.5569883584976196 1.6079305410385132 3.7701544761657715 -3.4495182037353516 1.514245331287384 1.908595323562622 -1.6599979503901006 0.1738627851009369
Car -1 -1 -0.5 -1.304327368736267 168.33030700683594 37.27421724796295 358.42822265625 1.6232707500457764 1.5520867109298706 3.558532953262329 -2.5671987533569336 1.3888176083564758 1.5284667015075684 -1.532200793054625 0.1706153303384781
Car -1 -1 -0.43 0.3389449119567871 132.8353271484375 60.34539556503296 356.0000915527344 1.8345800638198853 1.592679500579834 3.8568129539489746 -3.0957791805267334 1.4945219159126282 1.6702221632003784 -1.502253364695834 0.1634078174829483
Pedestrian -1 -1 0.95 61.01448059082031 230.29261779785156 162.79345703125 353.4233703613281 1.483406901359558 0.3922177255153656 0.49827510118484497 -3.1409571170806885 1.7037962079048157 4.0681633949279785 0.29102049327100765 0.15625189244747162
Pedestrian -1 -1 1.65 29.418176651000977 229.90145874023438 118.91291999816895 354.71258544921875 1.6200612783432007 0.4094397723674774 0.41225600242614746 -3.8842813968658447 1.9456127285957336 4.51334285736084 0.9407898536132784 0.15442971885204315
Car -1 -1 -0.53 6.220991134643555 193.89437866210938 47.798566818237305 336.8807678222656 1.5664042234420776 1.5336804389953613 3.413879632949829 -2.9988579750061035 1.4485586285591125 1.9787981510162354 -1.515725617162504 0.15259042382240295
Pedestrian -1 -1 1.5 40.345062255859375 222.86529541015625 127.88236999511719 345.06036376953125 1.5409308671951294 0.4121471345424652 0.476578027009964 -3.5029096603393555 1.726747751235962 4.223604202270508 0.8093510817081793 0.15254691243171692
Car -1 -1 -0.49 13.282726287841797 230.9990692138672 92.92330551147461 368.565185546875 1.552301287651062 1.5622564554214478 3.630997657775879 -2.360261917114258 1.4354357719421387 1.4908169507980347 -1.5006996641248822 0.15240593254566193
Car -1 -1 -0.54 8.791072845458984 201.13502502441406 56.70327377319336 348.65606689453125 1.5411791801452637 1.589476227760315 3.6482017040252686 -2.8888492584228516 1.427392601966858 1.804944634437561 -1.5477347232613559 0.15062807500362396
Car -1 -1 -0.47 7.917503356933594 177.3869171142578 64.3998794555664 355.209716796875 1.591300368309021 1.5627470016479492 3.6313729286193848 -2.442384958267212 1.3817234635353088 1.382895588874817 -1.5228103719126942 0.14641325175762177
Car -1 -1 -0.53 22.624414443969727 218.4120635986328 83.4944019317627 371.3897399902344 1.476668357849121 1.5372658967971802 3.622685670852661 -1.8878618478775024 1.2635777592658997 1.0897151231765747 -1.5786006808848416 0.14362426102161407
Car -1 -1 -0.49 22.004541397094727 225.1202850341797 114.0393009185791 368.39300537109375 1.4889857769012451 1.5090465545654297 3.3884167671203613 -1.6404221057891846 1.209385097026825 1.0435380935668945 -1.4990710035118529 0.13101410865783691
Car -1 -1 -0.47 20.470800399780273 181.35977172851562 87.19306755065918 349.6083984375 1.5714741945266724 1.5680471658706665 3.668443441390991 -2.2360496520996094 1.3385858535766602 1.2911760807037354 -1.5193896990531766 0.125145822763443
Car -1 -1 -0.53 19.16767692565918 246.9998321533203 83.36763572692871 381.0237731933594 1.5908442735671997 1.4613388776779175 3.6057238578796387 -2.717272996902466 1.589569866657257 1.8302936553955078 -1.505925169010169 0.11565646529197693