Car -1 -1 -1.59 573.5545043945312 176.8624267578125 622.8092651367188 223.51846313476562 1.6229054927825928 1.703380823135376 4.006217002868652 -0.38020601868629456 1.336042046546936 27.35896873474121 -1.6085927572754626 0.892033576965332
Car -1 -1 -1.13 180.94696044921875 186.26377868652344 318.4446716308594 257.8158874511719 1.459976077079773 1.5609747171401978 3.415294647216797 -8.259566307067871 1.5129947662353516 16.825645446777344 -1.587433378035044 0.8717085719108582
Car -1 -1 -1.46 463.0741882324219 181.4635772705078 514.20556640625 220.1272735595703 1.4554657936096191 1.633504867553711 4.216025352478027 -5.043517112731934 1.3714576959609985 30.7675724029541 -1.6226806793517472 0.8645431399345398
Car -1 -1 -1.35 358.52459716796875 168.91622924804688 471.16387939453125 253.2579345703125 1.8619905710220337 1.7546343803405762 4.544056415557861 -4.579863548278809 1.4732033610343933 17.561668395996094 -1.6021919339979247 0.853972852230072
Van -1 -1 -1.5 498.2124328613281 159.55955505371094 541.0414428710938 207.71038818359375 2.570561170578003 2.0262181758880615 5.828371047973633 -5.324585437774658 1.2050720378756523 44.666038513183594 -1.6211420913315093 0.7413105964660645
Car -1 -1 1.94 268.0101013183594 181.15309143066406 345.4405822753906 221.00405883789062 1.5580024719238281 1.5919150114059448 3.282365560531616 -12.63343334197998 1.4332071542739868 30.2150936126709 1.5454174862498622 0.7377545833587646
Van -1 -1 -1.36 357.41387939453125 169.13009643554688 471.85870361328125 253.7655029296875 1.854888677597046 1.809834599494934 4.582179546356201 -4.63929557800293 1.5027410387992859 17.873680114746094 -1.6158464034436983 0.6887564659118652
Van -1 -1 -0.74 1.6200501918792725 84.66704559326172 206.08800673484802 377.92516326904297 2.3453047275543213 2.0057315826416016 5.052154541015625 -4.271172523498535 1.6759024858474731 3.610837459564209 -1.6122477368492572 0.6368122100830078
Car -1 -1 2.7 -3.3302934169769287 148.27627563476562 226.30119156837463 372.1657409667969 1.7685060501098633 1.693847894668579 4.296464920043945 -4.373389720916748 1.7366358637809753 4.056301593780518 1.8738267385038965 0.6015077233314514
Van -1 -1 -2.73 5.976113796234131 152.19097900390625 197.4804015159607 275.93487548828125 2.329099655151367 1.9198862314224243 5.307711601257324 -9.232017517089844 1.557822346687317 11.838407516479492 2.8897900949296424 0.5497955679893494
Van -1 -1 -1.98 2.764983892440796 134.5550079345703 207.53961157798767 305.1748352050781 2.50476336479187 2.1644856929779053 5.969936370849609 -8.079426765441895 1.6729898750782013 8.702869415283203 -2.726844751600157 0.5102994441986084
Car -1 -1 2.26 12.438671112060547 179.66925048828125 216.0820426940918 376.699462890625 1.5681848526000977 1.7159374952316284 4.205347061157227 -4.097475051879883 1.5751975178718567 4.075591564178467 1.4743456190090312 0.4772677719593048
Van -1 -1 -1.48 -10.44343090057373 103.73121643066406 217.3953447341919 333.793212890625 2.4275617599487305 1.9334208965301514 5.29071569442749 -4.3607892990112305 1.5849190652370453 4.259109973907471 -2.273142897097829 0.45766618847846985
Car -1 -1 -1.47 502.2156982421875 167.94956970214844 542.2115478515625 208.32009887695312 1.9395469427108765 1.693722128868103 4.37557315826416 -4.66469144821167 1.221621185541153 41.250240325927734 -1.586380584363786 0.41228386759757996
Car -1 -1 -1.44 524.7415771484375 173.9274444580078 554.0127563476562 202.16213989257812 1.8087971210479736 1.7122739553451538 4.111926555633545 -4.852533340454102 1.139913186430931 52.12770080566406 -1.5375566588896081 0.3800862729549408
Van -1 -1 1.63 515.2599487304688 169.0266571044922 551.2939453125 203.63682556152344 2.2160661220550537 1.9167704582214355 5.419679164886475 -5.179205417633057 1.1286684107035398 51.270450592041016 1.5304377688332815 0.37455829977989197
Truck -1 -1 -1.48 498.6307678222656 159.4464569091797 542.1484375 208.31076049804688 3.4106714725494385 2.60019588470459 8.412707328796387 -5.569789409637451 1.4968244284391403 47.702178955078125 -1.5951797599529343 0.371588796377182
Van -1 -1 -1.3 506.2630920410156 166.19525146484375 546.4598388671875 206.77853393554688 2.258366346359253 1.9947603940963745 5.544273376464844 -5.150646686553955 1.2062033265829086 45.009708404541016 -1.4177704696768343 0.35500389337539673
Car -1 -1 -1.56 573.5974731445312 176.4962921142578 614.8702392578125 216.545166015625 1.6290013790130615 1.6679099798202515 4.0427565574646 -0.42658260464668274 1.2839865386486053 27.71380615234375 -1.5793451587966807 0.3146035969257355
Car -1 -1 2.25 144.43157958984375 189.16165161132812 260.1901550292969 239.8738250732422 1.4131883382797241 1.4743070602416992 3.2018566131591797 -12.415688514709473 1.5675026178359985 22.35818862915039 1.7477777489928084 0.2913671135902405
Car -1 -1 -2.4 530.55859375 177.4990234375 554.6569213867188 201.17796325683594 1.6206638813018799 1.5990662574768066 3.7287213802337646 -4.847802639007568 1.1742051541805267 54.06766128540039 -2.4938020432094232 0.29059359431266785
Van -1 -1 -2.05 -19.15015983581543 77.76338195800781 235.53483772277832 354.7362823486328 2.5881645679473877 2.1045114994049072 5.8017578125 -4.014584541320801 1.627461463212967 3.3025853633880615 -2.9358395078893125 0.28554362058639526
Car -1 -1 1.41 513.919677734375 169.4834747314453 550.7713623046875 204.77972412109375 1.8862463235855103 1.6838669776916504 4.299760818481445 -4.847134590148926 1.2207545340061188 50.010807037353516 1.3138820113253509 0.2614726722240448
Car -1 -1 2.23 250.3426055908203 184.92872619628906 338.58135986328125 224.19931030273438 1.5236583948135376 1.5957021713256836 3.6139094829559326 -12.655329704284668 1.4873927235603333 29.595958709716797 1.8276186326741453 0.2582439184188843
Car -1 -1 -1.33 508.0360107421875 168.88519287109375 547.9927368164062 207.5159149169922 1.8933167457580566 1.705729603767395 4.299353122711182 -4.832809925079346 1.22531396150589 42.16727828979492 -1.4419455627687965 0.25492629408836365
Van -1 -1 2.31 12.567583084106445 150.251220703125 212.58426094055176 365.7037658691406 1.8696019649505615 1.6076114177703857 4.096988677978516 -3.232445478439331 1.426062434911728 3.2657833099365234 1.529925771880479 0.2518305480480194
Van -1 -1 -2.42 -3.8095901012420654 164.46694946289062 157.05860447883606 268.5910339355469 2.3566324710845947 2.0006208419799805 5.704770565032959 -10.723522186279297 1.5311654806137085 12.056811332702637 3.138467696358777 0.24916450679302216
Car -1 -1 -0.79 167.23524475097656 187.3602294921875 303.48162841796875 249.43197631835938 1.4822224378585815 1.5390757322311401 3.4424004554748535 -8.57046890258789 1.4908818006515503 17.26536750793457 -1.2540032680383906 0.24478447437286377
Car -1 -1 2.36 38.75901412963867 188.94017028808594 230.23986434936523 366.49237060546875 1.678956389427185 1.6651484966278076 4.071960926055908 -4.051021099090576 1.7282302975654602 3.954324722290039 1.5593552163199362 0.2377655953168869
Car -1 -1 -1.05 -3.199709892272949 149.28506469726562 198.6790590286255 292.25299072265625 1.7589589357376099 1.7693424224853516 4.5557966232299805 -10.61389446258545 1.4907348155975342 13.008702278137207 -1.7321855857782973 0.23320770263671875
Car -1 -1 -1.32 358.5267028808594 171.20175170898438 449.0892639160156 245.04574584960938 1.8124135732650757 1.7483515739440918 4.269200801849365 -4.88504695892334 1.4442344903945923 18.040225982666016 -1.5796796107684221 0.23208270967006683
Car -1 -1 -0.4 -7.952602863311768 106.34029388427734 202.7625002861023 359.77819061279297 1.6450690031051636 1.6753727197647095 4.175650596618652 -8.68429946899414 1.886721909046173 7.859715461730957 -1.2359650684353305 0.21953041851520538
Pedestrian -1 -1 1.21 501.4945983886719 160.9727020263672 542.6763916015625 207.1312713623047 1.9904065132141113 0.6405269503593445 0.9239439368247986 -4.083641529083252 1.2086000591516495 34.36341857910156 1.0875435201761325 0.20946842432022095
Car -1 -1 -1.52 505.0461730957031 174.83628845214844 541.77099609375 209.73167419433594 1.694084882736206 1.6374698877334595 4.241484642028809 -4.756486892700195 1.2465674877166748 41.83662796020508 -1.6353765976405787 0.2044321894645691
Van -1 -1 -0.46 4.206874847412109 76.10530853271484 186.26325607299805 326.2175521850586 2.4799039363861084 2.093701124191284 5.405631065368652 -3.0379080772399902 1.446106806397438 2.8368940353393555 -1.2831487689197836 0.20197956264019012
Cyclist -1 -1 -1.16 501.4945983886719 160.9727020263672 542.6763916015625 207.1312713623047 1.9260964393615723 0.5634129643440247 1.8884540796279907 -3.9827301502227783 1.134135365486145 33.61970138549805 -1.2782182479092405 0.19879436492919922
Van -1 -1 -1.22 -32.04161834716797 45.22840118408203 181.34894561767578 357.8515396118164 2.395559787750244 1.9203099012374878 5.316717147827148 -3.927234411239624 1.6047497391700745 3.4973011016845703 -2.0618519844687135 0.19866248965263367
Van -1 -1 -0.67 38.135562896728516 146.82662963867188 209.21635818481445 287.6235656738281 2.101680278778076 2.1288206577301025 5.477426052093506 -9.095671653747559 1.4281127750873566 11.03602409362793 -1.3581621394833663 0.19782114028930664
Car -1 -1 -2.18 520.4905395507812 172.9197540283203 551.5339965820312 204.82240295410156 1.7145100831985474 1.6375138759613037 4.117875099182129 -5.027007579803467 1.175201028585434 53.18903350830078 -2.2787652559056832 0.18285804986953735
Car -1 -1 2.07 237.60914611816406 186.41197204589844 337.1334533691406 229.9693145751953 1.5098434686660767 1.5705617666244507 3.615140914916992 -12.722251892089844 1.5089280009269714 29.82314109802246 1.6668501376050529 0.18211786448955536
Car -1 -1 -1.04 491.9591369628906 171.87667846679688 535.3880615234375 209.16470336914062 1.679094672203064 1.5983655452728271 4.168336868286133 -5.233798980712891 1.186323195695877 40.3070068359375 -1.1713714086440108 0.1817007213830948
Cyclist -1 -1 2.75 1.1093590259552002 106.16207122802734 208.8563072681427 381.1526412963867 1.8305619955062866 0.6013112664222717 1.943376064300537 -2.895951271057129 1.472395658493042 3.3351852893829346 2.0362646197651273 0.17910271883010864
Van -1 -1 -2.72 16.699209213256836 166.5232696533203 194.69908714294434 296.83050537109375 2.2420830726623535 1.7985575199127197 4.483585357666016 -10.746792793273926 2.1055597066879272 13.363733291625977 2.8893522610970788 0.17789007723331451
Car -1 -1 -2.68 2.3151822090148926 183.6271514892578 173.45743989944458 282.4971618652344 1.4388946294784546 1.6472078561782837 4.172621726989746 -12.519487380981445 1.6463483572006226 15.446009635925293 2.924153218762793 0.17504402995109558
Car -1 -1 -1.87 -19.15015983581543 77.76338195800781 235.53483772277832 354.7362823486328 1.9608068466186523 1.7320886850357056 4.471736431121826 -5.160793781280518 1.6640100479125977 3.9842748641967773 -2.780298569726911 0.17322354018688202
Pedestrian -1 -1 0.95 134.68984985351562 181.44302368164062 228.38906860351562 233.93460083007812 1.7702068090438843 0.6589574217796326 0.48119935393333435 -12.816243171691895 1.4652654528617859 21.622512817382812 0.41860725536096366 0.1729089915752411
Pedestrian -1 -1 1.12 1.1093590259552002 106.16207122802734 208.8563072681427 381.1526412963867 1.9360625743865967 0.6433446407318115 0.9027000665664673 -3.1380691528320312 1.5817477107048035 3.9422664642333984 0.4521140091253888 0.16859623789787292
Van -1 -1 0.62 17.917360305786133 120.1596450805664 235.7455005645752 347.15579986572266 2.2273428440093994 1.6915801763534546 4.421685218811035 -3.523590564727783 1.479150801897049 3.676539182662964 -0.14697295065008076 0.16675885021686554
Car -1 -1 3.04 162.4899444580078 189.10243225097656 275.9911804199219 243.6114959716797 1.4194283485412598 1.5712283849716187 3.4392483234405518 -12.689931869506836 1.543024718761444 22.857166290283203 2.53773033600433 0.1662350594997406
Van -1 -1 -2.38 5.549585342407227 121.84274291992188 174.1357364654541 291.53790283203125 2.466454267501831 2.0622096061706543 5.601672649383545 -6.938372611999512 1.5787199437618256 7.22425651550293 3.135371146031167 0.1645340770483017
Van -1 -1 -2.57 522.1867065429688 171.61447143554688 553.2909545898438 204.7715301513672 2.1412553787231445 1.905002474784851 5.248395919799805 -5.190298080444336 1.1523064896464348 52.259281158447266 -2.6681101952899073 0.1634228527545929
Van -1 -1 1.58 528.2778930664062 168.82183837890625 554.61767578125 199.906982421875 2.2906911373138428 2.005765199661255 5.893843650817871 -4.857755661010742 1.0253270119428635 53.740535736083984 1.4863008070691084 0.1632380485534668
Car -1 -1 2.4 136.39645385742188 185.25205993652344 241.73321533203125 236.88754272460938 1.4615075588226318 1.4443907737731934 3.048548698425293 -13.154182434082031 1.5180781483650208 23.20940589904785 1.8827065047392013 0.15847600996494293
Car -1 -1 -1.18 -6.932628631591797 131.50282287597656 151.6166114807129 355.26849365234375 1.542521357536316 1.6336185932159424 4.2905120849609375 -8.878342628479004 1.7646885514259338 7.967955112457275 -2.015720802322596 0.15676751732826233
Car -1 -1 1.15 10.623034477233887 165.8616485595703 196.157244682312 352.5084533691406 1.735980749130249 1.7182483673095703 4.278354167938232 -5.254333019256592 1.5563583374023438 5.246112823486328 0.3643277054263976 0.1505969613790512
Car -1 -1 0.72 220.89361572265625 183.31793212890625 338.0086364746094 236.81201171875 1.496239423751831 1.552965760231018 3.5955350399017334 -11.648608207702637 1.4491586685180664 25.728654861450195 0.2961634650158351 0.14821600914001465
Car -1 -1 0.86 -2.339127779006958 180.3497314453125 189.23142886161804 328.7971496582031 1.66566801071167 1.660941481590271 4.328379154205322 -6.3949713706970215 1.5706394910812378 7.055963039398193 0.11883593209202559 0.1372331976890564
Car -1 -1 -3.0 21.30653953552246 169.50885009765625 195.9551296234131 298.141845703125 1.5867537260055542 1.6297038793563843 4.067081928253174 -12.038887023925781 2.076330602169037 14.797057151794434 2.5989329424374796 0.13512377440929413
Van -1 -1 -2.33 -0.3166067898273468 142.7599639892578 147.63604518771172 299.84417724609375 2.3227264881134033 1.9977941513061523 5.430307865142822 -8.24321460723877 1.6321571171283722 8.189964294433594 -3.1189147124126855 0.13484057784080505
Car -1 -1 -0.87 69.40619659423828 162.05821228027344 230.87601470947266 276.6214904785156 1.465471863746643 1.643302321434021 3.704562187194824 -13.946235656738281 1.6161514520645142 22.09271812438965 -1.4318627983947865 0.12348771095275879
Van -1 -1 -2.85 -10.983105659484863 83.23535919189453 146.87802410125732 303.75342559814453 2.884303569793701 2.1479310989379883 7.0377092361450195 -5.376840591430664 1.6450457125902176 4.689296245574951 2.575237279512031 0.11915473639965057
Car -1 -1 2.97 22.907880783081055 166.23316955566406 226.34881401062012 337.3628234863281 1.669765591621399 1.6512635946273804 3.94706130027771 -4.703824996948242 1.6145899295806885 5.219213008880615 2.235452964715516 0.11848719418048859
Car -1 -1 -2.37 -3.0904288291931152 125.14773559570312 214.10419702529907 322.71759033203125 1.712838888168335 1.687951683998108 4.169513702392578 -10.50327205657959 2.201929450035095 10.844649314880371 -3.1346585559112174 0.09045109152793884
Car -1 -1 -0.29 51.22447967529297 152.31666564941406 222.1336898803711 307.22406005859375 1.4999480247497559 1.578330636024475 3.706298828125 -11.443122863769531 1.8753790855407715 16.821496963500977 -0.8887502155241229 0.08674377202987671
Car -1 -1 -2.25 -13.407919883728027 96.38520812988281 156.38443851470947 330.1119689941406 1.5846281051635742 1.6065605878829956 4.119131088256836 -13.302687644958496 2.0475077629089355 11.468363761901855 -3.1066078463814666 0.08487367630004883
Car -1 -1 2.36 14.612257957458496 154.84910583496094 201.17257595062256 318.1771240234375 1.672958254814148 1.6602206230163574 4.144622802734375 -11.089303970336914 2.3167900443077087 11.8084077835083 1.6057854981921604 0.0745869055390358