Car -1 -1 1.85 354.1493835449219 195.3013153076172 447.31121826171875 254.34597778320312 1.4582003355026245 1.573958396911621 3.911471128463745 -5.942878723144531 2.137189209461212 20.802780151367188 1.5670525539169962 0.891643226146698
Car -1 -1 -1.66 699.7543334960938 179.56285095214844 781.6771850585938 248.92030334472656 1.4971121549606323 1.5878252983093262 3.4343531131744385 3.0864036083221436 1.7095643877983093 17.781457901000977 -1.4845180777175333 0.8809612393379211
Car -1 -1 -1.84 733.5018920898438 181.10797119140625 915.9951782226562 302.97662353515625 1.488489031791687 1.6403982639312744 3.970104932785034 3.066072463989258 1.6637617945671082 11.214006423950195 -1.575990532609631 0.879506528377533
Car -1 -1 -2.12 843.3720703125 183.29205322265625 1235.2596435546875 375.8013916015625 1.548601746559143 1.672451138496399 4.252760410308838 2.916469097137451 1.6431821584701538 4.449380874633789 -1.543907742726783 0.8448379635810852
Car -1 -1 1.75 488.2199401855469 188.25503540039062 524.3258056640625 212.56494140625 1.47915780544281 1.6643277406692505 3.823077440261841 -6.511460304260254 2.462086498737335 45.548980712890625 1.6073807749126514 0.7690157890319824
Car -1 -1 -1.38 639.4127807617188 179.91163635253906 668.9426879882812 202.53509521484375 1.4927517175674438 1.596509337425232 2.9382247924804688 2.9857168197631836 2.032808840274811 49.03223419189453 -1.3173944409847094 0.5821574330329895
Car -1 -1 -0.41 -1.9753813743591309 215.61248779296875 94.51515054702759 379.5193176269531 1.5557835102081299 1.7503187656402588 4.206254482269287 -2.595723867416382 1.5351864695549011 1.06296706199646 -1.5894491505886368 0.27832892537117004
Car -1 -1 -0.39 -1.5637421607971191 211.0572509765625 67.79508352279663 377.9427185058594 1.603196620941162 1.7362593412399292 4.186697959899902 -2.7694251537323 1.5753607153892517 1.1203798055648804 -1.5805693339583957 0.2641736567020416
Van -1 -1 -2.37 42.28798294067383 137.78919982910156 315.14482498168945 264.8370361328125 2.5575380325317383 2.1151022911071777 5.631018161773682 -9.622291564941406 1.9182831048965454 16.804546356201172 -2.885450167238525 0.25455808639526367
Car -1 -1 1.69 492.57867431640625 187.96253967285156 529.8304443359375 212.08473205566406 1.417083501815796 1.6126757860183716 3.7456588745117188 -6.479145050048828 2.4038984775543213 45.57746124267578 1.5474968168143581 0.24973523616790771
Van -1 -1 -2.43 106.31251525878906 133.7719268798828 339.06524658203125 255.2282257080078 2.8433094024658203 2.1218068599700928 6.511157989501953 -10.48265266418457 2.164644241333008 19.239418029785156 -2.92455902538446 0.22585903108119965
Car -1 -1 1.64 578.4902954101562 181.21029663085938 600.6803588867188 197.619384765625 1.4466263055801392 1.7046931982040405 4.0543646812438965 -1.9660910367965698 2.1808608174324036 69.28089141845703 1.6108161999302837 0.2065027505159378
Car -1 -1 -0.4 -4.74057149887085 205.19432067871094 43.5068039894104 380.3645324707031 1.6456323862075806 1.7238280773162842 4.091221332550049 -2.9130141735076904 1.6219037771224976 1.2261945009231567 -1.5719831068062948 0.19845975935459137
Cyclist -1 -1 1.86 1220.05126953125 130.31040954589844 1237.4288330078125 201.9213104248047 1.6865204572677612 0.6527620553970337 1.6766427755355835 16.807207107543945 0.6069904863834381 18.858186721801758 2.59235673232447 0.197628915309906
Pedestrian -1 -1 1.92 782.2684326171875 172.6128387451172 820.3455810546875 236.22210693359375 1.790958285331726 0.6411610841751099 0.8061257600784302 5.305990219116211 1.6881583333015442 20.16093635559082 2.1788343486712494 0.19064933061599731
Car -1 -1 -0.41 -2.000697612762451 232.34129333496094 119.8913083076477 378.6004333496094 1.4708613157272339 1.745263695716858 4.114136219024658 -2.3629298210144043 1.4771773219108582 1.0188769102096558 -1.5741917558856464 0.18967755138874054
Pedestrian -1 -1 -0.06 454.73004150390625 188.96649169921875 482.59967041015625 217.6677703857422 1.6954734325408936 0.5938972234725952 0.6308603286743164 -7.401532173156738 2.4683374166488647 37.67623519897461 -0.25640206312285585 0.18880070745944977
Truck -1 -1 2.48 31.942474365234375 117.09741973876953 294.90875244140625 286.74866485595703 3.2830514907836914 2.5425355434417725 9.144039154052734 -11.12488079071045 2.1270723044872284 17.4669246673584 1.9084623216970042 0.1870896816253662
Car -1 -1 -2.52 1210.964111328125 312.55499267578125 1239.9022216796875 373.0998840332031 1.3250572681427002 1.498067855834961 3.390871286392212 1.2047533988952637 1.0043182075023651 0.92409348487854 -1.6019325111055132 0.11181452870368958
Car -1 -1 -2.49 1215.646240234375 314.82391357421875 1241.7635498046875 371.8158874511719 1.3459675312042236 1.5150319337844849 3.2269248962402344 1.26040518283844 1.0231181383132935 0.978408932685852 -1.5799143133713631 0.10588285326957703
Car -1 -1 -0.54 25.554805755615234 278.0491943359375 98.9685173034668 347.952392578125 1.543443202972412 1.6842433214187622 3.533048391342163 -0.9268287420272827 1.096680074930191 0.6411187052726746 -1.5065935961997514 0.09534693509340286