Car -1 -1 -1.51 714.6910400390625 182.77357482910156 772.8507690429688 232.29837036132812 1.5911508798599243 1.6497938632965088 3.5086941719055176 4.789390563964844 1.5452958941459656 25.08092498779297 -1.318372250721123 0.8785896897315979
Truck -1 -1 -1.12 59.974281311035156 88.96369171142578 316.72574615478516 270.9158706665039 3.6518070697784424 2.592310667037964 8.66994571685791 -10.387548446655273 1.6635745167732239 19.052751541137695 -1.6227435158993773 0.775902509689331
Car -1 -1 -1.3 792.5100708007812 182.7720489501953 824.029052734375 203.60543823242188 1.5970344543457031 1.6200388669967651 3.7361652851104736 15.964845657348633 1.432005226612091 56.87175369262695 -1.0302695429016486 0.7665638327598572
Van -1 -1 0.88 53.3610725402832 103.04002380371094 302.303409576416 271.62225341796875 2.9204022884368896 2.209139823913574 6.879998683929443 -8.83437442779541 1.471849619410932 15.9540376663208 0.37742599154809575 0.6417796015739441
Car -1 -1 2.16 2.7937631607055664 196.78919982910156 37.97227191925049 274.7522277832031 1.688172459602356 1.6620922088623047 4.16940975189209 -13.435794830322266 1.8948686718940735 13.442139625549316 1.3761987873897787 0.6098560690879822
Car -1 -1 1.33 4.240408420562744 201.47698974609375 47.09565591812134 274.294921875 1.5981343984603882 1.6444945335388184 3.7973105907440186 -13.71926498413086 1.8641723990440369 14.234992980957031 0.5589303359882312 0.6074946522712708
Car -1 -1 2.22 0.34538987278938293 192.78067016601562 46.49431946873665 288.17352294921875 1.6999590396881104 1.6973400115966797 4.533337116241455 -12.08685302734375 1.8010122179985046 12.049493789672852 1.4325889564592105 0.5067890882492065
Car -1 -1 -1.37 317.7701721191406 188.91795349121094 352.89007568359375 214.71319580078125 1.549831509590149 1.6528364419937134 3.6469829082489014 -17.636510848999023 1.8712190985679626 46.55432891845703 -1.7275457644007988 0.44832363724708557
Truck -1 -1 2.15 27.447446823120117 54.80338668823242 305.06835746765137 300.5092124938965 3.086353063583374 2.199103355407715 8.130114555358887 -8.457625389099121 1.2190874516963959 14.073677062988281 1.6066326225817606 0.4284196197986603
Car -1 -1 -1.6 726.92529296875 183.7592315673828 771.77783203125 219.2316131591797 1.5534377098083496 1.6354788541793823 3.70591139793396 5.048551082611084 1.5178999304771423 26.490463256835938 -1.4093817688094603 0.3895692825317383
Car -1 -1 2.1 0.007172032259404659 185.0496826171875 29.856932087801397 296.5661315917969 1.6488194465637207 1.672255277633667 4.574103832244873 -11.767093658447266 1.7216888070106506 10.994547843933105 1.2769276062475186 0.33331844210624695
Van -1 -1 2.32 3.0950677394866943 196.56500244140625 37.13387846946716 277.6340026855469 1.8741241693496704 1.7697018384933472 4.336419582366943 -13.51152229309082 2.002711594104767 13.693123817443848 1.5405345445551228 0.32488447427749634
Car -1 -1 2.19 5.36176872253418 201.52703857421875 34.69623947143555 296.08795166015625 1.5414153337478638 1.6670044660568237 4.321558952331543 -12.958268165588379 1.843665897846222 12.940803527832031 1.4045204639885949 0.3226701617240906
Van -1 -1 1.98 -0.41326844692230225 180.68275451660156 29.722017884254456 294.46392822265625 2.0222995281219482 1.9382351636886597 4.850368022918701 -11.929106712341309 1.7896673083305359 11.120586395263672 1.1611010341085084 0.2977232336997986
Van -1 -1 2.07 25.69978141784668 73.39070129394531 325.83595085144043 282.0239562988281 2.934802532196045 2.1199676990509033 7.294126033782959 -8.217979431152344 1.4906536620110273 14.655339241027832 1.5608702512882031 0.2966785430908203
Car -1 -1 2.95 5.690171718597412 201.13417053222656 54.467347621917725 284.0314636230469 1.4676774740219116 1.6356573104858398 3.9992127418518066 -13.009771347045898 1.8150158524513245 13.340600967407227 2.175978831700636 0.28366389870643616
Van -1 -1 2.29 1.9090293645858765 196.6370086669922 45.261099219322205 290.9857177734375 1.9070643186569214 1.85341215133667 4.57611608505249 -11.975214004516602 1.872727632522583 12.014448165893555 1.5016201215690002 0.27378010749816895
Car -1 -1 -2.71 1096.871826171875 215.70004272460938 1239.3883056640625 374.94073486328125 1.642509937286377 1.5577327013015747 3.716897964477539 2.144747257232666 1.4547143578529358 1.165594220161438 -1.641408465579147 0.2626594305038452
Car -1 -1 -1.55 719.3963012695312 182.66807556152344 769.1043090820312 225.0206756591797 1.5829929113388062 1.6443570852279663 3.751979112625122 4.925004482269287 1.5005676746368408 26.218708038330078 -1.3639964250027665 0.24239221215248108
Cyclist -1 -1 2.26 0.4486331641674042 194.80743408203125 46.953191727399826 289.7611999511719 1.7997936010360718 0.547706663608551 1.9904351234436035 -9.412897109985352 1.7546578645706177 10.632339477539062 1.533745426376794 0.23066557943820953
Cyclist -1 -1 1.82 1.145196557044983 196.976318359375 38.44359743595123 275.0985107421875 1.8829023838043213 0.6201682686805725 1.9211214780807495 -10.820175170898438 1.8730958104133606 12.37488079071045 1.101401003949455 0.22971032559871674
Car -1 -1 -2.69 1063.212890625 224.15248107910156 1249.6357421875 371.5674743652344 1.5758525133132935 1.5362567901611328 3.6680808067321777 2.7354612350463867 1.6258901953697205 1.635719895362854 -1.662018693440757 0.2283308357000351
Cyclist -1 -1 1.83 3.5399703979492188 192.6067352294922 35.4542236328125 287.35498046875 1.7397098541259766 0.6329092979431152 1.898153305053711 -10.36782169342041 1.709465503692627 11.529292106628418 1.0927379422757522 0.2268979698419571
Truck -1 -1 2.38 11.19039249420166 49.258827209472656 249.66576480865479 304.71756744384766 3.2162909507751465 2.115020990371704 8.552091598510742 -7.357595920562744 1.6116403504274786 9.260724067687988 1.7078957064857274 0.22561807930469513
Car -1 -1 1.75 279.5697021484375 195.05245971679688 327.82147216796875 222.6761016845703 1.389136552810669 1.6635900735855103 4.248289585113525 -16.059715270996094 1.92010498046875 37.99420166015625 1.3538974936212682 0.2116021066904068
Cyclist -1 -1 2.24 1.7944821119308472 174.77120971679688 43.05079162120819 302.3797302246094 1.7228403091430664 0.5425618290901184 1.9290721416473389 -9.431358337402344 1.6651997566223145 10.424934387207031 1.501304758810388 0.19944320619106293
Cyclist -1 -1 1.89 0.007172032259404659 185.0496826171875 29.856932087801397 296.5661315917969 1.7138924598693848 0.6118859648704529 1.953951120376587 -9.802639961242676 1.7062339186668396 10.755513191223145 1.148655851785172 0.19860480725765228
Truck -1 -1 2.06 48.59291076660156 55.88731002807617 339.38417053222656 264.0072593688965 3.739635467529297 2.3640081882476807 9.37684154510498 -9.532891273498535 1.1854090094566345 16.17679786682129 1.5304191275611903 0.19853807985782623
Car -1 -1 -0.83 734.877685546875 183.16110229492188 771.9151611328125 212.72259521484375 1.5823312997817993 1.5824223756790161 3.897120952606201 8.97412109375 1.6051162481307983 44.436500549316406 -0.6263037478389246 0.197004035115242
Cyclist -1 -1 2.12 -2.0348074436187744 178.8889617919922 35.47390151023865 288.236572265625 1.7066925764083862 0.5653126239776611 1.8711246252059937 -10.0746431350708 1.7047091722488403 11.101787567138672 1.3838270466227938 0.1944267302751541
Van -1 -1 2.2 2.424276351928711 209.2340850830078 30.862010955810547 283.0444030761719 1.8565322160720825 1.865454912185669 4.627992630004883 -14.368992805480957 2.209721624851227 15.030266761779785 1.4369003500631239 0.1919807493686676
Car -1 -1 1.33 4.48112678527832 194.68655395507812 43.86740303039551 302.4172058105469 1.5045722723007202 1.6898084878921509 4.222098350524902 -13.344644546508789 1.7988300919532776 13.564098358154297 0.549142588737574 0.18311229348182678
Car -1 -1 2.19 -2.133918523788452 191.225830078125 22.018299341201782 273.75018310546875 1.7394784688949585 1.613988995552063 4.174041271209717 -10.950201034545898 1.7446706295013428 11.072003364562988 1.4125620361670101 0.18280963599681854
Car -1 -1 0.7 4.171262741088867 196.95645141601562 42.20259666442871 263.9232177734375 1.5389846563339233 1.5800487995147705 3.7321627140045166 -14.969542503356934 1.8107605576515198 15.935750961303711 -0.0508488981762274 0.17964567244052887
Van -1 -1 2.39 0.831318199634552 196.07513427734375 26.570068657398224 306.92779541015625 2.039959192276001 1.8623727560043335 4.689976692199707 -14.723669052124023 2.3461503982543945 14.561957359313965 1.5951790600279532 0.17519642412662506
Car -1 -1 -2.73 1125.1683349609375 163.89520263671875 1236.083984375 374.4855041503906 1.650679588317871 1.5797003507614136 3.608903169631958 2.292436122894287 1.4215248823165894 1.0218833684921265 -1.5822130420751783 0.1701052188873291
Car -1 -1 2.26 0.831318199634552 196.07513427734375 26.570068657398224 306.92779541015625 1.5638041496276855 1.690439224243164 4.19590950012207 -12.842040061950684 2.0331255197525024 12.395243644714355 1.4531597480945626 0.16954989731311798
Car -1 -1 -0.63 6.501270771026611 202.69830322265625 65.61823320388794 274.11004638671875 1.548338770866394 1.6269912719726562 3.900975227355957 -15.77168083190918 1.9580946564674377 16.976533889770508 -1.37705841722791 0.1688992977142334
Car -1 -1 2.26 -1.95844304561615 204.44715881347656 19.95801317691803 282.6419677734375 1.6703189611434937 1.653617024421692 4.221916675567627 -12.259544372558594 1.9608543515205383 12.73820972442627 1.4934594778322996 0.16805627942085266
Car -1 -1 -2.63 1197.9886474609375 210.14881896972656 1237.1033935546875 377.5423889160156 1.5419175624847412 1.513358235359192 3.36917781829834 1.5825257301330566 1.189641296863556 0.8939182162284851 -1.5778804384716771 0.15547466278076172
Car -1 -1 -2.61 1140.8076171875 230.67727661132812 1230.5338134765625 369.4930114746094 1.470105528831482 1.5079714059829712 3.2894320487976074 2.23284649848938 1.3300414681434631 1.4033796787261963 -1.6052779073862045 0.14602766931056976
Car -1 -1 1.84 166.68325805664062 192.03892517089844 232.40078735351562 229.21115112304688 1.4508733749389648 1.4732310771942139 3.8336284160614014 -23.938180923461914 2.101902484893799 41.71535110473633 1.3186839466943248 0.1444929540157318