Car -1 -1 -1.75 690.2713623046875 179.0595703125 788.0918579101562 250.9468536376953 1.501531720161438 1.5830568075180054 3.4449594020843506 2.8369016647338867 1.6485729813575745 16.837879180908203 -1.5841121799967723 0.8853951692581177
Car -1 -1 2.11 31.554466247558594 202.56729125976562 298.7329635620117 331.921630859375 1.4565080404281616 1.5890735387802124 3.871485948562622 -6.290661334991455 1.9629907011985779 10.678142547607422 1.5753726781230855 0.8759419918060303
Car -1 -1 1.77 449.00775146484375 182.27967834472656 502.31622314453125 218.1110076904297 1.4577854871749878 1.5511986017227173 3.7158663272857666 -6.043128490447998 1.9158985018730164 32.57128143310547 1.5877306193923415 0.8499664068222046
Car -1 -1 -1.26 330.32513427734375 181.57374572753906 451.10699462890625 245.96029663085938 1.547345519065857 1.7051339149475098 4.513693332672119 -5.83962345123291 1.8448382019996643 20.104772567749023 -1.5459779426160756 0.8310920596122742
Car -1 -1 2.68 835.3450927734375 155.83889770507812 1031.2254638671875 219.7257080078125 1.6536328792572021 1.7070263624191284 4.475535869598389 8.742040634155273 1.156309425830841 19.958065032958984 3.0905129895644325 0.8260306715965271
Van -1 -1 2.52 947.4109497070312 141.04876708984375 1228.28369140625 251.53538513183594 1.8975754976272583 1.7737494707107544 4.5491943359375 8.890769958496094 1.3177325129508972 13.406408309936523 3.10167987543975 0.6929596066474915
Car -1 -1 1.76 474.07049560546875 180.75144958496094 518.3560791015625 210.99183654785156 1.4827322959899902 1.5970872640609741 4.1170244216918945 -6.0772294998168945 1.9380306005477905 38.248687744140625 1.5993385823541564 0.6836642622947693
Car -1 -1 2.44 1013.0076904296875 141.9035186767578 1249.492431640625 275.9787292480469 1.659000039100647 1.6259666681289673 4.146108627319336 8.436431884765625 1.3324665427207947 10.143067359924316 3.12908083172372 0.6336867809295654
Car -1 -1 -1.74 303.9429016113281 189.7915496826172 414.6424255371094 253.43435668945312 1.3957046270370483 1.614702582359314 3.744582414627075 -6.025635242462158 1.8357743620872498 17.53769302368164 -2.066047090888927 0.621238112449646
Van -1 -1 2.36 1030.371337890625 145.18153381347656 1249.15576171875 272.2127380371094 1.870008945465088 1.7323116064071655 4.245708465576172 8.553740501403809 1.4159650802612305 10.33446979522705 3.055530861988605 0.6126741766929626
Car -1 -1 1.76 460.4534912109375 181.53150939941406 512.4921875 213.5052490234375 1.475966453552246 1.568899393081665 3.7719366550445557 -6.067420959472656 1.9312894344329834 33.538726806640625 1.5787446256339734 0.5722368359565735
Car -1 -1 1.92 302.640625 198.66787719726562 402.0500183105469 259.2159118652344 1.3645321130752563 1.596193552017212 3.6774418354034424 -6.43545389175415 1.938482940196991 18.39350700378418 1.5877113128367633 0.5561569929122925
Car -1 -1 2.68 948.098876953125 140.33798217773438 1229.8565673828125 242.60923767089844 1.7957940101623535 1.6594531536102295 4.364184379577637 8.500487327575684 1.2815452814102173 12.66392993927002 -3.0142127777014966 0.5142248272895813
Car -1 -1 -1.75 694.0830688476562 173.28123474121094 790.2149047851562 236.03704833984375 1.4611014127731323 1.6053158044815063 3.593418836593628 2.9507884979248047 1.4692367315292358 16.908143997192383 -1.5820450893296556 0.398388534784317
Van -1 -1 2.62 841.8704833984375 153.54925537109375 1035.3779296875 220.0164794921875 1.7871694564819336 1.6365480422973633 4.462714195251465 8.93747329711914 1.2522737979888916 20.444799423217773 3.0341624761915567 0.27980172634124756
Car -1 -1 2.57 708.8794555664062 165.0703125 782.291015625 205.5650177001953 1.6017528772354126 1.6533546447753906 3.666346549987793 5.790546417236328 1.4170204997062683 31.033130645751953 2.7523766927167346 0.2561604976654053
Car -1 -1 2.45 989.7741088867188 142.97586059570312 1243.8555908203125 254.0329132080078 1.5848819017410278 1.6149156093597412 3.9664878845214844 8.203689575195312 1.3430128693580627 10.02519416809082 3.1338961768617555 0.24612487852573395
Car -1 -1 2.65 931.2672119140625 150.99925231933594 1184.45947265625 244.20225524902344 1.656126856803894 1.6189757585525513 4.103818893432617 8.6192045211792 1.266732543706894 13.94770622253418 -3.0749747539452237 0.24115729331970215
Car -1 -1 1.73 463.2421569824219 185.1044158935547 508.4869384765625 217.5233612060547 1.418637752532959 1.5757158994674683 3.7094805240631104 -5.82111120223999 2.011686682701111 33.91720199584961 1.5567705886635963 0.2396092414855957
Car -1 -1 1.97 1156.17578125 156.29922485351562 1240.6890869140625 275.20770263671875 1.500632405281067 1.6055285930633545 3.8558759689331055 9.073500633239746 1.3237727284431458 9.167134284973145 2.7473343054862855 0.23868167400360107
Car -1 -1 -1.46 363.4096374511719 185.19142150878906 449.8194580078125 242.91090393066406 1.5283153057098389 1.6512830257415771 4.175281524658203 -5.949940204620361 1.8989098072052002 21.015371322631836 -1.7353192436269973 0.22626887261867523
Car -1 -1 2.68 878.0865478515625 155.4975128173828 1055.3663330078125 220.54031372070312 1.4690378904342651 1.583155870437622 4.082622051239014 9.070660591125488 1.121742308139801 18.811424255371094 3.130865322586658 0.2219400405883789
Car -1 -1 2.12 635.6380615234375 174.1589813232422 665.6426391601562 193.25375366210938 1.5237131118774414 1.6386905908584595 3.5957767963409424 3.4680912494659424 1.6403488516807556 57.282318115234375 2.1839517078498867 0.21754229068756104
Car -1 -1 2.29 1074.6160888671875 144.11729431152344 1246.366455078125 269.99383544921875 1.670883059501648 1.6265608072280884 4.08075475692749 8.071220397949219 1.3704831004142761 9.463279724121094 2.994453177466818 0.21347862482070923
Car -1 -1 2.47 866.5236206054688 158.30752563476562 984.3632202148438 206.6239471435547 1.5311473608016968 1.595031976699829 3.9695825576782227 9.183019638061523 1.1658791601657867 20.43328285217285 2.8958817587260315 0.20603342354297638
Car -1 -1 -1.4 324.86322021484375 185.46669006347656 431.1308898925781 241.1016082763672 1.430262804031372 1.6445657014846802 4.176220417022705 -6.458073616027832 1.840876817703247 20.64176368713379 -1.6997970009315742 0.20258522033691406
Car -1 -1 2.49 857.9876098632812 157.2627410888672 995.5518188476562 216.88348388671875 1.509008526802063 1.6469950675964355 4.053563594818115 9.270719528198242 1.1518380641937256 20.57528305053711 2.9163438236354393 0.19849692285060883
Car -1 -1 -1.66 711.7535400390625 172.63150024414062 784.1039428710938 222.719970703125 1.454301118850708 1.6086835861206055 3.5748136043548584 3.2937841415405273 1.4841651916503906 17.926544189453125 -1.4803921880946653 0.19795624911785126
Car -1 -1 1.5 1173.4130859375 156.59471130371094 1238.0458984375 272.4217529296875 1.4907922744750977 1.6161590814590454 3.859358549118042 9.358681678771973 1.3328747749328613 9.370596885681152 2.281428740787498 0.19096922874450684
Van -1 -1 3.01 969.4320068359375 127.24652862548828 1253.5333251953125 281.55054473876953 2.1728880405426025 1.8985154628753662 5.1735663414001465 9.318073272705078 1.4183239936828613 13.154200553894043 -2.652756699579826 0.1897728145122528
Car -1 -1 2.01 1131.091064453125 155.66253662109375 1243.59375 278.6197204589844 1.5514997243881226 1.6405142545700073 4.078537940979004 8.805466651916504 1.3257468342781067 9.110660552978516 2.7828524032804527 0.18748100101947784
Van -1 -1 2.58 902.8898315429688 152.6637725830078 1172.143310546875 238.54547119140625 2.1302974224090576 1.9957154989242554 5.232097625732422 9.085131645202637 1.363443672657013 14.936708450317383 3.1275777159577665 0.18385449051856995
Car -1 -1 -1.35 642.36669921875 176.4458770751953 670.996826171875 197.10585021972656 1.4396499395370483 1.6099010705947876 3.747055768966675 3.5004465579986572 1.6531621217727661 55.04537582397461 -1.284068992168013 0.18158990144729614
Car -1 -1 2.59 969.4320068359375 127.24652862548828 1253.5333251953125 281.55054473876953 1.8110134601593018 1.7571191787719727 4.2993903160095215 8.380716323852539 1.3150708973407745 11.994108200073242 -3.086299721194763 0.180062934756279
Car -1 -1 -1.53 639.7993774414062 175.95681762695312 666.9107666015625 194.97523498535156 1.4742292165756226 1.6275032758712769 3.6505587100982666 3.441664218902588 1.6679954528808594 53.35329055786133 -1.4678380692960413 0.17928434908390045
Car -1 -1 -1.67 631.4178466796875 175.41993713378906 660.977294921875 192.8699493408203 1.4549263715744019 1.5853980779647827 3.774968147277832 3.0635159015655518 1.6174493432044983 57.67793273925781 -1.6142489457747908 0.1763545721769333
Car -1 -1 -2.98 881.6990356445312 153.98428344726562 977.0022583007812 194.4635009765625 1.5157020092010498 1.6041373014450073 3.945427894592285 10.435425758361816 1.0931499600410461 23.375301361083984 -2.559187098982723 0.1736159324645996
Van -1 -1 2.99 705.8221435546875 165.26205444335938 784.8351440429688 199.14486694335938 1.8349915742874146 1.7710821628570557 4.094993591308594 7.337889194488525 1.3919932544231415 38.60729217529297 -3.1087170817675833 0.17244446277618408
Van -1 -1 1.97 705.7904663085938 164.77574157714844 779.7351684570312 208.8084259033203 1.765838861465454 1.706289529800415 4.064269542694092 6.4333977699279785 1.4270628094673157 35.99896240234375 2.148640457555085 0.17008359730243683
Car -1 -1 2.57 854.2192993164062 149.71426391601562 1081.454833984375 227.63026428222656 1.556863784790039 1.6162029504776 4.284060955047607 8.410646438598633 0.9410248845815659 18.73358154296875 2.987033416545776 0.1596020609140396
Car -1 -1 -2.66 697.7977294921875 168.57569885253906 779.7301025390625 224.11871337890625 1.4715981483459473 1.6015233993530273 3.5909676551818848 5.31640625 1.512645661830902 30.295223236083984 -2.4912034951567756 0.13787658512592316
Car -1 -1 2.48 877.8615112304688 158.18698120117188 960.683837890625 193.67181396484375 1.5530861616134644 1.6332390308380127 4.073566436767578 12.674829483032227 1.0601341426372528 29.190183639526367 2.8887904132017743 0.12734739482402802