Car -1 -1 1.69 578.4470825195312 181.6180877685547 636.2545166015625 223.9347686767578 1.5154701471328735 1.6738090515136719 4.405267238616943 -0.055834874510765076 1.9065786004066467 29.334056854248047 1.6842533234114798 0.8783349394798279
Car -1 -1 -1.77 806.980712890625 177.57066345214844 1032.0400390625 360.7271423339844 1.6578211784362793 1.5775765180587769 3.251796245574951 3.3090901374816895 1.7607728838920593 8.437463760375977 -1.3986461443770501 0.8447312712669373
Car -1 -1 1.47 734.5936889648438 179.72364807128906 775.8134155273438 211.9872589111328 1.5948468446731567 1.670685887336731 3.995961904525757 7.585967540740967 1.9282730221748352 37.57635498046875 1.6659800433851206 0.830962598323822
Car -1 -1 1.68 635.0743408203125 181.01095581054688 668.8596801757812 206.85594177246094 1.4892261028289795 1.6600943803787231 3.9102630615234375 2.634678840637207 2.0106256008148193 44.95901107788086 1.7355623139236327 0.8234277963638306
Car -1 -1 -1.65 787.23486328125 192.03375244140625 889.1215209960938 275.341796875 1.4214116334915161 1.5361407995224 3.125180244445801 4.421417713165283 1.8355572819709778 14.307042121887207 -1.3545027629541728 0.80606609582901
Car -1 -1 -1.7 787.8013305664062 184.32369995117188 901.6576538085938 285.6123352050781 1.5135552883148193 1.5505707263946533 3.273193597793579 4.18785285949707 1.7995363473892212 13.378105163574219 -1.3927774737682412 0.7489228248596191
Car -1 -1 -0.15 862.69775390625 173.74234008789062 1255.1531982421875 376.62066650390625 1.6329833269119263 1.5650699138641357 3.761687994003296 2.2254347801208496 1.5702036023139954 2.810490846633911 0.5203756196934499 0.47352901101112366
Car -1 -1 -1.82 817.3392333984375 166.10549926757812 1085.0540771484375 355.08465576171875 1.5776933431625366 1.6025583744049072 3.4731621742248535 3.427827835083008 1.8772894740104675 8.139968872070312 -1.4167661026070792 0.3765482008457184
Car -1 -1 1.69 641.0281982421875 181.59226989746094 672.0646362304688 206.81369018554688 1.5267643928527832 1.6167824268341064 3.8609793186187744 2.6068148612976074 2.0713417530059814 44.50562286376953 1.7488053700505723 0.29162344336509705
Car -1 -1 -1.59 791.5205078125 184.47511291503906 946.8848876953125 304.8968811035156 1.520695686340332 1.5757789611816406 3.3486452102661133 4.481915473937988 1.851098656654358 13.531533241271973 -1.2740499480800311 0.2778780162334442
Car -1 -1 -1.36 792.9212036132812 189.40078735351562 980.1084594726562 346.50299072265625 1.4988471269607544 1.5569871664047241 3.4353508949279785 3.3245255947113037 1.6762544512748718 8.739546775817871 -0.9977016280970536 0.267630934715271
Car -1 -1 1.27 792.0518798828125 197.3746795654297 877.5304565429688 282.35662841796875 1.4873929023742676 1.5507307052612305 3.3577795028686523 4.236464977264404 1.9403685331344604 13.977343559265137 1.5636915213949836 0.24836264550685883
Car -1 -1 -1.75 802.913818359375 183.8265838623047 917.3575439453125 290.25823974609375 1.5070449113845825 1.5973483324050903 3.3373231887817383 4.371865272521973 1.7373661994934082 13.330336570739746 -1.4325848185534085 0.24743756651878357
Van -1 -1 2.28 788.3878784179688 192.1416473388672 878.65771484375 276.03338623046875 1.8575658798217773 1.6938668489456177 4.3797149658203125 4.680439472198486 2.1876580715179443 15.421985626220703 2.5724123233407976 0.20716707408428192
Car -1 -1 -2.61 808.9544677734375 192.05352783203125 924.6478881835938 306.59228515625 1.4409643411636353 1.510062336921692 3.1904475688934326 4.709018230438232 1.955823004245758 13.925928115844727 -2.2840938414040304 0.20551185309886932
Car -1 -1 -2.67 1172.3779296875 250.75721740722656 1243.9971923828125 373.5386962890625 1.4819731712341309 1.6374760866165161 3.715604543685913 2.176124095916748 1.2948237657546997 1.1903071403503418 -1.59664084106468 0.20402316749095917
Pedestrian -1 -1 1.88 804.0167236328125 178.63941955566406 1053.73486328125 361.1687316894531 1.6683021783828735 0.634263813495636 0.6735195517539978 2.8536436557769775 1.6404573321342468 6.639897346496582 2.289935114225372 0.2037765085697174
Pedestrian -1 -1 2.09 800.7389526367188 188.57005310058594 982.945556640625 354.7021789550781 1.6718429327011108 0.5825703740119934 0.8094741106033325 2.7762582302093506 1.751574695110321 7.232176303863525 2.4551812799866894 0.19551360607147217
Car -1 -1 -1.72 913.9354248046875 130.0277557373047 1246.1781005859375 374.22943115234375 1.795832872390747 1.5580412149429321 3.8673341274261475 2.322780132293701 1.5374981760978699 2.046692371368408 -0.8684978843248992 0.19385935366153717
Cyclist -1 -1 1.09 -2.7844996452331543 171.8693389892578 18.2248272895813 372.6263427734375 1.8015227317810059 0.6719681620597839 1.9092321395874023 -4.745433807373047 1.689752221107483 4.318993091583252 0.25363503262143006 0.19052529335021973
Car -1 -1 1.53 731.0595092773438 180.97743225097656 771.2097778320312 210.07296752929688 1.565287470817566 1.6248518228530884 3.926267385482788 7.930359840393066 1.9818891882896423 40.0849494934082 1.7210069185167 0.18270310759544373
Car -1 -1 1.24 729.4008178710938 182.74647521972656 763.1600952148438 210.7591094970703 1.4753708839416504 1.5846575498580933 3.978900194168091 7.822173595428467 2.01907217502594 41.12961959838867 1.4317582516060456 0.18074944615364075
Car -1 -1 -2.66 1193.6185302734375 250.2461395263672 1243.9033203125 374.170654296875 1.4784739017486572 1.614342451095581 3.6436471939086914 2.0451810359954834 1.2531834840774536 1.1402587890625 -1.5942785124618837 0.17142221331596375
Car -1 -1 -2.95 -0.8015376925468445 177.64955139160156 16.69555550813675 388.5023498535156 1.7449229955673218 1.6920074224472046 4.476175308227539 -6.402665138244629 1.9081944823265076 3.776994228363037 2.2987069526376356 0.16058574616909027
Car -1 -1 -1.67 804.30224609375 176.42105102539062 1005.745361328125 329.24371337890625 1.6171685457229614 1.5938639640808105 3.463613271713257 3.8779349327087402 1.6860480904579163 9.960550308227539 -1.2941368831812063 0.15870532393455505
Car -1 -1 -2.57 1202.9998779296875 301.35101318359375 1243.601318359375 364.4349060058594 1.2238317728042603 1.5103247165679932 3.3962676525115967 0.1941056251525879 0.6639264225959778 0.13331420719623566 -1.6029278799327997 0.15578113496303558
Car -1 -1 -2.56 1210.2294921875 240.0535125732422 1243.3804931640625 369.70147705078125 1.5568193197250366 1.6032623052597046 3.421376943588257 1.1097221374511719 1.0403944253921509 0.6709253787994385 -1.5304792832298943 0.1541186422109604
Car -1 -1 -2.56 1211.2984619140625 302.688232421875 1244.8302001953125 363.72894287109375 1.2652702331542969 1.4612683057785034 3.0954530239105225 0.5234261751174927 0.7704131156206131 0.3685905933380127 -1.6058716337375092 0.14120306074619293
Car -1 -1 -2.58 1193.333251953125 300.0301818847656 1240.14453125 364.9022521972656 1.1969131231307983 1.5123462677001953 3.6091599464416504 0.36845192313194275 0.6991342157125473 0.25450751185417175 -1.6115347948562002 0.11912766844034195
Car -1 -1 -0.86 0.06990569829940796 25.439481735229492 108.58669799566269 81.62247276306152 1.7734479904174805 1.9625579118728638 5.365082740783691 -34.0550422668457 -5.0807013511657715 40.909690856933594 -1.5534807179288919 0.09635709226131439