Pedestrian -1 -1 0.11 236.57350158691406 186.6979522705078 314.8427429199219 349.8674011230469 1.682578206062317 0.5823554396629333 0.6263957023620605 -3.3996469974517822 1.7139328718185425 7.518258094787598 -0.310061578641875 0.8231891393661499
Pedestrian -1 -1 -2.07 221.92782592773438 175.30441284179688 323.127685546875 355.28485107421875 1.7537144422531128 0.5995859503746033 0.9153140187263489 -3.527376890182495 1.805249035358429 7.806337833404541 -2.4968807463466156 0.6047717332839966
Pedestrian -1 -1 1.49 912.9381103515625 142.56361389160156 1172.3272705078125 367.12451171875 1.7174029350280762 0.7073180675506592 0.8546733856201172 2.6490986347198486 1.4415735006332397 4.196582794189453 2.0482815368187266 0.46330592036247253
Pedestrian -1 -1 0.93 940.0680541992188 146.626220703125 1032.5357666015625 295.9778137207031 1.8380283117294312 0.6533229351043701 0.8711277842521667 4.775054931640625 1.388157993555069 9.0875244140625 1.416000640517404 0.3637697398662567
Pedestrian -1 -1 1.04 929.5164794921875 159.40113830566406 1012.5635375976562 295.6880798339844 1.6468987464904785 0.5967869162559509 0.7259088158607483 4.6981201171875 1.377155065536499 9.077205657958984 1.5225499010852657 0.3428459167480469
Pedestrian -1 -1 1.96 963.734130859375 143.19418334960938 1046.2855224609375 317.4427795410156 1.8424506187438965 0.6836224794387817 0.7394184470176697 4.491034030914307 1.5451727509498596 8.476768493652344 2.4495960422120957 0.33323532342910767
Pedestrian -1 -1 0.89 915.9170532226562 140.72950744628906 1077.061279296875 329.5285339355469 1.7927634716033936 0.6870711445808411 0.7167584896087646 3.896737575531006 1.5114965438842773 7.728443145751953 1.3543316371313292 0.33043360710144043
Pedestrian -1 -1 1.19 915.0734252929688 140.89700317382812 1116.3062744140625 346.56829833984375 1.7277960777282715 0.7175089716911316 0.7886766195297241 2.9327774047851562 1.4372200965881348 5.234898090362549 1.6985872195565666 0.3275212347507477
Cyclist -1 -1 -2.08 920.0249633789062 120.91960906982422 1209.670654296875 374.71602630615234 1.7430787086486816 0.5413525104522705 1.600982427597046 2.177137613296509 1.3192670047283173 3.2908780574798584 -1.496333591958333 0.3176054358482361
Pedestrian -1 -1 0.17 918.8257446289062 145.87796020507812 1051.4332275390625 313.9447326660156 1.707998275756836 0.713557243347168 0.806891679763794 4.282011985778809 1.3629802465438843 8.46175479888916 0.6419704101565689 0.31285396218299866
Pedestrian -1 -1 1.61 925.4923095703125 120.54053497314453 1213.195556640625 371.28223419189453 1.8406027555465698 0.6456758975982666 0.8098440766334534 2.270299196243286 1.3841584622859955 3.402730703353882 2.199902163836053 0.28968149423599243
Cyclist -1 -1 2.18 228.67950439453125 193.2677459716797 325.0758972167969 352.2220458984375 1.550410509109497 0.5671812295913696 1.6454212665557861 -3.522073745727539 1.7670086026191711 7.730179786682129 1.7491318242543956 0.284108430147171
Pedestrian -1 -1 1.59 963.927490234375 141.0640106201172 1095.7291259765625 343.02142333984375 1.851187825202942 0.6102606654167175 0.8150445818901062 2.3335676193237305 1.5117610692977905 4.185611248016357 2.1029953897187372 0.2823230028152466
Car -1 -1 -1.51 920.0249633789062 120.91960906982422 1209.670654296875 374.71602630615234 1.6537076234817505 1.6480159759521484 3.608611822128296 3.2198314666748047 1.4871636629104614 4.202950954437256 -0.8570541784994541 0.27930504083633423
Truck -1 -1 -1.61 919.9326782226562 105.6314926147461 1194.623779296875 373.65221405029297 3.2210278511047363 2.3816590309143066 6.376302242279053 4.048289775848389 1.9254449307918549 6.797236919403076 -1.0690643619663494 0.26493266224861145
Pedestrian -1 -1 0.86 929.727294921875 170.18284606933594 996.231689453125 291.4149475097656 1.5840041637420654 0.5726161599159241 0.7181876301765442 4.769438743591309 1.3919774889945984 9.368855476379395 1.3296809445720736 0.251937597990036
Van -1 -1 -3.03 59.34579086303711 120.08790588378906 332.927791595459 287.8425598144531 2.3586831092834473 1.8983701467514038 4.920938968658447 -7.670472621917725 1.7461203932762146 15.36922550201416 2.7938832999250973 0.24167762696743011
Cyclist -1 -1 -2.76 237.36544799804688 202.3135986328125 312.0375061035156 343.2558288574219 1.6014404296875 0.530269205570221 1.591710090637207 -3.6967945098876953 1.8663325309753418 8.419618606567383 3.109786425424595 0.2343212068080902
Van -1 -1 -1.46 929.48095703125 106.95661926269531 1203.662109375 374.3473663330078 1.8197808265686035 1.823794960975647 4.32180643081665 2.7970526218414307 1.4614566564559937 4.322126388549805 -0.8865111804531276 0.21920284628868103
Pedestrian -1 -1 1.02 929.7062377929688 163.80824279785156 975.3041381835938 287.35430908203125 1.6137773990631104 0.6155846118927002 0.7423791289329529 4.675947189331055 1.370012879371643 9.417980194091797 1.4804242146803253 0.214369535446167
Pedestrian -1 -1 1.47 971.2504272460938 136.1534881591797 1075.1011962890625 329.6529541015625 1.8412413597106934 0.7037084698677063 0.9036239385604858 2.628854990005493 1.4861985445022583 4.749987602233887 1.9722952547152346 0.2121915966272354
Car -1 -1 -1.96 228.67950439453125 193.2677459716797 325.0758972167969 352.2220458984375 1.5400898456573486 1.4829046726226807 3.119612455368042 -4.08146858215332 1.8499562740325928 8.868690490722656 -2.3934015385121974 0.20747439563274384
Truck -1 -1 2.62 49.73936080932617 117.28230285644531 313.74811935424805 273.0442199707031 3.260310411453247 2.366873025894165 6.805517196655273 -7.623778820037842 1.9527519941329956 14.599225044250488 2.1389202990541865 0.20521581172943115
Pedestrian -1 -1 1.89 957.3569946289062 145.80088806152344 1033.341796875 309.8663024902344 1.8331516981124878 0.6960976123809814 0.8011672496795654 4.678462982177734 1.4377328157424927 8.666088104248047 2.3834954207548122 0.19906778633594513
Van -1 -1 3.09 47.15300750732422 103.13002014160156 314.9188766479492 268.1526184082031 2.417388439178467 2.0052714347839355 4.812045574188232 -6.763466835021973 1.6488484144210815 13.386317253112793 2.6263776537445054 0.1963358223438263
Pedestrian -1 -1 2.32 975.9791870117188 156.60113525390625 1067.446533203125 297.1456604003906 1.7476139068603516 0.6005295515060425 0.6713088154792786 4.515078544616699 1.4179219007492065 7.900980472564697 2.8388685679230967 0.18825045228004456
Van -1 -1 -2.77 30.498010635375977 117.41146087646484 294.587854385376 280.1531295776367 2.1666743755340576 1.843216061592102 4.471963405609131 -7.748833656311035 1.5007748305797577 12.615608215332031 2.9623981611749723 0.18542155623435974
Van -1 -1 -2.93 86.20115661621094 101.70340728759766 364.56248474121094 256.6111831665039 2.2607686519622803 2.0124895572662354 4.742476463317871 -7.197638988494873 1.563626080751419 15.789904594421387 2.920758887209911 0.18469148874282837
Car -1 -1 -1.54 912.6307373046875 143.45733642578125 1139.1549072265625 356.60797119140625 1.5903446674346924 1.6024620532989502 3.813101053237915 2.872525215148926 1.4868516325950623 4.6199049949646 -0.9873993839169728 0.18019062280654907
Truck -1 -1 2.26 93.12543487548828 145.9802703857422 314.9972610473633 286.09228515625 3.153045415878296 2.3924474716186523 7.17512845993042 -9.003931045532227 2.2684317231178284 17.048988342285156 1.7736004131101222 0.17297177016735077
Car -1 -1 -2.66 59.34579086303711 120.08790588378906 332.927791595459 287.8425598144531 2.02964186668396 1.7115228176116943 3.305032968521118 -6.9699811935424805 1.7836915254592896 13.978668212890625 -3.1267856359225306 0.16745081543922424
Truck -1 -1 2.57 63.623680114746094 127.1035385131836 343.66024017333984 260.43087005615234 3.0790436267852783 2.4046006202697754 6.994442462921143 -9.677811622619629 2.045740842819214 18.080041885375977 2.0782268345808887 0.16742275655269623