Car -1 -1 2.02 11.247171401977539 167.54595947265625 321.7749729156494 367.02191162109375 1.7589902877807617 1.710118055343628 4.1882243156433105 -4.274877071380615 1.7655795812606812 7.478062629699707 1.497325558698197 0.8076878786087036
Pedestrian -1 -1 0.57 682.7626342773438 156.6090087890625 722.8181762695312 244.8922882080078 1.7557324171066284 0.6418232321739197 0.8529991507530212 2.019866704940796 1.248986840248108 14.685338973999023 0.7092355503142356 0.7989577651023865
Pedestrian -1 -1 1.31 367.5361328125 174.01226806640625 389.549560546875 226.9137725830078 1.7360957860946655 0.6033267974853516 0.958406925201416 -7.413532733917236 1.4627779722213745 24.138587951660156 1.0160835570911235 0.7860810160636902
Cyclist -1 -1 2.12 27.767562866210938 163.0961456298828 295.18211364746094 375.6761779785156 1.852507472038269 0.5739724636077881 1.8032941818237305 -3.25582218170166 1.746241807937622 5.61491584777832 1.5914086466628774 0.6717919707298279
Pedestrian -1 -1 1.7 607.177490234375 171.25234985351562 670.8619995117188 311.9328918457031 1.6543474197387695 0.618854820728302 0.6784354448318481 0.41974779963493347 1.5057649612426758 8.736884117126465 1.7488663265073185 0.5434820055961609
Car -1 -1 1.93 -3.451897621154785 167.58966064453125 210.96832942962646 370.34735107421875 1.644457221031189 1.6116429567337036 3.9306113719940186 -5.249978542327881 1.7033278346061707 6.502111911773682 1.2479352186624446 0.5031988620758057
Pedestrian -1 -1 0.0 14.135520935058594 168.21670532226562 286.7915573120117 373.8499755859375 1.8929110765457153 0.6567192673683167 0.6736131906509399 -3.6544227600097656 1.782345473766327 5.911613941192627 -0.5534254455966607 0.5028058290481567
Cyclist -1 -1 1.97 1.1574345827102661 166.29788208007812 254.44094288349152 372.3934631347656 1.7994067668914795 0.5739848017692566 1.8547065258026123 -3.1504199504852295 1.696252465248108 5.07963752746582 1.4125181378549563 0.4935922622680664
Cyclist -1 -1 -1.36 494.3729248046875 171.70480346679688 515.2976684570312 220.95066833496094 1.732086181640625 0.5421199798583984 1.8186252117156982 -3.561519145965576 1.3983636498451233 26.60848045349121 -1.4929109410590113 0.46946805715560913
Pedestrian -1 -1 1.19 498.9739990234375 168.27581787109375 515.5814819335938 217.48390197753906 1.7130062580108643 0.635657787322998 0.7660524249076843 -3.5401062965393066 1.2527331113815308 27.345104217529297 1.0629642693083596 0.45553162693977356
Pedestrian -1 -1 0.89 25.187007904052734 179.5001220703125 113.07445907592773 326.646484375 1.6526713371276855 0.6044824719429016 0.5560775995254517 -7.040397644042969 1.6536865234375 9.422654151916504 0.24406439523185597 0.3933413028717041
Car -1 -1 2.07 53.13304901123047 182.15257263183594 333.44921112060547 359.9166564941406 1.6383360624313354 1.5938347578048706 3.917418956756592 -4.352095127105713 1.730531632900238 7.8674798011779785 1.5638156704550168 0.39065054059028625
Pedestrian -1 -1 -0.14 2.3410253524780273 178.83004760742188 210.10156917572021 367.7757568359375 1.7463586330413818 0.6687034964561462 0.6781625151634216 -4.0252156257629395 1.6946706771850586 5.789803504943848 -0.7451768029646861 0.3861316442489624
Pedestrian -1 -1 1.98 0.8329528570175171 182.9229278564453 19.083107352256775 255.04124450683594 1.8331209421157837 0.6688981652259827 0.413939893245697 -16.5032958984375 1.9554041028022766 19.71796226501465 1.2813082889768568 0.3812475800514221
Pedestrian -1 -1 1.71 614.693359375 170.02452087402344 680.3391723632812 305.3856506347656 1.6279964447021484 0.6329784989356995 0.6038929224014282 0.6179479360580444 1.4357230067253113 8.644645690917969 1.784759582445556 0.37951603531837463
Pedestrian -1 -1 1.84 589.477783203125 173.78152465820312 685.6394653320312 314.3974914550781 1.6271648406982422 0.5785725712776184 0.7087171673774719 0.3974974751472473 1.460178256034851 8.237217903137207 1.890391596398442 0.3781098425388336
Cyclist -1 -1 -1.49 363.64630126953125 171.919189453125 389.6094970703125 228.31436157226562 1.747056007385254 0.5266865491867065 1.7908254861831665 -7.5851545333862305 1.486872673034668 24.537437438964844 -1.7868537490655312 0.3663501441478729
Pedestrian -1 -1 0.91 2.2591302394866943 190.23194885253906 34.63475203514099 346.0258483886719 1.5755572319030762 0.6317148208618164 0.5012818574905396 -6.479018688201904 1.709126889705658 7.595906734466553 0.2051959867743669 0.3580544888973236
Cyclist -1 -1 2.07 62.9919548034668 173.44444274902344 313.691707611084 366.2732849121094 1.7581101655960083 0.5524895787239075 1.7666805982589722 -3.601919174194336 1.6892920136451721 6.624750137329102 1.5677491085026762 0.345542311668396
Pedestrian -1 -1 2.96 0.13296736776828766 184.00311279296875 39.589468374848366 357.8411865234375 1.686193823814392 0.6367992162704468 0.6125547885894775 -6.051578998565674 1.733254313468933 7.074157238006592 2.2561490285792267 0.3240666687488556
Car -1 -1 2.02 -2.001081943511963 196.715576171875 120.74385976791382 365.5165100097656 1.4467304944992065 1.517690896987915 3.5462872982025146 -6.235672473907471 1.7660178542137146 7.095294952392578 1.2963933570349928 0.3225884735584259
Car -1 -1 1.97 -3.170870304107666 190.2998046875 165.3995795249939 366.745849609375 1.4649378061294556 1.5237268209457397 3.56534743309021 -5.7708940505981445 1.7564985156059265 7.073624610900879 1.2884025493018196 0.30840060114860535
Car -1 -1 1.97 2.8208115100860596 198.23915100097656 44.003607988357544 343.41717529296875 1.4111065864562988 1.468139410018921 3.1716651916503906 -7.718829154968262 1.7016915082931519 8.02534008026123 1.2036376859310751 0.3035139739513397
Car -1 -1 2.08 1.924406886100769 212.81480407714844 52.43236815929413 339.9411315917969 1.4425121545791626 1.5486828088760376 3.4770045280456543 -8.224635124206543 1.849360167980194 8.615440368652344 1.315346756977796 0.29614561796188354
Pedestrian -1 -1 -0.44 -2.0338921546936035 186.17242431640625 162.79710149765015 366.01806640625 1.695939064025879 0.6465174555778503 0.6404783725738525 -4.84291934967041 1.7457596063613892 6.490474224090576 -1.079109273386205 0.29609206318855286
Pedestrian -1 -1 -0.96 -2.6867191791534424 191.87747192382812 112.70790362358093 363.2030029296875 1.7190918922424316 0.644846498966217 0.6055688858032227 -5.499863624572754 1.7797051072120667 6.957900047302246 -1.6267626059709723 0.2787110209465027
Car -1 -1 2.17 -1.5567179918289185 152.71084594726562 271.33839309215546 376.8652038574219 1.736573576927185 1.6612002849578857 4.120484828948975 -4.089527130126953 1.8340181112289429 6.395113945007324 1.5971630414316218 0.27647799253463745
Pedestrian -1 -1 -1.07 4.114530086517334 193.17193603515625 52.7714056968689 347.5292663574219 1.5038299560546875 0.5858407020568848 0.5957913398742676 -6.202581882476807 1.6591801047325134 7.63568115234375 -1.748082373109506 0.27276191115379333
Cyclist -1 -1 1.59 -2.0338921546936035 186.17242431640625 162.79710149765015 366.01806640625 1.7158068418502808 0.5805408358573914 1.7827380895614624 -4.711082935333252 1.7560360431671143 6.156264305114746 0.9325294864373204 0.27258214354515076
Pedestrian -1 -1 2.06 0.8726845979690552 181.7012176513672 22.03789722919464 271.77734375 1.8265174627304077 0.6733292937278748 0.45603594183921814 -14.143548965454102 1.9721092581748962 16.709030151367188 1.356568465615572 0.2698739171028137
Pedestrian -1 -1 0.35 679.7485961914062 157.75009155273438 714.44921875 242.1574249267578 1.7040098905563354 0.6029452085494995 0.7171596884727478 2.0062854290008545 1.2229590117931366 14.509420394897461 0.48818174684726223 0.2654646039009094
Car -1 -1 2.12 -3.8351733684539795 201.7860870361328 93.44780850410461 359.50244140625 1.4802865982055664 1.5085023641586304 3.5298168659210205 -7.3331522941589355 1.8536638021469116 7.780674934387207 1.3624269273053002 0.2645173668861389
Cyclist -1 -1 -2.56 596.6170043945312 171.54046630859375 681.2186889648438 311.9930114746094 1.6669713258743286 0.5731003880500793 1.716495156288147 0.3932000696659088 1.5111184120178223 8.4395751953125 -2.5091993287591734 0.2610093057155609
Car -1 -1 1.7 2.19702410697937 194.05967712402344 35.407225370407104 353.4771728515625 1.4597935676574707 1.5446217060089111 3.40498948097229 -7.738613128662109 1.7048187255859375 7.744834899902344 0.9155281383082299 0.25892373919487
Pedestrian -1 -1 -2.23 6.5937957763671875 194.8878173828125 73.38365936279297 348.11981201171875 1.4786165952682495 0.5664954781532288 0.682834804058075 -6.408433437347412 1.6851428151130676 8.067378997802734 -2.896921735501733 0.25817397236824036
Pedestrian -1 -1 2.77 14.418035507202148 186.8061981201172 129.39188957214355 353.9375 1.5859261751174927 0.5809608101844788 0.6667066216468811 -6.828378677368164 1.7226158380508423 9.100910186767578 2.127962820373776 0.25524064898490906
Van -1 -1 2.11 6.793505668640137 160.80673217773438 313.6428098678589 374.0870361328125 1.8771251440048218 1.684625267982483 4.377894878387451 -3.9695615768432617 1.7527220845222473 7.075723171234131 1.603229762385289 0.2512131333351135
Pedestrian -1 -1 1.76 605.8770751953125 169.41397094726562 662.6948852539062 293.11505126953125 1.6604650020599365 0.6845205426216125 0.6779420971870422 0.3489815592765808 1.488682508468628 9.507843017578125 1.8009802074413992 0.25117695331573486
Cyclist -1 -1 1.55 2.3462679386138916 186.6741485595703 32.83309197425842 335.1926574707031 1.5820913314819336 0.5528322458267212 1.6922701597213745 -6.817610740661621 1.717960000038147 7.743113994598389 0.8233545274281777 0.24661611020565033
Pedestrian -1 -1 1.95 598.136962890625 168.02452087402344 637.6099243164062 258.4136657714844 1.6967072486877441 0.6512541174888611 0.6988474130630493 0.29300376772880554 1.4406414031982422 12.920201301574707 1.9717994680215174 0.2440289855003357
Pedestrian -1 -1 -1.39 77.447509765625 176.29945373535156 328.6492004394531 362.771484375 1.6393649578094482 0.6263224482536316 0.8466939926147461 -3.8320024013519287 1.740214765071869 7.226242542266846 -1.8780593195568827 0.243381068110466
Pedestrian -1 -1 -2.36 9.597880363464355 188.3339080810547 90.08444499969482 352.9682312011719 1.5617001056671143 0.5857901573181152 0.6005147695541382 -6.503735065460205 1.702856421470642 8.350594520568848 -3.0189526114495173 0.2390281707048416
Cyclist -1 -1 1.92 3.220906972885132 176.78140258789062 39.88454604148865 336.9839172363281 1.660639762878418 0.591982364654541 1.7287241220474243 -6.58632755279541 1.7170578837394714 7.448896408081055 1.1959903693925975 0.23643487691879272
Car -1 -1 2.07 -1.4522188901901245 199.8714141845703 68.68102085590363 361.3286437988281 1.4738694429397583 1.558480978012085 3.588789939880371 -6.699092388153076 1.763841688632965 7.063006401062012 1.307464112309912 0.23618116974830627
Cyclist -1 -1 1.88 -2.001081943511963 196.715576171875 120.74385976791382 365.5165100097656 1.6658800840377808 0.5658235549926758 1.730172038078308 -4.935854434967041 1.7157262563705444 6.101609230041504 1.2007228941866677 0.2341153621673584
Van -1 -1 1.93 -5.812571048736572 161.3213653564453 228.3251395225525 372.148193359375 1.9033143520355225 1.6873233318328857 4.293313026428223 -4.254196643829346 1.7466961741447449 5.975122451782227 1.3156825295168169 0.2327001839876175
Pedestrian -1 -1 1.34 603.5285034179688 227.7325439453125 665.6392211914062 308.4091491699219 1.339242696762085 0.4463276267051697 0.7088505625724792 0.44994527101516724 2.142260193824768 11.534756660461426 1.381020362688992 0.22917747497558594
Cyclist -1 -1 2.12 27.1511173248291 180.7869110107422 107.18186378479004 314.4146423339844 1.6317003965377808 0.5600383281707764 1.7256006002426147 -7.4640421867370605 1.6582141518592834 9.950745582580566 1.480074835220953 0.22797496616840363
Pedestrian -1 -1 1.4 630.6144409179688 167.83514404296875 687.0816650390625 297.3297119140625 1.6570451259613037 0.6524576544761658 0.7037580013275146 0.6517335176467896 1.4292498230934143 8.899023056030273 1.4687766153132769 0.22764728963375092
Pedestrian -1 -1 2.99 2.385744571685791 192.319091796875 46.24743890762329 320.72869873046875 1.6128475666046143 0.5778724551200867 0.543828010559082 -6.842340469360352 1.775706708431244 8.210119247436523 2.2937271517844913 0.2245280146598816
Truck -1 -1 2.12 43.3597526550293 165.6729278564453 307.73359298706055 372.4037170410156 2.98742938041687 2.519183397293091 6.925387859344482 -4.396039009094238 2.5563844442367554 8.117265701293945 1.6232549388910238 0.22203578054904938
Pedestrian -1 -1 0.63 3.0556817054748535 184.27821350097656 22.15608835220337 251.0304412841797 1.7799732685089111 0.6006385684013367 0.5178446769714355 -17.908306121826172 1.8884321451187134 21.582538604736328 -0.06412602892753672 0.2184455692768097
Pedestrian -1 -1 2.11 26.608299255371094 185.1049041748047 144.3394012451172 335.9205017089844 1.6805742979049683 0.6538772583007812 0.6713246703147888 -6.421469211578369 1.716465711593628 8.771523475646973 1.4806950078822618 0.21841906011104584
Pedestrian -1 -1 -0.59 89.65498352050781 176.27825927734375 243.01634216308594 360.3306579589844 1.6542179584503174 0.6464815139770508 0.681846022605896 -3.37117862701416 1.614041268825531 5.566684246063232 -1.1325197549037584 0.21540099382400513
Pedestrian -1 -1 -3.02 58.41042709350586 163.85324096679688 267.47768783569336 358.7347717285156 1.8218952417373657 0.6863637566566467 0.6927884817123413 -3.3659026622772217 1.6202415823936462 5.549859523773193 2.7180054386372694 0.21373938024044037
Car -1 -1 1.98 153.50828552246094 194.59649658203125 288.2002258300781 304.0124206542969 1.4514201879501343 1.4952392578125 3.1637516021728516 -7.0854620933532715 1.8086376786231995 13.312102317810059 1.4860943148143804 0.21037791669368744
Car -1 -1 1.96 6.5937957763671875 194.8878173828125 73.38365936279297 348.11981201171875 1.4411147832870483 1.4867656230926514 3.207934617996216 -7.000218868255615 1.643799901008606 7.8843255043029785 1.2350132674634446 0.20636363327503204
Cyclist -1 -1 1.51 4.591624736785889 193.75299072265625 48.1937518119812 334.9862976074219 1.5414789915084839 0.5295616388320923 1.6231114864349365 -6.390501499176025 1.6598251461982727 7.639659881591797 0.8179312385181605 0.20556007325649261
Car -1 -1 1.96 126.16805267333984 187.4845733642578 328.05916595458984 346.6132507324219 1.5946719646453857 1.5905427932739258 3.8068814277648926 -4.684717655181885 1.7506707906723022 8.818313598632812 1.4738730349365818 0.20479798316955566
Pedestrian -1 -1 1.22 503.0738830566406 168.43331909179688 521.8448486328125 215.63185119628906 1.6935865879058838 0.6519418954849243 0.788720428943634 -3.475536584854126 1.2887195646762848 27.62146759033203 1.090882001075716 0.20221418142318726
Pedestrian -1 -1 1.17 591.9118041992188 184.33900451660156 670.2573852539062 311.1773376464844 1.493756651878357 0.5816763639450073 0.745879054069519 0.346452921628952 1.434622585773468 8.275728225708008 1.206959420552927 0.20169706642627716
Car -1 -1 1.56 25.187007904052734 179.5001220703125 113.07445907592773 326.646484375 1.5466842651367188 1.4942595958709717 3.0956099033355713 -7.962072372436523 1.6611475348472595 10.02820873260498 0.8913290506989942 0.19845721125602722
Pedestrian -1 -1 -1.88 136.04367065429688 194.16615295410156 254.9147186279297 312.89178466796875 1.58420991897583 0.652040958404541 0.6074909567832947 -4.732966423034668 1.7025097608566284 8.304343223571777 -2.394839580087048 0.19835692644119263
Car -1 -1 1.93 14.745086669921875 189.7392120361328 106.91521453857422 349.59307861328125 1.5209048986434937 1.5113316774368286 3.2552542686462402 -7.570077419281006 1.725061058998108 9.086091995239258 1.2381183328333938 0.19825880229473114
Pedestrian -1 -1 0.23 11.28710651397705 173.1398162841797 178.9161195755005 342.433349609375 1.7526544332504272 0.6769496202468872 0.7656774520874023 -4.308183193206787 1.6094295382499695 6.047830581665039 -0.3929943380749945 0.19519078731536865
Cyclist -1 -1 1.74 -1.38823401927948 192.47694396972656 64.97112572193146 359.6805725097656 1.6690386533737183 0.5426065921783447 1.7158113718032837 -5.500241279602051 1.679809331893921 6.449716091156006 1.0376777910228574 0.19219525158405304
Car -1 -1 2.02 2.055415630340576 213.59466552734375 33.0100474357605 337.4841003417969 1.4577714204788208 1.5481553077697754 3.464053153991699 -8.822298049926758 1.8713071942329407 9.224668502807617 1.261737704313937 0.19219312071800232
Pedestrian -1 -1 -3.07 0.2327316403388977 187.47840881347656 37.92114716768265 308.6108703613281 1.74591064453125 0.641915500164032 0.598945677280426 -8.571950912475586 1.8996531963348389 10.260509490966797 2.5150494627964495 0.192107692360878
Pedestrian -1 -1 -1.8 114.54026794433594 188.22842407226562 232.55380249023438 324.3611755371094 1.61220383644104 0.665371298789978 0.6588574647903442 -3.722487211227417 1.5883735418319702 6.275662422180176 -2.3336112948279393 0.19176095724105835
Pedestrian -1 -1 1.38 642.068359375 164.06918334960938 696.6263427734375 285.416259765625 1.693345546722412 0.6417539119720459 0.6521389484405518 0.791932225227356 1.4436542987823486 9.320630073547363 1.4636369855219433 0.19169433414936066
Pedestrian -1 -1 1.05 512.0740356445312 169.89952087402344 527.5216674804688 216.14578247070312 1.6252936124801636 0.617318332195282 0.7847791314125061 -3.0391933917999268 1.2886530756950378 25.871562957763672 0.9350704122351523 0.19001542031764984
Pedestrian -1 -1 -0.77 122.92562866210938 184.19923400878906 263.528076171875 341.28887939453125 1.6325037479400635 0.6431227922439575 0.6950017213821411 -3.766847610473633 1.6285154223442078 6.5114874839782715 -1.2976418872630973 0.1893715262413025
Pedestrian -1 -1 1.36 -1.38823401927948 192.47694396972656 64.97112572193146 359.6805725097656 1.6650761365890503 0.6476444005966187 0.6092994213104248 -5.7299723625183105 1.7230256795883179 6.8864569664001465 0.6701604352551644 0.1849575936794281
Pedestrian -1 -1 2.74 15.977795600891113 186.962158203125 81.6750078201294 317.78143310546875 1.620298147201538 0.5739830732345581 0.5511802434921265 -6.8847336769104 1.6624253988265991 9.029152870178223 2.0919404499263505 0.18037761747837067
Pedestrian -1 -1 2.14 35.89226150512695 183.6870574951172 126.86655044555664 310.4247131347656 1.6785523891448975 0.6335473656654358 0.5893498063087463 -7.145534515380859 1.6966338753700256 9.73898696899414 1.5026949239343432 0.17936569452285767
Pedestrian -1 -1 2.82 0.2166184037923813 183.0967254638672 31.1447723954916 291.8775939941406 1.795318365097046 0.648490846157074 0.5553058981895447 -12.540007591247559 2.049321413040161 14.987375259399414 2.127077140896139 0.16527915000915527
Cyclist -1 -1 0.97 11.28710651397705 173.1398162841797 178.9161195755005 342.433349609375 1.791178822517395 0.6567468047142029 1.6987515687942505 -3.962772846221924 1.6028055548667908 5.7066264152526855 0.36556526240260423 0.15944141149520874
Car -1 -1 2.15 7.292405128479004 178.00155639648438 141.31556797027588 333.0906066894531 1.4844661951065063 1.534021258354187 3.5237667560577393 -8.078592300415039 1.9566529393196106 10.004806518554688 1.47147834124417 0.13885794579982758