Car -1 -1 -1.57 593.1473999023438 172.34762573242188 626.76708984375 204.25718688964844 1.6092711687088013 1.6979107856750488 4.3608717918396 0.0417463518679142 1.6212257146835327 38.49129104614258 -1.5665553255996132 0.8612313866615295
Car -1 -1 1.89 341.2684631347656 184.0557403564453 391.4568176269531 212.27774047851562 1.4341065883636475 1.5363938808441162 3.8351190090179443 -13.62471866607666 2.110747456550598 40.42070770263672 1.560592518212621 0.824941098690033
Car -1 -1 1.76 435.61456298828125 177.9215850830078 464.35650634765625 199.55914306640625 1.6477460861206055 1.6033209562301636 3.796056032180786 -13.546608924865723 2.1332030296325684 60.88154220581055 1.543214141094806 0.7256837487220764
Truck -1 -1 2.19 58.95384979248047 122.9325942993164 308.76183319091797 252.86234283447266 3.6050941944122314 2.6363654136657715 11.542110443115234 -13.901893615722656 2.278001070022583 24.94232940673828 1.679781686636451 0.6537677645683289
Van -1 -1 2.12 58.894039154052734 119.88085174560547 307.6111717224121 261.46276092529297 2.9106922149658203 2.107182025909424 7.18186616897583 -12.110838890075684 1.9725828170776367 20.726154327392578 1.5915430892905196 0.6130282878875732
Car -1 -1 1.86 369.01806640625 180.93365478515625 405.5080261230469 204.729736328125 1.5878571271896362 1.5903315544128418 4.020934104919434 -16.14835548400879 2.188144624233246 52.28297805786133 1.560427505975726 0.37571102380752563
Truck -1 -1 2.2 37.49424362182617 116.42333221435547 346.3736686706543 305.75032806396484 3.5308291912078857 2.419377088546753 9.139778137207031 -11.584818840026855 2.0814678072929382 20.787282943725586 1.6914786848975414 0.34554019570350647
Van -1 -1 2.25 45.99846649169922 114.50289154052734 344.01134490966797 305.27916717529297 2.3807246685028076 1.769409418106079 5.896193504333496 -9.550647735595703 2.0279449224472046 15.27691650390625 1.6904143880758369 0.33108973503112793
Pedestrian -1 -1 -1.89 374.6681823730469 177.71844482421875 398.87408447265625 207.82577514648438 1.810840129852295 0.6372939348220825 0.7338512539863586 -12.424567222595215 2.0696645975112915 40.49516677856445 -2.1868017458867026 0.24198397994041443
Car -1 -1 1.82 353.7373352050781 183.61309814453125 401.3757629394531 208.5830841064453 1.4836323261260986 1.5880874395370483 4.077661037445068 -15.796303749084473 2.2462520599365234 49.872371673583984 1.5122463541951694 0.23057495057582855
Car -1 -1 1.88 346.9754943847656 184.04945373535156 395.4145202636719 208.98220825195312 1.5187287330627441 1.597206950187683 4.096997261047363 -14.471484184265137 2.2236478328704834 43.49868392944336 1.5583185490916573 0.22790591418743134
Cyclist -1 -1 1.92 374.6681823730469 177.71844482421875 398.87408447265625 207.82577514648438 1.78109872341156 0.5508768558502197 1.8005359172821045 -12.296079635620117 2.02115136384964 39.84851837158203 1.619951377730013 0.22279004752635956
Car -1 -1 1.64 370.0097961425781 179.84909057617188 400.4198913574219 207.22613525390625 1.4846333265304565 1.5464340448379517 3.846061944961548 -15.374527931213379 2.089790165424347 49.97850799560547 1.3455487293232853 0.21670760214328766
Car -1 -1 1.82 363.9410095214844 184.25379943847656 404.18609619140625 205.92234802246094 1.4919685125350952 1.5384387969970703 4.1087517738342285 -16.488380432128906 2.31943279504776 53.898338317871094 1.521563142801167 0.21382306516170502
Van -1 -1 1.7 435.1961975097656 173.96644592285156 465.3231506347656 199.12286376953125 2.2092015743255615 1.9377073049545288 5.300789833068848 -14.827719688415527 2.344163417816162 67.26300811767578 1.4875102431419336 0.21237525343894958
Car -1 -1 2.03 194.0365447998047 187.8062744140625 294.4242858886719 227.5718536376953 1.4256434440612793 1.6176444292068481 4.3320393562316895 -18.598913192749023 2.3780282735824585 36.715293884277344 1.5583988172985137 0.18918268382549286
Truck -1 -1 2.29 30.13296890258789 128.30892944335938 283.35116958618164 282.1608581542969 3.2818872928619385 2.1515917778015137 9.720088005065918 -13.988934516906738 2.163387656211853 22.366140365600586 1.7360349645707753 0.16348949074745178
Car -1 -1 2.26 2.698014259338379 203.0001678466797 20.866265296936035 251.23626708984375 1.5053684711456299 1.6040247678756714 4.218013286590576 -20.29770851135254 2.634506583213806 20.735849380493164 1.4807138261217956 0.12909971177577972
Car -1 -1 2.44 0.4653228223323822 203.53428649902344 15.952246993780136 250.00006103515625 1.52278733253479 1.6026257276535034 4.175665855407715 -20.13255500793457 2.6125513315200806 20.652280807495117 1.6691410539382536 0.11821328103542328