Car -1 -1 -1.8 677.1930541992188 177.76336669921875 786.2350463867188 252.13467407226562 1.4453201293945312 1.6037567853927612 3.662170648574829 2.6859068870544434 1.6365553140640259 16.67926025390625 -1.643938406124831 0.8865540027618408
Car -1 -1 -1.35 891.9376831054688 164.169921875 1059.56298828125 222.81466674804688 1.606541633605957 1.6612794399261475 4.162475109100342 12.374235153198242 1.5752872824668884 25.04817771911621 -0.8938116124741073 0.3991720676422119
Car -1 -1 -2.84 855.0532836914062 164.2084197998047 1013.5985107421875 220.40313720703125 1.5733873844146729 1.6553378105163574 4.229841232299805 11.35986042022705 1.4689950942993164 25.290735244750977 -2.4187404082529342 0.3129412829875946
Car -1 -1 -0.44 692.0794677734375 158.15013122558594 800.468505859375 213.18983459472656 1.6212289333343506 1.7296346426010132 4.42783260345459 5.860272407531738 1.3576048612594604 31.2723331451416 -0.2574356068047119 0.2220911979675293
Car -1 -1 -0.86 681.6845703125 168.55160522460938 806.9550170898438 230.21670532226562 1.4864983558654785 1.6365766525268555 4.075847148895264 3.32148814201355 1.6159418821334839 18.46363067626953 -0.6828762102464503 0.21600410342216492
Car -1 -1 0.09 871.755615234375 162.58590698242188 1032.7984619140625 224.32183837890625 1.595000147819519 1.6127431392669678 3.634922742843628 11.753767013549805 1.440573513507843 24.737796783447266 0.5360251924838959 0.2122679054737091
Car -1 -1 -0.3 741.6077270507812 163.48460388183594 886.0963745117188 214.3695831298828 1.5886046886444092 1.6287338733673096 4.2602858543396 7.386440277099609 1.5884765982627869 27.06085205078125 -0.028780934279036607 0.20933394134044647
Car -1 -1 -2.47 533.0215454101562 171.9289093017578 563.0526123046875 214.3655242919922 1.4549814462661743 1.442657470703125 3.8503894805908203 -3.136561632156372 1.6703506112098694 35.082550048828125 -2.5608455573950497 0.2053084522485733
Car -1 -1 -1.91 829.1431884765625 167.06068420410156 975.3958740234375 221.13958740234375 1.5004719495773315 1.589007019996643 4.161179542541504 9.969420433044434 1.5183882117271423 24.511585235595703 -1.5242756869740717 0.16594064235687256
Car -1 -1 -0.21 716.7313232421875 161.53326416015625 848.4589233398438 212.4818572998047 1.5802075862884521 1.666547417640686 4.317871570587158 6.894949913024902 1.557698905467987 28.755502700805664 0.02629772527483354 0.15024881064891815
Car -1 -1 -0.36 773.4197998046875 166.42593383789062 909.1172485351562 216.09210205078125 1.5265300273895264 1.6145670413970947 4.076266288757324 8.136819839477539 1.552096426486969 27.090351104736328 -0.0686248810929202 0.14185068011283875