Car -1 -1 -1.59 581.841552734375 177.92652893066406 624.3079833984375 216.8014373779297 1.5542142391204834 1.6828259229660034 4.146414279937744 -0.30421707034111023 1.820637583732605 31.216798782348633 -1.5959793451228874 0.8687006831169128
Car -1 -1 -1.52 527.4096069335938 177.95574951171875 562.5245361328125 209.19418334960938 1.5272958278656006 1.6697540283203125 4.121882915496826 -3.324739456176758 1.8263287544250488 37.58639907836914 -1.6112351470069397 0.8637986779212952
Van -1 -1 1.55 605.8419189453125 165.92999267578125 633.1078491210938 197.15403747558594 2.6201977729797363 2.1478238105773926 5.806905746459961 0.90924072265625 1.996671736240387 67.62328338623047 1.5643920524838029 0.5245155692100525
Cyclist -1 -1 1.08 1040.069091796875 154.2175750732422 1230.010986328125 372.28106689453125 1.7688632011413574 0.5247704386711121 1.755423665046692 2.453396797180176 1.567636251449585 2.7423694133758545 1.8093735207889452 0.4343577027320862
Car -1 -1 -1.45 587.3442993164062 178.1734161376953 626.1897583007812 211.903564453125 1.4912534952163696 1.637211561203003 3.863151788711548 -0.36212465167045593 1.8811952471733093 32.09782028198242 -1.46399404115928 0.3227827250957489
Pedestrian -1 -1 -0.99 1054.5631103515625 148.25437927246094 1234.08349609375 374.15338134765625 1.762107491493225 0.6547762155532837 0.7472363114356995 2.9863719940185547 1.6763153672218323 3.582789421081543 -0.29675676429818276 0.31551656126976013
Car -1 -1 1.76 424.93218994140625 177.93064880371094 453.9240417480469 199.0230712890625 1.5009311437606812 1.613791584968567 4.0683817863464355 -12.4761962890625 1.9222890734672546 52.90888214111328 1.5332167899173026 0.29512467980384827
Van -1 -1 1.68 601.0140380859375 167.5963134765625 629.4789428710938 197.9444580078125 2.4080872535705566 1.9620003700256348 5.246269702911377 0.6052238345146179 1.563951164484024 64.76407623291016 1.686209707967655 0.2791966497898102
Pedestrian -1 -1 2.14 1083.9134521484375 171.30816650390625 1240.4256591796875 362.2579345703125 1.7057156562805176 0.6352375745773315 0.6692792177200317 3.197725534439087 1.6150271892547607 3.78898549079895 2.8425428061186775 0.2730965316295624
Car -1 -1 1.62 607.5275268554688 168.4501190185547 632.1768188476562 196.37353515625 1.702595829963684 1.683056116104126 4.160673141479492 1.0961453914642334 1.9948156476020813 59.387046813964844 1.6401448361734783 0.2513250708580017
Car -1 -1 -2.27 591.3594970703125 171.281494140625 628.7594604492188 207.89117431640625 1.606385350227356 1.6738189458847046 4.025045394897461 -0.15509477257728577 1.7679901719093323 32.36793899536133 -2.2790490738557825 0.23053397238254547
Cyclist -1 -1 1.1 1091.62939453125 156.88059997558594 1231.67138671875 362.2402648925781 1.8252781629562378 0.5479298233985901 1.6948573589324951 2.973306655883789 1.5729223489761353 3.0826563835144043 1.8688390415497844 0.22959676384925842
Car -1 -1 1.64 603.9205932617188 171.5620880126953 630.6135864257812 198.40354919433594 1.6565486192703247 1.648309588432312 3.947037935256958 1.110532283782959 2.0449957251548767 58.80308532714844 1.6617383343958982 0.2160579115152359
Pedestrian -1 -1 0.89 1112.7633056640625 164.80316162109375 1240.9422607421875 351.3651428222656 1.6706851720809937 0.6219289302825928 0.7358831167221069 3.2987399101257324 1.5358991026878357 3.8565495014190674 1.593120788997794 0.2116086483001709
Car -1 -1 0.78 1067.8302001953125 151.7185516357422 1233.2113037109375 371.1192626953125 1.7084896564483643 1.584671974182129 3.875133752822876 3.4386892318725586 1.7396429181098938 2.614344596862793 1.697037923342024 0.1915493905544281
Van -1 -1 1.21 602.5514526367188 172.56639099121094 631.5123291015625 199.33042907714844 2.448531150817871 1.9375511407852173 5.659800052642822 1.0084041357040405 2.033413589000702 65.79276275634766 1.222131589539968 0.17648428678512573
Car -1 -1 1.95 600.4526977539062 169.437255859375 629.7239379882812 200.4904022216797 1.6989312171936035 1.6677918434143066 4.289755821228027 0.2970485985279083 1.951525330543518 51.26472091674805 1.9595532301526513 0.1665477454662323
Van -1 -1 0.75 990.073486328125 169.86798095703125 1230.0419921875 350.93267822265625 1.8507273197174072 1.7911202907562256 4.379584312438965 2.6627094745635986 1.3983493745326996 2.6606268882751465 1.5358690440198304 0.1586814671754837
Pedestrian -1 -1 -1.43 1008.3134155273438 157.49508666992188 1240.1947021484375 371.8725280761719 1.8597160577774048 0.5838418006896973 0.8802365660667419 2.59333872795105 1.5737815499305725 3.1985647678375244 -0.7489348395736553 0.14126871526241302