Car -1 -1 -1.8 703.8527221679688 189.9752655029297 831.0394897460938 270.00469970703125 1.3619801998138428 1.6334105730056763 4.075267791748047 3.0789453983306885 1.749231219291687 14.978965759277344 -1.5978708012442215 0.8812407851219177
Car -1 -1 -1.66 655.231201171875 174.8314666748047 703.1124877929688 215.46441650390625 1.6543669700622559 1.6803712844848633 4.168316841125488 3.030885934829712 1.765639305114746 32.08197021484375 -1.5682937752866275 0.8708195090293884
Car -1 -1 -2.18 846.4048461914062 200.23529052734375 1244.4505615234375 370.8326110839844 1.462803602218628 1.61045503616333 3.9419753551483154 2.7367560863494873 1.6441407203674316 3.8806490898132324 -1.5670580291796643 0.8531440496444702
Car -1 -1 -2.75 436.0733947753906 175.4624481201172 523.61083984375 216.39816284179688 1.5841034650802612 1.6663416624069214 4.0870256423950195 -5.34312629699707 1.677111268043518 29.862571716308594 -2.9240153164172913 0.7747731804847717
Car -1 -1 -2.88 396.4527282714844 179.03515625 506.8484191894531 225.521240234375 1.4702990055084229 1.5995959043502808 4.049388885498047 -5.449822902679443 1.690409004688263 25.160181045532227 -3.093387550397729 0.7212986350059509
Car -1 -1 -2.69 24.017881393432617 178.5596923828125 339.55673027038574 302.2505187988281 1.5237611532211304 1.5663087368011475 3.973809242248535 -6.0963873863220215 1.675462782382965 10.274999618530273 3.053760804232482 0.706915557384491
Car -1 -1 0.72 -2.572028875350952 184.60723876953125 293.2905809879303 347.0141296386719 1.5212112665176392 1.6290271282196045 4.112436294555664 -5.786929130554199 1.686033546924591 7.61386775970459 0.06695798854375568 0.681775689125061
Car -1 -1 -2.82 412.83587646484375 177.13938903808594 515.5858154296875 222.97023010253906 1.5321604013442993 1.6401681900024414 3.79886531829834 -5.311145305633545 1.7060664892196655 25.452022552490234 -3.0285722745934134 0.6721649169921875
Car -1 -1 -2.63 66.1407470703125 169.49002075195312 373.22711181640625 277.7433776855469 1.7119908332824707 1.6316444873809814 3.7982594966888428 -6.1502885818481445 1.6932170987129211 12.130573272705078 -3.097344937842344 0.6601865291595459
Car -1 -1 -2.84 476.09222412109375 174.138671875 546.6860961914062 207.33767700195312 1.6432303190231323 1.6656408309936523 4.050009250640869 -5.251692771911621 1.7592730522155762 36.81364440917969 -2.9791071186529017 0.6365309357643127
Car -1 -1 -2.6 102.9986572265625 163.53329467773438 357.6260986328125 269.4314270019531 1.797998309135437 1.7394882440567017 4.270892143249512 -6.669435024261475 1.613504707813263 13.084746360778809 -3.067385476342812 0.6208117604255676
Car -1 -1 -2.66 264.5506591796875 173.6436309814453 454.3639831542969 246.07005310058594 1.6416326761245728 1.6277390718460083 3.488736391067505 -6.010988235473633 1.7040871381759644 17.647382736206055 -2.9844043507640574 0.5770708322525024
Car -1 -1 -2.9 455.0353088378906 173.18743896484375 537.1285400390625 211.7979278564453 1.635775089263916 1.6845966577529907 3.8921055793762207 -5.294133186340332 1.7800791263580322 36.55731201171875 -3.042584669333147 0.4583374559879303
Car -1 -1 -2.91 268.3991394042969 177.10816955566406 419.459228515625 242.2139129638672 1.4698964357376099 1.5870128870010376 3.665125608444214 -6.592219352722168 1.6386834383010864 18.109024047851562 3.0264946389503375 0.3800404369831085
Van -1 -1 -2.68 101.20851135253906 167.70726013183594 364.69105529785156 266.9139099121094 1.9520845413208008 1.8485431671142578 4.81043815612793 -7.355158805847168 1.775241196155548 14.100483894348145 3.121917617813855 0.36052292585372925
Car -1 -1 -2.74 295.695068359375 176.47274780273438 436.2618408203125 241.92471313476562 1.4654299020767212 1.537447452545166 3.3562893867492676 -5.955499649047852 1.6570035219192505 17.898155212402344 -3.0581263013943776 0.36001381278038025
Car -1 -1 -2.76 368.9621276855469 180.4968719482422 493.5257873535156 232.0767822265625 1.508140206336975 1.6443912982940674 3.947361707687378 -5.647532939910889 1.7744180560112 24.252561569213867 -2.991535091474706 0.3558277487754822
Car -1 -1 -0.4 651.44970703125 176.22720336914062 697.5116577148438 212.32049560546875 1.602003574371338 1.663848638534546 4.083224773406982 3.1248903274536133 1.750873327255249 32.07295227050781 -0.30429263227344094 0.3136107921600342
Car -1 -1 -2.96 331.7165832519531 180.4514923095703 476.3893737792969 238.3803253173828 1.4851341247558594 1.5568382740020752 3.7455432415008545 -5.862137317657471 1.7184022665023804 22.197858810424805 3.0615364895790886 0.2724664807319641
Car -1 -1 -2.61 317.1663818359375 177.71803283691406 453.4850769042969 242.05929565429688 1.452250361442566 1.5160398483276367 2.9274206161499023 -5.686849594116211 1.6824190020561218 18.1079158782959 -2.918658594759645 0.2579260766506195
Van -1 -1 -2.83 459.7672424316406 172.35313415527344 548.2783203125 207.384765625 1.8935693502426147 1.8239872455596924 4.89692497253418 -5.551265716552734 1.750423789024353 39.84952163696289 -2.9733744804480047 0.2479601800441742
Car -1 -1 0.84 3.7686691284179688 179.15020751953125 257.6531295776367 321.6473388671875 1.436300277709961 1.5616483688354492 3.737307071685791 -5.511736869812012 1.5212986469268799 7.132835865020752 0.18207025206008653 0.23681430518627167
Cyclist -1 -1 -3.09 394.9668273925781 176.93536376953125 513.86083984375 222.90562438964844 1.6961055994033813 0.6895490288734436 1.9031676054000854 -4.264775276184082 1.6135761737823486 19.682979583740234 2.980413862912699 0.23058296740055084
Van -1 -1 -2.77 12.214803695678711 171.45590209960938 362.8025722503662 297.4549255371094 1.8670371770858765 1.8345048427581787 4.723615646362305 -7.297232627868652 1.7969743609428406 13.827615737915039 3.0243414148799186 0.22732402384281158
Car -1 -1 -2.77 358.8861083984375 181.6748046875 469.2934265136719 229.2877960205078 1.4284253120422363 1.5912184715270996 3.403578042984009 -6.018689155578613 1.7732322216033936 21.993793487548828 -3.0391822979649596 0.21882227063179016
Car -1 -1 0.68 1073.6287841796875 213.1674346923828 1238.4273681640625 367.3734130859375 1.5118427276611328 1.564858317375183 3.9513485431671143 4.691601753234863 1.7919481992721558 3.9708948135375977 1.5463797372400379 0.2145138382911682
Car -1 -1 0.75 1115.134033203125 215.91201782226562 1241.124755859375 361.54144287109375 1.3996636867523193 1.5697205066680908 4.1548309326171875 6.712499618530273 1.966929316520691 5.897970676422119 1.6024746574302018 0.2136669009923935
Car -1 -1 0.74 1147.925537109375 203.45640563964844 1243.868408203125 362.4051818847656 1.4233319759368896 1.6434246301651 4.518524646759033 6.4648871421813965 1.7484861612319946 5.329997539520264 1.6197736276146202 0.21214179694652557
Van -1 -1 -2.84 -7.793144226074219 174.60206604003906 334.30274200439453 337.2948913574219 1.879017949104309 1.952787160873413 5.45379638671875 -8.659995079040527 2.197307050228119 15.029312133789062 2.9197961941793835 0.2072562277317047
Van -1 -1 -2.73 434.4894714355469 172.69866943359375 534.4732055664062 214.28738403320312 1.891959547996521 1.7879670858383179 4.830412864685059 -5.370593547821045 1.803542137145996 32.01731491088867 -2.8999682783609178 0.2042323499917984
Car -1 -1 -2.88 340.9251403808594 178.0215301513672 487.7320251464844 231.33221435546875 1.4755160808563232 1.5730252265930176 3.6398463249206543 -5.74186372756958 1.755242109298706 22.453628540039062 -3.1292781595692976 0.20287860929965973
Car -1 -1 -2.64 161.37095642089844 168.40794372558594 375.58709716796875 258.8062744140625 1.6745057106018066 1.6434944868087769 3.7447669506073 -6.594336032867432 1.6378843188285828 13.929099082946777 -3.083195426867551 0.20166592299938202
Car -1 -1 -2.86 228.63864135742188 171.93907165527344 414.4429626464844 247.99156188964844 1.5744024515151978 1.6258230209350586 3.581772565841675 -6.664932727813721 1.658189833164215 17.025964736938477 3.0528037726992894 0.19856275618076324
Car -1 -1 -1.64 652.00830078125 179.54798889160156 689.8817749023438 212.15423583984375 1.5328476428985596 1.6230242252349854 3.957817792892456 2.981102705001831 1.8378551006317139 34.4107666015625 -1.5561562478790067 0.1949836164712906
Car -1 -1 0.77 1171.4222412109375 204.40065002441406 1242.4088134765625 360.5516662597656 1.4201849699020386 1.6545073986053467 4.496038436889648 6.8235392570495605 1.7135717272758484 5.417171955108643 1.6713506840990506 0.18232813477516174
Car -1 -1 1.38 245.6890411376953 170.29745483398438 392.9838562011719 243.01443481445312 1.5203192234039307 1.5742135047912598 3.731196880340576 -6.996130466461182 1.6379529237747192 17.61850357055664 1.0033713098204906 0.17937836050987244
Car -1 -1 1.52 636.4796752929688 178.38380432128906 662.0101318359375 196.21609497070312 1.5169614553451538 1.6659247875213623 3.9905006885528564 3.0203094482421875 1.8752933144569397 57.19398498535156 1.5693306310651431 0.17505502700805664
Car -1 -1 1.81 1.2804323434829712 188.99441528320312 90.37926352024078 355.301513671875 1.5623196363449097 1.6179068088531494 3.9922068119049072 -6.004802703857422 1.5959040522575378 5.496935844421387 0.9823047795420621 0.16920141875743866
Car -1 -1 -2.59 -4.734675884246826 216.62789916992188 58.895756244659424 347.0546875 1.6439732313156128 1.6033351421356201 4.076475620269775 -5.637441158294678 1.729850172996521 4.997257232666016 2.8428371526500795 0.15584662556648254