Car -1 -1 -1.95 444.72772216796875 216.82559204101562 673.9931030273438 341.1690368652344 1.4253414869308472 1.6160916090011597 4.018645763397217 -1.0234136581420898 2.090270459651947 10.51401138305664 -2.0489674862747123 0.8969165086746216
Car -1 -1 -1.85 390.1554870605469 213.3409881591797 519.972412109375 298.5606689453125 1.4719953536987305 1.5566914081573486 3.396589517593384 -3.2968530654907227 2.299207925796509 14.67245864868164 -2.0688038777727833 0.8803638219833374
Car -1 -1 -2.19 560.892333984375 207.02655029296875 969.6446533203125 377.2492370605469 1.4529460668563843 1.494807481765747 3.341108798980713 1.0781214237213135 1.794708788394928 6.308609962463379 -2.0168840373755206 0.8732526898384094
Car -1 -1 -1.75 335.242431640625 202.972412109375 429.24908447265625 276.0126037597656 1.7553603649139404 1.6662912368774414 4.060576438903809 -6.139453887939453 2.5574898719787598 18.866365432739258 -2.0649708590596205 0.8577159643173218
Car -1 -1 1.78 -6.7040815353393555 234.65313720703125 110.54089832305908 333.9988098144531 1.4410783052444458 1.5321006774902344 3.491560697555542 -10.094523429870605 2.5650532841682434 12.808084487915039 1.1159070758347465 0.8334558010101318
Car -1 -1 -1.72 288.84246826171875 212.56040954589844 347.92840576171875 253.08883666992188 1.4761830568313599 1.6364659070968628 3.622436046600342 -11.993110656738281 3.183965265750885 29.44865608215332 -2.1040488419922063 0.7922152280807495
Car -1 -1 1.07 311.11639404296875 211.92727661132812 385.2471618652344 260.6827392578125 1.5187854766845703 1.5830862522125244 3.545379400253296 -8.880167007446289 2.884880542755127 24.494937896728516 0.7223841108594189 0.7385980486869812
Car -1 -1 2.11 -2.1659493446350098 231.28732299804688 62.231969356536865 368.5970764160156 1.5431941747665405 1.5923147201538086 3.7204084396362305 -7.2149529457092285 2.188481390476227 7.16658878326416 1.321466900919102 0.7305068969726562
Car -1 -1 1.84 -1.641729712486267 231.4132537841797 80.1725937128067 359.8497314453125 1.4865220785140991 1.5085835456848145 3.3905439376831055 -7.079128265380859 2.1672826409339905 7.421364784240723 1.080664987019988 0.669562041759491
Van -1 -1 1.69 74.49958038330078 209.44039916992188 158.85400390625 277.4291687011719 1.8743926286697388 1.7734214067459106 4.361001491546631 -15.268789291381836 3.077148973941803 22.462404251098633 1.0908544049074598 0.6516140699386597
Car -1 -1 1.65 139.54922485351562 218.44854736328125 182.0714111328125 246.22230529785156 1.4948536157608032 1.6805351972579956 4.370181083679199 -25.065183639526367 4.041126787662506 40.34587097167969 1.09072264320449 0.6243152022361755
Car -1 -1 1.7 77.16358947753906 209.31016540527344 158.8069305419922 277.03466796875 1.8080235719680786 1.7205113172531128 4.093681335449219 -14.515786170959473 2.9194403290748596 21.40134620666504 1.0999726832154515 0.6218003630638123
Car -1 -1 1.16 294.5511474609375 213.75759887695312 368.0030822753906 256.2289123535156 1.4524003267288208 1.574912667274475 4.015377998352051 -10.839947700500488 3.083193361759186 27.98444938659668 0.7860110446943813 0.4766179621219635
Car -1 -1 -1.73 315.1666259765625 208.20054626464844 409.0072326660156 266.3860778808594 1.5704716444015503 1.6803900003433228 4.051150321960449 -8.45502758026123 2.81543630361557 23.4702205657959 -2.0777841318270305 0.4196334183216095
Car -1 -1 -1.91 461.96337890625 214.19119262695312 793.9922485351562 364.4754638671875 1.3268450498580933 1.5171380043029785 3.591601610183716 -0.5257495045661926 1.9429365992546082 9.630489349365234 -1.9600637320684227 0.27835002541542053
Car -1 -1 -1.12 275.29833984375 212.9916534423828 314.4508972167969 242.96908569335938 1.589030385017395 1.669491171836853 4.158791542053223 -17.742469787597656 3.847267210483551 40.398250579833984 -1.5375923826015558 0.27801480889320374
Car -1 -1 -1.51 283.7757873535156 213.69647216796875 337.41107177734375 250.82278442382812 1.5229058265686035 1.5941576957702637 3.794856548309326 -12.277448654174805 3.2065863609313965 29.867856979370117 -1.9032217172125847 0.27400460839271545
Car -1 -1 1.63 132.42005920410156 215.76473999023438 179.6559295654297 250.31439208984375 1.5873961448669434 1.676896333694458 4.303513050079346 -25.2375431060791 4.118136405944824 40.504722595214844 1.0774697781267601 0.2674465775489807
Van -1 -1 2.23 -3.7604854106903076 254.81423950195312 61.06158185005188 371.8580627441406 1.7235928773880005 1.7226309776306152 4.411105155944824 -9.223930358886719 2.8115567564964294 9.476177215576172 1.4558717823835163 0.257983922958374
Car -1 -1 2.19 2.2818777561187744 248.1275634765625 63.112505197525024 352.0819091796875 1.5786546468734741 1.623154640197754 3.940945863723755 -7.951240539550781 2.366745173931122 8.389901161193848 1.4360366913788605 0.249959334731102
Car -1 -1 1.8 -0.8927905559539795 239.9547576904297 115.30785489082336 351.0180969238281 1.3879048824310303 1.5550519227981567 3.723031997680664 -10.154552459716797 2.644198179244995 12.349148750305176 1.1105296899792094 0.2363000363111496
Van -1 -1 1.98 -1.150275468826294 230.038330078125 61.046684980392456 364.6229248046875 1.7146689891815186 1.655409574508667 4.259316921234131 -8.356070518493652 2.4399925470352173 8.716955184936523 1.2194536522409507 0.23228707909584045
Car -1 -1 -1.52 278.063232421875 213.07408142089844 326.3548278808594 245.3981170654297 1.4799280166625977 1.6103627681732178 3.8042306900024414 -16.21489715576172 3.592564105987549 37.439456939697266 -1.9273264036615352 0.22794820368289948
Car -1 -1 -1.82 392.2599792480469 218.19305419921875 539.85791015625 307.3490295410156 1.4539014101028442 1.576907992362976 3.691410541534424 -3.266622304916382 2.372754156589508 14.7730073928833 -2.038322086993082 0.22054433822631836
Cyclist -1 -1 2.21 2.1664507389068604 234.4040985107422 64.0052797794342 366.135009765625 1.628383994102478 0.5779774188995361 1.801339864730835 -6.279304504394531 2.1466071009635925 7.196177005767822 1.495790997041449 0.21836405992507935
Car -1 -1 1.89 3.6060383319854736 224.84974670410156 114.92533612251282 322.0652160644531 1.4773756265640259 1.635697841644287 3.8053083419799805 -10.056556701660156 2.473170578479767 12.934057235717773 1.2300795873457613 0.21711894869804382
Car -1 -1 -1.83 356.34759521484375 211.4007110595703 489.31805419921875 284.9737854003906 1.5450917482376099 1.6392062902450562 3.831824541091919 -5.0379557609558105 2.506621778011322 17.339277267456055 -2.114280701070453 0.2004210650920868
Car -1 -1 2.16 -3.560757637023926 250.80587768554688 54.12893581390381 372.2113037109375 1.4804894924163818 1.5991865396499634 3.8731849193573 -7.31310510635376 2.184802293777466 7.1087822914123535 1.356433188113547 0.19583751261234283
Car -1 -1 2.28 -2.981212615966797 256.376708984375 71.65781021118164 372.8215026855469 1.4174696207046509 1.6029738187789917 3.9915611743927 -8.072728157043457 2.437452495098114 8.004353523254395 1.4943447443407551 0.19259338080883026
Car -1 -1 -0.51 294.9544372558594 210.10946655273438 363.37261962890625 250.51608276367188 1.4694759845733643 1.5826199054718018 3.7451400756835938 -11.333185195922852 2.9776376485824585 28.812532424926758 -0.8815160517276617 0.18866290152072906
Car -1 -1 -1.51 266.39080810546875 212.22251892089844 303.066650390625 239.9552459716797 1.6009787321090698 1.6226890087127686 3.9448628425598145 -19.356416702270508 3.9745656847953796 42.90031814575195 -1.9306440213629612 0.18655027449131012
Car -1 -1 -1.77 344.7771911621094 204.8810272216797 451.0797119140625 276.8267822265625 1.5980252027511597 1.6529723405838013 3.9716334342956543 -5.856162071228027 2.482690751552582 18.942041397094727 -2.0688468973833967 0.18584932386875153
Car -1 -1 1.56 126.47574615478516 216.35032653808594 178.64791870117188 256.18646240234375 1.600719690322876 1.6668784618377686 4.214960098266602 -25.558979034423828 4.16141140460968 40.83461380004883 0.9969759981058068 0.18389692902565002
Pedestrian -1 -1 -2.19 297.3290710449219 213.4075164794922 357.76849365234375 256.3684997558594 1.6839848756790161 0.6184733510017395 0.7476273775100708 -8.636638641357422 2.7545469403266907 22.169570922851562 -2.560367685999731 0.17308199405670166
Car -1 -1 -2.03 495.3482971191406 199.55067443847656 935.6264038085938 390.4716796875 1.242492914199829 1.6000157594680786 3.977285861968994 0.8344089388847351 1.6169050335884094 5.365665435791016 -1.8758018593035537 0.17286045849323273