Car -1 -1 -1.85 847.578369140625 142.23841857910156 1076.9166259765625 297.23431396484375 1.6776587963104248 1.6594841480255127 4.140352249145508 4.411468029022217 1.3163880109786987 9.676156044006348 -1.4218496324922203 0.8906428813934326
Van -1 -1 -1.51 784.315673828125 128.41098022460938 865.541015625 213.2886505126953 2.373246669769287 1.9575774669647217 5.192331790924072 6.816585063934326 1.13667768612504 22.999723434448242 -1.2260380109531512 0.8043273687362671
Pedestrian -1 -1 0.58 1166.4959716796875 169.30389404296875 1238.8404541015625 375.01141357421875 1.599775791168213 0.6165292263031006 0.71583491563797 3.4030239582061768 1.5416914224624634 3.8659181594848633 1.3057485625109768 0.6574607491493225
Pedestrian -1 -1 0.17 1151.510986328125 142.70458984375 1233.9718017578125 376.6681213378906 1.6401903629302979 0.6391916871070862 0.744210422039032 3.4317233562469482 1.4658674001693726 3.819526433944702 0.8981575291097865 0.4774462580680847
Car -1 -1 -1.45 784.4008178710938 131.44598388671875 862.4398193359375 213.52122497558594 2.240612506866455 1.7966278791427612 4.109982013702393 6.153955459594727 1.0992531217634678 20.99802017211914 -1.1648550860086626 0.43170320987701416
Truck -1 -1 -1.64 784.412353515625 130.267822265625 865.037841796875 216.6357879638672 3.182244300842285 2.476710557937622 7.364130973815918 7.095607280731201 1.4700438529253006 23.94042205810547 -1.3496971533915083 0.3943192958831787
Car -1 -1 -1.26 1156.75537109375 154.8876190185547 1237.6553955078125 367.4661560058594 1.5153563022613525 1.6231406927108765 3.8279924392700195 4.811192989349365 1.6534115076065063 3.6745779514312744 -0.3455629680779264 0.3900693953037262
Cyclist -1 -1 -1.93 1161.869384765625 153.73257446289062 1240.165771484375 375.33624267578125 1.710376501083374 0.5140288472175598 1.624561071395874 3.279876708984375 1.5609829425811768 3.4641897678375244 -1.1732799706120574 0.345294713973999
Pedestrian -1 -1 0.71 1170.2381591796875 189.76853942871094 1228.981201171875 354.8670959472656 1.6606734991073608 0.5142302513122559 0.7887558341026306 3.52730655670166 1.5248388648033142 3.88388991355896 1.4440009616440843 0.2509893774986267
Pedestrian -1 -1 0.47 1179.5606689453125 189.23216247558594 1231.97607421875 373.79449462890625 1.4839967489242554 0.6345766186714172 0.7720884680747986 3.4630632400512695 1.5039395689964294 3.795825719833374 1.2050617415986355 0.20657378435134888
Pedestrian -1 -1 0.63 1173.260986328125 168.7285919189453 1237.7060546875 322.66290283203125 1.5986539125442505 0.5519586801528931 0.765060544013977 3.293647050857544 1.306103765964508 3.574819564819336 1.3738463322632608 0.18204644322395325
Car -1 -1 -0.08 1199.3126220703125 155.0349578857422 1238.388671875 254.19825744628906 1.6331442594528198 1.5983214378356934 3.8603410720825195 11.880752563476562 1.3912851810455322 11.354496002197266 0.7234035946361135 0.16616284847259521