Pedestrian -1 -1 2.19 450.6348876953125 158.0919647216797 507.13519287109375 317.00543212890625 1.7526568174362183 0.6396272778511047 0.6445670127868652 -1.4130748510360718 1.490841269493103 8.30738639831543 2.017947339506856 0.8133417367935181
Pedestrian -1 -1 1.79 672.2861938476562 159.5165252685547 700.7899780273438 237.9148406982422 1.8149316310882568 0.678623378276825 0.8981260657310486 1.9887092113494873 1.2504892945289612 16.597820281982422 1.9062041623825934 0.7807528376579285
Pedestrian -1 -1 1.59 630.5853881835938 159.5041961669922 658.869873046875 239.84762573242188 1.7558815479278564 0.6616895794868469 0.9511786103248596 0.9751765131950378 1.281523436307907 16.535226821899414 1.646981169220104 0.7791692018508911
Car -1 -1 1.66 567.4826049804688 170.56932067871094 600.04833984375 197.141357421875 1.5016263723373413 1.6498774290084839 4.195741176605225 -1.0152817964553833 0.8682449758052826 44.14817428588867 1.6386803833190733 0.7618009448051453
Pedestrian -1 -1 1.53 392.95758056640625 162.73927307128906 458.0152587890625 333.5513000488281 1.6855498552322388 0.6022615432739258 0.6688233017921448 -1.833420991897583 1.4857761859893799 7.509023189544678 1.2904984693401218 0.7308236956596375
Pedestrian -1 -1 2.51 172.1602020263672 203.9595489501953 337.4779357910156 367.8091735839844 1.4462779760360718 0.595132052898407 0.48496973514556885 -1.9522476196289062 1.623441994190216 3.99111008644104 2.054099648698589 0.6601057052612305
Pedestrian -1 -1 1.22 705.696044921875 161.53610229492188 726.9381103515625 227.8112335205078 1.6718761920928955 0.6691864132881165 0.6083529591560364 3.0149126052856445 1.188005805015564 18.661401748657227 1.3842702067028299 0.6232222318649292
Pedestrian -1 -1 -2.68 200.4422607421875 224.47775268554688 327.8778381347656 369.557861328125 1.4531291723251343 0.6162936091423035 0.45161062479019165 -2.205822467803955 1.7040960192680359 4.552131652832031 -3.12907992665959 0.6215733885765076
Pedestrian -1 -1 1.93 439.9881286621094 155.70602416992188 502.73175048828125 325.9277648925781 1.7957972288131714 0.6460685133934021 0.8143107891082764 -1.3370345830917358 1.506923258304596 8.23070240020752 1.7674539506172549 0.6090437173843384
Pedestrian -1 -1 1.77 416.19415283203125 156.55152893066406 486.3026428222656 330.28826904296875 1.7314236164093018 0.6486960649490356 0.8157923221588135 -1.607224464416504 1.5025357604026794 7.621849060058594 1.5635833165815978 0.49219945073127747
Pedestrian -1 -1 1.77 403.1692810058594 156.61257934570312 473.37445068359375 330.6534423828125 1.7494474649429321 0.6478497982025146 0.8291136026382446 -1.747467279434204 1.5219908356666565 7.557706356048584 1.5411606372121618 0.4837484657764435
Cyclist -1 -1 -2.17 727.4053344726562 156.55206298828125 769.7940673828125 226.649658203125 1.8008071184158325 0.5585680603981018 1.7105894088745117 4.136617660522461 1.1197744756937027 20.63850212097168 -1.9755334691745379 0.4733557105064392
Pedestrian -1 -1 -1.97 141.92095947265625 190.53077697753906 339.6482238769531 376.9086608886719 1.517395257949829 0.5804280638694763 0.5934433341026306 -1.8338096141815186 1.6503777503967285 3.6564366817474365 -2.4374881967007056 0.4701654314994812
Pedestrian -1 -1 1.89 629.722900390625 159.8874969482422 653.8782348632812 234.67230224609375 1.7983671426773071 0.7157865762710571 0.969527542591095 1.0318037271499634 1.2266789078712463 18.25596046447754 1.9447486684883053 0.4520145058631897
Pedestrian -1 -1 2.04 381.0796203613281 156.89114379882812 445.3198547363281 336.3619079589844 1.7387452125549316 0.6272004246711731 0.6143403053283691 -1.967270016670227 1.5306381583213806 7.568972587585449 1.786068843915861 0.4500192105770111
Pedestrian -1 -1 1.86 736.7820434570312 153.03536987304688 764.9642333984375 228.26962280273438 1.8954945802688599 0.6653144359588623 0.785677433013916 4.033114910125732 1.1990887522697449 19.246183395385742 2.067903090304924 0.4220661520957947
Pedestrian -1 -1 1.86 387.14837646484375 162.54574584960938 418.17156982421875 265.3541564941406 1.758736491203308 0.6081609129905701 0.45219123363494873 -3.65435791015625 1.3851749300956726 13.249161720275879 1.5906186108556017 0.41606560349464417
Pedestrian -1 -1 2.11 427.0243225097656 152.19790649414062 494.72821044921875 333.024658203125 1.7558552026748657 0.6355695724487305 0.8395074009895325 -1.650517463684082 1.4914175868034363 7.745572566986084 1.9043660275320455 0.3943758010864258
Pedestrian -1 -1 2.29 435.3479919433594 158.2724151611328 490.4906921386719 315.7892761230469 1.6618188619613647 0.6019512414932251 0.660611629486084 -1.4982683658599854 1.4637491106987 8.15538501739502 2.104604262195214 0.3879799544811249
Cyclist -1 -1 2.37 875.9302368164062 148.98580932617188 1183.470458984375 374.17498779296875 1.5405017137527466 0.6192363500595093 1.603377342224121 2.5065758228302 1.4181775450706482 3.99237322807312 2.9256713216599906 0.38420161604881287
Pedestrian -1 -1 -2.19 849.277099609375 148.92205810546875 1157.60986328125 370.9852294921875 1.6676390171051025 0.5345871448516846 0.6496782898902893 2.323052167892456 1.4483248591423035 4.131388187408447 -1.6804001043022119 0.382808119058609
Cyclist -1 -1 2.73 884.6614379882812 168.24700927734375 1124.125732421875 364.7167053222656 1.6021888256072998 0.5407624244689941 1.5797386169433594 2.3428497314453125 1.6037164330482483 4.12860631942749 -3.0345633809190833 0.3827190101146698
Pedestrian -1 -1 2.09 731.6148681640625 158.7368927001953 766.26318359375 225.9537353515625 1.843455195426941 0.6278707385063171 0.5715030431747437 3.9276039600372314 1.2031126022338867 19.31227684020996 2.2909661446234697 0.3760613799095154
Cyclist -1 -1 -1.74 733.479736328125 157.410888671875 765.55419921875 230.85389709472656 1.7648981809616089 0.5838104486465454 1.7607152462005615 4.083687782287598 1.1555328667163849 20.425695419311523 -1.5434033692284803 0.37322795391082764
Cyclist -1 -1 -1.61 675.35009765625 161.38616943359375 703.9563598632812 240.412841796875 1.7405837774276733 0.5596753358840942 1.7473253011703491 2.0479702949523926 1.2971999049186707 16.886030197143555 -1.4932318332451393 0.3636765480041504
Pedestrian -1 -1 -2.22 496.104736328125 163.49424743652344 514.5835571289062 214.2397003173828 1.746500015258789 0.6369773149490356 0.6353958249092102 -3.00427508354187 1.1539736986160278 23.304576873779297 -2.351867563528474 0.36303573846817017
Pedestrian -1 -1 1.53 677.2430419921875 161.49700927734375 708.2914428710938 236.95703125 1.735862374305725 0.6480837464332581 0.9265222549438477 2.173017740249634 1.245774358510971 16.59969139099121 1.6621210958547987 0.3454177975654602
Cyclist -1 -1 -2.07 730.5598754882812 158.93345642089844 773.111572265625 240.25323486328125 1.763580322265625 0.6018927693367004 1.7672227621078491 3.6507115364074707 1.2677615284919739 17.24057388305664 -1.86035376204382 0.3276355564594269
Cyclist -1 -1 -1.55 629.196533203125 156.59896850585938 658.9075927734375 240.1593475341797 1.7548978328704834 0.5253739356994629 1.7761369943618774 1.0196958780288696 1.2619875073432922 16.56744384765625 -1.4882765307707837 0.3260655105113983
Car -1 -1 -2.34 875.9302368164062 148.98580932617188 1183.470458984375 374.17498779296875 1.5284096002578735 1.5381925106048584 3.2000930309295654 3.0368242263793945 1.606732726097107 4.229715347290039 -1.7151824153199389 0.31702807545661926
Pedestrian -1 -1 -0.68 1160.113525390625 162.43585205078125 1236.041748046875 368.7959899902344 1.600446105003357 0.6116965413093567 0.5831817984580994 3.6432406902313232 1.4589688181877136 3.990150213241577 0.05542771581718409 0.31589043140411377
Pedestrian -1 -1 1.16 378.58551025390625 161.83970642089844 435.12353515625 317.129150390625 1.7094733715057373 0.6286975145339966 0.6408563256263733 -2.0819544792175293 1.44471275806427 7.899168968200684 0.9013244392277855 0.3151748776435852
Pedestrian -1 -1 1.33 691.9143676757812 160.82992553710938 719.7841796875 233.1971893310547 1.7702149152755737 0.6531929969787598 0.8023882508277893 2.7660014629364014 1.2506898939609528 18.533409118652344 1.4768477574942915 0.31030645966529846
Pedestrian -1 -1 1.65 390.3895263671875 163.76522827148438 424.31719970703125 260.6107177734375 1.7105553150177002 0.574349045753479 0.4181723892688751 -3.660236358642578 1.3746103644371033 13.703377723693848 1.3842713798336277 0.30562904477119446
Pedestrian -1 -1 1.74 725.1605224609375 157.23976135253906 748.560302734375 223.07839965820312 1.8702120780944824 0.6573082208633423 0.6368656158447266 3.90893816947937 1.145189329981804 20.53940200805664 1.9273999994510191 0.29812556505203247
Pedestrian -1 -1 1.56 354.9547119140625 168.46022033691406 437.9643859863281 329.9709167480469 1.7340338230133057 0.6358583569526672 0.7165279984474182 -2.2942628860473633 1.5906975269317627 7.995086193084717 1.283241800709038 0.2948014438152313
Pedestrian -1 -1 2.4 894.7527465820312 168.7213897705078 1128.0384521484375 366.70037841796875 1.5770350694656372 0.6154705286026001 0.5567810535430908 2.2906739711761475 1.54026859998703 4.023524761199951 2.916857220047704 0.29248368740081787
Cyclist -1 -1 2.56 817.6795043945312 157.35812377929688 1125.284423828125 363.6925354003906 1.7196589708328247 0.587088942527771 1.5868399143218994 2.354250431060791 1.4836186170578003 4.373482704162598 3.053819086368277 0.28724390268325806
Pedestrian -1 -1 1.8 684.619873046875 162.21688842773438 710.25048828125 230.591796875 1.6865445375442505 0.669150173664093 0.8019382357597351 2.3249101638793945 1.2455743253231049 16.95402717590332 1.9346020256107268 0.27881836891174316
Pedestrian -1 -1 1.37 697.8184204101562 163.05169677734375 724.203369140625 231.55490112304688 1.729729175567627 0.6583496928215027 0.8089935183525085 2.853726625442505 1.2466724514961243 18.573251724243164 1.521496388928906 0.27855128049850464
Cyclist -1 -1 -1.79 726.480224609375 159.49551391601562 758.541259765625 228.8607940673828 1.7631334066390991 0.5906296372413635 1.7742900848388672 3.739469528198242 1.222621887922287 19.523998260498047 -1.6024473231510301 0.2784680426120758
Cyclist -1 -1 3.06 387.14837646484375 162.54574584960938 418.17156982421875 265.3541564941406 1.692225694656372 0.6007543206214905 1.6110776662826538 -3.864471435546875 1.3414455950260162 14.149703025817871 2.79611815089324 0.27799198031425476
Pedestrian -1 -1 -2.47 -0.1489834040403366 192.71539306640625 195.6270023137331 371.23590087890625 1.5421055555343628 0.6141453385353088 0.6030109524726868 -2.5529468059539795 1.6683255434036255 3.197237491607666 3.137639402940314 0.271058589220047
Pedestrian -1 -1 1.74 719.3641357421875 158.57777404785156 742.3023071289062 223.54611206054688 1.7859060764312744 0.6347835659980774 0.7134460210800171 3.641047954559326 1.1376097202301025 20.283388137817383 1.9162271995750153 0.2694988250732422
Pedestrian -1 -1 1.51 730.6670532226562 156.72520446777344 756.2972412109375 224.31459045410156 1.8798304796218872 0.6586408615112305 0.8593643307685852 4.042444705963135 1.1958108842372894 20.617765426635742 1.7061631612943815 0.26672959327697754
Car -1 -1 2.21 32.11027908325195 144.30052185058594 339.1448554992676 376.63189697265625 1.93037748336792 1.6812918186187744 4.0044403076171875 -2.800077438354492 1.7793574333190918 3.0327281951904297 1.4631359890542495 0.2663862705230713
Pedestrian -1 -1 1.18 706.0153198242188 162.6955108642578 733.5540771484375 231.95770263671875 1.7766647338867188 0.6732599139213562 0.7400327324867249 3.1546192169189453 1.2311128079891205 19.116464614868164 1.343874753760284 0.2641237676143646
Pedestrian -1 -1 -1.0 1168.956298828125 126.02950286865234 1237.3057861328125 373.78026580810547 1.7023588418960571 0.5983193516731262 0.65989750623703 3.907912492752075 1.5001906752586365 4.263030052185059 -0.25570764671728563 0.26162654161453247
Pedestrian -1 -1 1.56 712.3038330078125 160.4047393798828 740.090087890625 229.8109130859375 1.7658412456512451 0.6486136317253113 0.671035647392273 3.340829610824585 1.2422854900360107 19.282794952392578 1.732289196857037 0.2570970058441162
Pedestrian -1 -1 1.68 733.44287109375 154.08975219726562 771.2418823242188 239.45230102539062 1.8083151578903198 0.6795555353164673 0.696593701839447 3.8586230278015137 1.2175520658493042 18.58212661743164 1.8873878955806997 0.252113938331604
Pedestrian -1 -1 0.77 371.91961669921875 168.83059692382812 428.1269226074219 330.30572509765625 1.666519045829773 0.6056795716285706 0.6977019309997559 -2.1822705268859863 1.5705890655517578 7.776555061340332 0.4924205568261577 0.251151978969574
Pedestrian -1 -1 -1.21 1180.8101806640625 139.02928161621094 1235.764404296875 362.11346435546875 1.5978584289550781 0.6410771608352661 0.6410871744155884 3.448591947555542 1.3758083581924438 3.6661036014556885 -0.45633135946984016 0.2486656904220581
Pedestrian -1 -1 2.78 28.483613967895508 248.7080841064453 184.64969062805176 365.5704650878906 1.483282208442688 0.603854775428772 0.6151586771011353 -2.4785280227661133 1.6706874370574951 3.5056114196777344 2.1636526784723005 0.24131307005882263
Pedestrian -1 -1 -2.29 780.5066528320312 167.52748107910156 1087.0731201171875 357.2256164550781 1.5999696254730225 0.5089481472969055 0.779260516166687 2.118452310562134 1.4083711504936218 4.707575798034668 -1.8645029524620247 0.24117493629455566
Cyclist -1 -1 -2.43 726.918212890625 163.2441864013672 782.3930053710938 234.59886169433594 1.7803322076797485 0.5844744443893433 1.727216124534607 4.291013717651367 1.2119233310222626 20.48163414001465 -2.226132139783143 0.2401111125946045
Pedestrian -1 -1 1.63 393.8409423828125 165.89100646972656 434.8055114746094 276.2388610839844 1.6540149450302124 0.5581108331680298 0.5340930223464966 -3.069957971572876 1.408214509487152 12.06761360168457 1.3838418166769841 0.23425114154815674
Pedestrian -1 -1 1.77 389.1215515136719 160.56272888183594 433.9650573730469 307.65521240234375 1.7370973825454712 0.6738376021385193 0.6979941725730896 -2.302690267562866 1.5237900018692017 8.716718673706055 1.508148873431967 0.23422256112098694
Pedestrian -1 -1 1.8 634.2440795898438 161.7816925048828 662.6471557617188 233.24061584472656 1.7588366270065308 0.7050871849060059 0.9314764738082886 1.2841006517410278 1.2741827368736267 18.187541961669922 1.8745532733913945 0.23396097123622894
Pedestrian -1 -1 1.48 669.548583984375 161.5101776123047 697.1029663085938 233.6630096435547 1.7151275873184204 0.6277350783348083 0.8362124562263489 1.9122633934020996 1.1971100568771362 16.180559158325195 1.5985882868191572 0.23340646922588348
Cyclist -1 -1 -1.79 736.3653564453125 156.15036010742188 760.3558349609375 225.5318603515625 1.801977276802063 0.5574131011962891 1.7694299221038818 4.302764892578125 1.1520939469337463 21.116397857666016 -1.5872554725002814 0.22886839509010315
Car -1 -1 -2.3 817.6795043945312 157.35812377929688 1125.284423828125 363.6925354003906 1.6016443967819214 1.547136902809143 3.151979684829712 3.2917518615722656 1.6257725358009338 5.311339378356934 -1.7407605702425997 0.2286408692598343
Cyclist -1 -1 2.47 780.5066528320312 167.52748107910156 1087.0731201171875 357.2256164550781 1.7977439165115356 0.6208068132400513 1.5475581884384155 2.3354063034057617 1.5621278882026672 5.049376010894775 2.9081433643738333 0.22562888264656067
Car -1 -1 2.5 -3.749309778213501 190.52456665039062 309.0531499385834 371.770751953125 1.719285011291504 1.7347803115844727 4.309717655181885 -2.953253984451294 1.6436957120895386 2.8089568614959717 1.6848013967334863 0.22299939393997192
Pedestrian -1 -1 -1.23 1150.23046875 142.3785400390625 1240.84130859375 374.98565673828125 1.7047624588012695 0.6380541920661926 0.793330729007721 3.7968780994415283 1.5080342292785645 4.193238258361816 -0.49049952464135993 0.22271941602230072
Pedestrian -1 -1 1.53 625.1773071289062 157.5695343017578 650.7734985351562 234.3691864013672 1.79902982711792 0.6686548590660095 0.961506187915802 0.888133704662323 1.2632919549942017 17.147939682006836 1.579382650005015 0.22204066812992096
Pedestrian -1 -1 1.87 716.7509765625 161.92132568359375 739.5389404296875 224.1266326904297 1.6954787969589233 0.6036744713783264 0.6269561052322388 3.379033327102661 1.1961164474487305 19.667299270629883 2.0370616704951274 0.22200585901737213
Cyclist -1 -1 -1.67 702.9827880859375 161.6153106689453 730.917236328125 229.4962615966797 1.7115271091461182 0.5741838216781616 1.794266700744629 3.2433605194091797 1.209836184978485 19.65042495727539 -1.510104805053432 0.2212679088115692
Cyclist -1 -1 -1.98 444.5713195800781 150.69424438476562 512.1536254882812 326.0949401855469 1.734290599822998 0.5943005681037903 1.7136666774749756 -1.496392846107483 1.4591736793518066 8.06960678100586 -2.162226417391345 0.22032305598258972
Pedestrian -1 -1 3.05 911.946533203125 141.81362915039062 1207.13818359375 372.9081726074219 1.6318780183792114 0.46095651388168335 0.6244021654129028 2.7140729427337646 1.464851438999176 3.973315477371216 -2.6356427623760013 0.21809856593608856
Pedestrian -1 -1 -1.41 1168.9910888671875 173.18710327148438 1231.803955078125 357.66986083984375 1.4721466302871704 0.5764000415802002 0.6953238844871521 4.106851577758789 1.4139962792396545 4.56852388381958 -0.6736655106319769 0.2168886512517929
Pedestrian -1 -1 0.96 -3.4822986125946045 229.53717041015625 253.02096676826477 364.40673828125 1.447502613067627 0.6102851033210754 0.6306084990501404 -2.1917879581451416 1.5975409746170044 3.127342939376831 0.3484618919833893 0.21685855090618134
Car -1 -1 -1.78 741.4563598632812 176.93450927734375 1033.4573974609375 345.0670166015625 1.4170496463775635 1.5152790546417236 3.3060100078582764 3.3254735469818115 1.5535802245140076 8.169200897216797 -1.3940325044660122 0.2165784388780594
Pedestrian -1 -1 1.7 726.480224609375 159.49551391601562 758.541259765625 228.8607940673828 1.8013005256652832 0.6649755835533142 0.7228634357452393 3.8473267555236816 1.2433352768421173 19.981096267700195 1.8946295411634475 0.21585343778133392
Cyclist -1 -1 -1.81 694.5125732421875 163.61636352539062 726.8422241210938 233.36595153808594 1.6888020038604736 0.5872258543968201 1.7599674463272095 3.0242981910705566 1.248103767633438 19.541648864746094 -1.6602816447946847 0.21545055508613586
Pedestrian -1 -1 1.92 633.9273071289062 158.7594451904297 656.3072509765625 230.3756866455078 1.7698527574539185 0.6665992140769958 0.8978519439697266 1.189501404762268 1.22340589761734 18.693145751953125 1.9849316711568008 0.21505068242549896
Pedestrian -1 -1 1.75 710.9692993164062 159.1853790283203 731.2957763671875 224.9089813232422 1.7552382946014404 0.6481890678405762 0.6727656722068787 3.18337082862854 1.2117200791835785 19.32130241394043 1.910769045649566 0.2133309692144394
Pedestrian -1 -1 2.38 195.9662628173828 191.98056030273438 346.8197937011719 356.0085754394531 1.5214298963546753 0.5752878189086914 0.6915790438652039 -1.8401639461517334 1.5041009187698364 3.9136319160461426 1.9433114335838386 0.2133283019065857
Van -1 -1 2.02 21.321069717407227 132.3397979736328 337.8266544342041 367.1114807128906 2.0820751190185547 1.8498677015304565 4.693787097930908 -3.197293996810913 1.5730363726615906 3.8708789348602295 1.3339396129240155 0.21292226016521454
Pedestrian -1 -1 1.22 711.0875854492188 155.98765563964844 736.371337890625 223.90614318847656 1.8442153930664062 0.6712943315505981 0.7800034284591675 3.289268732070923 1.2269175946712494 19.21160888671875 1.3847299257354813 0.2106591910123825
Cyclist -1 -1 2.46 911.8035888671875 129.56674194335938 1211.8363037109375 366.3466491699219 1.6184128522872925 0.5847567915916443 1.6687822341918945 2.7356581687927246 1.359876036643982 3.67909836769104 3.101685954557033 0.20996937155723572
Pedestrian -1 -1 2.1 4.2843918800354 249.82981872558594 154.03864908218384 363.7999572753906 1.546006202697754 0.643008291721344 0.6277790665626526 -2.747152805328369 1.7686222195625305 3.715583324432373 1.4589329031202638 0.209867462515831
Cyclist -1 -1 -1.57 730.6670532226562 156.72520446777344 756.2972412109375 224.31459045410156 1.797639012336731 0.5594004988670349 1.7830359935760498 4.214970588684082 1.164844959974289 21.413572311401367 -1.3758186709618059 0.20974604785442352
Car -1 -1 -2.09 780.5066528320312 167.52748107910156 1087.0731201171875 357.2256164550781 1.505334496498108 1.529363751411438 3.227545738220215 3.4265897274017334 1.567966341972351 6.418084144592285 -1.6026615078250606 0.20963384211063385
Cyclist -1 -1 -2.61 737.6975708007812 158.25534057617188 773.451904296875 227.38665771484375 1.711754560470581 0.589499294757843 1.6537795066833496 4.027070999145508 1.1453176438808441 19.12188720703125 -2.400349741822013 0.20913748443126678
Cyclist -1 -1 2.14 751.9413452148438 170.15777587890625 884.6719970703125 315.6640319824219 1.6679589748382568 0.6372281312942505 1.78801691532135 2.7483463287353516 1.5220816731452942 9.343963623046875 2.429697856252589 0.20866401493549347
Car -1 -1 2.5 1009.809326171875 144.97779846191406 1241.10595703125 366.0552673339844 1.672776460647583 1.6460667848587036 3.9119391441345215 4.168993949890137 1.6060854196548462 3.3036887645721436 -2.8863794187386915 0.20642070472240448
Pedestrian -1 -1 1.51 734.5476684570312 155.5579833984375 760.2023315429688 226.75733947753906 1.8059463500976562 0.6441820859909058 0.5866657495498657 3.853177547454834 1.1633246541023254 18.975881576538086 1.7107307837045722 0.20592108368873596
Cyclist -1 -1 -2.31 738.2308959960938 154.18067932128906 767.5247192382812 223.0409698486328 1.8085638284683228 0.6038925051689148 1.7150593996047974 4.290220737457275 1.1366941183805466 21.150659561157227 -2.113492651182682 0.20534013211727142
Cyclist -1 -1 -1.79 424.8202209472656 152.85287475585938 497.2923278808594 329.1700744628906 1.7394731044769287 0.5935384035110474 1.6922322511672974 -1.6768730878829956 1.4442052841186523 7.898709774017334 -2.0003123626583523 0.20323149859905243
Pedestrian -1 -1 1.87 453.6226501464844 156.30958557128906 497.5533447265625 299.03948974609375 1.756635069847107 0.6365454196929932 0.6386417150497437 -1.5337260961532593 1.4171615839004517 8.891254425048828 1.699455601499019 0.20305733382701874
Pedestrian -1 -1 -2.21 99.7773208618164 176.98374938964844 336.0581741333008 372.9011535644531 1.6085740327835083 0.5899444818496704 0.6789042353630066 -1.9604482650756836 1.6090716123580933 3.5710105895996094 -2.7074737830314994 0.20286816358566284
Pedestrian -1 -1 -2.85 741.4563598632812 176.93450927734375 1033.4573974609375 345.0670166015625 1.6307110786437988 0.5325289368629456 0.7768224477767944 2.0512185096740723 1.477817714214325 5.610021114349365 -2.495054232585611 0.20138126611709595
Cyclist -1 -1 0.95 1147.3653564453125 159.49119567871094 1235.27392578125 371.9021911621094 1.6973410844802856 0.6293951869010925 1.8173208236694336 3.9245035648345947 1.5190209746360779 3.955965995788574 1.7337279834576398 0.19696329534053802
Cyclist -1 -1 1.75 31.518070220947266 153.6005096435547 337.841983795166 373.8111267089844 1.6536411046981812 0.5597665309906006 1.6916049718856812 -2.2694246768951416 1.5238027572631836 3.415639877319336 1.1650816519747238 0.19455401599407196
Cyclist -1 -1 -2.11 705.550537109375 162.6611785888672 739.1546630859375 230.3936004638672 1.7213395833969116 0.5862270593643188 1.8197534084320068 3.463458299636841 1.2460357546806335 20.05001449584961 -1.943900452705118 0.19291041791439056
Cyclist -1 -1 1.22 1008.2680053710938 132.50473022460938 1246.7232666015625 364.4671325683594 1.8549615144729614 0.6184547543525696 1.9136946201324463 3.1300559043884277 1.486098289489746 3.2030527591705322 1.9949073638886938 0.1899084746837616
Pedestrian -1 -1 -2.41 9.629081726074219 176.33412170410156 247.87810516357422 369.48199462890625 1.5856505632400513 0.6104484796524048 0.7010536789894104 -2.311113119125366 1.6180784702301025 3.1959450244903564 -3.035479404409756 0.18987669050693512
Cyclist -1 -1 2.95 735.0568237304688 163.84036254882812 777.3512573242188 237.40963745117188 1.6406309604644775 0.5580053329467773 1.607681155204773 3.751657724380493 1.2132840156555176 17.5167236328125 -3.1258982622369285 0.18958307802677155
Pedestrian -1 -1 -1.14 1107.2188720703125 123.4666748046875 1237.528076171875 357.30389404296875 1.755887508392334 0.6444753408432007 0.8038456439971924 3.5361876487731934 1.4843278527259827 3.972670316696167 -0.41330473341685314 0.18780076503753662
Pedestrian -1 -1 -0.13 -2.3380684852600098 244.1400909423828 215.60924291610718 362.885986328125 1.3885040283203125 0.6399646997451782 0.5626862049102783 -2.386326551437378 1.6069496273994446 3.2420716285705566 -0.7599505316152135 0.1872260719537735
Van -1 -1 0.91 32.13371658325195 99.94782257080078 316.6945381164551 330.0430679321289 2.3375422954559326 1.9722347259521484 4.999266624450684 -4.475207328796387 1.7810718417167664 5.7155375480651855 0.24631982463257351 0.18559902906417847
Pedestrian -1 -1 -0.56 1009.809326171875 144.97779846191406 1241.10595703125 366.0552673339844 1.8842215538024902 0.6227144002914429 0.9208067655563354 2.9560763835906982 1.5585680603981018 3.4431660175323486 0.1488673348964511 0.18527056276798248
Cyclist -1 -1 2.04 741.4563598632812 176.93450927734375 1033.4573974609375 345.0670166015625 1.8318061828613281 0.6136420965194702 1.631890892982483 2.3227670192718506 1.6692753434181213 6.2433247566223145 2.3967434759645476 0.18024300038814545
Pedestrian -1 -1 2.13 423.25921630859375 166.0735321044922 469.5354919433594 302.2157287597656 1.6679608821868896 0.6548227071762085 0.7189558148384094 -1.7440108060836792 1.411519706249237 8.17938232421875 1.923011910239401 0.17922689020633698
Pedestrian -1 -1 -0.61 875.9353637695312 167.5553436279297 1190.216552734375 362.3265380859375 1.6101875305175781 0.4983413517475128 0.9523583054542542 2.4143283367156982 1.461662769317627 3.8653488159179688 -0.05360654075446014 0.1747889220714569
Pedestrian -1 -1 -2.48 877.5768432617188 126.8177490234375 1180.918212890625 381.89739990234375 1.7089653015136719 0.688696563243866 0.8486588001251221 2.5705556869506836 1.3984981179237366 4.15977144241333 -1.9278684109614517 0.17185527086257935
Truck -1 -1 -2.86 875.9302368164062 148.98580932617188 1183.470458984375 374.17498779296875 3.2090368270874023 2.495303153991699 6.8884711265563965 2.8545000553131104 2.073073536157608 4.012600898742676 -2.237051550345317 0.17017047107219696
Pedestrian -1 -1 -2.09 31.518070220947266 153.6005096435547 337.841983795166 373.8111267089844 1.7311266660690308 0.543392539024353 0.8592554926872253 -2.4679319858551025 1.6659274101257324 4.06544828414917 -2.6338959580852848 0.16613207757472992