Car -1 -1 -1.52 520.2828369140625 176.41038513183594 556.981201171875 203.83555603027344 1.4669779539108276 1.6466648578643799 4.145804405212402 -3.697134017944336 1.2622783184051514 40.169944763183594 -1.6134185502415326 0.8478424549102783
Car -1 -1 2.76 917.9217529296875 149.4549560546875 1042.065185546875 191.5164031982422 1.6755633354187012 1.7111167907714844 4.468709945678711 15.381654739379883 0.4110129177570343 29.12782859802246 -3.0391434388282006 0.8062320947647095
Cyclist -1 -1 -1.06 389.59539794921875 175.78651428222656 408.2720031738281 213.4241180419922 1.7347877025604248 0.5507540702819824 1.8038170337677002 -9.119144439697266 1.4628992676734924 31.4987735748291 -1.343892147132956 0.52174973487854
Cyclist -1 -1 -0.72 455.52313232421875 173.7547607421875 475.1577453613281 202.55296325683594 1.7456468343734741 0.5724779367446899 1.8121085166931152 -7.325812816619873 1.2870469093322754 37.56891632080078 -0.9093630903399896 0.3781505227088928
Pedestrian -1 -1 -0.05 389.99139404296875 176.98837280273438 408.48431396484375 214.4463348388672 1.7202811241149902 0.6139150261878967 0.6555490493774414 -9.102290153503418 1.549128770828247 31.51352882385254 -0.32734509415349056 0.36662566661834717
Van -1 -1 2.91 915.7369384765625 150.28660583496094 1039.954833984375 192.54483032226562 1.7871235609054565 1.790541172027588 4.387123107910156 15.83696460723877 0.48864173889160156 30.073434829711914 -2.8866330254556694 0.3572135269641876
Pedestrian -1 -1 0.35 455.3826904296875 172.16053771972656 472.0390625 205.6424560546875 1.7919872999191284 0.6480711102485657 0.8779172301292419 -7.799131870269775 1.3624816238880157 38.800010681152344 0.15209439198669195 0.3481491804122925
Pedestrian -1 -1 1.49 509.1921691894531 172.51454162597656 522.8263549804688 201.83143615722656 1.8060742616653442 0.6422590017318726 0.8839718699455261 -5.1664838790893555 1.258865088224411 41.23760223388672 1.3655506941386149 0.3421791195869446
Cyclist -1 -1 -0.75 454.7833251953125 171.88751220703125 471.8085632324219 204.44810485839844 1.7711979150772095 0.5579850673675537 1.8108230829238892 -7.675084114074707 1.2961758971214294 38.53443145751953 -0.9442355164248459 0.3384225368499756
Car -1 -1 0.19 815.2745361328125 161.2923126220703 868.4100341796875 182.57818603515625 1.4667658805847168 1.6083859205245972 3.9406278133392334 17.670557022094727 0.08762484788894653 52.75598907470703 0.5164641128139715 0.2918716073036194
Cyclist -1 -1 -0.56 459.6487121582031 174.19345092773438 480.76983642578125 202.74082946777344 1.7380326986312866 0.5766427516937256 1.809988260269165 -7.170749664306641 1.269164353609085 37.42206954956055 -0.7540348147141325 0.20498023927211761