Car -1 -1 2.23 297.5802001953125 183.14486694335938 450.4315490722656 241.89402770996094 1.4753319025039673 1.6590806245803833 4.415545463562012 -6.544673442840576 1.77191561460495 20.525959014892578 1.9249110002948102 0.844196617603302
Car -1 -1 2.65 542.9027709960938 174.5751953125 680.6345825195312 219.1791534423828 1.5924136638641357 1.7233836650848389 4.67918062210083 0.0341288186609745 1.6676560640335083 27.41616439819336 2.64747061886991 0.8416553735733032
Car -1 -1 -0.19 797.123046875 162.4985809326172 992.69140625 230.33522033691406 1.753069281578064 1.740401029586792 4.537113666534424 7.2817301750183105 1.5017616152763367 18.61717414855957 0.1861729315777274 0.8249791860580444
Van -1 -1 -0.21 795.0425415039062 160.83802795410156 993.3567504882812 232.2050323486328 1.739412546157837 1.7554926872253418 4.281124114990234 7.172119617462158 1.5045464634895325 18.44440460205078 0.1583133933910421 0.47176703810691833
Car -1 -1 2.56 562.0853271484375 176.2675018310547 683.8373413085938 215.08193969726562 1.5628528594970703 1.721372365951538 4.693687438964844 0.4464631676673889 1.6589768528938293 31.270362854003906 2.5709138068508217 0.32962849736213684
Car -1 -1 2.6 554.691162109375 174.94442749023438 666.0348510742188 210.58676147460938 1.4712109565734863 1.704424500465393 4.531133651733398 0.08980435878038406 1.6012758016586304 32.77215576171875 2.604014196989951 0.2325148731470108
Car -1 -1 2.5 569.3265991210938 175.1729736328125 666.391357421875 204.8474578857422 1.5550612211227417 1.7111026048660278 4.611571788787842 0.3786141276359558 1.6595464944839478 35.439815521240234 2.512327276887236 0.22079138457775116
Car -1 -1 0.68 583.8764038085938 176.64419555664062 679.6796875 207.2181854248047 1.5497511625289917 1.6401995420455933 4.4747209548950195 1.17398202419281 1.7493569254875183 36.01996612548828 0.7126634071213633 0.21699419617652893
Car -1 -1 -0.05 814.2994384765625 159.73239135742188 981.5391235351562 221.1775665283203 1.685194969177246 1.6816331148147583 4.381741046905518 7.446006774902344 1.3531575798988342 19.077869415283203 0.3243225498143274 0.20832394063472748
Car -1 -1 -2.53 596.7288208007812 174.4111785888672 648.39111328125 201.53018188476562 1.4113483428955078 1.4979877471923828 4.041559219360352 0.6835883855819702 1.6995594501495361 41.74067687988281 -2.5108812103150564 0.2004198431968689
Van -1 -1 3.01 544.9370727539062 175.28384399414062 678.6925659179688 218.9025115966797 1.9913312196731567 1.7944623231887817 4.9183173179626465 0.12231116741895676 1.9545825123786926 29.314868927001953 3.010085683434303 0.1995120793581009
Van -1 -1 -0.12 803.8621215820312 160.38954162597656 974.2981567382812 218.44503784179688 1.7614920139312744 1.8398531675338745 3.9864084720611572 7.695269584655762 1.3772332966327667 19.633615493774414 0.25324674667490754 0.18398739397525787
Car -1 -1 -2.56 1217.8548583984375 153.87632751464844 1243.7271728515625 385.9285888671875 1.626741647720337 1.6100385189056396 3.912525177001953 2.845637798309326 1.4951346516609192 1.355267882347107 -1.4381015781917625 0.18089452385902405
Car -1 -1 2.74 807.7981567382812 165.0017547607422 922.4268188476562 205.52317810058594 1.4893397092819214 1.6041293144226074 4.445581912994385 11.946609497070312 1.4345225095748901 33.23128128051758 3.082401331311922 0.1802733838558197
Car -1 -1 -2.38 1222.248046875 132.5042724609375 1241.6846923828125 378.5180358886719 1.6572221517562866 1.6484706401824951 3.9856491088867188 3.5844602584838867 1.5895408987998962 1.7761863470077515 -1.2653409805213194 0.17892394959926605
Car -1 -1 -2.72 1149.8538818359375 193.50018310546875 1235.0623779296875 386.3036193847656 1.5416373014450073 1.616307258605957 4.071835994720459 2.48507022857666 1.4523884057998657 1.1119368076324463 -1.5662178540404144 0.17849747836589813
Car -1 -1 -2.8 1173.7830810546875 171.5297393798828 1235.9000244140625 384.166748046875 1.5871330499649048 1.6914702653884888 4.209088325500488 2.6185317039489746 1.4203101992607117 1.1829081773757935 -1.6536978010318943 0.17533648014068604
Car -1 -1 -2.22 1191.9339599609375 193.90467834472656 1238.819091796875 339.9419860839844 1.7311270236968994 1.6339987516403198 3.917759418487549 2.904135227203369 1.4935713410377502 1.9869745969772339 -1.246206719219611 0.17336489260196686
Car -1 -1 -2.05 1196.1590576171875 179.4006805419922 1241.568115234375 328.7126159667969 1.7390614748001099 1.6128519773483276 3.876408576965332 3.306497573852539 1.5026999711990356 2.3545162677764893 -1.0974187019322557 0.15366628766059875
Car -1 -1 2.06 839.4201049804688 167.70912170410156 895.6559448242188 198.76568603515625 1.5494524240493774 1.645544409751892 4.354048728942871 14.604896545410156 1.4091025590896606 40.74900436401367 2.4004228341112093 0.153208926320076
Car -1 -1 2.68 799.8455810546875 165.69261169433594 934.5244750976562 217.19871520996094 1.4256118535995483 1.6377886533737183 4.544244766235352 11.713847160339355 1.3447409868240356 32.93174362182617 3.0195845100530363 0.15059703588485718
Car -1 -1 -2.66 1214.5477294921875 179.55239868164062 1239.9295654296875 373.6272277832031 1.5534926652908325 1.618195652961731 3.8521387577056885 2.694563388824463 1.384014904499054 1.3907040357589722 -1.569613050974466 0.1499672383069992
Car -1 -1 -2.64 1202.4039306640625 191.5257568359375 1239.2349853515625 364.5038757324219 1.5243064165115356 1.606743574142456 3.8905446529388428 2.0087859630584717 1.231584221124649 1.1140944957733154 -1.5780941335532246 0.13555501401424408
Car -1 -1 -2.74 1195.2314453125 170.56063842773438 1242.9700927734375 381.2264099121094 1.6632858514785767 1.709047794342041 4.088205337524414 2.2081236839294434 1.3068810105323792 1.0642169713974 -1.6185634533344073 0.12608195841312408
Car -1 -1 2.81 812.3453979492188 164.37738037109375 955.3820190429688 214.0830535888672 1.5100387334823608 1.6129471063613892 4.375095844268799 12.443633079528809 1.3978108763694763 33.564117431640625 -3.114321867675356 0.09484192728996277