Car -1 -1 -1.76 710.2341918945312 178.65162658691406 839.7218017578125 269.4210205078125 1.5426455736160278 1.6235712766647339 3.694613218307495 2.984858751296997 1.6735336184501648 13.886954307556152 -1.5448876589667053 0.8771225214004517
Car -1 -1 -1.69 631.5970458984375 169.47320556640625 675.0029907226562 208.55819702148438 1.8655810356140137 1.709742546081543 4.155976295471191 2.073061466217041 1.7543349266052246 36.50809097290039 -1.6356470568656274 0.8147109150886536
Car -1 -1 -1.29 551.3240356445312 179.59268188476562 575.1931762695312 199.22242736816406 1.5316957235336304 1.664674997329712 3.935577630996704 -3.7163748741149902 2.0959296822547913 58.23169708251953 -1.3564708353403887 0.7275242805480957
Van -1 -1 1.87 105.5821304321289 61.10585403442383 491.0850601196289 377.4235725402832 2.531376600265503 2.135673999786377 6.642217636108398 -2.9704859256744385 1.6533987522125244 8.847352981567383 1.541424241533317 0.6769676804542542
Truck -1 -1 1.82 109.54907989501953 48.09446716308594 491.2645034790039 376.16734313964844 3.162965774536133 2.3328020572662354 7.204282283782959 -3.3505046367645264 1.7926473915576935 10.389486312866211 1.5032424545668297 0.6527592539787292
Van -1 -1 0.03 628.705810546875 168.97100830078125 672.986083984375 209.137451171875 2.0922553539276123 1.8698362112045288 4.807219982147217 2.253887891769409 1.9031839966773987 40.212005615234375 0.08925517625726531 0.5803635120391846
Car -1 -1 0.07 627.6944580078125 170.751953125 665.6548461914062 206.36297607421875 1.8789438009262085 1.6569072008132935 4.3018622398376465 1.9793827533721924 1.765824019908905 37.64307403564453 0.1264594272418207 0.330230712890625
Car -1 -1 2.21 85.66771697998047 71.4712142944336 486.70088958740234 368.5372543334961 1.7839469909667969 1.7452044486999512 4.400559902191162 -2.6274008750915527 1.3841539025306702 7.529488563537598 1.8717981948700455 0.292540043592453
Car -1 -1 -1.25 100.35964965820312 140.25555419921875 455.65032958984375 382.6283264160156 1.7348543405532837 1.724053144454956 4.230349063873291 -2.9907472133636475 1.6021251678466797 7.532257556915283 -1.6249458703519233 0.2898530066013336
Van -1 -1 2.14 91.1082992553711 46.95748519897461 565.3384323120117 339.15908432006836 2.647369623184204 2.4639194011688232 6.392066478729248 -3.2756757736206055 1.7930561900138855 8.555809020996094 1.7717304410457686 0.23798196017742157
Van -1 -1 1.87 180.7580108642578 72.54261016845703 476.80128479003906 321.4218215942383 2.425877809524536 2.0324459075927734 6.758281230926514 -3.2997124195098877 1.651767075061798 10.211064338684082 1.5591575010429848 0.23302972316741943
Van -1 -1 2.22 85.52579498291016 78.25996398925781 442.18177032470703 354.3395538330078 2.457918643951416 1.8859937191009521 5.837386608123779 -3.154939651489258 1.6279070377349854 8.52982234954834 1.866752590811939 0.22331532835960388
Car -1 -1 1.85 346.3547668457031 181.73458862304688 411.8166198730469 216.2611541748047 1.459587812423706 1.701149582862854 4.812677383422852 -13.594758987426758 1.8183624744415283 43.148746490478516 1.5440348775428818 0.21357783675193787
Car -1 -1 1.89 239.3202362060547 106.48694610595703 470.684814453125 311.8465042114258 1.941083312034607 1.9291657209396362 4.7139787673950195 -4.462804317474365 1.6766467690467834 15.100384712219238 1.599712086496579 0.20977459847927094
Truck -1 -1 1.9 151.2832489013672 64.58856964111328 485.1594696044922 314.27335357666016 2.944516658782959 2.3904869556427 6.469464302062988 -4.891852855682373 1.556133233010769 12.684391975402832 1.5310775664611835 0.20853255689144135
Car -1 -1 1.83 387.604736328125 182.9604949951172 450.3616943359375 218.5276336669922 1.448678731918335 1.679280400276184 4.732659816741943 -10.458874702453613 2.0264021158218384 39.380348205566406 1.568690565428188 0.19994519650936127
Car -1 -1 1.98 341.7765808105469 186.96572875976562 409.7132263183594 221.09059143066406 1.4519890546798706 1.6736278533935547 4.590104103088379 -13.72437858581543 2.2013705372810364 42.048091888427734 1.6605644876113388 0.19878509640693665
Cyclist -1 -1 1.74 183.68934631347656 119.2863540649414 463.87257385253906 363.0780715942383 2.0350775718688965 0.6051284670829773 1.8422614336013794 -2.620748281478882 1.6053871512413025 7.301947593688965 1.3923329807509903 0.19620947539806366
Car -1 -1 1.84 376.1258239746094 183.6456756591797 444.5521240234375 220.2563934326172 1.4123092889785767 1.6532577276229858 4.608341693878174 -10.728656768798828 2.0482203364372253 39.093482971191406 1.5683116907202077 0.1935129165649414
Car -1 -1 1.86 294.1902770996094 123.39144134521484 474.1226501464844 293.3083724975586 1.8167442083358765 1.8860771656036377 4.655741214752197 -4.670707702636719 1.6735659837722778 16.736967086791992 1.5857303268944865 0.17614038288593292
Car -1 -1 1.94 319.35699462890625 172.6234588623047 458.4204406738281 238.35659790039062 1.4083726406097412 1.5482043027877808 4.13480806350708 -7.318562984466553 1.6830304265022278 23.981884002685547 1.640146493070823 0.17525126039981842
Cyclist -1 -1 1.66 205.41110229492188 94.81652069091797 468.9183349609375 329.4183578491211 2.213500499725342 0.6318747401237488 1.8282866477966309 -2.8331286907196045 1.5908296406269073 8.502434730529785 1.3399334698993952 0.17467759549617767
Car -1 -1 1.71 371.7907409667969 188.90426635742188 434.3681945800781 230.8850555419922 1.266849160194397 1.5977818965911865 3.9461231231689453 -7.607309818267822 1.9180358052253723 27.952613830566406 1.44400049090462 0.16954076290130615
Car -1 -1 1.93 367.1382141113281 184.8880157470703 435.65576171875 221.58316040039062 1.3945494890213013 1.6359840631484985 4.455211162567139 -11.150126457214355 2.0672958493232727 38.7480354309082 1.650845824231376 0.15652407705783844
Car -1 -1 1.86 351.0289611816406 185.340576171875 414.7690124511719 219.898193359375 1.3402886390686035 1.6643139123916626 4.585454940795898 -12.244219779968262 1.9580408334732056 39.404693603515625 1.554451311328477 0.14438718557357788
Car -1 -1 1.93 361.68719482421875 189.57931518554688 425.6931457519531 223.18008422851562 1.296697974205017 1.6076194047927856 4.181471347808838 -11.082147598266602 2.203670561313629 36.806549072265625 1.6372564560417882 0.14328375458717346
Car -1 -1 2.05 314.7989196777344 185.67823791503906 382.4365234375 221.160888671875 1.385130524635315 1.5971791744232178 4.433164596557617 -15.375019073486328 2.2264034152030945 42.638648986816406 1.7039396060706045 0.1292710155248642
Car -1 -1 2.15 298.8048400878906 185.82296752929688 349.6971435546875 217.88482666015625 1.4646217823028564 1.6053528785705566 4.085031032562256 -16.495176315307617 2.35132896900177 42.51419448852539 1.7815062646598472 0.1278209537267685
Car -1 -1 2.07 288.0703430175781 183.73291015625 353.89691162109375 220.8710479736328 1.4612457752227783 1.594152569770813 4.2405314445495605 -16.62277603149414 2.214667320251465 42.042781829833984 1.6981174824161975 0.1272447556257248
Car -1 -1 2.1 327.579345703125 187.177001953125 393.860595703125 220.3245086669922 1.3757505416870117 1.5816417932510376 4.473429203033447 -14.81861686706543 2.217436194419861 42.453731536865234 1.7610827739701547 0.11937659233808517
Car -1 -1 1.86 302.9581298828125 162.27581787109375 348.14251708984375 189.3090362548828 1.4946783781051636 1.582160234451294 4.184511661529541 -19.328205108642578 0.7989639043807983 49.238582611083984 1.4849625959156247 0.11822135746479034
Car -1 -1 1.98 302.2945251464844 168.29322814941406 360.3845520019531 199.28842163085938 1.5975908041000366 1.585898518562317 4.188480377197266 -16.484010696411133 1.3508467078208923 43.02145004272461 1.6141719921657822 0.11240842938423157
Car -1 -1 1.79 292.6357421875 176.30105590820312 352.3267517089844 211.5633087158203 1.4248721599578857 1.5825914144515991 4.28286075592041 -15.837873458862305 1.8281936645507812 39.96604537963867 1.4135245259131501 0.10552625358104706
Car -1 -1 1.9 295.71759033203125 173.5789337158203 355.8703918457031 205.82354736328125 1.5070950984954834 1.5722976922988892 4.212573051452637 -16.66485595703125 1.5912837982177734 42.72036361694336 1.527734500461703 0.10209428519010544