Pedestrian -1 -1 2.12 503.0852966308594 160.08001708984375 537.2164916992188 260.6252746582031 1.7857893705368042 0.6479822397232056 0.8356889486312866 -1.4513936042785645 1.3812466263771057 13.389079093933105 2.0099935526998225 0.7938818335533142
Pedestrian -1 -1 1.39 584.9275512695312 162.70498657226562 614.6040649414062 237.42494201660156 1.740456461906433 0.632426381111145 0.9751726388931274 -0.034979090094566345 1.3029333651065826 17.83960723876953 1.390140138193777 0.7832784652709961
Pedestrian -1 -1 2.29 1031.0927734375 110.38541412353516 1130.516845703125 340.95984649658203 1.937841534614563 0.6444180607795715 0.8176145553588867 4.3713459968566895 1.3353976905345917 6.601932525634766 2.8771669259659864 0.7830624580383301
Pedestrian -1 -1 1.8 473.8051452636719 163.90672302246094 507.6289367675781 259.353759765625 1.7178329229354858 0.6334435343742371 0.5908010005950928 -1.994861125946045 1.3699641227722168 12.849316596984863 1.6468396456639711 0.7809200882911682
Pedestrian -1 -1 1.75 949.5118408203125 128.36195373535156 1059.393798828125 374.15777587890625 1.8194396495819092 0.6372009515762329 0.8129488229751587 2.8405444622039795 1.4711381196975708 5.114570140838623 2.261944876135985 0.757906973361969
Pedestrian -1 -1 1.25 641.1705932617188 161.72341918945312 668.8712158203125 232.15818786621094 1.7676440477371216 0.660467267036438 0.8719456791877747 1.3571888208389282 1.2488663494586945 18.137020111083984 1.3251053860634805 0.7576152682304382
Pedestrian -1 -1 1.27 636.9318237304688 163.00254821777344 664.6257934570312 230.0429229736328 1.7656625509262085 0.6651058793067932 0.7842181324958801 1.2898330688476562 1.233185589313507 18.414491653442383 1.3402201159721976 0.7359657287597656
Pedestrian -1 -1 -0.7 132.61756896972656 215.45220947265625 282.2676086425781 365.2901306152344 1.4137886762619019 0.6135735511779785 0.41036978363990784 -2.4653236865997314 1.6511836647987366 4.53380012512207 -1.1937406051416026 0.730781078338623
Pedestrian -1 -1 1.64 945.8868408203125 141.80018615722656 1034.7308349609375 363.6443176269531 1.695680022239685 0.6411846876144409 0.6193922162055969 2.9470033645629883 1.4876272082328796 5.432021141052246 2.1330335831998433 0.7045531272888184
Car -1 -1 1.62 552.92578125 170.19093322753906 582.3286743164062 195.0723876953125 1.5325039625167847 1.6708765029907227 4.1397528648376465 -2.1715121269226074 0.8073014840483665 48.2719841003418 1.571412485744208 0.6987282037734985
Pedestrian -1 -1 -0.47 15.979568481445312 187.8566131591797 237.68080139160156 370.6634216308594 1.6156164407730103 0.6609107851982117 0.5894457697868347 -2.156893014907837 1.6300994753837585 3.397610902786255 -1.0369907083249537 0.6131894588470459
Cyclist -1 -1 -1.56 580.4627685546875 159.45748901367188 613.1759033203125 236.4325714111328 1.762243390083313 0.539782702922821 1.8116384744644165 -0.07985105365514755 1.273428201675415 18.07176971435547 -1.561040745530959 0.5633357763290405
Pedestrian -1 -1 -0.13 101.50703430175781 207.97540283203125 302.2171936035156 367.35894775390625 1.5683351755142212 0.6399633884429932 0.5753753781318665 -2.299016237258911 1.6525768637657166 4.158024787902832 -0.6326412488119395 0.559869110584259
Pedestrian -1 -1 0.92 673.836181640625 164.70687866210938 697.6529541015625 224.79052734375 1.7143163681030273 0.6599534153938293 0.7553435564041138 2.368182420730591 1.1618937253952026 20.07213592529297 1.0420885431200801 0.5446196794509888
Cyclist -1 -1 1.26 742.0062866210938 171.48617553710938 902.236572265625 361.4886779785156 1.6983928680419922 0.6066430807113647 1.7519805431365967 2.0148963928222656 1.553302526473999 6.555970191955566 1.5571899867402044 0.5394068956375122
Pedestrian -1 -1 1.6 358.0188293457031 203.55137634277344 427.17333984375 317.5086975097656 1.3903048038482666 0.475237637758255 0.49233123660087585 -2.38136887550354 1.5540573000907898 8.417181015014648 1.3230679027098358 0.5366107225418091
Pedestrian -1 -1 -0.22 5.981812000274658 178.9923553466797 195.58163499832153 373.41796875 1.594591736793518 0.5905647873878479 0.742804765701294 -2.1267647743225098 1.5807470083236694 3.1674928665161133 -0.8106652305187918 0.5321464538574219
Pedestrian -1 -1 1.81 492.1476745605469 158.69192504882812 526.0144653320312 261.28485107421875 1.687753438949585 0.6091012358665466 0.5855655074119568 -1.5989820957183838 1.3608582615852356 12.835003852844238 1.6896879817013337 0.5160107612609863
Cyclist -1 -1 1.6 742.1636352539062 177.86073303222656 946.4347534179688 373.65673828125 1.5551416873931885 0.5790808796882629 1.6658724546432495 1.991098403930664 1.522071897983551 5.8940229415893555 1.9226739619113822 0.5158920288085938
Pedestrian -1 -1 2.5 1011.6827392578125 129.84756469726562 1114.286865234375 356.4450378417969 1.7576600313186646 0.6396077275276184 0.7847626805305481 3.786590814590454 1.3783897757530212 5.891016006469727 3.0759814011974633 0.5135390162467957
Pedestrian -1 -1 2.22 988.8721923828125 111.70123291015625 1092.90673828125 365.63360595703125 1.866621494293213 0.6523690223693848 0.8886842131614685 3.397491931915283 1.4070492684841156 5.443418025970459 2.78039233482599 0.4927193820476532
Pedestrian -1 -1 -0.26 43.32491683959961 198.8870391845703 261.3536033630371 369.7220153808594 1.551293969154358 0.6316491961479187 0.5520880818367004 -2.1459944248199463 1.612605333328247 3.6022262573242188 -0.8003354535500629 0.4910953938961029
Pedestrian -1 -1 -0.22 18.166547775268555 195.38772583007812 301.89454460144043 360.6790466308594 1.5664178133010864 0.6342104077339172 0.5571461319923401 -1.9981021881103516 1.6185198426246643 3.3143017292022705 -0.7645161447188071 0.46856728196144104
Pedestrian -1 -1 2.13 478.1774597167969 160.94874572753906 514.5521240234375 260.4013671875 1.7018609046936035 0.6132708191871643 0.8156659007072449 -1.8479076623916626 1.3710115551948547 13.278749465942383 1.9966937035339418 0.46213245391845703
Pedestrian -1 -1 2.33 367.78375244140625 202.3207244873047 420.62158203125 320.66973876953125 1.492897391319275 0.5413579940795898 0.5250006318092346 -2.464515447616577 1.5786314606666565 8.516106605529785 2.0464426214363325 0.45874813199043274
Cyclist -1 -1 -1.58 694.0152587890625 160.5292205810547 732.7122802734375 251.58518981933594 1.777714729309082 0.55268394947052 1.68773353099823 2.1759746074676514 1.3538902401924133 14.150886535644531 -1.42339564870524 0.4458922743797302
Cyclist -1 -1 1.93 41.508331298828125 200.20228576660156 319.0650939941406 359.9073791503906 1.6029213666915894 0.5767304301261902 1.5543246269226074 -2.040665864944458 1.7013123035430908 3.5200929641723633 1.4008921082483594 0.4328486919403076
Pedestrian -1 -1 1.87 701.2172241210938 158.1814422607422 728.286865234375 230.27752685546875 1.8272850513458252 0.6567122936248779 0.5216084718704224 3.0458858013153076 1.1526332199573517 19.13154411315918 2.0233071239533302 0.4326171875
Cyclist -1 -1 -2.36 698.2242431640625 157.12481689453125 735.1110229492188 237.61451721191406 1.7678169012069702 0.5894603729248047 1.6620784997940063 2.8270962238311768 1.173517793416977 18.066089630126953 -2.208695667946298 0.42065590620040894
Pedestrian -1 -1 1.64 694.0152587890625 160.5292205810547 732.7122802734375 251.58518981933594 1.7695401906967163 0.7201594114303589 0.6481180787086487 2.30538010597229 1.3328738808631897 14.566280364990234 1.7979726447357667 0.39942383766174316
Pedestrian -1 -1 1.78 634.3552856445312 164.42189025878906 660.7771606445312 227.59072875976562 1.7665295600891113 0.7053824067115784 0.8745545148849487 1.248113989830017 1.248940259218216 18.657588958740234 1.8498184116642005 0.39618173241615295
Pedestrian -1 -1 -0.77 75.26275634765625 207.3117218017578 233.23777770996094 372.22869873046875 1.538529872894287 0.6452797651290894 0.4845487177371979 -2.458752393722534 1.6338152885437012 3.9365532398223877 -1.3328942138236632 0.38402658700942993
Pedestrian -1 -1 1.79 698.0035400390625 158.59107971191406 731.0238647460938 237.98284912109375 1.80409836769104 0.6664071679115295 0.5607138276100159 3.076295852661133 1.222984105348587 19.09552764892578 1.9505392350317896 0.3651612102985382
Pedestrian -1 -1 2.06 589.1377563476562 163.1024169921875 617.7913208007812 231.35452270507812 1.732846736907959 0.7043977379798889 0.9981359839439392 0.07338467240333557 1.3117710947990417 18.360904693603516 2.0682296081388847 0.35795149207115173
Pedestrian -1 -1 1.47 684.8853759765625 161.62535095214844 708.42333984375 224.7507781982422 1.760352611541748 0.6489390730857849 0.6881331205368042 2.7049150466918945 1.1880724728107452 20.527286529541016 1.5984404024695378 0.3512324392795563
Cyclist -1 -1 -1.59 640.8115844726562 163.39830017089844 667.3675537109375 230.6005401611328 1.7447248697280884 0.5445426106452942 1.7675408124923706 1.3501876592636108 1.2455147504806519 19.173185348510742 -1.5220690190717576 0.34979674220085144
Pedestrian -1 -1 0.64 59.428043365478516 202.19793701171875 327.9612159729004 364.91473388671875 1.5261563062667847 0.6257042288780212 0.5618959069252014 -2.0744330883026123 1.5985390543937683 3.635237693786621 0.11745351866885878 0.34950554370880127
Pedestrian -1 -1 2.19 484.4765319824219 157.4199981689453 517.0587768554688 262.1871337890625 1.7132192850112915 0.6277395486831665 0.6538098454475403 -1.8576346635818481 1.3295480012893677 13.09399700164795 2.0529923783818687 0.3418826758861542
Pedestrian -1 -1 2.48 496.5424499511719 160.29229736328125 532.6806640625 259.5260009765625 1.7243880033493042 0.5913102030754089 0.8347181081771851 -1.5587390661239624 1.3378934264183044 13.131413459777832 2.366603581204277 0.3417963683605194
Pedestrian -1 -1 1.88 990.8634033203125 117.05397033691406 1118.9564208984375 353.2383117675781 1.7941651344299316 0.6870545148849487 0.8139102458953857 3.5518264770507812 1.3958592414855957 5.761012554168701 2.435674831123258 0.3411625325679779
Pedestrian -1 -1 1.33 616.9986572265625 164.72840881347656 635.520263671875 214.15394592285156 1.7708044052124023 0.697458028793335 0.6886086463928223 0.6689834594726562 1.2216872572898865 24.916484832763672 1.3524311029387075 0.33943894505500793
Pedestrian -1 -1 2.74 971.0189819335938 125.77545928955078 1083.3341064453125 363.45926666259766 1.7841269969940186 0.6973235011100769 0.8410927057266235 3.007322311401367 1.3928861021995544 5.14678955078125 -3.011085653491021 0.33885738253593445
Cyclist -1 -1 -2.37 683.81298828125 160.06845092773438 718.1085205078125 226.2790985107422 1.7338016033172607 0.5787907242774963 1.7420765161514282 3.0125346183776855 1.1823470294475555 21.761363983154297 -2.231619813439167 0.3342216908931732
Pedestrian -1 -1 0.03 111.525634765625 207.94390869140625 235.33290100097656 367.444091796875 1.4365750551223755 0.5579533576965332 0.5649508833885193 -2.749376058578491 1.6532469987869263 4.588789463043213 -0.5063637832673038 0.33379751443862915
Pedestrian -1 -1 2.26 948.3695678710938 119.84373474121094 1151.2635498046875 370.21673583984375 1.8227717876434326 0.5755110383033752 0.7017512917518616 3.379455804824829 1.4987589120864868 5.789844989776611 2.789274498224594 0.331798791885376
Pedestrian -1 -1 1.22 676.0151977539062 163.95545959472656 702.4495849609375 225.41387939453125 1.7463711500167847 0.6406340599060059 0.7576836347579956 2.4840402603149414 1.1814945340156555 20.288312911987305 1.3440644425867951 0.32799094915390015
Cyclist -1 -1 2.01 349.6491394042969 206.18055725097656 433.426513671875 313.9500732421875 1.4750109910964966 0.5620707273483276 1.6397552490234375 -2.5748608112335205 1.6289817094802856 8.708054542541504 1.7196721622227686 0.31997761130332947
Pedestrian -1 -1 1.43 688.42724609375 159.67489624023438 744.0986938476562 264.0904235839844 1.7606481313705444 0.6549291610717773 0.6499160528182983 1.9830819368362427 1.397645652294159 12.615194320678711 1.5906030076615583 0.31946438550949097
Pedestrian -1 -1 2.23 613.5081176757812 164.19447326660156 633.0244750976562 217.4224090576172 1.826106309890747 0.6905632019042969 0.7424127459526062 0.9089047312736511 1.2704128921031952 23.920053482055664 2.2649962205785705 0.31582653522491455
Pedestrian -1 -1 0.48 -1.598193645477295 185.8064422607422 158.2075161933899 370.8621826171875 1.5955300331115723 0.6306706070899963 0.7688581347465515 -2.352155923843384 1.6272492408752441 3.214625597000122 -0.15508345930023948 0.31054049730300903
Cyclist -1 -1 1.98 21.56271743774414 197.4942169189453 248.83554458618164 373.8628845214844 1.5793325901031494 0.5511680841445923 1.5484603643417358 -2.195803165435791 1.6408137679100037 3.268923044204712 1.3861543350230878 0.3088628947734833
Cyclist -1 -1 -1.87 691.9266357421875 156.42068481445312 726.5015258789062 229.7762451171875 1.7845269441604614 0.5980669260025024 1.7498891353607178 3.065916061401367 1.1555683314800262 21.557565689086914 -1.7252941384526777 0.30877283215522766
Pedestrian -1 -1 1.84 1036.753173828125 106.28433227539062 1152.2952880859375 355.4070129394531 1.908645510673523 0.6802006363868713 0.8261979818344116 4.214990139007568 1.456976056098938 6.305947303771973 2.430521013645083 0.3050589859485626
Cyclist -1 -1 -1.58 1028.3179931640625 123.95585632324219 1132.790283203125 337.7288513183594 1.8152821063995361 0.5846410393714905 1.76860773563385 4.724155426025391 1.3556158542633057 7.209682941436768 -0.9966589237263808 0.30246126651763916
Pedestrian -1 -1 -0.19 90.28679656982422 205.20851135253906 214.89682006835938 365.6579895019531 1.491588830947876 0.6320544481277466 0.5275642275810242 -2.5310909748077393 1.5849103331565857 4.067175388336182 -0.7424847887948944 0.2992159426212311
Pedestrian -1 -1 1.66 936.8909912109375 121.20496368408203 1113.47705078125 362.0391311645508 1.7980040311813354 0.567570686340332 0.710060179233551 3.4484293460845947 1.4695557951927185 5.618093490600586 2.212888331272266 0.2974342405796051
Pedestrian -1 -1 1.69 468.6593933105469 164.7167510986328 499.7385559082031 252.78245544433594 1.6082220077514648 0.5777910351753235 0.6143828630447388 -2.0558488368988037 1.3035750091075897 13.252866744995117 1.539682582061391 0.29631829261779785
Pedestrian -1 -1 -1.3 98.61540985107422 218.92568969726562 253.5423812866211 363.1376647949219 1.464400053024292 0.6290351152420044 0.4688281714916229 -2.5980911254882812 1.678773581981659 4.4213786125183105 -1.8352129309498917 0.295773446559906
Pedestrian -1 -1 1.25 910.5751342773438 136.32028198242188 1092.9344482421875 356.412109375 1.7708773612976074 0.5845339298248291 0.7231149077415466 3.0605993270874023 1.458436131477356 5.256410598754883 1.7750403858377295 0.2937301695346832
Cyclist -1 -1 -2.55 948.3695678710938 119.84373474121094 1151.2635498046875 370.21673583984375 1.8187140226364136 0.6409337520599365 1.789502739906311 3.4328360557556152 1.4989166259765625 5.975329399108887 -2.027199855616975 0.28743478655815125
Pedestrian -1 -1 1.54 683.2176513671875 160.5570831298828 714.3846435546875 223.78768920898438 1.7733922004699707 0.6456385254859924 0.817585289478302 2.7592761516571045 1.1835969686508179 20.43619728088379 1.6760817016832705 0.282422810792923
Pedestrian -1 -1 1.55 644.6109619140625 163.9883270263672 673.8062744140625 229.60012817382812 1.6929048299789429 0.6346873641014099 0.8878322839736938 1.486486554145813 1.2113107740879059 18.128934860229492 1.6294119404572198 0.28158342838287354
Pedestrian -1 -1 1.78 632.3372192382812 163.11737060546875 656.3300170898438 224.4236297607422 1.7389448881149292 0.6873469948768616 0.8357431888580322 1.1904898881912231 1.1880473792552948 19.866304397583008 1.8377269622385084 0.27561938762664795
Cyclist -1 -1 1.47 778.6301879882812 171.66067504882812 934.3695678710938 359.48504638671875 1.6631662845611572 0.6096153855323792 1.72323739528656 2.241349935531616 1.5235275030136108 6.432339668273926 1.8086302579146292 0.2755817770957947
Pedestrian -1 -1 1.76 626.1533203125 165.35670471191406 646.8718872070312 220.01539611816406 1.7077962160110474 0.6830745935440063 0.769756019115448 1.0423169136047363 1.214158296585083 24.627431869506836 1.801885719832299 0.27553439140319824
Cyclist -1 -1 -0.88 688.0347900390625 160.74107360839844 742.9136352539062 263.9564208984375 1.6967087984085083 0.5952500700950623 1.7324672937393188 1.907129168510437 1.3818551898002625 12.387802124023438 -0.7235439824488945 0.27327078580856323
Pedestrian -1 -1 -2.0 240.09751892089844 217.0430145263672 372.39422607421875 359.2039489746094 1.4669080972671509 0.5559278726577759 0.5856549739837646 -2.675489664077759 1.8816595673561096 6.728418827056885 -2.3825520440740755 0.2728908061981201
Pedestrian -1 -1 1.29 846.7789306640625 139.18795776367188 1071.29736328125 362.81842041015625 1.5666381120681763 0.5595049262046814 0.76689612865448 2.779702663421631 1.3320187330245972 5.14680814743042 1.787486627469435 0.26736006140708923
Pedestrian -1 -1 1.65 629.7839965820312 165.6563720703125 651.4819946289062 222.9179229736328 1.7193104028701782 0.6864749193191528 0.8912221789360046 1.1042908430099487 1.2180117964744568 19.583702087402344 1.7080343137338865 0.2649396061897278
Pedestrian -1 -1 0.54 -1.4683454036712646 156.39952087402344 132.5709764957428 369.76177978515625 1.6795001029968262 0.6224725246429443 0.7874252796173096 -2.390317678451538 1.5793756246566772 3.0792689323425293 -0.12116815107692247 0.2606219947338104
Pedestrian -1 -1 1.66 472.7164611816406 162.0887451171875 497.77252197265625 247.2313232421875 1.6681567430496216 0.6068128943443298 0.6244708299636841 -2.0578572750091553 1.3046150505542755 13.555521965026855 1.5125905510585014 0.25618499517440796
Pedestrian -1 -1 1.36 687.6507568359375 163.62342834472656 713.70458984375 232.25128173828125 1.6978651285171509 0.5958574414253235 0.6765042543411255 2.7883262634277344 1.2655052840709686 20.258180618286133 1.4978397503863672 0.25356602668762207
Cyclist -1 -1 1.41 11.123671531677246 175.21705627441406 272.7182455062866 382.44580078125 1.5864901542663574 0.6338198184967041 1.847383737564087 -2.6958694458007812 1.6585254073143005 3.867546558380127 0.8049900002209931 0.2535598874092102
Cyclist -1 -1 -1.96 689.12060546875 159.74444580078125 729.6068725585938 238.60528564453125 1.696730613708496 0.564903199672699 1.6568458080291748 2.5173420906066895 1.2021198272705078 17.31769371032715 -1.813592254011887 0.24908679723739624
Pedestrian -1 -1 1.32 667.0569458007812 165.11009216308594 687.6145629882812 223.68936157226562 1.676821231842041 0.643589973449707 0.7114388942718506 2.1891489028930664 1.1962908208370209 21.07735824584961 1.4190130537556938 0.24683493375778198
Pedestrian -1 -1 2.2 375.63238525390625 211.2006378173828 419.3368225097656 314.61956787109375 1.3013557195663452 0.4190361797809601 0.5333307981491089 -2.8859148025512695 1.8442766070365906 9.869268417358398 1.914084044223598 0.24620705842971802
Cyclist -1 -1 -1.47 936.8909912109375 121.20496368408203 1113.47705078125 362.0391311645508 1.7968071699142456 0.5853992104530334 1.7421128749847412 3.602095127105713 1.4838998317718506 5.837882995605469 -0.9128652075274175 0.244124174118042
Cyclist -1 -1 -0.86 681.5042114257812 162.1892547607422 710.7382202148438 225.17311096191406 1.7186846733093262 0.5796741247177124 1.6988548040390015 2.869997978210449 1.156033992767334 21.123779296875 -0.7240246246149513 0.24342894554138184
Pedestrian -1 -1 1.54 692.076416015625 159.9004669189453 717.4680786132812 225.06375122070312 1.7428988218307495 0.6369339227676392 0.5224358439445496 2.731659173965454 1.1219834983348846 19.40439796447754 1.6757260393935107 0.24322102963924408
Pedestrian -1 -1 -2.3 19.04863739013672 174.38507080078125 282.4965133666992 383.81085205078125 1.6089394092559814 0.5735718011856079 0.5933012366294861 -2.849367380142212 1.769455373287201 4.539972305297852 -2.8648862143833327 0.24138382077217102
Pedestrian -1 -1 1.47 671.4544067382812 164.97213745117188 691.3729248046875 223.88961791992188 1.6836904287338257 0.6494993567466736 0.8277912735939026 2.308100938796997 1.1952012479305267 21.338016510009766 1.5732737764852045 0.2381022721529007
Pedestrian -1 -1 2.93 731.4769897460938 187.81761169433594 968.58935546875 359.0083312988281 1.5429668426513672 0.5087569355964661 0.6825155019760132 1.9671469926834106 1.4237722754478455 5.494460105895996 -3.0101305753949603 0.2373175472021103
Pedestrian -1 -1 0.44 58.77056121826172 192.27720642089844 220.13912200927734 363.6221923828125 1.57560133934021 0.5952836871147156 0.5202649831771851 -2.0150609016418457 1.5370413661003113 3.1415886878967285 -0.12922252709776672 0.23705022037029266
Pedestrian -1 -1 2.19 963.8933715820312 131.98065185546875 1064.5914306640625 351.65673828125 1.7258665561676025 0.6609440445899963 0.7526916265487671 3.058228015899658 1.4046924114227295 5.254947662353516 2.7194675084195747 0.23569779098033905
Pedestrian -1 -1 1.02 650.929931640625 165.1936798095703 676.4630737304688 229.39035034179688 1.6861079931259155 0.6460403203964233 0.8649688959121704 1.6147879362106323 1.207399070262909 18.63962173461914 1.111069838197455 0.23372487723827362
Pedestrian -1 -1 1.57 468.4374694824219 163.236083984375 488.04962158203125 238.40280151367188 1.686306118965149 0.6193961501121521 0.5683245062828064 -2.7364821434020996 1.2815006077289581 16.657760620117188 1.4121472370371677 0.23280426859855652
Pedestrian -1 -1 3.02 993.7273559570312 120.18537139892578 1194.531005859375 365.4573745727539 1.8534691333770752 0.6337476968765259 0.7749999165534973 4.377098560333252 1.5758769512176514 6.508991241455078 -2.6692975272333754 0.23042336106300354
Pedestrian -1 -1 1.89 466.3274230957031 162.2018280029297 494.5052185058594 248.26084899902344 1.7767149209976196 0.6283841729164124 0.6754480600357056 -2.4670355319976807 1.368274450302124 15.045127868652344 1.724347548446449 0.22782127559185028
Cyclist -1 -1 -0.93 910.5751342773438 136.32028198242188 1092.9344482421875 356.412109375 1.7697439193725586 0.6144314408302307 1.7685061693191528 3.4290478229522705 1.500189185142517 5.720003128051758 -0.38871088910278573 0.22628535330295563
Cyclist -1 -1 -2.56 101.50703430175781 207.97540283203125 302.2171936035156 367.35894775390625 1.5314542055130005 0.5688290596008301 1.6237235069274902 -2.431492328643799 1.7292789220809937 4.406304359436035 -3.0662493108370734 0.2164071500301361
Pedestrian -1 -1 1.65 620.4143676757812 165.692138671875 637.4334106445312 212.78135681152344 1.7575970888137817 0.7107368111610413 0.7419366836547852 0.8461237549781799 1.211785465478897 25.735597610473633 1.6876411521902552 0.21638745069503784
Cyclist -1 -1 -1.66 503.79937744140625 158.7415771484375 538.6016845703125 260.75946044921875 1.74367094039917 0.5272517800331116 1.7535111904144287 -1.607118844985962 1.3863412737846375 13.780710220336914 -1.7787661341554362 0.21635331213474274
Cyclist -1 -1 -0.8 946.3259887695312 123.44058990478516 1050.933837890625 373.4885940551758 1.7790085077285767 0.6163309216499329 1.7120705842971802 2.9801268577575684 1.4037302136421204 5.3441877365112305 -0.29476469839644226 0.21208111941814423
Pedestrian -1 -1 -2.79 -0.369764119386673 171.31204223632812 105.06729337573051 366.7619934082031 1.576653003692627 0.5481234788894653 0.5459682941436768 -2.858194351196289 1.6381244659423828 3.1727402210235596 2.7614331572981925 0.21173039078712463
Pedestrian -1 -1 1.85 621.8184204101562 165.6603546142578 642.5786743164062 215.63027954101562 1.7371289730072021 0.6585946679115295 0.7290727496147156 0.9470553994178772 1.1776888072490692 25.04954719543457 1.8867815740393974 0.21054476499557495
Pedestrian -1 -1 2.9 774.9281005859375 170.73855590820312 1023.7330932617188 363.9012451171875 1.540677785873413 0.49080413579940796 0.7365574240684509 2.4518747329711914 1.4112924933433533 5.6666154861450195 -2.969958609795307 0.2104203850030899
Cyclist -1 -1 1.67 726.4207153320312 169.91934204101562 922.7095336914062 330.654541015625 1.758119821548462 0.674821138381958 1.7968512773513794 1.9783798456192017 1.659194827079773 6.786334991455078 1.9557147693034667 0.20814290642738342
Cyclist -1 -1 -1.66 677.063720703125 163.58724975585938 702.3890380859375 227.2040557861328 1.7568509578704834 0.5785197019577026 1.7792539596557617 2.625779628753662 1.2399901151657104 21.821611404418945 -1.5433293475289833 0.2041810303926468
Cyclist -1 -1 2.04 52.28429412841797 203.517822265625 274.41561126708984 372.3954162597656 1.543714165687561 0.5488734245300293 1.6346113681793213 -2.2072741985321045 1.7186606526374817 3.7498202323913574 1.5115009282202054 0.20409339666366577
Cyclist -1 -1 3.05 993.7273559570312 120.18537139892578 1194.531005859375 365.4573745727539 1.7731232643127441 0.6596546173095703 1.7582875490188599 4.453020095825195 1.5206165313720703 6.703495025634766 -2.6444406161414165 0.20358330011367798
Pedestrian -1 -1 1.55 690.8401489257812 160.73358154296875 724.4004516601562 234.97607421875 1.7623666524887085 0.6407584547996521 0.6065532565116882 2.633087396621704 1.1938521564006805 18.69086456298828 1.6885297910476682 0.20159119367599487
Pedestrian -1 -1 2.2 595.3264770507812 163.37646484375 619.9873657226562 225.46005249023438 1.7302554845809937 0.7259079217910767 0.8853406310081482 0.2333785444498062 1.2993831038475037 19.172292709350586 2.2164593334632805 0.20037388801574707
Cyclist -1 -1 1.38 693.65234375 166.41627502441406 759.08740234375 258.8826904296875 1.723669171333313 0.6380255818367004 1.7122008800506592 2.3056349754333496 1.3586725294589996 13.649654388427734 1.5425809610086327 0.19938258826732635
Cyclist -1 -1 2.58 466.2076110839844 162.65057373046875 490.7414245605469 242.69784545898438 1.7166705131530762 0.5811595916748047 1.672747015953064 -2.8746256828308105 1.3105084002017975 17.366039276123047 2.4201026566135413 0.19920019805431366
Pedestrian -1 -1 1.38 656.8926391601562 163.40635681152344 690.5173950195312 233.31173706054688 1.7604817152023315 0.6898770928382874 0.7039502859115601 1.8877595663070679 1.210840493440628 18.9122314453125 1.4810011497948024 0.1986152082681656
Pedestrian -1 -1 1.34 669.4810791015625 167.29891967773438 694.1217651367188 227.35830688476562 1.6576446294784546 0.5816105604171753 0.7431859374046326 2.3065617084503174 1.2460560500621796 20.086862564086914 1.4547282204705105 0.19778475165367126
Pedestrian -1 -1 1.45 679.35888671875 157.21600341796875 703.293212890625 223.19949340820312 1.7879397869110107 0.6544543504714966 0.714688777923584 2.562959909439087 1.2227316796779633 20.85365104675293 1.5735481640824043 0.19706831872463226
Cyclist -1 -1 -2.93 682.1575927734375 167.90142822265625 725.8583984375 233.84864807128906 1.6137340068817139 0.5530766844749451 1.597038984298706 2.987708806991577 1.3377135396003723 21.41518783569336 -2.786464875750532 0.19691456854343414
Car -1 -1 -1.74 948.3695678710938 119.84373474121094 1151.2635498046875 370.21673583984375 1.6300815343856812 1.5405099391937256 3.2756786346435547 4.019948482513428 1.4559985995292664 7.189164638519287 -1.2300783418260135 0.19567498564720154
Cyclist -1 -1 -0.13 848.6407470703125 153.53274536132812 1056.8077392578125 356.92938232421875 1.7604310512542725 0.6156154274940491 1.6583409309387207 3.1603641510009766 1.543308973312378 5.859131813049316 0.3640723154689578 0.1946382224559784
Cyclist -1 -1 2.14 3.1404590606689453 157.2127685546875 195.93741035461426 380.4471740722656 1.6062043905258179 0.611833393573761 1.5944641828536987 -2.1858954429626465 1.5033981800079346 2.730557918548584 1.464429293057897 0.192722350358963
Car -1 -1 2.67 19.04863739013672 174.38507080078125 282.4965133666992 383.81085205078125 1.7787599563598633 1.5875900983810425 3.549067974090576 -2.681729316711426 1.8411218523979187 3.803520679473877 2.056049947491152 0.18926438689231873
Car -1 -1 2.33 757.3106689453125 162.96136474609375 993.08984375 360.6410827636719 1.4247304201126099 1.5185896158218384 3.081000566482544 2.727689027786255 1.4794191122055054 6.655996322631836 2.716908926559693 0.1892351508140564
Cyclist -1 -1 2.58 704.0299072265625 160.4752197265625 732.0909423828125 228.0729217529297 1.7459030151367188 0.6311317086219788 1.7275104522705078 3.3744571208953857 1.1686729192733765 21.350067138671875 2.7405977630335148 0.18864844739437103
Pedestrian -1 -1 1.5 659.8604125976562 164.36460876464844 678.7105102539062 224.63198852539062 1.6406826972961426 0.6259865760803223 0.8132774233818054 1.8855124711990356 1.1856443285942078 20.25904655456543 1.5946889658513683 0.18615242838859558
Cyclist -1 -1 0.49 763.1268310546875 148.38430786132812 1012.4349365234375 365.4496765136719 1.7660493850708008 0.5794941186904907 1.6980308294296265 2.4603688716888428 1.5009082555770874 5.514769554138184 0.9091092833410563 0.18368785083293915
Cyclist -1 -1 -2.33 990.8634033203125 117.05397033691406 1118.9564208984375 353.2383117675781 1.773703932762146 0.5895194411277771 1.6963260173797607 3.807147741317749 1.3359816074371338 6.091169357299805 -1.7746477858172982 0.18321958184242249
Car -1 -1 -1.66 698.1309204101562 157.94602966308594 733.913330078125 243.92510986328125 1.6039634943008423 1.5829051733016968 3.4166910648345947 3.3969202041625977 1.2723952531814575 23.630277633666992 -1.5191848200353135 0.1820589303970337
Cyclist -1 -1 1.2 702.8359985351562 161.67221069335938 739.2423706054688 239.2789306640625 1.7681996822357178 0.6489219069480896 1.7286087274551392 2.9271113872528076 1.2671689093112946 17.973960876464844 1.3619234487253404 0.17857566475868225
Car -1 -1 3.02 -8.701566696166992 149.56065368652344 261.6303424835205 381.5501403808594 1.7835267782211304 1.5521020889282227 3.4995474815368652 -2.511739492416382 1.6877660155296326 2.706594467163086 2.2759632320162826 0.17455944418907166
Pedestrian -1 -1 1.63 596.7413940429688 165.13070678710938 625.7950439453125 229.65802001953125 1.693723440170288 0.6555766463279724 0.8976463675498962 0.15501415729522705 1.2210240960121155 18.310060501098633 1.6432117152797563 0.1730511486530304
Cyclist -1 -1 2.47 73.45211029052734 218.18081665039062 309.1267318725586 398.3787536621094 1.4876788854599 0.5853573679924011 1.6400513648986816 -1.4126999378204346 1.4006994366645813 2.515683174133301 1.9581321521203199 0.1724269539117813
Truck -1 -1 1.28 40.6717529296875 212.30702209472656 275.39642333984375 404.3631896972656 3.56830096244812 2.7486534118652344 8.710163116455078 -2.8232812881469727 2.8234293460845947 4.36513090133667 0.7013729791121879 0.1689341515302658
Pedestrian -1 -1 1.3 604.610595703125 163.09991455078125 628.97314453125 222.77157592773438 1.7727670669555664 0.7170676589012146 0.7506261467933655 0.4578179121017456 1.22581085562706 22.071199417114258 1.3164019448747357 0.16865582764148712
Pedestrian -1 -1 1.32 655.1173095703125 162.98687744140625 674.33740234375 222.0118408203125 1.700127124786377 0.6943441033363342 0.8318794369697571 1.9906104803085327 1.1639981269836426 22.165050506591797 1.4121948121618502 0.1683211326599121
Cyclist -1 -1 -1.61 679.3651733398438 162.05325317382812 712.7818603515625 236.59523010253906 1.642702579498291 0.5557471513748169 1.6709250211715698 2.4585719108581543 1.2112157046794891 18.9659366607666 -1.4856113393230315 0.16312238574028015
Truck -1 -1 1.04 16.18958282470703 165.8940887451172 275.62476348876953 392.0920104980469 3.2936346530914307 2.396434783935547 6.300403118133545 -4.384340763092041 2.729052424430847 6.1120381355285645 0.4218908551717906 0.16168633103370667
Pedestrian -1 -1 1.74 610.8825073242188 163.2658233642578 634.5560302734375 224.81146240234375 1.7026166915893555 0.676149845123291 0.9541209936141968 0.49235063791275024 1.2645093500614166 20.253957748413086 1.7673247887383088 0.16130486130714417
Car -1 -1 -0.29 556.010498046875 165.50856018066406 584.5432739257812 203.07936096191406 1.5604840517044067 1.6922132968902588 4.219259738922119 -2.267068862915039 0.8149015679955482 47.7042236328125 -0.33899617229601864 0.1589028239250183
Pedestrian -1 -1 -0.93 40.6717529296875 212.30702209472656 275.39642333984375 404.3631896972656 1.7143844366073608 0.5120739936828613 0.635554313659668 -1.6604642868041992 1.6025867462158203 2.706217050552368 -1.477734210788194 0.1571936309337616
Pedestrian -1 -1 1.32 674.5946044921875 163.8491668701172 716.270751953125 244.38880920410156 1.7758152484893799 0.7077246904373169 0.652089536190033 2.262153148651123 1.2827496528625488 18.28912925720215 1.4399479507374409 0.15069995820522308
Truck -1 -1 -1.91 993.7273559570312 120.18537139892578 1194.531005859375 365.4573745727539 3.0875844955444336 2.4466099739074707 7.220968246459961 5.815210342407227 2.1533201336860657 8.74025821685791 -1.3217349981529622 0.14831794798374176