Car -1 -1 -1.75 633.3579711914062 167.36878967285156 711.80859375 219.62147521972656 1.5900390148162842 1.6049716472625732 3.626922130584717 1.9891738891601562 1.4229026436805725 23.943029403686523 -1.6718578331176932 0.8822686076164246
Car -1 -1 1.66 424.7035827636719 182.95223999023438 484.5711669921875 228.37765502929688 1.459938406944275 1.6585042476654053 4.323391914367676 -5.677137851715088 1.8834375739097595 26.519081115722656 1.4530656656560819 0.8701106905937195
Car -1 -1 -2.37 -1.361283779144287 191.5146026611328 98.2492356300354 317.0228576660156 1.5772701501846313 1.5408738851547241 3.497296094894409 -9.297447204589844 1.870188295841217 9.875785827636719 -3.123547204235109 0.8373675346374512
Car -1 -1 1.66 461.1060791015625 177.76547241210938 500.2935485839844 212.93568420410156 1.5968137979507446 1.7303740978240967 4.535910606384277 -6.365523815155029 1.8527937531471252 35.821495056152344 1.4813751840642775 0.6129298210144043
Car -1 -1 -0.23 540.0601196289062 173.41717529296875 566.8142700195312 196.1782989501953 1.6098402738571167 1.6667314767837524 4.317819595336914 -4.24599552154541 1.6899759769439697 54.732032775878906 -0.3039687426528799 0.55003422498703
Car -1 -1 1.66 457.0700988769531 180.04481506347656 498.0990905761719 216.36578369140625 1.561883807182312 1.6779733896255493 4.518182754516602 -6.579146862030029 2.001680552959442 35.656192779541016 1.476690863688277 0.4262244999408722
Car -1 -1 -1.67 544.5029296875 175.28558349609375 569.6878662109375 196.65013122558594 1.497465968132019 1.6522831916809082 4.121274948120117 -4.120920181274414 1.6864694952964783 55.46241760253906 -1.7470094971660268 0.4017077386379242
Car -1 -1 1.64 435.00799560546875 182.19541931152344 491.4649658203125 224.989990234375 1.5183929204940796 1.6542197465896606 4.294822692871094 -5.726172924041748 1.9033543467521667 27.926300048828125 1.434318104308109 0.3772781491279602
Car -1 -1 1.67 444.7362060546875 180.707275390625 494.1354675292969 219.52879333496094 1.5546504259109497 1.6708747148513794 4.42196798324585 -6.134699821472168 1.907087504863739 31.648544311523438 1.4765987205192044 0.3520473539829254
Car -1 -1 -2.34 -5.252045154571533 193.63717651367188 83.06918287277222 294.7783203125 1.5809524059295654 1.4682108163833618 3.5182197093963623 -7.253164768218994 1.5690810084342957 7.842297554016113 -3.0831870107360464 0.33395934104919434
Car -1 -1 -2.36 -0.7226171493530273 204.8756866455078 83.76287937164307 309.33282470703125 1.61155366897583 1.5251446962356567 3.580084800720215 -7.719207763671875 1.7624768018722534 8.404919624328613 -3.100287179110331 0.31579771637916565
Car -1 -1 1.68 452.2119445800781 184.36007690429688 496.88323974609375 218.34251403808594 1.4429051876068115 1.6335123777389526 4.227115631103516 -6.639105796813965 2.0719709396362305 35.65739440917969 1.497557720985573 0.2543628215789795
Van -1 -1 -1.45 635.1482543945312 165.25537109375 714.6776123046875 219.8858642578125 1.799299955368042 1.6787968873977661 3.944467067718506 2.1803290843963623 1.5212542414665222 25.060169219970703 -1.362023347895926 0.24194110929965973
Car -1 -1 2.38 1220.36962890625 153.8131561279297 1244.53515625 225.2645721435547 1.5464752912521362 1.6287226676940918 4.103636741638184 16.652667999267578 1.2011050283908844 15.907352447509766 -3.092696881025569 0.14872507750988007