Car -1 -1 1.67 399.2651062011719 184.26834106445312 440.4036865234375 213.25599670410156 1.351754903793335 1.6087303161621094 4.1658406257629395 -9.676429748535156 1.9758325815200806 36.59066390991211 1.4095592414905234 0.8300043940544128
Cyclist -1 -1 -1.7 678.9015502929688 168.23731994628906 744.1689453125 213.22824096679688 1.852317214012146 0.6027054786682129 1.8137145042419434 3.65860915184021 1.6423811316490173 27.679458618164062 -1.5636683754580787 0.5647587180137634
Cyclist -1 -1 -0.73 677.8694458007812 169.76437377929688 730.40966796875 217.09158325195312 1.8114498853683472 0.5828776359558105 1.725537896156311 3.301833152770996 1.667219638824463 26.627735137939453 -0.6087139855507657 0.5057226419448853
Car -1 -1 1.69 404.73724365234375 183.04415893554688 443.57147216796875 209.75405883789062 1.3799983263015747 1.6178784370422363 4.0940260887146 -9.541046142578125 1.9464923739433289 36.343360900878906 1.4321313274418461 0.49419206380844116
Car -1 -1 1.64 420.2516784667969 182.6808319091797 447.5060729980469 205.2574005126953 1.4062886238098145 1.5295459032058716 3.7947797775268555 -12.47164535522461 2.0975148677825928 51.57609939575195 1.404965819437681 0.4201008677482605
Cyclist -1 -1 -1.63 679.3314208984375 172.49671936035156 723.6182250976562 222.09304809570312 1.701244592666626 0.5365520715713501 1.697056531906128 3.1476922035217285 1.7009465098381042 25.777021408081055 -1.5124781582810307 0.3528497815132141
Cyclist -1 -1 -1.58 681.3394165039062 173.71649169921875 740.4921264648438 217.9614715576172 1.6763601303100586 0.5451206564903259 1.6514860391616821 3.339987277984619 1.6253153085708618 24.76646614074707 -1.4487302740107637 0.3235500156879425
Cyclist -1 -1 -1.87 679.3350830078125 177.0645751953125 729.740478515625 225.82614135742188 1.6164958477020264 0.5348964333534241 1.6380211114883423 3.0704262256622314 1.7365995645523071 23.981313705444336 -1.7394429250638854 0.2712804079055786
Car -1 -1 1.73 411.556640625 181.9307098388672 444.95233154296875 204.66845703125 1.3882238864898682 1.6147795915603638 4.1426191329956055 -11.151369094848633 1.9643256664276123 43.42761993408203 1.4743498050528165 0.2592273950576782
Cyclist -1 -1 0.58 673.3980712890625 162.3184814453125 752.0460205078125 212.975830078125 1.774081826210022 0.6116023659706116 1.7277710437774658 3.7579221725463867 1.5407853722572327 28.164487838745117 0.7136421311851784 0.25640133023262024
Pedestrian -1 -1 2.79 86.38349914550781 194.97373962402344 123.66796112060547 257.3650207519531 1.5426385402679443 0.5137683749198914 0.5120316743850708 -13.34426212310791 2.0810073614120483 19.0633602142334 2.181834382809658 0.20538417994976044
Car -1 -1 -2.2 682.56201171875 170.64845275878906 744.8953857421875 215.21054077148438 1.5710183382034302 1.6364874839782715 4.203932762145996 4.976918697357178 1.8458908200263977 37.6204948425293 -2.0673198127368844 0.1975557804107666
Cyclist -1 -1 0.34 674.8848266601562 167.47975158691406 733.2341918945312 209.04812622070312 1.835740327835083 0.622408390045166 1.7980501651763916 3.8450989723205566 1.648340106010437 30.43100929260254 0.4689765178327079 0.17762801051139832
Cyclist -1 -1 1.17 685.3280029296875 166.65533447265625 757.1512451171875 212.32688903808594 1.7247967720031738 0.5780320763587952 1.6886146068572998 4.05861234664917 1.4943090081214905 26.898279190063477 1.3159184847609744 0.17698773741722107
Cyclist -1 -1 -2.5 677.1083374023438 170.00210571289062 758.74365234375 217.11997985839844 1.7137103080749512 0.5882794857025146 1.7401643991470337 3.9260032176971436 1.6382256746292114 25.485530853271484 -2.349106853160488 0.16047178208827972
Cyclist -1 -1 1.15 685.7754516601562 158.7159881591797 761.95654296875 207.921142578125 1.720320463180542 0.5641245245933533 1.7016867399215698 4.042326927185059 1.363978922367096 26.666061401367188 1.297976319164766 0.15938718616962433