Car -1 -1 -1.83 749.880126953125 188.7152862548828 984.0071411132812 365.3113708496094 1.545581579208374 1.5686691999435425 3.3997726440429688 2.65585994720459 1.752383828163147 8.23070240020752 -1.5145194524059118 0.8957594037055969
Car -1 -1 1.76 403.9586181640625 172.14674377441406 526.3359985351562 263.99713134765625 1.6241099834442139 1.656041145324707 4.126971244812012 -2.8510935306549072 1.6278290748596191 14.942262649536133 1.5722178624061227 0.8808541297912598
Car -1 -1 -2.45 -0.4408375322818756 173.24903869628906 261.14049181342125 309.1284484863281 1.5112284421920776 1.6757359504699707 4.56724214553833 -7.085633754730225 1.5489396452903748 9.181488990783691 -3.1036787933342955 0.8352720737457275
Car -1 -1 -2.27 911.58154296875 189.16506958007812 1236.3626708984375 370.1752624511719 1.5732547044754028 1.5735362768173218 3.3647658824920654 2.770077705383301 1.679753839969635 3.3541133403778076 -1.5802273947380652 0.8210216164588928
Car -1 -1 1.53 641.421630859375 176.14781188964844 676.0724487304688 205.18511962890625 1.471801519393921 1.6645668745040894 4.11311149597168 2.6787643432617188 1.6800037026405334 39.62727737426758 1.6014936034019538 0.816745936870575
Cyclist -1 -1 -2.75 497.127197265625 166.79364013671875 558.5533447265625 300.1832275390625 1.7318856716156006 0.5355439186096191 1.7526158094406128 -1.110486626625061 1.6429033875465393 10.043462753295898 -2.8593518340296145 0.8090440034866333
Car -1 -1 1.67 567.0446166992188 168.7720947265625 593.5512084960938 192.57696533203125 1.739959716796875 1.7177032232284546 4.126734256744385 -2.2722458839416504 1.449537456035614 55.86077117919922 1.6268662402250849 0.7522163391113281
Pedestrian -1 -1 -2.54 497.5392761230469 165.28411865234375 563.7343139648438 298.6119384765625 1.756334662437439 0.660172164440155 0.7910723090171814 -1.1095702648162842 1.6480249166488647 10.308944702148438 -2.6437000531045776 0.44253239035606384
Van -1 -1 1.75 403.7010192871094 173.68186950683594 523.1367797851562 262.8531188964844 1.7390718460083008 1.6521365642547607 4.209409236907959 -3.02169132232666 1.700113296508789 15.573197364807129 1.561527348428621 0.32333654165267944
Car -1 -1 -1.81 777.982421875 187.63255310058594 1148.6790771484375 367.61474609375 1.5386735200881958 1.5732300281524658 3.6821484565734863 2.831063747406006 1.8004681468009949 7.341402053833008 -1.4442070840720787 0.29981064796447754
Pedestrian -1 -1 1.62 516.9608764648438 167.32057189941406 548.62255859375 242.6629180908203 1.6696420907974243 0.7046435475349426 1.0019274950027466 -1.6909780502319336 1.5800758004188538 15.580873489379883 1.5163220791747927 0.2747310400009155
Car -1 -1 0.83 9.378535270690918 176.99046325683594 60.56877422332764 267.2257385253906 1.4856973886489868 1.5316908359527588 3.3949472904205322 -11.640082359313965 1.5081670880317688 12.726758003234863 0.08730029622015101 0.2605273723602295
Car -1 -1 1.68 420.5882568359375 172.13246154785156 529.1063232421875 277.9681396484375 1.612953543663025 1.6381465196609497 3.973917245864868 -3.0051090717315674 1.6497307419776917 15.160591125488281 1.4809773361543508 0.2580310106277466
Car -1 -1 1.61 5.381598949432373 174.219482421875 49.24469327926636 266.7694091796875 1.5057905912399292 1.5379836559295654 3.379136085510254 -11.93202018737793 1.5030972957611084 12.817659378051758 0.8561529909228733 0.25749531388282776
Truck -1 -1 1.54 494.66845703125 169.23780822753906 558.7166748046875 301.4362487792969 3.0379598140716553 2.524902582168579 7.6943159103393555 -1.278602957725525 2.503317892551422 11.579239845275879 1.4305168763832814 0.2569737434387207
Cyclist -1 -1 1.44 506.786376953125 166.33644104003906 557.7520751953125 282.64398193359375 1.780358910560608 0.5746045112609863 1.8300212621688843 -1.2119487524032593 1.6118682026863098 11.041304588317871 1.3303486034694565 0.255357950925827
Car -1 -1 1.92 0.7813134789466858 172.8970489501953 34.36356598138809 263.0872802734375 1.5176321268081665 1.5941885709762573 3.5222580432891846 -12.157746315002441 1.4920035004615784 12.719512939453125 1.1596509200600176 0.25349724292755127
Cyclist -1 -1 1.75 406.6044616699219 172.70797729492188 523.7262573242188 264.1068420410156 1.8106873035430908 0.5883849263191223 1.8482736349105835 -2.323101282119751 1.6734131574630737 12.43744945526123 1.569936100373277 0.2480766475200653
Pedestrian -1 -1 -2.5 486.81109619140625 168.20166015625 571.8995971679688 292.90478515625 1.771738052368164 0.6695874929428101 0.7981652617454529 -1.246652364730835 1.6411473155021667 10.218533515930176 -2.621652176099671 0.24205844104290009
Car -1 -1 -1.08 770.6773681640625 197.20008850097656 1076.0325927734375 372.58416748046875 1.5376555919647217 1.5828355550765991 3.830725908279419 2.856860637664795 1.8330111503601074 8.608925819396973 -0.7601009936952687 0.22984720766544342
Pedestrian -1 -1 1.37 507.56646728515625 165.19622802734375 554.42822265625 271.3712463378906 1.77693772315979 0.7135492563247681 0.9643815159797668 -1.2747960090637207 1.62198805809021 11.532947540283203 1.2564565241840064 0.2255200296640396
Pedestrian -1 -1 1.55 521.1277465820312 169.35865783691406 548.0271606445312 227.10366821289062 1.6575804948806763 0.715822696685791 1.0220561027526855 -1.9416426420211792 1.5354481935501099 18.17607307434082 1.4424501006451749 0.2197418361902237
Cyclist -1 -1 1.45 433.4807434082031 172.84613037109375 540.3162841796875 279.2808532714844 1.7088223695755005 0.6070432662963867 1.7743067741394043 -2.0113420486450195 1.6443520188331604 12.09257984161377 1.2857311522040735 0.2184634506702423
Cyclist -1 -1 1.42 462.78350830078125 169.09124755859375 551.3275146484375 286.94537353515625 1.8307832479476929 0.6141729950904846 1.7631328105926514 -1.5815794467926025 1.6490974426269531 10.608797073364258 1.2727142838160965 0.2142624855041504
Cyclist -1 -1 1.78 486.81109619140625 168.20166015625 571.8995971679688 292.90478515625 1.7409497499465942 0.599378228187561 1.7625750303268433 -1.3049765825271606 1.5663825869560242 10.347031593322754 1.6571215554233953 0.2106178253889084
Car -1 -1 -0.45 11.53525161743164 179.43150329589844 73.9771499633789 267.3090515136719 1.4638726711273193 1.5336308479309082 3.424102306365967 -11.291983604431152 1.5011072158813477 12.51309871673584 -1.1820475779945268 0.20960690081119537
Car -1 -1 -1.91 15.144071578979492 179.58822631835938 283.7400188446045 289.5604553222656 1.5525091886520386 1.7057632207870483 4.32069206237793 -6.915607452392578 1.542178988456726 9.951070785522461 -2.515842912062162 0.2009749710559845
Pedestrian -1 -1 1.53 525.091064453125 169.0702667236328 550.2361450195312 223.907958984375 1.6345642805099487 0.7457484006881714 1.0201504230499268 -2.068542718887329 1.5166723132133484 21.45010757446289 1.4298292313360923 0.18505430221557617
Cyclist -1 -1 2.18 496.1555480957031 171.1682586669922 549.9675903320312 279.6343078613281 1.7442575693130493 0.6120655536651611 1.8056278228759766 -1.2117551565170288 1.5664827227592468 10.226049423217773 2.0601001181308476 0.18493951857089996
Car -1 -1 -1.74 826.9330444335938 194.51622009277344 1193.2281494140625 371.81219482421875 1.4958875179290771 1.5877420902252197 3.7907731533050537 3.0884058475494385 1.6796221733093262 5.443583965301514 -1.219567349669897 0.18400704860687256
Car -1 -1 3.1 12.938364028930664 176.3701171875 109.56967353820801 312.0020751953125 1.5431791543960571 1.574687123298645 3.7599339485168457 -8.5394287109375 1.614525556564331 8.879484176635742 2.335397423249576 0.1781599372625351
Car -1 -1 2.98 812.9034423828125 171.29454040527344 1230.2264404296875 385.1459655761719 1.335934042930603 1.683115005493164 4.337827682495117 2.7007999420166016 1.5712372064590454 4.976746082305908 -2.801088908313888 0.17528878152370453
Car -1 -1 1.18 0.8860832452774048 172.59580993652344 22.928531289100647 258.56988525390625 1.563938021659851 1.6132078170776367 3.6103172302246094 -12.018030166625977 1.468348503112793 12.269059181213379 0.40039494513036855 0.17523407936096191
Car -1 -1 0.48 -1.0737005472183228 185.25228881835938 23.559743285179138 273.1336364746094 1.5099632740020752 1.6450303792953491 3.6657302379608154 -11.783716201782227 1.6096558570861816 11.815071105957031 -0.30248853323295055 0.14975741505622864