Car -1 -1 2.07 583.9118041992188 167.79486083984375 627.1043701171875 195.65567016601562 1.5803494453430176 1.5963116884231567 3.0176379680633545 -0.22863280773162842 1.2689851820468903 43.9615592956543 2.062232999279969 0.7504395842552185
Van -1 -1 1.23 539.1756591796875 161.73223876953125 593.537109375 195.5159149169922 2.0201950073242188 1.8577121496200562 4.787504196166992 -2.735927104949951 1.3398138284683228 43.7237548828125 1.1672561809181303 0.7070203423500061
Car -1 -1 -2.21 623.2449340820312 168.2041473388672 679.58056640625 192.50401306152344 1.4495699405670166 1.5951123237609863 3.416653633117676 2.5810327529907227 1.207148402929306 45.18848419189453 -2.1509457115692214 0.6739647388458252
Car -1 -1 -2.54 -4.928675651550293 171.9954833984375 62.02361011505127 223.1687469482422 1.577272653579712 1.7075611352920532 4.019095420837402 -20.507387161254883 1.5936042666435242 23.84408187866211 3.0372177530156534 0.6521084904670715
Car -1 -1 0.92 534.75732421875 161.25509643554688 594.469970703125 195.95401000976562 1.9662411212921143 1.6145492792129517 3.8312511444091797 -2.7320966720581055 1.3318021297454834 41.62434387207031 0.856744514947342 0.591066837310791
Car -1 -1 0.44 1026.5142822265625 164.37521362304688 1097.8779296875 186.99359130859375 1.554896354675293 1.635003924369812 4.267164707183838 31.976699829101562 0.9933875352144241 50.85288619995117 1.0016370187831845 0.4077492654323578
Car -1 -1 0.57 750.79150390625 163.22886657714844 821.0428466796875 191.9287567138672 1.6645441055297852 1.642139196395874 3.381333827972412 10.709506034851074 1.145395964384079 43.446617126464844 0.808401298621459 0.39810097217559814
Van -1 -1 0.76 752.8047485351562 159.87538146972656 821.0588989257812 191.81735229492188 1.9880404472351074 1.8025867938995361 4.5376200675964355 11.699461936950684 1.1510635614395142 47.63433074951172 1.0008040606474697 0.3837568163871765
Cyclist -1 -1 -0.7 214.0988311767578 164.72621154785156 245.68185424804688 213.02174377441406 1.7477198839187622 0.5842335820198059 1.8059338331222534 -14.532419204711914 1.502848207950592 27.65451431274414 -1.1822690875685495 0.35266661643981934
Pedestrian -1 -1 0.18 215.087890625 164.54917907714844 244.91439819335938 213.0397491455078 1.7315311431884766 0.614190399646759 0.8759377002716064 -14.25733470916748 1.4481576681137085 27.0988712310791 -0.30177846895297167 0.3484051525592804
Cyclist -1 -1 -1.54 216.18177795410156 162.41835021972656 241.7564239501953 209.39598083496094 1.7342984676361084 0.5513917207717896 1.8251872062683105 -14.951644897460938 1.3776320219039917 28.325439453125 -2.026239094300692 0.3366977572441101
Car -1 -1 -2.67 -3.828655481338501 174.28848266601562 55.79627966880798 237.33575439453125 1.530510663986206 1.6096400022506714 3.964890480041504 -19.420495986938477 1.7175298929214478 21.9068546295166 2.884494648046041 0.3252357244491577
Car -1 -1 -2.42 831.5851440429688 164.34124755859375 885.0643310546875 188.6624298095703 1.5831857919692993 1.6860615015029907 3.691032886505127 17.32490348815918 1.0131955295801163 50.74748992919922 -2.087999675080276 0.32166698575019836
Cyclist -1 -1 -1.59 228.34893798828125 164.6591339111328 272.38232421875 259.299072265625 1.695631980895996 0.5697989463806152 1.7353543043136597 -6.7147979736328125 1.5442206263542175 13.470789909362793 -2.0522514077192673 0.30748263001441956
Pedestrian -1 -1 1.23 234.79713439941406 163.26425170898438 275.53515625 261.9635314941406 1.710153579711914 0.7033448219299316 0.9401905536651611 -6.587728977203369 1.592639684677124 13.330384254455566 0.7733914603057772 0.3015761077404022
Pedestrian -1 -1 1.51 238.2531280517578 176.39511108398438 270.014892578125 260.4306945800781 1.4815369844436646 0.5588334202766418 0.7550420165061951 -6.541991710662842 1.5307558178901672 13.23660659790039 1.0480039902494873 0.2840142846107483
Car -1 -1 -2.22 1.3939660787582397 180.23684692382812 47.75568330287933 258.2536926269531 1.385338306427002 1.5788826942443848 3.6290645599365234 -16.33185577392578 1.7466802597045898 18.251995086669922 -2.951579259602342 0.27144375443458557
Cyclist -1 -1 -2.75 0.39301592111587524 166.9749298095703 61.885909140110016 224.14598083496094 1.7464478015899658 0.6883548498153687 1.9472205638885498 -15.466096878051758 1.5724883079528809 18.514116287231445 2.835096394134826 0.2694425880908966
Car -1 -1 0.96 1208.7821044921875 176.16412353515625 1235.4656982421875 285.0589294433594 1.5189449787139893 1.5459957122802734 3.451223850250244 9.793338775634766 1.6500327587127686 9.162453651428223 1.7798475930056465 0.25471317768096924
Car -1 -1 -2.47 -2.5300540924072266 171.9696502685547 45.98524284362793 224.44467163085938 1.518511176109314 1.6873772144317627 4.114853382110596 -20.76825714111328 1.5569577813148499 23.40445327758789 3.090596334227488 0.2441045492887497
Car -1 -1 -2.4 2.077779531478882 168.42074584960938 52.501195669174194 232.0830535888672 1.5501734018325806 1.7423686981201172 4.32846736907959 -20.60433006286621 1.570537030696869 23.387104034423828 -3.1261560169241083 0.23748809099197388
Van -1 -1 -2.04 2.7223291397094727 166.25384521484375 70.06430149078369 223.2289581298828 1.8647377490997314 1.8366538286209106 4.364536285400391 -21.463361740112305 1.5809351205825806 25.26917839050293 -2.7404219056670414 0.2277969866991043
Van -1 -1 2.19 1128.84765625 156.55516052246094 1211.6116943359375 184.5428924560547 1.9196821451187134 1.7699000835418701 4.069793224334717 39.72583770751953 0.767566055059433 51.37198257446289 2.8441311207404567 0.22024595737457275
Cyclist -1 -1 3.14 4.23907470703125 171.79507446289062 43.0317268371582 254.83096313476562 1.7171887159347534 0.6010020971298218 1.862697958946228 -10.262175559997559 1.501780927181244 12.107409477233887 2.4333499778765635 0.1968545913696289
Car -1 -1 -1.81 7.526453495025635 166.4705047607422 72.33156061172485 220.77432250976562 1.5726195573806763 1.6801152229309082 4.061947345733643 -21.80276107788086 1.5637910962104797 25.855579376220703 -2.512426013787559 0.19038906693458557
Car -1 -1 -2.62 0.0630134642124176 175.71971130371094 39.79657593369484 244.30908203125 1.5550428628921509 1.6219236850738525 3.7321252822875977 -20.220455169677734 1.8080514073371887 22.137985229492188 2.9252873376984354 0.18438127636909485
Pedestrian -1 -1 1.05 213.85513305664062 163.35223388671875 244.279052734375 249.70635986328125 1.7267519235610962 0.6792158484458923 0.790888249874115 -7.609203338623047 1.5110849142074585 14.468135833740234 0.5690415433503979 0.18224413692951202
Cyclist -1 -1 -1.28 219.1978759765625 163.7686004638672 239.53109741210938 206.95339965820312 1.8695285320281982 0.6298085451126099 1.8707060813903809 -15.448274612426758 1.3827241361141205 29.387344360351562 -1.7597284911991622 0.1819756180047989
Car -1 -1 -1.63 -1.3132963180541992 178.46495056152344 48.90043354034424 242.2305450439453 1.392338752746582 1.5924153327941895 3.855065107345581 -18.77198600769043 1.754974126815796 21.264392852783203 -2.357918620111919 0.1814900040626526
Car -1 -1 0.85 573.344482421875 168.267578125 624.3624267578125 198.81613159179688 1.5841403007507324 1.5416555404663086 3.5384998321533203 -1.1009904146194458 1.2812017500400543 42.35273742675781 0.8227885974627482 0.18123018741607666
Car -1 -1 1.63 6.566198825836182 186.35784912109375 43.605772495269775 273.8624572753906 1.3012611865997314 1.524945616722107 3.395462989807129 -13.040410995483398 1.6886991262435913 14.510831832885742 0.9011493771625458 0.18038499355316162
Pedestrian -1 -1 1.37 220.092041015625 164.68312072753906 252.00376892089844 251.2493133544922 1.6883784532546997 0.6412510871887207 0.818748950958252 -6.912423610687256 1.4832714200019836 13.48780632019043 0.891652468949065 0.17965401709079742
Cyclist -1 -1 -2.54 4.831325054168701 169.9049530029297 33.957595348358154 261.76434326171875 1.7394739389419556 0.6160482168197632 1.7411155700683594 -9.790608406066895 1.5189169645309448 11.247727394104004 3.0305804069549636 0.16865462064743042
Car -1 -1 -3.03 3.003182888031006 180.95455932617188 34.23590040206909 260.149169921875 1.475125789642334 1.6145468950271606 3.599334478378296 -14.213024139404297 1.714241087436676 15.19424819946289 2.4997562531846844 0.16676871478557587
Cyclist -1 -1 -1.35 221.08029174804688 163.9541015625 238.0642547607422 213.41751098632812 1.7898832559585571 0.6176435351371765 1.8008575439453125 -14.927628517150879 1.4793559908866882 28.3519229888916 -1.8366368772844917 0.1638648957014084
Car -1 -1 -2.63 -1.7242101430892944 174.7238006591797 37.60466253757477 232.6957550048828 1.53411865234375 1.6623461246490479 3.918710470199585 -20.72598648071289 1.6910973191261292 22.915977478027344 2.9182182204542775 0.16376514732837677
Car -1 -1 -2.23 4.23907470703125 171.79507446289062 43.0317268371582 254.83096313476562 1.5198806524276733 1.6863999366760254 4.058940887451172 -18.500385284423828 1.7491506934165955 20.49054718017578 -2.962334817944247 0.11467482894659042