Car -1 -1 0.93 -2.637554407119751 180.33837890625 127.60658621788025 256.64166259765625 1.4400758743286133 1.6139655113220215 4.092911243438721 -12.492067337036133 1.6183456778526306 15.380057334899902 0.24427889433983552 0.8301414251327515
Car -1 -1 -0.28 767.7959594726562 167.93580627441406 1057.1903076171875 274.5794677734375 1.7616264820098877 1.717241644859314 4.293212890625 5.136755466461182 1.640392243862152 12.504328727722168 0.11153646335040213 0.8183929324150085
Car -1 -1 -2.52 799.169921875 171.38168334960938 874.3501586914062 199.2276153564453 1.5186817646026611 1.4951471090316772 3.759101629257202 12.236038208007812 1.4579724073410034 39.529842376708984 -2.2238524752035627 0.6394258737564087
Car -1 -1 -2.46 799.6015625 174.8067169189453 863.2158813476562 201.0303192138672 1.4405748844146729 1.408111333847046 3.5435903072357178 12.247076034545898 1.4817604422569275 39.88983154296875 -2.1619894722835635 0.5106913447380066
Car -1 -1 -2.34 858.900390625 174.01673889160156 934.5505981445312 201.27072143554688 1.4905714988708496 1.4913681745529175 3.8340420722961426 15.559915542602539 1.4633009433746338 39.59041976928711 -1.9695169713845875 0.4206547737121582
Van -1 -1 -0.26 772.1246948242188 164.64051818847656 1052.5108642578125 273.4750061035156 1.7955619096755981 1.7119890451431274 4.1316328048706055 5.347209930419922 1.5846710801124573 12.93938159942627 0.12818498310541138 0.36904141306877136
Car -1 -1 -2.28 797.8829345703125 177.1016387939453 877.9724731445312 205.95550537109375 1.5703330039978027 1.5640298128128052 3.8851025104522705 11.93533992767334 1.6728245615959167 38.171382904052734 -1.9726590260735506 0.3539651036262512
Car -1 -1 -0.15 786.0320434570312 163.9650421142578 1031.4644775390625 257.7049255371094 1.6381762027740479 1.709065556526184 4.448244571685791 5.298623561859131 1.4739383459091187 12.996283531188965 0.2351579685737466 0.26580551266670227
Car -1 -1 -2.38 808.2154541015625 171.9174041748047 881.6333618164062 201.6208953857422 1.5707387924194336 1.6086894273757935 3.8264105319976807 12.896578788757324 1.495887041091919 40.174537658691406 -2.0710675185101053 0.23657569289207458
Car -1 -1 -2.33 844.55224609375 176.40292358398438 903.146484375 203.06301879882812 1.4662859439849854 1.532419204711914 3.725504159927368 13.519380569458008 1.5902057886123657 37.817317962646484 -1.9850865111865508 0.23613789677619934
Car -1 -1 0.89 17.925201416015625 185.406494140625 131.2962188720703 262.7253723144531 1.4273960590362549 1.5640650987625122 3.75834584236145 -12.76860237121582 1.7444634437561035 15.788947105407715 0.20643465608340517 0.2304999828338623
Car -1 -1 -2.46 855.7767944335938 176.4207000732422 920.8902587890625 204.00729370117188 1.5206259489059448 1.5325815677642822 3.7268083095550537 14.6588134765625 1.6367813348770142 38.026607513427734 -2.089840652782873 0.22601737082004547
Car -1 -1 -2.31 819.097412109375 172.7677001953125 887.3972778320312 198.14744567871094 1.457665205001831 1.4667565822601318 3.7224881649017334 12.938127517700195 1.4462387561798096 39.28563690185547 -1.995010251139913 0.2240981161594391
Car -1 -1 -2.39 832.4385986328125 176.01004028320312 891.1227416992188 201.75796508789062 1.4867918491363525 1.5276203155517578 3.6474311351776123 13.534832954406738 1.5736300945281982 39.258235931396484 -2.0566856914792817 0.22334541380405426
Car -1 -1 -2.3 857.4458618164062 175.17642211914062 938.3187255859375 206.86289978027344 1.5620521306991577 1.608752727508545 3.8863277435302734 14.709689140319824 1.681587040424347 37.207454681396484 -1.9256340989505034 0.2202744036912918
Car -1 -1 -2.51 811.6271362304688 174.48614501953125 891.76220703125 206.1611785888672 1.5522141456604004 1.5909792184829712 3.6961374282836914 13.232329368591309 1.6300259828567505 38.78410339355469 -2.1842664375922354 0.2041778266429901
Car -1 -1 -2.48 789.0353393554688 172.32119750976562 857.8155517578125 199.6266632080078 1.4939541816711426 1.5155417919158936 3.764063596725464 12.147350311279297 1.5410284399986267 40.399356842041016 -2.1873656355466258 0.2011653035879135
Car -1 -1 -2.45 838.0980834960938 174.61294555664062 916.7235717773438 205.90794372558594 1.5388380289077759 1.5914318561553955 3.697800636291504 14.146977424621582 1.668670117855072 38.18857192993164 -2.0948161642349232 0.20096451044082642
Car -1 -1 -2.41 809.1294555664062 175.56002807617188 871.515380859375 201.91583251953125 1.512380838394165 1.5037245750427246 3.647448778152466 12.218473434448242 1.5267165899276733 39.07081985473633 -2.102425870680305 0.20028401911258698
Car -1 -1 -1.58 879.76708984375 174.99192810058594 941.6785888671875 205.19189453125 1.59993314743042 1.5954384803771973 4.171626091003418 15.931342124938965 1.6528059244155884 38.35719680786133 -1.182473799376078 0.19866156578063965
Car -1 -1 -2.4 823.1465454101562 174.9667510986328 882.4238891601562 200.69754028320312 1.4618560075759888 1.4435547590255737 3.6009602546691895 12.748644828796387 1.5253294110298157 38.68873596191406 -2.079206909662725 0.19818435609340668
Car -1 -1 -2.49 825.7290649414062 174.44747924804688 904.6405029296875 205.77334594726562 1.5346990823745728 1.5796136856079102 3.6558611392974854 13.800862312316895 1.6535155773162842 38.63543701171875 -2.1423749072686444 0.19459351897239685
Cyclist -1 -1 -2.89 798.1878051757812 173.54371643066406 875.4793701171875 200.93624877929688 1.7607789039611816 0.7401425242424011 1.8840231895446777 9.96027660369873 1.510021686553955 32.18682861328125 -2.5857846249496568 0.18915314972400665
Car -1 -1 -2.2 787.5737915039062 180.0150909423828 886.9970703125 221.26678466796875 1.5144611597061157 1.5759552717208862 3.9267446994781494 10.869022369384766 1.8012494444847107 34.41008377075195 -1.892195724555977 0.18857543170452118
Car -1 -1 -2.4 845.7860107421875 173.82321166992188 915.1153564453125 199.10720825195312 1.4432358741760254 1.4627256393432617 3.7360949516296387 15.054276466369629 1.4568507671356201 39.564109802246094 -2.03896069432927 0.18585233390331268
Car -1 -1 -2.01 873.1527709960938 175.5882568359375 955.4559936523438 207.57125854492188 1.5668232440948486 1.6261205673217773 3.8612611293792725 14.917774200439453 1.7165389657020569 36.5362663269043 -1.6224034785601988 0.18130889534950256
Car -1 -1 -2.39 852.1883544921875 176.95030212402344 911.2813720703125 206.08267211914062 1.4779949188232422 1.6026461124420166 3.815551996231079 14.232627868652344 1.6954115629196167 37.8234748840332 -2.0251142920410015 0.17360126972198486