Car -1 -1 1.91 226.7921600341797 195.5011749267578 380.1103515625 284.2573547363281 1.3950467109680176 1.5582932233810425 3.814241886138916 -5.9123921394348145 1.880767583847046 14.178214073181152 1.5186033388119835 0.8880372643470764
Car -1 -1 -1.97 766.0890502929688 186.9084014892578 1037.437255859375 350.58404541015625 1.451909065246582 1.5527091026306152 3.552955150604248 3.0588858127593994 1.6322709321975708 8.411734580993652 -1.6218290136806557 0.8765682578086853
Car -1 -1 2.06 -4.4432878494262695 195.47325134277344 279.4993085861206 357.3011474609375 1.4748947620391846 1.6297210454940796 4.161877155303955 -5.900249004364014 1.8321855068206787 9.246268272399902 1.4915058928207525 0.863175094127655
Car -1 -1 -1.79 722.6158447265625 182.23606872558594 844.5742797851562 268.9307861328125 1.487963080406189 1.5513014793395996 3.432647705078125 3.27358078956604 1.691291868686676 14.413941383361816 -1.5710866191671329 0.85249263048172
Car -1 -1 -2.36 924.2164916992188 191.9038543701172 1244.3663330078125 372.357666015625 1.4780962467193604 1.6033438444137573 3.930553913116455 2.8941571712493896 1.6307962536811829 2.903240442276001 -1.5802330821837778 0.8421721458435059
Pedestrian -1 -1 1.13 796.5117797851562 155.80734252929688 817.1902465820312 229.1407470703125 1.860235333442688 0.6751958727836609 0.6542959809303284 5.147791862487793 1.5225266814231873 19.27895164489746 1.3947255121739914 0.6013613939285278
Pedestrian -1 -1 2.43 814.1134643554688 158.92001342773438 836.223876953125 228.1717529296875 1.8410673141479492 0.6568025946617126 0.6984065175056458 5.44525146484375 1.465794563293457 18.44837760925293 2.7155475350950162 0.5766098499298096
Pedestrian -1 -1 1.63 792.0430908203125 160.2250213623047 815.829833984375 229.4325408935547 1.9066216945648193 0.6381797790527344 0.8434086441993713 5.270407199859619 1.6009125709533691 19.81597328186035 1.888017613686368 0.5687512159347534
Pedestrian -1 -1 2.75 809.9043579101562 156.0863037109375 842.372802734375 237.09617614746094 1.9059489965438843 0.6648260951042175 0.7206107974052429 5.2044677734375 1.5427039861679077 17.29200553894043 3.043343520167202 0.5044786930084229
Pedestrian -1 -1 1.25 799.1924438476562 156.80966186523438 821.6713256835938 228.26895141601562 1.8314831256866455 0.6500642895698547 0.651465117931366 5.134353160858154 1.4920386672019958 18.878204345703125 1.511024439864669 0.4818837344646454
Pedestrian -1 -1 2.08 807.8489990234375 159.88226318359375 832.399169921875 238.3614044189453 1.8571674823760986 0.6414925456047058 0.8071590662002563 5.445703029632568 1.599368393421173 18.66534996032715 2.363159970705416 0.41786864399909973
Pedestrian -1 -1 2.11 811.96435546875 157.3740234375 832.3377685546875 228.22528076171875 1.8356143236160278 0.6665485501289368 0.6806265115737915 5.497155666351318 1.4740833044052124 19.287633895874023 2.3909842066387217 0.40875598788261414
Car -1 -1 -2.99 335.487060546875 180.60633850097656 434.00244140625 218.80677795410156 1.504029393196106 1.6387128829956055 4.015741348266602 -9.553276062011719 1.8174070715904236 30.450531005859375 2.99296909055066 0.3869069218635559
Pedestrian -1 -1 2.5 798.65673828125 157.47979736328125 827.9357299804688 233.8943328857422 1.8600152730941772 0.6484590768814087 0.7016749382019043 5.389773845672607 1.501299798488617 19.48363494873047 2.7656405216426894 0.3697998821735382
Pedestrian -1 -1 1.83 794.109130859375 160.08779907226562 820.5819702148438 231.25308227539062 1.8889447450637817 0.6324747800827026 0.8310983777046204 5.424155235290527 1.6004038453102112 19.414718627929688 2.1014817672038673 0.3636113405227661
Pedestrian -1 -1 1.96 810.6115112304688 161.0458526611328 836.7809448242188 239.59918212890625 1.823721170425415 0.6417463421821594 0.7922143340110779 5.458327293395996 1.5405434966087341 18.198827743530273 2.2490371989633493 0.35271701216697693
Pedestrian -1 -1 2.21 786.2606201171875 159.89735412597656 826.1451416015625 233.64834594726562 1.8106626272201538 0.7058691382408142 0.655935525894165 5.196357250213623 1.4944584369659424 19.75907325744629 2.4633536690035474 0.3482397794723511
Pedestrian -1 -1 2.59 759.2550048828125 166.3082733154297 834.5650024414062 250.43231201171875 1.9287546873092651 0.726596474647522 0.6930111646652222 5.247393608093262 1.662113070487976 20.261503219604492 2.840623253068058 0.32116371393203735
Pedestrian -1 -1 2.4 728.6527709960938 177.9185333251953 845.826171875 268.7151794433594 1.8148722648620605 0.6770550608634949 0.7370774149894714 4.000264644622803 1.7289287447929382 15.868074417114258 2.646088996999101 0.31093281507492065
Pedestrian -1 -1 2.3 800.993896484375 162.1365203857422 843.2239379882812 235.5996551513672 1.8995883464813232 0.6822308301925659 0.6830040812492371 5.695979118347168 1.5388557314872742 19.66302490234375 2.584800240836479 0.29054921865463257
Pedestrian -1 -1 2.67 790.694091796875 159.86236572265625 833.5301513671875 236.2838897705078 1.84100341796875 0.7054590582847595 0.7232997417449951 5.540955066680908 1.5543702840805054 20.02229118347168 2.94175992486221 0.28965508937835693
Van -1 -1 3.09 332.0306091308594 178.6497039794922 436.6394348144531 220.06332397460938 1.715735912322998 1.7527493238449097 3.8539044857025146 -9.755626678466797 1.9290050268173218 30.49535369873047 2.7828550379201076 0.28767216205596924
Pedestrian -1 -1 2.34 786.4127197265625 167.1048126220703 818.8641967773438 233.2445526123047 1.7853186130523682 0.5919564366340637 0.7583376169204712 5.081035137176514 1.6859983205795288 19.26726531982422 2.601295940368928 0.2839560806751251
Car -1 -1 -2.24 925.75 187.39031982421875 1180.751708984375 364.0909729003906 1.5860382318496704 1.6084476709365845 3.6638307571411133 2.4165828227996826 1.6048242449760437 3.140268564224243 -1.586385638276722 0.2727718651294708
Car -1 -1 -1.8 738.5263671875 173.84043884277344 841.9147338867188 264.0841064453125 1.441775918006897 1.546341061592102 3.4768176078796387 4.256311416625977 1.5662054419517517 17.685810089111328 -1.5604485827032502 0.2658272385597229
Pedestrian -1 -1 1.92 776.8687744140625 164.95494079589844 832.881103515625 235.9027862548828 1.8452690839767456 0.6262463331222534 0.8928832411766052 5.187612056732178 1.540620744228363 18.730411529541016 2.189431341653166 0.25330227613449097
Car -1 -1 1.99 8.371996879577637 195.22132873535156 255.39041423797607 320.18499755859375 1.524764895439148 1.6482263803482056 4.152828216552734 -6.957799434661865 1.964081585407257 10.983617782592773 1.4301799592904842 0.23197712004184723
Car -1 -1 -2.25 863.070068359375 198.26071166992188 1213.35400390625 362.84954833984375 1.4246406555175781 1.6129014492034912 3.7517268657684326 2.6528096199035645 1.455477237701416 3.1284067630767822 -1.5434988432460486 0.2269192934036255
Cyclist -1 -1 -2.16 723.685791015625 183.3736114501953 845.5347900390625 267.476318359375 1.6525609493255615 0.5334228873252869 1.6381866931915283 3.150726795196533 1.6588679552078247 12.949638366699219 -1.921664987683596 0.21284830570220947
Pedestrian -1 -1 2.04 797.1741943359375 165.45913696289062 823.8760986328125 232.38934326171875 1.8289766311645508 0.6246799826622009 0.7829256653785706 5.47098970413208 1.6460875868797302 19.613134384155273 2.3136201462331334 0.21098601818084717
Car -1 -1 -1.75 747.5822143554688 175.200439453125 830.5795288085938 249.67742919921875 1.4613564014434814 1.5881836414337158 4.008459091186523 3.613814115524292 1.5474661588668823 15.114928245544434 -1.5171089360190981 0.2091754674911499
Car -1 -1 -2.03 816.7899169921875 192.76577758789062 1142.580078125 354.8018493652344 1.4844579696655273 1.6265590190887451 3.9281249046325684 3.692662477493286 1.8362103700637817 7.903341770172119 -1.5936677493638705 0.207915261387825
Pedestrian -1 -1 0.76 802.00048828125 163.14988708496094 826.1484375 231.7671661376953 1.833881139755249 0.6328454613685608 0.8917449712753296 5.2634077072143555 1.5701262950897217 18.543947219848633 1.0320717597088596 0.20258978009223938
Pedestrian -1 -1 2.73 807.7695922851562 157.77294921875 850.281982421875 235.0556640625 1.8769017457962036 0.6489307880401611 0.8338213562965393 5.1840596199035645 1.557656466960907 17.116687774658203 3.022654826534117 0.20178106427192688
Pedestrian -1 -1 -3.05 548.1626586914062 56.33572769165039 591.5337524414062 86.48439025878906 1.8329616785049438 0.6608241200447083 0.6157260537147522 -3.072378635406494 -6.1848737597465515 52.03461837768555 -3.110736871200654 0.19839487969875336
Pedestrian -1 -1 2.1 755.0616455078125 176.21144104003906 843.5567016601562 254.18150329589844 1.8677830696105957 0.6548052430152893 0.780453085899353 4.79725456237793 1.7194966673851013 17.458526611328125 2.3655979294522593 0.19703589379787445
Car -1 -1 0.76 2.870206117630005 203.50399780273438 40.95667386054993 241.20608520507812 1.3797624111175537 1.4890884160995483 3.6030962467193604 -21.289241790771484 2.3615397214889526 24.061607360839844 0.033816255607280965 0.19302985072135925
Car -1 -1 -1.75 730.1836547851562 182.86192321777344 882.8936767578125 275.1568603515625 1.4893532991409302 1.6173826456069946 3.6710236072540283 3.525192975997925 1.6813702583312988 15.098064422607422 -1.5174720058532705 0.18904326856136322
Car -1 -1 -1.78 729.9025268554688 187.9346160888672 901.2867431640625 290.0196838378906 1.4183756113052368 1.6135622262954712 3.6613500118255615 3.5414376258850098 1.6729313731193542 14.294727325439453 -1.5369351188238092 0.18881843984127045
Pedestrian -1 -1 1.55 774.2513427734375 169.19981384277344 825.0686645507812 241.77891540527344 1.912530541419983 0.657918393611908 0.7278087139129639 4.921769618988037 1.8134560585021973 18.957427978515625 1.802433599953165 0.1878514587879181
Car -1 -1 -1.79 759.2550048828125 166.3082733154297 834.5650024414062 250.43231201171875 1.489775538444519 1.53397798538208 3.638840913772583 5.316586017608643 1.5382551550865173 21.267444610595703 -1.5456932063682691 0.18109102547168732
Cyclist -1 -1 -1.65 776.8687744140625 164.95494079589844 832.881103515625 235.9027862548828 1.6482701301574707 0.5762487649917603 1.7614548206329346 4.955345630645752 1.5695058703422546 17.8936767578125 -1.376219545890331 0.17944085597991943
Pedestrian -1 -1 2.05 793.3525390625 168.934814453125 829.1072387695312 239.59657287597656 1.7434643507003784 0.6165908575057983 0.7997257113456726 5.327610015869141 1.6908836364746094 19.105802536010742 2.3211757063222915 0.1790781468153