Car -1 -1 2.25 -1.8793245553970337 192.8492431640625 131.57088601589203 254.70877075195312 1.452410101890564 1.5812458992004395 3.6808955669403076 -15.402677536010742 2.038760244846344 20.042816162109375 1.596450316045158 0.842658519744873
Car -1 -1 -1.58 588.0675659179688 171.5961456298828 611.2579345703125 194.02574157714844 1.6451278924942017 1.7122821807861328 4.434337615966797 -0.7401838302612305 1.5692320466041565 54.36646270751953 -1.5955658624202353 0.8150237202644348
Van -1 -1 1.89 307.3923034667969 169.6251983642578 360.2137145996094 204.72718811035156 2.1223762035369873 1.8992897272109985 4.8021745681762695 -18.013681411743164 1.9449593424797058 47.30349349975586 1.5298426835780257 0.7855998277664185
Car -1 -1 1.88 332.0291442871094 181.25830078125 376.7037048339844 205.8679962158203 1.444254755973816 1.578786015510559 3.761739730834961 -16.28289794921875 2.00155371427536 46.06960678100586 1.5402615525069567 0.7633420825004578
Van -1 -1 -1.2 228.3131866455078 163.3114471435547 297.9352722167969 213.9192352294922 2.4250853061676025 2.0735256671905518 5.315654277801514 -18.239479064941406 1.96222984790802 38.41569519042969 -1.6453306366339877 0.7600469589233398
Van -1 -1 1.5 619.3049926757812 159.0041046142578 647.9212646484375 189.1892852783203 2.676670551300049 2.1216049194335938 6.280733585357666 2.1262104511260986 1.469193309545517 65.46839141845703 1.5329451809267374 0.7356281280517578
Car -1 -1 1.91 323.3028259277344 178.48960876464844 375.6105651855469 206.12890625 1.5977249145507812 1.5790271759033203 3.9304463863372803 -16.093809127807617 1.9600732326507568 44.546363830566406 1.5587368674870374 0.5557502508163452
Car -1 -1 1.94 307.1963806152344 171.0983428955078 362.992431640625 204.04751586914062 1.903977632522583 1.6280733346939087 3.9131879806518555 -16.70982551574707 1.9098542928695679 44.160804748535156 1.5762586164441768 0.4977819323539734
Car -1 -1 1.97 227.96469116210938 165.11038208007812 299.1960754394531 215.41854858398438 2.260213851928711 1.779025912284851 4.281189441680908 -17.501636505126953 2.046910285949707 36.475563049316406 1.5194062979681693 0.4774920344352722
Car -1 -1 1.9 315.8709716796875 176.19485473632812 367.47918701171875 204.83187866210938 1.589580774307251 1.615919828414917 4.001698970794678 -16.723812103271484 1.9537229537963867 46.246341705322266 1.5557079135685203 0.3986995816230774
Van -1 -1 1.88 314.0294494628906 173.08616638183594 364.7875061035156 204.14703369140625 2.1128809452056885 1.884943962097168 4.923142910003662 -18.376949310302734 2.0752230882644653 49.39970779418945 1.52333347394422 0.31556615233421326
Car -1 -1 2.01 230.62344360351562 176.40292358398438 297.7539367675781 216.7761993408203 1.815148115158081 1.713539958000183 3.9042258262634277 -18.131752014160156 2.1662739515304565 37.836063385009766 1.5642172078966228 0.22858959436416626