Car -1 -1 -1.58 554.2030639648438 174.461669921875 629.7993774414062 242.44906616210938 1.5839736461639404 1.6843609809875488 3.9376089572906494 -0.4436587691307068 1.3225290179252625 18.98356056213379 -1.6050867701039184 0.8863809108734131
Car -1 -1 -1.43 471.24072265625 177.62379455566406 533.7597045898438 227.07794189453125 1.4883270263671875 1.643675446510315 4.0218505859375 -3.4837393760681152 1.2919932007789612 24.627235412597656 -1.5706054067773092 0.8540210127830505
Car -1 -1 -1.37 412.4523010253906 186.1729278564453 516.001953125 250.6293487548828 1.382521629333496 1.625389814376831 4.071678638458252 -3.3858463764190674 1.4189187288284302 17.557666778564453 -1.5569797491417248 0.8431247472763062
Truck -1 -1 -1.03 34.31385803222656 -10.771987915039062 463.7823028564453 375.00718688964844 3.5156397819519043 2.4802157878875732 8.35471248626709 -3.542572021484375 1.6058954298496246 7.478682518005371 -1.4766321318514724 0.7259941101074219
Car -1 -1 -1.48 503.1880798339844 174.64593505859375 549.59765625 212.59457397460938 1.5874429941177368 1.6361546516418457 4.324412822723389 -3.8092057704925537 1.205621987581253 33.047645568847656 -1.5944507878351786 0.641330361366272
Van -1 -1 2.37 20.85315704345703 -14.800507545471191 446.8624038696289 380.6023244857788 2.7648041248321533 2.1168994903564453 6.520477771759033 -3.1873939037323 1.439664538949728 6.4722700119018555 1.9145991393568433 0.5987886190414429
Car -1 -1 -1.56 519.0007934570312 174.33871459960938 558.8700561523438 207.44337463378906 1.625897765159607 1.6773468255996704 4.288091659545898 -3.839651584625244 1.088669627904892 40.63874053955078 -1.650215304479386 0.5296769738197327
Car -1 -1 -1.59 560.7532348632812 173.7829132080078 624.287109375 231.26072692871094 1.6787470579147339 1.6944005489349365 4.14011812210083 -0.4391133189201355 1.288787305355072 23.879146575927734 -1.6126683123219898 0.4538223445415497
Truck -1 -1 2.03 135.92535400390625 10.847129821777344 468.4110412597656 344.0553207397461 3.332340955734253 2.3905956745147705 7.780937194824219 -3.529224157333374 1.5891363471746445 8.558749198913574 1.6375857806453773 0.44679421186447144
Car -1 -1 -1.49 496.7443542480469 176.320068359375 543.8259887695312 215.90914916992188 1.5601332187652588 1.6272531747817993 4.269895076751709 -3.8548853397369385 1.255866527557373 33.56550216674805 -1.6018640965174615 0.41093724966049194
Car -1 -1 -1.49 487.8372497558594 176.98104858398438 541.3673095703125 220.2557830810547 1.556848168373108 1.5898722410202026 4.269903659820557 -3.867107391357422 1.27608260512352 31.231399536132812 -1.6136148787781428 0.4023789167404175
Car -1 -1 -1.39 430.7540588378906 181.50778198242188 519.4043579101562 245.0 1.4247798919677734 1.6415925025939941 4.072747230529785 -3.2741849422454834 1.3464806079864502 17.638212203979492 -1.577305538762821 0.37562963366508484
Car -1 -1 -1.48 526.1716918945312 175.63229370117188 560.75390625 206.30966186523438 1.5778682231903076 1.6282520294189453 3.9904088973999023 -3.6283130645751953 1.1233859658241272 41.231781005859375 -1.567249847477557 0.3355178236961365
Car -1 -1 -1.49 511.4172668457031 175.3831024169922 554.6515502929688 211.17886352539062 1.515974998474121 1.6144753694534302 4.3020339012146 -3.5179591178894043 1.209783285856247 33.66020965576172 -1.5903885575717904 0.3110852837562561
Car -1 -1 -1.46 463.55029296875 181.20828247070312 531.288818359375 233.41444396972656 1.4659380912780762 1.6437513828277588 4.107460021972656 -3.437269449234009 1.3458482027053833 24.1578311920166 -1.6010489840074786 0.29876813292503357
Car -1 -1 -2.09 575.8285522460938 172.1188507080078 623.1913452148438 217.19837951660156 1.700907588005066 1.7046164274215698 4.414177894592285 -0.44309237599372864 1.1622376143932343 32.787986755371094 -2.107487613547491 0.25549495220184326
Van -1 -1 -1.43 469.3279724121094 178.240478515625 533.4274291992188 228.7082061767578 1.8454076051712036 1.7563002109527588 4.382869243621826 -3.670196533203125 1.4976868629455566 25.677471160888672 -1.5713518874263377 0.24736830592155457
Car -1 -1 0.68 808.7802734375 245.06619262695312 1065.3597412109375 369.3787536621094 1.4859652519226074 1.6089019775390625 3.8918468952178955 1.4099071025848389 1.7076898217201233 2.5125577449798584 1.1915871210218167 0.23981478810310364
Car -1 -1 -1.47 491.52001953125 173.27828979492188 537.1285400390625 213.8854217529297 1.6485300064086914 1.7230085134506226 4.095309257507324 -3.954206943511963 1.201642006635666 32.42116928100586 -1.594304653767237 0.227929949760437
Car -1 -1 -1.33 483.39111328125 174.35350036621094 534.1836547851562 216.93434143066406 1.6215500831604004 1.7006951570510864 4.08662223815918 -4.152609825134277 1.2215571701526642 31.740488052368164 -1.4610743565529116 0.22630271315574646
Car -1 -1 -1.39 389.94769287109375 186.20616149902344 508.4241943359375 256.6145324707031 1.4944778680801392 1.6417402029037476 4.316980838775635 -3.4394266605377197 1.531456470489502 17.668697357177734 -1.5836256537604632 0.21287912130355835
Car -1 -1 -1.45 404.282958984375 174.6791534423828 500.36767578125 247.2183837890625 1.4603115320205688 1.6443670988082886 4.396820068359375 -3.648643970489502 1.3616074919700623 17.65083122253418 -1.6541501635636564 0.21220336854457855
Van -1 -1 -1.51 515.15185546875 173.93345642089844 552.8722534179688 210.05140686035156 1.9122980833053589 1.8083794116973877 4.744477272033691 -4.039641857147217 1.2438209056854248 39.85246658325195 -1.6069557346455987 0.20765453577041626
Truck -1 -1 -0.89 6.825973987579346 -25.971939086914062 395.2130284309387 386.5043182373047 3.7991158962249756 2.45812726020813 8.13693904876709 -3.890761137008667 1.7210685908794403 6.612663269042969 -1.4256889631442835 0.20707859098911285
Truck -1 -1 2.03 178.89697265625 25.548477172851562 478.0392150878906 316.93861389160156 3.197580337524414 2.3819236755371094 7.372664928436279 -3.330272912979126 1.4871090725064278 8.344736099243164 1.6537376223397073 0.20427459478378296
Van -1 -1 -1.48 507.131103515625 175.28428649902344 550.329345703125 212.23135375976562 1.8297427892684937 1.7884608507156372 4.551787853240967 -4.093847751617432 1.2540181577205658 37.13865280151367 -1.589648347331238 0.19992166757583618
Van -1 -1 -1.1 -5.309535026550293 -17.37004852294922 355.2377061843872 359.2835464477539 2.590219259262085 2.0236051082611084 6.055052280426025 -2.0924196243286133 1.4100602567195892 2.465514659881592 -1.8018634708361567 0.19979463517665863
Car -1 -1 -1.46 507.7198181152344 172.55616760253906 547.6204833984375 208.80328369140625 1.6487675905227661 1.6879736185073853 4.038498401641846 -4.107933044433594 1.1175824999809265 38.00936508178711 -1.5683897827395032 0.19336263835430145
Car -1 -1 2.12 299.74755859375 179.03282165527344 360.1296081542969 209.30142211914062 1.4663079977035522 1.505177617073059 4.196421146392822 -17.077739715576172 1.3138812184333801 43.868648529052734 1.7516890099732167 0.18781308829784393
Van -1 -1 1.36 -33.89239501953125 24.912424087524414 546.258544921875 382.79383277893066 2.5745744705200195 2.4089012145996094 6.185215950012207 -2.8039517402648926 1.345008060336113 5.409452438354492 0.8798206131575892 0.1863008290529251
Car -1 -1 0.72 817.9088134765625 221.59637451171875 1120.0872802734375 372.5671691894531 1.4995906352996826 1.6345009803771973 4.105973720550537 2.659031867980957 1.7876582145690918 2.7784125804901123 1.4854998877339147 0.18398192524909973
Van -1 -1 -1.42 491.7310485839844 175.37530517578125 541.7780151367188 216.795654296875 1.8946858644485474 1.8410459756851196 4.599669456481934 -4.182582855224609 1.2907094359397888 35.45328903198242 -1.5344761932894286 0.1813746690750122
Truck -1 -1 -0.03 -8.66795825958252 -8.62051010131836 340.42014598846436 335.74032974243164 3.5448226928710938 2.5011539459228516 8.003914833068848 -3.9468209743499756 1.5933915078639984 5.047143936157227 -0.695942474193894 0.1724853664636612
Van -1 -1 0.38 -70.74369049072266 -23.707021713256836 504.45772552490234 333.11374855041504 1.9500681161880493 1.7439091205596924 5.941179275512695 -2.473900318145752 1.2704753279685974 5.080077171325684 -0.06945104853260498 0.165906623005867
Car -1 -1 1.94 323.9817810058594 184.8741455078125 384.8663635253906 217.2753143310547 1.4008216857910156 1.5046193599700928 4.070667743682861 -14.89857292175293 1.4137415885925293 42.8246955871582 1.6048343437095527 0.16257566213607788
Van -1 -1 1.98 -64.0385971069336 3.031597852706909 470.0918960571289 419.45756220817566 2.4114937782287598 2.162043809890747 6.048454761505127 -1.190565824508667 1.2290982212871313 3.3861169815063477 1.6426459216713978 0.1599026769399643
Car -1 -1 1.94 329.7635803222656 181.1372833251953 381.5162353515625 208.64871215820312 1.5699923038482666 1.6003925800323486 3.949547290802002 -16.283723831176758 1.2558763325214386 46.2124137878418 1.5984848060440546 0.15891407430171967
Car -1 -1 -1.65 543.5092163085938 173.25636291503906 584.5833740234375 211.07388305664062 1.5263700485229492 1.63686203956604 3.947679042816162 -2.941754102706909 1.062598466873169 44.629356384277344 -1.7204428178752877 0.14739634096622467