Car -1 -1 -1.76 690.7460327148438 162.2498321533203 782.1087646484375 239.75791931152344 1.843191146850586 1.645943284034729 3.576514720916748 3.354273796081543 1.3569409251213074 18.707399368286133 -1.5795662726106068 0.8502072095870972
Pedestrian -1 -1 2.98 1006.1024780273438 156.90432739257812 1088.593994140625 294.4696044921875 1.6766853332519531 0.5947758555412292 0.8051615953445435 5.7118144035339355 1.3406972289085388 9.213431358337402 -2.7498041224737166 0.7564273476600647
Pedestrian -1 -1 1.41 456.0216064453125 170.47647094726562 478.0345458984375 226.69252014160156 1.7305101156234741 0.613090455532074 0.5684792995452881 -4.060412883758545 1.3839200139045715 22.16380500793457 1.2281182884784094 0.7194262146949768
Pedestrian -1 -1 2.45 534.0922241210938 180.45716857910156 553.6934814453125 227.71595764160156 1.6286674737930298 0.602135181427002 0.6872110962867737 -1.901340126991272 1.536612868309021 24.04093360900879 2.373384271069752 0.6388540267944336
Pedestrian -1 -1 -0.5 530.673095703125 179.7178955078125 547.8562622070312 227.66871643066406 1.5101838111877441 0.5961994528770447 0.7873378992080688 -1.9458867311477661 1.436598539352417 22.73825454711914 -0.5844212593067089 0.6094396710395813
Pedestrian -1 -1 -2.99 994.5498657226562 150.521240234375 1099.3131103515625 316.4871826171875 1.7262922525405884 0.6553316116333008 0.7971750497817993 5.407233238220215 1.3926270008087158 8.751504898071289 -2.4367995255880732 0.6071224808692932
Pedestrian -1 -1 1.59 517.6937255859375 175.4260711669922 541.8989868164062 228.98239135742188 1.5964696407318115 0.6095036864280701 0.7485296726226807 -2.1225929260253906 1.401794970035553 21.44440460205078 1.4865526551181878 0.5991886854171753
Pedestrian -1 -1 2.82 517.4917602539062 178.64083862304688 536.5283203125 227.11117553710938 1.5026655197143555 0.5963514447212219 0.6290203928947449 -2.2466049194335938 1.4346869587898254 22.545610427856445 2.719499740606917 0.5964633822441101
Pedestrian -1 -1 1.73 522.7880249023438 175.32470703125 547.6149291992188 229.14654541015625 1.6028894186019897 0.6151028871536255 0.7671281695365906 -1.8538087606430054 1.3881202936172485 21.412506103515625 1.6423564993682405 0.5907177925109863
Cyclist -1 -1 1.24 840.663330078125 173.93008422851562 1104.908203125 374.9630432128906 1.7029646635055542 0.6111009120941162 1.689478874206543 2.5394492149353027 1.538095235824585 5.046815872192383 1.7061163069598875 0.5893588066101074
Pedestrian -1 -1 2.45 516.779052734375 180.78970336914062 532.6644287109375 226.64869689941406 1.6002498865127563 0.5976894497871399 0.6035593152046204 -2.4124643802642822 1.5032039880752563 23.089815139770508 2.341300539575891 0.47939175367355347
Van -1 -1 -1.74 693.1817016601562 164.65798950195312 781.6948852539062 239.5238800048828 1.926123857498169 1.7052412033081055 4.014946937561035 3.5336928367614746 1.4809542298316956 19.674501419067383 -1.5623383537888476 0.47314074635505676
Car -1 -1 1.06 848.426025390625 175.7067108154297 1156.8333740234375 368.7603759765625 1.5316100120544434 1.4774664640426636 3.2248148918151855 3.097583770751953 1.6310959458351135 6.117729187011719 1.526847896037018 0.45501095056533813
Cyclist -1 -1 -2.68 999.4618530273438 149.4891357421875 1094.00146484375 302.40521240234375 1.6844725608825684 0.5703099966049194 1.7044427394866943 5.678098201751709 1.272487998008728 9.114398956298828 -2.127501639062677 0.4457114636898041
Pedestrian -1 -1 -1.15 523.5828857421875 181.08770751953125 540.2935180664062 227.42202758789062 1.49399995803833 0.5876649022102356 0.6434221863746643 -2.2838964462280273 1.472546100616455 23.536775588989258 -1.2487949471916915 0.43021121621131897
Pedestrian -1 -1 2.15 526.9189453125 174.78565979003906 550.6223754882812 229.52542114257812 1.6304125785827637 0.6318050026893616 0.7648550868034363 -1.7268863916397095 1.3832061886787415 21.42601776123047 2.071437225452306 0.4271232485771179
Pedestrian -1 -1 3.14 967.5869140625 142.7980194091797 1107.1343994140625 327.9827880859375 1.8150657415390015 0.6743903756141663 0.7262576222419739 5.392038345336914 1.36617112159729 8.784444808959961 -2.596313600493903 0.41414400935173035
Cyclist -1 -1 0.18 971.4254150390625 145.47152709960938 1100.7464599609375 321.1117248535156 1.6865558624267578 0.5999739766120911 1.5887635946273804 5.177905559539795 1.401995062828064 8.476283073425293 0.7324033066255371 0.41071954369544983
Cyclist -1 -1 0.38 946.87744140625 153.5565643310547 1109.5186767578125 333.0122985839844 1.7269608974456787 0.6062945127487183 1.5662693977355957 4.785832405090332 1.4472739696502686 7.937094211578369 0.924419806600369 0.3440818786621094
Cyclist -1 -1 1.14 873.186767578125 171.87921142578125 1088.732666015625 359.6311340332031 1.6742314100265503 0.5714209079742432 1.7402161359786987 2.7056691646575928 1.446404218673706 5.107112884521484 1.630174247581155 0.33965545892715454
Pedestrian -1 -1 -3.09 848.426025390625 175.7067108154297 1156.8333740234375 368.7603759765625 1.7630902528762817 0.5109070539474487 0.5991315245628357 2.850834608078003 1.5397979021072388 5.3533830642700195 -2.600645687191138 0.3146565556526184
Cyclist -1 -1 1.19 892.1986694335938 174.36492919921875 1120.51953125 371.37677001953125 1.6275047063827515 0.5659273862838745 1.6392241716384888 2.929961919784546 1.4448419213294983 5.407594203948975 1.691521147378901 0.28931328654289246
Car -1 -1 0.96 834.836669921875 181.01583862304688 1080.0299072265625 378.5498962402344 1.4389492273330688 1.515546441078186 3.342785120010376 3.4593749046325684 1.5949722528457642 6.360319137573242 1.4593123886108774 0.277107834815979
Cyclist -1 -1 1.1 854.48681640625 189.29928588867188 1179.834228515625 374.1399841308594 1.6355446577072144 0.5761082768440247 1.6130411624908447 2.655423879623413 1.5392547845840454 4.9108428955078125 1.5956225548525778 0.27665746212005615
Pedestrian -1 -1 3.13 909.30224609375 159.55284118652344 1118.065185546875 350.1152038574219 1.7185003757476807 0.6457032561302185 0.6883046627044678 4.660158634185791 1.4861671328544617 7.721414089202881 -2.614531941500683 0.25732991099357605
Cyclist -1 -1 1.99 1007.3767700195312 149.97792053222656 1075.7093505859375 292.4569091796875 1.6090978384017944 0.5885257720947266 1.6868959665298462 5.557318687438965 1.274022251367569 8.904507637023926 2.543099388390644 0.25705671310424805
Cyclist -1 -1 -1.94 693.1549072265625 163.04153442382812 780.78662109375 241.7759552001953 1.8119131326675415 0.5927647948265076 1.7968326807022095 2.7494664192199707 1.3373510241508484 14.99732780456543 -1.7569468156528467 0.24566368758678436
Cyclist -1 -1 1.3 831.7261352539062 160.36495971679688 1072.0955810546875 352.1378173828125 1.7086926698684692 0.6312150955200195 1.707866907119751 2.4902055263519287 1.5058305859565735 5.191005229949951 1.7424936975574674 0.2302166223526001
Car -1 -1 1.3 889.0838012695312 151.5896759033203 1172.105224609375 363.2315368652344 1.584318995475769 1.609479308128357 3.8186287879943848 3.51469087600708 1.5468578934669495 5.203848361968994 1.8931030991899185 0.21921008825302124
Car -1 -1 0.93 813.486572265625 151.95889282226562 1115.1654052734375 370.777099609375 1.7005770206451416 1.534480094909668 3.346130609512329 3.5567495822906494 1.75608628988266 6.1833391189575195 1.4535725512095503 0.21743540465831757
Van -1 -1 1.59 910.2022705078125 111.30052947998047 1184.1002197265625 360.6716537475586 2.103410482406616 1.9123300313949585 4.8074870109558105 4.290490627288818 1.4447504878044128 5.484318733215332 2.2557265998512097 0.20156079530715942
Cyclist -1 -1 1.32 889.0838012695312 151.5896759033203 1172.105224609375 363.2315368652344 1.7357615232467651 0.562422513961792 1.8354525566101074 3.0139594078063965 1.361634910106659 4.703518390655518 1.8908562021579831 0.19998899102210999
Pedestrian -1 -1 -2.51 873.186767578125 171.87921142578125 1088.732666015625 359.6311340332031 1.604316234588623 0.6043343544006348 0.6693906784057617 2.997924566268921 1.4535091519355774 5.646282196044922 -2.018585381317985 0.19632548093795776
Van -1 -1 1.92 960.6380615234375 86.27828979492188 1215.593017578125 353.6795654296875 2.2673425674438477 2.0466184616088867 4.914098739624023 4.405994892120361 1.4872265756130219 4.637447834014893 2.676053954705395 0.19110903143882751
Pedestrian -1 -1 1.93 992.3385009765625 154.312744140625 1143.9222412109375 328.49200439453125 1.8961563110351562 0.7045417428016663 0.7963104844093323 5.350557804107666 1.587514340877533 8.822345733642578 2.480029289953589 0.18715941905975342
Truck -1 -1 -1.91 910.2022705078125 111.30052947998047 1184.1002197265625 360.6716537475586 3.1666054725646973 2.285163640975952 6.956694602966309 5.4129109382629395 1.7018172815442085 7.052978992462158 -1.2513499499775511 0.1837100088596344
Truck -1 -1 -0.98 953.2409057617188 69.1532211303711 1203.087646484375 333.91646575927734 3.1959004402160645 2.2831835746765137 6.659022808074951 6.146165370941162 1.6474735625088215 7.522635459899902 -0.2899830203977074 0.18264076113700867
Cyclist -1 -1 1.25 910.2022705078125 111.30052947998047 1184.1002197265625 360.6716537475586 1.8285555839538574 0.5673895478248596 1.8733998537063599 3.349423885345459 1.3540736436843872 4.879549503326416 1.8549455875382472 0.17995882034301758
Pedestrian -1 -1 0.9 889.0838012695312 151.5896759033203 1172.105224609375 363.2315368652344 2.0040581226348877 0.5620110630989075 0.9158163070678711 3.2101380825042725 1.5346412658691406 5.216384410858154 1.4560760210702703 0.17919811606407166
Car -1 -1 1.38 878.6669311523438 170.80516052246094 1108.822509765625 360.513916015625 1.528011679649353 1.5675525665283203 3.350534677505493 3.6077096462249756 1.488901674747467 6.65178108215332 1.8815027987623987 0.16390232741832733
Car -1 -1 0.92 807.0194702148438 176.0211944580078 863.456787109375 209.18209838867188 1.4294888973236084 1.5907365083694458 4.2129950523376465 11.651676177978516 1.174670159816742 35.223026275634766 1.234504723448996 0.16088199615478516
Van -1 -1 1.2 889.0838012695312 151.5896759033203 1172.105224609375 363.2315368652344 1.9354370832443237 1.8259798288345337 4.405407905578613 3.6423020362854004 1.4724183678627014 5.14021635055542 1.8151725759044135 0.15932370722293854
Car -1 -1 0.73 949.878173828125 209.9883575439453 1213.689453125 376.16259765625 1.4338641166687012 1.5477092266082764 3.684345245361328 2.736309766769409 1.4664294123649597 2.9836108684539795 1.4756995698164355 0.1571868658065796
Truck -1 -1 -0.07 889.0838012695312 151.5896759033203 1172.105224609375 363.2315368652344 3.154062271118164 2.2121498584747314 6.909148693084717 4.521249294281006 1.9796294271945953 6.451493740081787 0.5449116520162356 0.1466502696275711