Car -1 -1 -1.84 703.6654052734375 182.0057373046875 868.1726684570312 286.2480773925781 1.40433931350708 1.6406723260879517 4.010974407196045 2.7826273441314697 1.6414331793785095 12.391246795654297 -1.6217628958571897 0.8892675638198853
Van -1 -1 -0.4 704.8065185546875 156.91212463378906 857.9664916992188 221.35910034179688 2.3845744132995605 2.1749866008758545 5.8638997077941895 6.885836601257324 1.7243417501449585 28.51140594482422 -0.15878296837617434 0.32554739713668823
Car -1 -1 -0.34 854.0879516601562 173.5111541748047 1008.944091796875 228.4999237060547 1.428074598312378 1.5572620630264282 3.828310966491699 10.027019500732422 1.7047527432441711 23.068859100341797 0.07453386428622544 0.2676691710948944
Car -1 -1 -0.23 852.2096557617188 177.18637084960938 956.275634765625 215.96868896484375 1.4718539714813232 1.5514874458312988 3.7524044513702393 11.384953498840332 1.6878277659416199 26.842350006103516 0.17601594761120154 0.26483380794525146
Car -1 -1 -1.28 530.5389404296875 170.7992706298828 572.3778076171875 222.63958740234375 1.4641265869140625 1.5037784576416016 3.68113374710083 -2.361358880996704 1.6930941343307495 30.677913665771484 -1.3616634726996395 0.2518620491027832
Van -1 -1 -0.11 699.3060302734375 162.4827880859375 856.8276977539062 234.5698699951172 2.258119583129883 2.0319771766662598 5.961147308349609 6.913163185119629 1.5873454809188843 30.196813583374023 0.11010110389042715 0.25147828459739685
Car -1 -1 -0.87 699.9303588867188 159.24937438964844 856.8088989257812 230.79364013671875 1.750377893447876 1.645913004875183 4.363675117492676 5.736154079437256 1.3601698279380798 25.53741455078125 -0.6492771660905658 0.24904614686965942
Car -1 -1 -1.8 705.6161499023438 170.10093688964844 868.6989135742188 263.8830261230469 1.3685307502746582 1.6534626483917236 3.97255802154541 3.1348013877868652 1.4786570072174072 13.282929420471191 -1.5711872616891007 0.2289935201406479
Car -1 -1 -0.11 706.9376220703125 159.9808349609375 839.5872802734375 215.7627716064453 1.730398416519165 1.7057405710220337 4.369973182678223 6.180285453796387 1.4589930176734924 26.730527877807617 0.11813423147268409 0.21866710484027863
Car -1 -1 -0.34 872.2823486328125 172.56614685058594 1033.009521484375 231.18475341796875 1.4771199226379395 1.6090606451034546 3.8652114868164062 9.783934593200684 1.67799711227417 20.27333641052246 0.10635585147501025 0.20694364607334137
Cyclist -1 -1 3.0 525.6323852539062 170.52536010742188 569.1002197265625 223.05007934570312 1.6389257907867432 0.606394350528717 1.7822457551956177 -2.114816188812256 1.6065474152565002 23.878610610961914 2.907240132753504 0.19546116888523102
Pedestrian -1 -1 1.51 530.5389404296875 170.7992706298828 572.3778076171875 222.63958740234375 1.7299553155899048 0.5981687903404236 0.7347596287727356 -1.9293667078018188 1.6926190853118896 24.344778060913086 1.4283094857200105 0.18583360314369202
Car -1 -1 -1.79 700.3741455078125 177.6509552001953 840.9092407226562 267.8438720703125 1.4213008880615234 1.5844517946243286 3.970379114151001 2.937502384185791 1.5628013014793396 12.605220794677734 -1.5612445292404944 0.18473629653453827
Car -1 -1 -1.6 948.2646484375 165.6657257080078 1168.3909912109375 249.01866149902344 1.6034775972366333 1.6024867296218872 4.188250541687012 10.333552360534668 1.6492997407913208 16.681297302246094 -1.0418782655341996 0.1826534867286682
Car -1 -1 -0.39 5.0628790855407715 296.04632568359375 96.3810248374939 394.10504150390625 1.422019600868225 1.6580647230148315 4.112495422363281 -2.4026074409484863 1.4352361559867859 1.3960846662521362 -1.4387012211710823 0.17621493339538574
Car -1 -1 0.46 912.578125 168.94358825683594 1103.9208984375 249.40293884277344 1.608898401260376 1.584646463394165 3.929380178451538 10.302366256713867 1.770700752735138 18.232288360595703 0.9720651571390846 0.17601001262664795
Car -1 -1 -0.47 -0.1426183581352234 240.4020233154297 146.79781132936478 385.1972961425781 1.5687047243118286 1.5338735580444336 3.641528844833374 -2.1598739624023438 1.4833511710166931 1.0166237354278564 -1.5971801352184727 0.1746637523174286
Car -1 -1 -0.9 707.1571655273438 168.24851989746094 847.2708740234375 247.900146484375 1.511193037033081 1.625133752822876 4.2493205070495605 4.872952938079834 1.6322389245033264 21.635087966918945 -0.6766910056391016 0.17096440494060516
Car -1 -1 -0.44 0.2626430094242096 286.9740905761719 112.42917743325233 390.40716552734375 1.4751094579696655 1.6295247077941895 3.9279496669769287 -1.8768689632415771 1.3140081763267517 1.121029019355774 -1.4678671858530645 0.16284428536891937