Car -1 -1 -1.6 1019.84814453125 189.18771362304688 1201.6009521484375 334.9183349609375 1.4542665481567383 1.638132929801941 3.736525058746338 6.6965742111206055 1.715534269809723 9.72793197631836 -0.9953037166020886 0.8882331252098083
Pedestrian -1 -1 3.02 385.62078857421875 58.24708557128906 409.7052307128906 93.08111572265625 1.7488056421279907 0.6547260284423828 0.6084048748016357 -11.654769897460938 -4.18348902463913 39.94175720214844 2.741025099952952 0.3809971511363983
Car -1 -1 -0.41 6.521750450134277 223.6822509765625 118.5114278793335 376.16680908203125 1.5481336116790771 1.6083095073699951 3.913907527923584 -1.7653262615203857 1.314424753189087 0.9221699833869934 -1.5038952323443597 0.23194876313209534
Car -1 -1 -0.4 16.658653259277344 230.36949157714844 182.28887176513672 364.1422424316406 1.5242928266525269 1.6077003479003906 3.8615520000457764 -1.8937748670578003 1.3835413455963135 1.073408842086792 -1.4561154140950912 0.22834454476833344
Car -1 -1 -0.39 9.141018867492676 226.43902587890625 154.82909870147705 370.3918151855469 1.540523886680603 1.610084891319275 3.8873238563537598 -1.7743788957595825 1.3286290764808655 0.9424554705619812 -1.471458672393112 0.22789478302001953
Pedestrian -1 -1 -2.91 384.52398681640625 55.9837760925293 412.7953186035156 90.15536499023438 1.7654519081115723 0.6572757363319397 0.6242717504501343 -11.364120483398438 -4.315460443496704 39.26118850708008 3.095834208202387 0.193240225315094
Car -1 -1 -0.47 -10.919035911560059 223.96588134765625 87.43365573883057 376.77734375 1.6386802196502686 1.5513107776641846 3.67937970161438 -1.899971604347229 1.410460352897644 1.0532848834991455 -1.5351037175491475 0.18715812265872955
Pedestrian -1 -1 -2.97 372.61785888671875 55.546199798583984 417.7360534667969 97.00397491455078 1.7549502849578857 0.6095573902130127 0.6941465735435486 -8.632906913757324 -2.8214679956436157 30.003923416137695 3.0330700325208984 0.1862907111644745
Car -1 -1 -0.48 3.3306713104248047 220.83389282226562 26.605009078979492 367.5021667480469 1.5681095123291016 1.618921160697937 3.7916746139526367 -1.9644800424575806 1.2336296439170837 0.9968463778495789 -1.583001614568559 0.1834377646446228
Pedestrian -1 -1 2.22 360.657958984375 40.69367218017578 423.9742126464844 107.30899810791016 1.773674726486206 0.617885947227478 0.8686435222625732 -5.507124423980713 -1.5337015390396118 18.47088623046875 1.9288867807658736 0.1755644679069519
Car -1 -1 -1.83 1129.530517578125 178.3151397705078 1228.5179443359375 231.16749572753906 1.7085801362991333 1.7338576316833496 4.123425006866455 23.574169158935547 2.208166539669037 29.498985290527344 -1.1562053404303256 0.17392288148403168
Car -1 -1 -0.44 5.482471942901611 217.12461853027344 35.738014698028564 375.61004638671875 1.6372356414794922 1.6347874402999878 3.866314649581909 -2.31313157081604 1.3785381317138672 1.0937203168869019 -1.572207907145721 0.1730152815580368
Car -1 -1 -0.59 -9.911153793334961 244.5711212158203 66.52924537658691 362.2276611328125 1.709770679473877 1.627092957496643 3.9273366928100586 -2.1939239501953125 1.4754751920700073 1.4876339435577393 -1.5628447212203556 0.16827797889709473
Car -1 -1 -0.42 27.668909072875977 249.7443389892578 170.62781715393066 369.5704345703125 1.5116229057312012 1.597232460975647 3.8232502937316895 -1.4469733238220215 1.2491859197616577 0.8420171737670898 -1.4684744717003788 0.16561685502529144
Car -1 -1 -0.44 0.969581127166748 207.6858673095703 24.11129140853882 362.4393310546875 1.6047865152359009 1.6338236331939697 3.7954037189483643 -2.098543405532837 1.270397961139679 1.1109423637390137 -1.5207719152422987 0.1604200303554535
Car -1 -1 -0.58 2.5632550716400146 251.4459228515625 54.12015891075134 359.053955078125 1.3211987018585205 1.5104390382766724 3.314183235168457 -2.371945381164551 1.311424732208252 1.6116433143615723 -1.5565081757584727 0.15266497433185577
Pedestrian -1 -1 -2.33 379.68572998046875 61.683956146240234 415.8474426269531 95.72624969482422 1.749093770980835 0.6736931800842285 0.6646385192871094 -10.692779541015625 -3.6098510026931763 37.06404113769531 -2.6106162142600793 0.13804443180561066
Car -1 -1 -0.6 0.644628643989563 246.07369995117188 43.49297916889191 352.05267333984375 1.3382794857025146 1.515662670135498 3.3819663524627686 -2.940429925918579 1.4262551069259644 2.074573516845703 -1.5590731186978415 0.13766063749790192