Car -1 -1 -1.69 674.19970703125 171.31407165527344 758.5953369140625 236.2938232421875 1.5063056945800781 1.6180214881896973 3.983095645904541 2.705810546875 1.5394872426986694 19.42949676513672 -1.553964039182084 0.8622018098831177
Car -1 -1 -1.81 534.4811401367188 169.98695373535156 574.066162109375 204.09872436523438 1.6618525981903076 1.684381127357483 3.759833812713623 -2.82051944732666 1.5262548327445984 37.079627990722656 -1.8813296732478335 0.8505964875221252
Car -1 -1 -1.65 655.9240112304688 169.44696044921875 706.0253295898438 209.7414093017578 1.512965440750122 1.6270960569381714 3.877950429916382 2.8928356170654297 1.4192146062850952 30.353347778320312 -1.5544387692240225 0.827992856502533
Van -1 -1 -1.76 707.281005859375 136.20176696777344 855.9269409179688 266.69976806640625 2.106112003326416 1.8538925647735596 4.513617992401123 3.1051924228668213 1.488401472568512 14.002820014953613 -1.5425054286125297 0.8004921078681946
Car -1 -1 -1.77 706.7034912109375 139.06753540039062 859.2322998046875 267.658203125 2.069404363632202 1.7596752643585205 4.368852615356445 2.9687395095825195 1.4836180806159973 13.710695266723633 -1.561577994763712 0.7026920318603516
Car -1 -1 -1.63 671.8743286132812 174.97959899902344 738.3072509765625 224.92259216308594 1.3858578205108643 1.5495507717132568 3.7604641914367676 2.9512686729431152 1.4760428071022034 24.220277786254883 -1.5112559502804999 0.5720214247703552
Car -1 -1 -1.69 642.4237060546875 168.7522430419922 666.332763671875 193.79615783691406 1.5330743789672852 1.5550916194915771 3.6757404804229736 3.085498809814453 1.3574299216270447 51.26811218261719 -1.628610164571901 0.47926023602485657
Car -1 -1 -1.69 639.5526733398438 166.7003631591797 664.7510375976562 191.7968292236328 1.5735893249511719 1.5189754962921143 3.6974990367889404 3.0437231063842773 1.354087233543396 50.922210693359375 -1.6269977598576464 0.43164488673210144
Car -1 -1 -1.64 644.1400146484375 170.37045288085938 671.1787719726562 195.00563049316406 1.4406532049179077 1.602499008178711 3.5725462436676025 3.2378251552581787 1.3554004430770874 49.10417556762695 -1.574124930706101 0.4011375308036804
Car -1 -1 -1.56 659.5272827148438 172.52516174316406 711.5581665039062 214.48831176757812 1.499742865562439 1.6192291975021362 3.764585018157959 2.9098267555236816 1.497544288635254 28.204965591430664 -1.4545164516514735 0.39400821924209595
Car -1 -1 -1.6 669.6676025390625 174.6289520263672 724.8672485351562 220.96302795410156 1.3981612920761108 1.6094003915786743 3.7596793174743652 2.933626413345337 1.4940893650054932 25.740625381469727 -1.4843748463343278 0.35390955209732056
Car -1 -1 -1.63 635.9638061523438 163.09906005859375 663.7974243164062 191.1475067138672 1.6775827407836914 1.604587435722351 3.6677358150482178 2.9407074451446533 1.2606536448001862 50.42964553833008 -1.5739247782988226 0.35112667083740234
Van -1 -1 -0.1 632.6085205078125 154.12933349609375 660.6618041992188 187.0977020263672 2.54839825630188 2.05684232711792 5.63265323638916 3.1445345878601074 1.180624544620514 60.0248908996582 -0.052659030365608483 0.34609660506248474
Car -1 -1 -1.57 664.4930419921875 175.51101684570312 717.7942504882812 217.8282470703125 1.4523730278015137 1.6096816062927246 3.816718578338623 2.879631280899048 1.5174375772476196 26.23175048828125 -1.4640692456822535 0.34297066926956177
Car -1 -1 -1.68 634.5794677734375 161.64370727539062 658.8948974609375 190.5169677734375 1.6404834985733032 1.6204379796981812 3.9263439178466797 2.8064990043640137 1.286540150642395 52.93628692626953 -1.6244546881693882 0.2784310281276703
Car -1 -1 -0.93 629.5384521484375 153.5546112060547 662.7079467773438 186.81842041015625 1.7608033418655396 1.7198925018310547 3.9938037395477295 2.900571584701538 1.105122521519661 54.72311782836914 -0.8755022340748937 0.2772592008113861
Car -1 -1 -1.65 638.6630859375 168.1893310546875 671.90771484375 193.85748291015625 1.4837676286697388 1.6566059589385986 3.7051682472229004 3.085808753967285 1.2635666131973267 51.577606201171875 -1.594063321760931 0.27447155117988586
Car -1 -1 -1.69 647.8351440429688 171.35340881347656 684.1517944335938 206.27749633789062 1.5386091470718384 1.5550869703292847 3.817063808441162 2.9030094146728516 1.5074995160102844 30.937698364257812 -1.59424576842728 0.2551947236061096
Car -1 -1 -1.58 669.448486328125 179.8560028076172 729.7249145507812 227.1881561279297 1.3769572973251343 1.5627027750015259 3.5745761394500732 2.9333178997039795 1.6397318840026855 24.113691329956055 -1.4638492202969173 0.24945949018001556
Car -1 -1 -1.63 637.2237548828125 168.95822143554688 660.4397583007812 193.4309539794922 1.4875596761703491 1.5659066438674927 3.8022007942199707 2.979702949523926 1.3419645428657532 53.792762756347656 -1.5792829184050081 0.2294287383556366
Car -1 -1 -1.69 652.113525390625 171.82333374023438 690.7349243164062 208.685302734375 1.5448777675628662 1.5413199663162231 3.7512967586517334 2.8479456901550293 1.5286146998405457 30.873241424560547 -1.5941890590095902 0.2224724441766739
Pedestrian -1 -1 0.81 1225.6123046875 186.57859802246094 1241.8519287109375 296.1178283691406 1.5199534893035889 0.5656840205192566 0.6445246934890747 8.153404235839844 1.5978673696517944 9.073671340942383 1.5461956955567322 0.21637062728405
Car -1 -1 -1.57 645.6492309570312 171.58445739746094 674.2905883789062 197.24925231933594 1.4703422784805298 1.5674179792404175 3.608060121536255 3.1871745586395264 1.3935045003890991 46.67378616333008 -1.500837414604625 0.21278968453407288
Car -1 -1 -1.72 681.1878662109375 164.49127197265625 776.057373046875 238.47039794921875 1.6757670640945435 1.618504524230957 3.9689297676086426 2.8236026763916016 1.564486563205719 19.350540161132812 -1.574293704261934 0.21197280287742615
Car -1 -1 -1.34 207.6457061767578 13.081344604492188 255.62266540527344 47.37082290649414 1.560880184173584 1.6115330457687378 3.7650699615478516 -23.794940948486328 -8.200378656387329 45.70502853393555 -1.8154730413801135 0.20787255465984344
Car -1 -1 -1.64 677.86572265625 169.9540252685547 751.5375366210938 224.2122039794922 1.493214726448059 1.5866260528564453 3.8475592136383057 2.958636999130249 1.448162317276001 21.236711502075195 -1.50103496611563 0.20106223225593567
Car -1 -1 -1.26 674.1716918945312 181.3663787841797 737.4765625 231.76365661621094 1.3692742586135864 1.5989375114440918 3.7717394828796387 2.994492530822754 1.678752362728119 22.886131286621094 -1.1346273307884953 0.19461768865585327
Car -1 -1 -1.69 692.7904052734375 168.04624938964844 760.1121215820312 231.27793884277344 1.5308717489242554 1.6328779458999634 4.160373210906982 3.6294806003570557 1.44569593667984 23.32501220703125 -1.5312702570171943 0.18309780955314636
Car -1 -1 -1.53 208.71185302734375 15.879091262817383 258.866943359375 52.89068794250488 1.5273736715316772 1.6161072254180908 3.8198108673095703 -21.040876388549805 -6.842516243457794 40.56025314331055 -2.0044813320083215 0.1830456405878067
Car -1 -1 -1.44 634.08984375 158.54202270507812 668.32275390625 188.2210235595703 1.5930088758468628 1.6894869804382324 3.867244243621826 2.937002658843994 1.1007047891616821 53.23009490966797 -1.3844791487631811 0.1797228753566742
Van -1 -1 -1.26 635.4324340820312 159.52194213867188 662.4393310546875 189.14573669433594 2.3588554859161377 1.9516645669937134 5.188670635223389 3.2588951587677 1.3356045633554459 60.474578857421875 -1.2031228579164583 0.17506079375743866
Car -1 -1 -1.72 646.9049072265625 171.15335083007812 679.6143188476562 201.19398498535156 1.5330621004104614 1.614911437034607 3.80143404006958 2.8407046794891357 1.4493436813354492 31.911836624145508 -1.6354287346073697 0.15441225469112396