Car -1 -1 -1.83 731.1326904296875 179.49002075195312 930.8491821289062 323.27642822265625 1.5252810716629028 1.6293843984603882 3.9268553256988525 2.744018793106079 1.6593829989433289 9.802263259887695 -1.5535571640887085 0.8934190273284912
Car -1 -1 1.42 663.3279418945312 175.57249450683594 735.7675170898438 228.78416442871094 1.449243426322937 1.6090950965881348 4.015919208526611 2.8034989833831787 1.5866426229476929 23.02735137939453 1.5403846060024513 0.8912131190299988
Car -1 -1 1.69 512.8938598632812 173.58547973632812 569.0783081054688 218.47413635253906 1.5904855728149414 1.7225008010864258 4.290594577789307 -2.7204744815826416 1.6634048819541931 28.8482608795166 1.6007227101309587 0.8738115429878235
Car -1 -1 1.63 553.3953857421875 174.1744842529297 585.1415405273438 202.04266357421875 1.5706294775009155 1.6300621032714844 3.9350228309631348 -2.4299652576446533 1.6760112643241882 43.181739807128906 1.5771626386854427 0.7665452361106873
Car -1 -1 1.5 645.4754638671875 171.49818420410156 679.6085205078125 201.13848876953125 1.6637567281723022 1.6669492721557617 4.254766941070557 3.171365261077881 1.5829561352729797 43.64702224731445 1.57114066414763 0.7219769954681396
Car -1 -1 1.63 561.1486206054688 173.65476989746094 589.42041015625 198.99681091308594 1.5877459049224854 1.6280690431594849 3.9114840030670166 -2.3662004470825195 1.6886629462242126 43.62795639038086 1.5762162931922843 0.4613928496837616
Car -1 -1 1.49 642.6844482421875 170.08349609375 676.0751342773438 199.2867431640625 1.6424967050552368 1.6902661323547363 4.040666580200195 3.134218692779541 1.6009759902954102 42.790164947509766 1.561267856621562 0.4294605255126953
Pedestrian -1 -1 -1.76 725.6257934570312 175.39471435546875 740.7227783203125 217.34713745117188 1.6715444326400757 0.6546213030815125 0.5362181663513184 4.555008411407471 1.5642019510269165 26.746292114257812 -1.5899305891810034 0.41426077485084534
Car -1 -1 -0.58 0.6836608052253723 197.3284454345703 69.34141379594803 373.885986328125 1.4480911493301392 1.6176731586456299 3.8045525550842285 -3.4117958545684814 1.5017711520195007 1.7822110652923584 -1.6736676553610748 0.40224775671958923
Car -1 -1 -3.13 2.757073402404785 234.05494689941406 52.378140449523926 378.7213439941406 1.4956945180892944 1.6645452976226807 4.218019962310791 -3.740370273590088 1.6962304711341858 2.0919435024261475 2.0929495587045803 0.3069858253002167
Pedestrian -1 -1 -2.39 727.1771850585938 177.0185546875 743.1256103515625 222.3698272705078 1.671384572982788 0.6469168066978455 0.5905108451843262 4.146773338317871 1.5441799759864807 24.370515823364258 -2.217532572433764 0.29017531871795654
Car -1 -1 -0.02 2.7448320388793945 221.17428588867188 61.827622413635254 373.557861328125 1.4582887887954712 1.6516073942184448 3.8643009662628174 -3.7219834327697754 1.5675503015518188 2.1977171897888184 -1.0568654603526726 0.26856499910354614
Car -1 -1 -0.5 8.529105186462402 207.70114135742188 90.78272151947021 370.1558837890625 1.3979527950286865 1.6241055727005005 3.9291186332702637 -3.151315689086914 1.4341708421707153 1.7139904499053955 -1.5730699695106294 0.2667945623397827
Car -1 -1 -3.04 -0.2992496192455292 252.98696899414062 61.521459609270096 368.1314697265625 1.6572866439819336 1.6973556280136108 4.0230793952941895 -3.14689564704895 1.6945458054542542 2.226069688796997 2.284863564994213 0.25926023721694946
Pedestrian -1 -1 -2.91 723.2559814453125 171.22564697265625 744.4618530273438 216.19932556152344 1.6825748682022095 0.6338598132133484 0.6071376800537109 4.66200065612793 1.5997098684310913 26.97920799255371 -2.73410312806622 0.25115659832954407
Car -1 -1 2.77 5.568140506744385 237.72654724121094 43.66424036026001 375.6525573730469 1.465523362159729 1.6838366985321045 4.085725784301758 -4.181178569793701 1.779815137386322 2.5561606884002686 1.7503481448448976 0.25088363885879517
Car -1 -1 1.66 520.3128662109375 175.47592163085938 573.1149291992188 214.73655700683594 1.5884793996810913 1.6617136001586914 4.204226493835449 -2.685518741607666 1.6918066143989563 29.2889404296875 1.5644683563655235 0.244945228099823
Car -1 -1 -0.52 -3.1149089336395264 166.31166076660156 60.209290742874146 370.25714111328125 1.6484628915786743 1.6689454317092896 3.8624322414398193 -2.7208452224731445 1.413711428642273 1.4131693840026855 -1.6082023561757488 0.24300946295261383
Car -1 -1 0.3 8.319138526916504 223.45460510253906 74.12523746490479 372.93780517578125 1.4461822509765625 1.6708731651306152 3.933107376098633 -3.536081075668335 1.544536054134369 2.041830062866211 -0.7475206235093741 0.23899835348129272
Van -1 -1 1.41 645.1532592773438 170.8529815673828 680.8575439453125 201.3586883544922 1.8145208358764648 1.7179501056671143 4.488890171051025 3.274566650390625 1.6796716451644897 45.246604919433594 1.485620105276455 0.2320982664823532
Car -1 -1 1.59 573.7444458007812 174.15975952148438 593.9296264648438 192.7877655029297 1.5621088743209839 1.5980747938156128 4.100372314453125 -2.1942331790924072 1.7023555636405945 63.08391571044922 1.5576695709551638 0.22594676911830902
Car -1 -1 1.78 639.8477172851562 168.98435974121094 668.7201538085938 196.33802795410156 1.7184298038482666 1.682131052017212 4.002925395965576 3.1919305324554443 1.527534306049347 48.53744888305664 1.8498196089470085 0.21413494646549225
Car -1 -1 -3.11 -10.947562217712402 238.49981689453125 71.30166721343994 382.76446533203125 1.565069556236267 1.6222343444824219 3.972752571105957 -3.386754274368286 1.7346665263175964 1.9435073137283325 2.1268351908056164 0.2129158079624176
Car -1 -1 -2.11 2.3705360889434814 214.72073364257812 35.98900532722473 380.1871337890625 1.4997687339782715 1.6654362678527832 3.896618127822876 -4.145563125610352 1.7283238172531128 2.437997817993164 3.138023351036143 0.2072523981332779
Car -1 -1 -2.89 -2.532440423965454 156.30828857421875 45.2475049495697 384.5232238769531 1.6931443214416504 1.7214621305465698 4.297754764556885 -3.678499937057495 1.7971478700637817 1.6736090183258057 2.248161426958295 0.20676162838935852
Car -1 -1 1.51 640.5997924804688 172.10897827148438 670.5330200195312 199.5839385986328 1.5984275341033936 1.6581478118896484 4.045041561126709 2.9720799922943115 1.6120812892913818 44.94438171386719 1.579912633355585 0.20579062402248383
Car -1 -1 1.44 656.5401611328125 175.00889587402344 713.9359741210938 219.13941955566406 1.5139989852905273 1.5580520629882812 3.8598225116729736 2.719752073287964 1.6089103817939758 24.094953536987305 1.555310852893756 0.20225045084953308
Car -1 -1 -0.93 3.553926944732666 194.91629028320312 55.44230508804321 385.5956726074219 1.5224212408065796 1.6027754545211792 3.898543357849121 -3.3807754516601562 1.6049534678459167 1.6397920846939087 -2.046971967650274 0.19860073924064636
Pedestrian -1 -1 -1.8 721.6182861328125 176.33221435546875 739.8379516601562 218.2813720703125 1.6350560188293457 0.6559181809425354 0.6112348437309265 4.502038478851318 1.594817340373993 26.591201782226562 -1.63544025333126 0.19832509756088257
Car -1 -1 1.64 569.9310913085938 174.09686279296875 593.672119140625 196.06622314453125 1.591099739074707 1.6738799810409546 3.9433727264404297 -2.247152805328369 1.6826839447021484 44.23381805419922 1.5847671918471766 0.19599850475788116
Car -1 -1 -0.87 0.9492054581642151 189.92091369628906 42.3951855301857 378.9075622558594 1.5248414278030396 1.6729940176010132 3.9251699447631836 -3.7155861854553223 1.6330010890960693 1.9862656593322754 -1.951817065112941 0.19299757480621338
Pedestrian -1 -1 -1.87 731.640625 174.0540008544922 745.0902099609375 217.26132202148438 1.674499273300171 0.6035716533660889 0.5317134261131287 4.660714626312256 1.559567928314209 26.892776489257812 -1.695296030315979 0.19250355660915375
Car -1 -1 -0.39 -0.5557720065116882 181.9649658203125 50.381953060626984 367.6396179199219 1.5820366144180298 1.6302753686904907 4.04188346862793 -3.3352158069610596 1.563377320766449 1.690779685974121 -1.4934352239856654 0.18723875284194946
Pedestrian -1 -1 -2.33 733.8734741210938 175.99525451660156 750.0747680664062 224.72134399414062 1.6786433458328247 0.6027893424034119 0.5431120991706848 4.396568298339844 1.5747627019882202 24.526737213134766 -2.150536864248993 0.18459124863147736
Car -1 -1 -0.71 -4.144819736480713 266.442626953125 31.003140926361084 359.9377746582031 1.336984634399414 1.513967514038086 3.051116704940796 -4.025695323944092 1.561239778995514 2.9842851161956787 -1.6390911666072912 0.18335162103176117
Car -1 -1 -1.69 -8.540692329406738 216.10777282714844 56.28673839569092 345.34918212890625 1.7054476737976074 1.6787588596343994 4.065438747406006 -2.528384208679199 1.4505091905593872 1.6879953145980835 -2.6732208206769954 0.18196260929107666
Car -1 -1 -0.53 -0.8369612693786621 174.4449462890625 35.56680154800415 374.85028076171875 1.5688378810882568 1.6273505687713623 3.8020882606506348 -3.0831668376922607 1.5350393056869507 1.5577720403671265 -1.6344381300310928 0.17934942245483398
Car -1 -1 -0.6 -2.8219432830810547 269.5097961425781 39.9234561920166 368.22247314453125 1.250433087348938 1.5754802227020264 3.4049429893493652 -3.583639621734619 1.443325400352478 2.4168593883514404 -1.5807521390704737 0.17166203260421753
Car -1 -1 -1.62 18.88018798828125 216.5196075439453 126.39679718017578 377.0687255859375 1.5425080060958862 1.539870262145996 3.781038284301758 -2.9140706062316895 1.6207724809646606 1.3737231492996216 -2.7533025522900036 0.1596546471118927
Car -1 -1 1.63 528.0137939453125 175.15817260742188 573.489013671875 209.87051391601562 1.5521231889724731 1.6178075075149536 4.173087120056152 -2.5851473808288574 1.6646095514297485 37.26842498779297 1.5635853069203014 0.15861622989177704
Car -1 -1 1.47 639.43896484375 169.88536071777344 661.6326293945312 193.07139587402344 1.7421261072158813 1.7498691082000732 4.323335647583008 3.181208848953247 1.4824126958847046 55.12519454956055 1.524723478891283 0.1488964855670929
Car -1 -1 -2.08 9.461564064025879 241.40403747558594 64.60152530670166 376.76708984375 1.5341533422470093 1.6484689712524414 4.24155330657959 -3.4476797580718994 1.6604490876197815 2.0402276515960693 -3.113414197690357 0.1473080813884735
Car -1 -1 -2.61 1213.247802734375 246.7466278076172 1241.816162109375 374.3478088378906 1.5469695329666138 1.599392056465149 3.442500114440918 1.5199021100997925 1.139807939529419 0.9184257388114929 -1.583926358963275 0.14402346312999725
Car -1 -1 1.37 655.3897705078125 172.81414794921875 705.4156494140625 212.45391845703125 1.6257555484771729 1.5717676877975464 3.892764091491699 3.051668882369995 1.650048315525055 32.234012603759766 1.4684654051161345 0.14222465455532074
Car -1 -1 -0.6 -1.4191534519195557 204.43890380859375 35.69973540306091 353.4834289550781 1.5392051935195923 1.6463379859924316 3.799922466278076 -2.877417802810669 1.3379051685333252 1.8137701749801636 -1.6116935024958217 0.13901455700397491
Car -1 -1 -2.57 1209.361083984375 302.1820068359375 1241.6221923828125 363.08465576171875 1.2319391965866089 1.499815821647644 3.3767526149749756 1.2438695430755615 0.9544345736503601 0.92999666929245 -1.6396179440326968 0.12785792350769043
Car -1 -1 -2.58 1202.9610595703125 307.69744873046875 1238.7554931640625 367.34423828125 1.21828293800354 1.4853308200836182 3.499441146850586 0.8320133090019226 0.8449534773826599 0.6257449984550476 -1.6491016454761418 0.10708491504192352