Pedestrian -1 -1 0.49 1041.68017578125 135.6604461669922 1176.987548828125 365.0974426269531 1.775567889213562 0.6645107269287109 0.6853305101394653 3.076084852218628 1.4959315061569214 4.363515377044678 1.1025510308283089 0.8147999048233032
Pedestrian -1 -1 0.48 938.4667358398438 154.2462615966797 1052.5155029296875 371.66644287109375 1.627593994140625 0.5812928080558777 0.5700724720954895 2.371774911880493 1.4748657941818237 4.3673834800720215 0.9760481359605491 0.8130143880844116
Pedestrian -1 -1 0.53 787.1333618164062 143.7372283935547 898.5050659179688 366.1292419433594 1.6841521263122559 0.6145374774932861 0.8272119164466858 1.638378620147705 1.4576095938682556 4.7800397872924805 0.8572815554346707 0.8074844479560852
Pedestrian -1 -1 0.95 1017.0579833984375 123.67646026611328 1188.6087646484375 374.62012481689453 1.7339563369750977 0.6630239486694336 0.7596160769462585 3.015261173248291 1.4487963318824768 4.27019739151001 1.56591905524846 0.8065972924232483
Pedestrian -1 -1 1.62 636.9248657226562 147.166748046875 657.9006958007812 200.88218688964844 1.6177839040756226 0.586715579032898 0.5313742160797119 1.2835339307785034 0.5927259773015976 20.9940128326416 1.6787285141092472 0.7820468544960022
Cyclist -1 -1 2.26 409.9840087890625 142.28652954101562 458.4226379394531 211.67738342285156 1.737406611442566 0.6936474442481995 1.766750454902649 -5.23664665222168 0.7091002613306046 21.635446548461914 2.024659056182398 0.6731899380683899
Pedestrian -1 -1 0.71 960.50927734375 149.08279418945312 1062.315673828125 360.34246826171875 1.7099571228027344 0.6076396703720093 0.6783445477485657 2.6114425659179688 1.455229103565216 4.615445613861084 1.2217728864212205 0.5911456942558289
Cyclist -1 -1 -3.03 359.3084411621094 141.62298583984375 408.6457214355469 200.15969848632812 1.764187216758728 0.6132600903511047 1.657883882522583 -7.089296817779541 0.5730400085449219 22.961610794067383 2.952497901116997 0.5851938724517822
Pedestrian -1 -1 0.48 1132.48046875 109.97980499267578 1225.53955078125 358.4701919555664 1.9180312156677246 0.6931339502334595 0.788406491279602 3.404050827026367 1.454174667596817 3.869342088699341 1.202518726684291 0.576744794845581
Pedestrian -1 -1 1.05 1154.6878662109375 121.05708312988281 1222.8580322265625 366.2994689941406 1.8610382080078125 0.7430574893951416 0.7162933349609375 3.6732563972473145 1.4373279213905334 3.9949066638946533 1.7981114714469717 0.5712138414382935
Cyclist -1 -1 2.82 318.0270690917969 144.28404235839844 376.64947509765625 207.4998016357422 1.712119460105896 0.6365386843681335 1.641250491142273 -7.829628944396973 0.7193624079227448 21.503334045410156 2.467268892666798 0.5604713559150696
Cyclist -1 -1 2.06 406.6566467285156 140.8729248046875 453.8538818359375 201.90560913085938 1.7292187213897705 0.5877240896224976 1.710492491722107 -5.262563705444336 0.6320043504238129 21.653892517089844 1.825101563077821 0.541686475276947
Cyclist -1 -1 2.81 325.00836181640625 143.3014678955078 383.9557189941406 204.73056030273438 1.7230393886566162 0.6475936770439148 1.6391710042953491 -7.812629222869873 0.6712923049926758 22.150522232055664 2.470109852025586 0.5164844989776611
Cyclist -1 -1 2.5 308.42669677734375 145.0364227294922 363.2502136230469 213.64361572265625 1.7069698572158813 0.6095654368400574 1.658797025680542 -7.595083713531494 0.819259162992239 19.89615821838379 2.132399993729357 0.47383996844291687
Cyclist -1 -1 2.18 400.4321594238281 144.5808868408203 468.02874755859375 232.75462341308594 1.7193282842636108 0.6808543801307678 1.651063323020935 -4.293114185333252 0.9008315429091454 17.871126174926758 1.9410796610607752 0.46175453066825867
Cyclist -1 -1 1.94 396.77215576171875 138.7511749267578 480.195556640625 231.0115966796875 1.7520471811294556 0.7106490731239319 1.7632834911346436 -4.221834182739258 0.9427431151270866 17.783552169799805 1.7118406845026257 0.4513796269893646
Pedestrian -1 -1 -2.52 324.3551025390625 143.0460968017578 352.90472412109375 207.6101531982422 1.7490019798278809 0.6465534567832947 0.5039674639701843 -7.391767978668213 0.770788885653019 19.66490936279297 -2.876278954292438 0.44902339577674866
Cyclist -1 -1 2.27 405.7747497558594 145.34925842285156 465.9350280761719 203.83645629882812 1.7842435836791992 0.6842317581176758 1.6083488464355469 -5.907250881195068 0.4360864758491516 24.938608169555664 2.035257190843307 0.4486532211303711
Pedestrian -1 -1 0.43 1110.4732666015625 119.87226867675781 1205.5145263671875 365.32550048828125 1.8807551860809326 0.6768867373466492 0.8293522000312805 3.5423619747161865 1.4936556816101074 4.493363380432129 1.0951937011164343 0.4447926878929138
Cyclist -1 -1 1.46 402.08404541015625 140.58709716796875 464.1183166503906 215.26638793945312 1.826690673828125 0.6621324419975281 1.8667038679122925 -4.865801811218262 0.7938975244760513 19.919950485229492 1.222970620540643 0.4328806400299072
Pedestrian -1 -1 0.83 1080.7216796875 117.93215942382812 1211.8875732421875 374.2591247558594 1.7978242635726929 0.6265712380409241 0.7762840390205383 2.9395253658294678 1.4647945761680603 3.8847575187683105 1.4773383305520618 0.4299866259098053
Pedestrian -1 -1 -2.98 366.4110412597656 138.80589294433594 400.335205078125 203.8046112060547 1.8497512340545654 0.6222506165504456 0.5709033608436584 -6.512192249298096 0.6719999015331268 20.844430923461914 2.9990702129537814 0.42335623502731323
Cyclist -1 -1 -2.35 362.6598815917969 137.7476348876953 401.7701721191406 203.62098693847656 1.7849370241165161 0.6042534708976746 1.7609808444976807 -7.058249473571777 0.576293557882309 22.628389358520508 -2.6491539172262915 0.4202021658420563
Pedestrian -1 -1 0.6 1060.41162109375 119.35790252685547 1186.4957275390625 374.98812103271484 1.775231122970581 0.6690696477890015 0.7560570240020752 3.24682879447937 1.423097312450409 4.461584091186523 1.2323401264321667 0.4156366288661957
Cyclist -1 -1 1.89 292.66949462890625 138.10235595703125 360.98614501953125 224.0369110107422 1.805332064628601 0.6602150797843933 1.746230125427246 -6.333007335662842 0.9452684447169304 16.192975997924805 1.513497244534931 0.41437599062919617
Cyclist -1 -1 0.95 294.6598205566406 142.11434936523438 372.2926330566406 217.769287109375 1.7748878002166748 0.6456508636474609 1.7613279819488525 -6.951696872711182 0.8800834263674915 18.17875099182129 0.5845921755017933 0.409871906042099
Cyclist -1 -1 2.89 336.94366455078125 141.69920349121094 390.3402099609375 203.3708953857422 1.7289507389068604 0.6338919997215271 1.6283429861068726 -7.480968952178955 0.5769717395305634 22.87151336669922 2.5728865376565118 0.3958624601364136
Pedestrian -1 -1 0.39 965.4724731445312 139.530517578125 1081.686279296875 370.68206787109375 1.6813021898269653 0.6337584257125854 0.8013186454772949 2.70963716506958 1.4670419096946716 4.4426045417785645 0.940949392673307 0.37608808279037476
Cyclist -1 -1 2.23 417.2968444824219 142.70925903320312 460.9405822753906 204.8324432373047 1.7478214502334595 0.6347706317901611 1.7288700342178345 -5.256969451904297 0.644621416926384 22.389799118041992 1.9979404236918548 0.3721296489238739
Pedestrian -1 -1 0.55 980.3388061523438 131.3980712890625 1123.7755126953125 367.8017578125 1.7427490949630737 0.6497204303741455 0.7758668065071106 2.6541192531585693 1.456089437007904 4.268286228179932 1.1064312519292976 0.37097495794296265
Pedestrian -1 -1 0.41 1020.8377075195312 139.74227905273438 1160.7816162109375 369.0602722167969 1.7303160429000854 0.6287915110588074 0.7510083317756653 3.0746099948883057 1.485769510269165 4.444728851318359 1.0186909083667963 0.37038159370422363
Cyclist -1 -1 2.64 318.62542724609375 141.96302795410156 361.1604309082031 209.6412353515625 1.6884870529174805 0.6535406112670898 1.7036588191986084 -7.7161712646484375 0.7203272357583046 20.94706916809082 2.2848671598100108 0.35829681158065796
Pedestrian -1 -1 -2.63 342.3451843261719 139.95799255371094 383.4556884765625 205.96971130371094 1.8311313390731812 0.6196554899215698 0.6112673878669739 -6.899112224578857 0.7068018466234207 20.322586059570312 -2.957471002537085 0.33752506971359253
Pedestrian -1 -1 0.87 902.3739624023438 147.10760498046875 1099.517822265625 359.165283203125 1.6206233501434326 0.5482213497161865 0.8331063985824585 2.5793042182922363 1.3637028932571411 4.618903636932373 1.3815028618537308 0.3195614218711853
Pedestrian -1 -1 -2.82 348.8828430175781 140.04612731933594 387.19927978515625 203.59950256347656 1.8187545537948608 0.6153374910354614 0.5913479924201965 -6.753568649291992 0.6823718398809433 20.53990364074707 -3.139833464890186 0.3123003840446472
Cyclist -1 -1 1.82 468.5709533691406 146.51219177246094 492.5556640625 192.80752563476562 1.6463820934295654 0.5806232690811157 1.6223522424697876 -4.77468204498291 0.40794703364372253 27.50342559814453 1.6445363222737628 0.31163761019706726
Cyclist -1 -1 2.49 348.4180603027344 141.34713745117188 392.65374755859375 202.02835083007812 1.7457306385040283 0.6382856369018555 1.7561249732971191 -7.342989921569824 0.6198244690895081 22.427425384521484 2.175507130907036 0.3045255243778229
Cyclist -1 -1 1.42 299.5611572265625 144.46165466308594 348.9908142089844 216.35641479492188 1.7040655612945557 0.6151158213615417 1.6822532415390015 -7.429423809051514 0.83934819791466 19.075157165527344 1.0528499069847967 0.3043020963668823
Pedestrian -1 -1 0.79 1162.3857421875 155.67689514160156 1215.135009765625 331.54510498046875 1.771458387374878 0.5448893308639526 0.7835556268692017 3.7398204803466797 1.4201979637145996 4.010312557220459 1.537051747689035 0.3038332760334015
Pedestrian -1 -1 1.09 354.6545104980469 139.09031677246094 404.7817077636719 202.8214111328125 1.8517848253250122 0.6399174332618713 0.672066867351532 -6.732767105102539 0.5993591547012329 21.388988494873047 0.782652892336912 0.301420658826828
Pedestrian -1 -1 1.36 948.29736328125 121.24369812011719 1140.0833740234375 365.4612731933594 1.7389286756515503 0.5556311011314392 0.7572506070137024 2.848310947418213 1.4079256057739258 4.657721519470215 1.9081905992672574 0.29640626907348633
Cyclist -1 -1 2.53 326.2935485839844 141.7501983642578 366.66766357421875 205.79290771484375 1.6984004974365234 0.6472278833389282 1.7364399433135986 -7.765193939208984 0.6591077297925949 21.812023162841797 2.1912327490063843 0.2925540804862976
Pedestrian -1 -1 1.02 770.1158447265625 139.87765502929688 953.3408813476562 358.21832275390625 1.6935802698135376 0.5626015663146973 0.685816764831543 1.6372990608215332 1.3502452373504639 4.6694111824035645 1.3580081046991976 0.28973841667175293
Cyclist -1 -1 2.39 342.1881103515625 140.851806640625 382.6558532714844 204.4733428955078 1.708980917930603 0.6303232908248901 1.7223050594329834 -7.432077884674072 0.6188124865293503 21.768234252929688 2.0597891437528686 0.28725185990333557
Cyclist -1 -1 2.0 311.6543273925781 144.2372589111328 352.797119140625 214.26551818847656 1.6953688859939575 0.6307334303855896 1.6856889724731445 -7.516659259796143 0.8090045750141144 19.874753952026367 1.6336742865685423 0.2853343188762665
Pedestrian -1 -1 -2.5 411.8080139160156 142.48416137695312 454.1833190917969 210.40476989746094 1.7963827848434448 0.6400529742240906 0.6129797101020813 -5.011193752288818 0.7571137994527817 20.749217987060547 -2.7336777044380263 0.28091832995414734
Cyclist -1 -1 2.59 323.7548522949219 142.34959411621094 354.3275451660156 206.62086486816406 1.6786255836486816 0.6794095039367676 1.6602438688278198 -7.786616325378418 0.7069901376962662 20.79893684387207 2.232740143285173 0.278520405292511
Cyclist -1 -1 2.37 423.3179626464844 141.03858947753906 456.5361328125 200.52017211914062 1.758328914642334 0.6660889387130737 1.753275752067566 -5.498399257659912 0.5722214579582214 23.873489379882812 2.1421602728378097 0.2721349000930786
Car -1 -1 2.19 -10.54165267944336 125.10142517089844 271.561466217041 377.9787292480469 1.5761992931365967 1.682438850402832 3.8607118129730225 -3.3120908737182617 1.5011350512504578 3.439127206802368 1.4235020110948913 0.2695932984352112
Pedestrian -1 -1 0.37 1161.4132080078125 100.12300872802734 1224.69677734375 343.2363510131836 1.9015828371047974 0.6944224238395691 0.8835590481758118 4.227743625640869 1.3986973762512207 4.841479301452637 1.089360609410706 0.26750728487968445
Pedestrian -1 -1 0.56 1087.1402587890625 126.47335815429688 1191.6712646484375 359.2892761230469 1.8732895851135254 0.6991360187530518 0.7496509552001953 4.341887950897217 1.6419931650161743 5.767451763153076 1.2085499778650393 0.2649107277393341
Cyclist -1 -1 2.02 401.21026611328125 146.74049377441406 479.6325378417969 252.09703063964844 1.7373967170715332 0.670638918876648 1.7213093042373657 -3.2004780769348145 1.1265350580215454 13.993724822998047 1.7992663885422244 0.259313702583313
Cyclist -1 -1 2.03 406.40020751953125 140.58428955078125 476.83587646484375 221.89773559570312 1.7774738073349 0.6708618998527527 1.7633066177368164 -4.548884868621826 0.7733688876032829 19.694683074951172 1.8014348112945369 0.2585180103778839
Pedestrian -1 -1 1.14 806.8268432617188 135.31463623046875 911.6256103515625 363.6396484375 1.7233320474624634 0.6247337460517883 0.6904995441436768 1.5662635564804077 1.3938668370246887 4.512622356414795 1.475530079495642 0.2550274431705475
Pedestrian -1 -1 0.11 1164.116455078125 151.13526916503906 1222.7691650390625 376.234130859375 1.6119335889816284 0.6660852432250977 0.644775390625 3.66147780418396 1.4914487600326538 4.013814926147461 0.8468030188510514 0.25387492775917053
Cyclist -1 -1 3.12 299.7774353027344 143.55792236328125 337.43780517578125 209.6238555908203 1.7243149280548096 0.6217029690742493 1.5827001333236694 -8.536332130432129 0.7334986627101898 21.05950927734375 2.734388587978449 0.25195467472076416
Cyclist -1 -1 -1.57 993.0908813476562 118.9443359375 1183.914306640625 353.7948913574219 1.7097209692001343 0.5821323394775391 1.7189222574234009 3.2074241638183594 1.3670072555541992 4.652104377746582 -0.968501322111675 0.2514263689517975
Pedestrian -1 -1 1.11 1160.23779296875 134.53233337402344 1219.8248291015625 301.58673095703125 1.7325619459152222 0.6142683029174805 0.7962245345115662 3.8409814834594727 1.2172856032848358 4.1992645263671875 1.852477597426069 0.24475786089897156
Cyclist -1 -1 2.36 420.4187927246094 140.99525451660156 451.4631042480469 198.0663299560547 1.7894036769866943 0.6613978147506714 1.7073057889938354 -5.635350704193115 0.5766986012458801 24.00028419494629 2.128804494849148 0.24471935629844666
Pedestrian -1 -1 0.74 924.1021118164062 160.76344299316406 1030.1632080078125 371.619384765625 1.5286328792572021 0.55288165807724 0.6184447407722473 2.434788465499878 1.4313703775405884 4.4416728019714355 1.242349359789026 0.24464523792266846
Cyclist -1 -1 -1.78 1008.5340576171875 118.11012268066406 1212.1070556640625 374.50697326660156 1.7881335020065308 0.48885083198547363 1.8132576942443848 3.280254602432251 1.3491949141025543 4.26925802230835 -1.12463784949413 0.24138377606868744
Pedestrian -1 -1 -1.84 320.4319763183594 142.81260681152344 362.00384521484375 208.9619140625 1.7367013692855835 0.6241641640663147 0.5543572306632996 -7.306238174438477 0.7624719515442848 19.71986198425293 -2.1948137507402503 0.24043849110603333
Pedestrian -1 -1 1.61 394.4931945800781 139.373779296875 487.51007080078125 234.71908569335938 1.7091447114944458 0.6733852028846741 0.5805153846740723 -3.978626012802124 1.0164752006530762 16.500598907470703 1.3699782405298393 0.23952457308769226
Cyclist -1 -1 2.77 399.32049560546875 148.20562744140625 456.9106750488281 200.67633056640625 1.7079353332519531 0.6382654905319214 1.6217178106307983 -5.777599811553955 0.6184127628803253 22.563617706298828 2.515966135071565 0.2393677979707718
Pedestrian -1 -1 0.67 468.84814453125 146.48577880859375 490.066162109375 191.01271057128906 1.742177128791809 0.6099185347557068 0.5255609154701233 -4.885595798492432 0.40661919116973877 27.786951065063477 0.49940007174523693 0.23861393332481384
Pedestrian -1 -1 1.31 788.1865844726562 138.46463012695312 987.5797729492188 362.45513916015625 1.6701135635375977 0.5434841513633728 0.7335425019264221 1.7509310245513916 1.3723285794258118 4.6111741065979 1.6734549617347803 0.2373899221420288
Pedestrian -1 -1 0.91 769.1520385742188 149.22068786621094 880.1296997070312 359.9060363769531 1.6934945583343506 0.6042970418930054 0.815574586391449 1.495029330253601 1.4456075429916382 4.502354145050049 1.2299837476271414 0.23664958775043488
Pedestrian -1 -1 0.55 1168.2205810546875 174.84011840820312 1216.0467529296875 341.9822692871094 1.7703591585159302 0.5292759537696838 0.804639995098114 3.94514536857605 1.5425211191177368 4.158493995666504 1.312258103292911 0.23094697296619415
Cyclist -1 -1 -2.17 948.29736328125 121.24369812011719 1140.0833740234375 365.4612731933594 1.7867833375930786 0.6733651161193848 1.7787262201309204 3.241304397583008 1.50274658203125 5.1328535079956055 -1.6073850577342714 0.23060636222362518
Pedestrian -1 -1 0.26 982.3199462890625 139.57778930664062 1093.6007080078125 360.3101806640625 1.672595500946045 0.6362531185150146 0.767429530620575 3.036620616912842 1.5108690857887268 4.754061698913574 0.830856031779744 0.2279738336801529
Van -1 -1 2.2 -9.223191261291504 108.19524383544922 266.72462368011475 364.57955169677734 1.9148460626602173 1.7875676155090332 4.5677313804626465 -3.6171507835388184 1.5095662474632263 4.114027500152588 1.4801006280110984 0.22455622255802155
Pedestrian -1 -1 1.43 975.9900512695312 115.53630065917969 1187.990966796875 362.9203796386719 1.7043238878250122 0.6170290112495422 0.9425745606422424 3.0774762630462646 1.3984213471412659 4.5260796546936035 2.027798207518069 0.2188892811536789
Pedestrian -1 -1 0.96 934.1824951171875 158.44422912597656 1032.79345703125 340.3748474121094 1.664658784866333 0.653175413608551 0.7236295938491821 2.6300859451293945 1.3578810095787048 4.773108005523682 1.4586850217166107 0.21685239672660828
Pedestrian -1 -1 2.71 303.4479675292969 143.62808227539062 347.1044006347656 215.79579162597656 1.752437949180603 0.5829319357872009 0.5728113651275635 -7.072276592254639 0.8526171296834946 18.124834060668945 2.3407769447145466 0.21497981250286102
Pedestrian -1 -1 0.84 848.7789306640625 148.96620178222656 1050.4398193359375 360.1424560546875 1.6348625421524048 0.5241613984107971 0.9058007597923279 2.2172043323516846 1.371814489364624 4.581331253051758 1.2929724786083057 0.2092360556125641
Pedestrian -1 -1 0.46 1174.2835693359375 119.08094024658203 1222.2596435546875 310.5927200317383 1.905278205871582 0.6565736532211304 0.7117629051208496 5.173080921173096 1.3442331850528717 5.892941951751709 1.1765361956772846 0.2069208174943924
Pedestrian -1 -1 0.95 865.6124877929688 129.82464599609375 1079.1741943359375 374.6488037109375 1.6023166179656982 0.5372530817985535 0.8100701570510864 2.4818363189697266 1.4341700673103333 4.754920959472656 1.4279622961829181 0.20439541339874268
Pedestrian -1 -1 0.85 1001.3397216796875 146.12657165527344 1106.4593505859375 358.98211669921875 1.6606978178024292 0.5755898952484131 0.6744253635406494 2.8500192165374756 1.4153850674629211 4.397823333740234 1.4278954455031148 0.20396415889263153
Pedestrian -1 -1 -2.81 312.65618896484375 143.68008422851562 353.6270751953125 214.04513549804688 1.746381402015686 0.5889407396316528 0.5791617631912231 -7.066383361816406 0.8272598832845688 18.60073471069336 3.114868682562296 0.20176567137241364
Pedestrian -1 -1 1.58 408.1596374511719 139.33322143554688 474.0148010253906 230.61764526367188 1.7685387134552002 0.6807003021240234 0.6097176671028137 -4.187808036804199 0.998143844306469 17.64469337463379 1.3471659862108254 0.19998058676719666
Pedestrian -1 -1 0.15 1156.5738525390625 150.0630645751953 1232.521240234375 326.45745849609375 1.8761013746261597 0.670787513256073 0.7838910222053528 3.8011655807495117 1.3265179991722107 4.263991355895996 0.8735681375630122 0.19789880514144897
Pedestrian -1 -1 1.4 818.5584716796875 149.12847900390625 885.9981079101562 275.2757568359375 1.639467477798462 0.6408129930496216 0.6637045741081238 3.122760057449341 1.2355633676052094 8.931307792663574 1.7340890980569155 0.19766566157341003
Pedestrian -1 -1 -2.36 318.7495422363281 140.3088836669922 377.4173278808594 208.77294921875 1.863114833831787 0.6556247472763062 0.6540833711624146 -7.120343208312988 0.8033975511789322 20.05167007446289 -2.697129872167146 0.1972934901714325
Cyclist -1 -1 -0.96 902.3739624023438 147.10760498046875 1099.517822265625 359.165283203125 1.6982556581497192 0.6525501012802124 1.7651742696762085 2.9178593158721924 1.463723063468933 5.080198287963867 -0.43982882016008107 0.19585488736629486
Cyclist -1 -1 -1.41 757.8115234375 137.18252563476562 931.6881713867188 355.5103759765625 1.6443451642990112 0.540840208530426 1.6954400539398193 1.5603671073913574 1.3624101281166077 4.838318347930908 -1.1025140112157672 0.19562973082065582
Pedestrian -1 -1 -1.79 347.9908752441406 139.45420837402344 398.10260009765625 204.87840270996094 1.8779619932174683 0.6646137237548828 0.7094072699546814 -6.566988945007324 0.7845812737941742 20.268436431884766 -2.105894778769267 0.19503985345363617
Pedestrian -1 -1 2.32 402.9288330078125 140.9251708984375 465.33544921875 211.54856872558594 1.7927398681640625 0.6318399906158447 0.6254987120628357 -4.87640905380249 0.7793291285634041 19.7332763671875 2.081991871883236 0.19498349726200104
Pedestrian -1 -1 -2.15 329.4073791503906 143.30950927734375 370.70513916015625 206.70396423339844 1.7682586908340454 0.6047216653823853 0.5903260707855225 -7.02388858795166 0.745780810713768 19.893749237060547 -2.493499791228314 0.1944016069173813
Pedestrian -1 -1 0.66 890.5926513671875 145.70260620117188 1025.042724609375 364.953369140625 1.672147512435913 0.6240381002426147 0.7870832681655884 2.305241584777832 1.4991102814674377 4.804956436157227 1.1114915318603202 0.19380012154579163
Cyclist -1 -1 2.12 411.2052307128906 139.55999755859375 471.4996643066406 208.13621520996094 1.8368542194366455 0.6410051584243774 1.7967875003814697 -4.990850448608398 0.6238762736320496 22.035259246826172 1.8954735822666393 0.19058877229690552
Cyclist -1 -1 -1.91 788.1865844726562 138.46463012695312 987.5797729492188 362.45513916015625 1.766990065574646 0.6619144082069397 1.720492959022522 2.008558988571167 1.5183684825897217 5.247593879699707 -1.5459422353703056 0.1886243373155594
Pedestrian -1 -1 2.18 301.33795166015625 143.81356811523438 363.629638671875 213.9449462890625 1.895897626876831 0.6632867455482483 0.6697487235069275 -6.972496509552002 0.9190302956849337 18.187252044677734 1.8104276354989706 0.1881885826587677
Cyclist -1 -1 2.31 376.7564697265625 149.5268096923828 484.14813232421875 226.1271209716797 1.7685184478759766 0.7695420384407043 1.984163522720337 -3.5141940116882324 1.1408542394638062 14.687249183654785 2.0748726740259595 0.18543490767478943
Cyclist -1 -1 -1.8 1056.3658447265625 99.59894561767578 1229.911376953125 374.0292739868164 1.8939685821533203 0.5525546669960022 1.7942869663238525 3.2429354190826416 1.3400905430316925 3.7256789207458496 -1.081366164632544 0.18457266688346863
Cyclist -1 -1 1.87 395.62554931640625 146.5506591796875 444.3156433105469 200.5816650390625 1.6751954555511475 0.6296987533569336 1.6529799699783325 -5.749098300933838 0.5995963662862778 22.557252883911133 1.6208360187782596 0.18443235754966736
Pedestrian -1 -1 1.35 1166.4144287109375 129.51654052734375 1224.9290771484375 280.9403991699219 1.71669340133667 0.6321845054626465 0.8337056636810303 4.413058280944824 1.1410419046878815 4.843364715576172 2.0879543913421585 0.18155980110168457
Pedestrian -1 -1 2.0 396.5703125 139.37966918945312 476.1682434082031 217.6176300048828 1.7475162744522095 0.6706363558769226 0.6250220537185669 -4.7901763916015625 0.8138030096888542 19.339014053344727 1.7614763067448447 0.17956872284412384
Cyclist -1 -1 2.35 420.0838317871094 144.1488037109375 482.235595703125 228.46253967285156 1.7928136587142944 0.6895948052406311 1.8373442888259888 -3.880510091781616 0.948012575507164 17.52792739868164 2.1292499372216804 0.1791776567697525
Pedestrian -1 -1 1.61 823.6444091796875 126.01240539550781 1039.4268798828125 367.7153625488281 1.5302761793136597 0.5606052279472351 0.7372434735298157 2.069457530975342 1.3175071477890015 4.853590488433838 2.0118708968213923 0.17573754489421844
Cyclist -1 -1 -2.34 871.9354858398438 131.11048889160156 1078.8092041015625 358.35455322265625 1.7251781225204468 0.675452709197998 1.6691018342971802 2.5829572677612305 1.4958109259605408 5.363248825073242 -1.8915858576690372 0.17391327023506165
Cyclist -1 -1 -2.23 1087.2335205078125 113.8033676147461 1217.1923828125 314.5934066772461 1.745645523071289 0.5417066216468811 1.764392375946045 3.440216541290283 1.2047510743141174 3.8917834758758545 -1.510592738004875 0.17307497560977936
Truck -1 -1 1.96 6.5905327796936035 80.85883331298828 264.46800470352173 336.1719436645508 3.1481118202209473 2.392057418823242 6.793996810913086 -4.571222305297852 1.6851502433419228 5.603468418121338 1.2799334793674175 0.17135684192180634
Pedestrian -1 -1 2.49 1087.2335205078125 113.8033676147461 1217.1923828125 314.5934066772461 1.8330292701721191 0.5636813044548035 0.8706927299499512 3.1921448707580566 1.1862001717090607 3.605023145675659 -3.0655533505466117 0.1496141254901886