Car -1 -1 -1.93 781.3048706054688 139.91969299316406 1105.74169921875 368.0675354003906 1.8523415327072144 1.6958731412887573 4.040035724639893 3.2237114906311035 1.464226484298706 7.631552219390869 -1.526931235883243 0.8533812761306763
Pedestrian -1 -1 1.22 265.3497009277344 156.32699584960938 315.218505859375 286.05572509765625 1.7878116369247437 0.619243860244751 0.5655034184455872 -4.423203468322754 1.45319002866745 10.37091064453125 0.8209733948385818 0.8229154944419861
Pedestrian -1 -1 0.95 426.9038391113281 188.21890258789062 469.6281433105469 283.3451232910156 1.533150553703308 0.5489242672920227 0.4719384014606476 -2.3395578861236572 1.6143305897712708 11.375431060791016 0.7521418822530612 0.658073902130127
Pedestrian -1 -1 -0.81 393.2487487792969 192.06283569335938 439.17266845703125 286.898681640625 1.5658749341964722 0.556427538394928 0.4865325391292572 -2.8195650577545166 1.6223474740982056 11.163252830505371 -1.05591540082653 0.6470024585723877
Pedestrian -1 -1 1.89 442.5279846191406 178.9554443359375 477.4830017089844 279.0531005859375 1.6312448978424072 0.5792071223258972 0.5301955938339233 -2.277252435684204 1.537757694721222 11.421182632446289 1.6974630132101751 0.6211472749710083
Pedestrian -1 -1 1.43 435.58740234375 187.93167114257812 475.1304016113281 283.6380920410156 1.4873149394989014 0.5522363781929016 0.4971163868904114 -2.2407212257385254 1.581064522266388 11.285568237304688 1.233565725283861 0.611384391784668
Pedestrian -1 -1 -3.0 400.4384460449219 190.7955322265625 435.4081115722656 284.4949951171875 1.5282975435256958 0.5593618750572205 0.4582333266735077 -2.865476608276367 1.6396903991699219 11.43188190460205 3.0354735655900127 0.5503984689712524
Van -1 -1 -1.92 778.5701904296875 140.00521850585938 1108.674072265625 367.0513610839844 1.925247073173523 1.7925034761428833 4.341953277587891 3.271575450897217 1.5174160599708557 7.718003749847412 -1.5207438548101324 0.5249698758125305
Pedestrian -1 -1 0.24 421.00689697265625 190.62408447265625 462.95562744140625 283.7578430175781 1.526960015296936 0.5393593311309814 0.48082077503204346 -2.467010736465454 1.6197055578231812 11.319385528564453 0.025384816280970224 0.5156790614128113
Pedestrian -1 -1 0.64 408.6799621582031 190.056396484375 447.5832214355469 287.18768310546875 1.49172842502594 0.5298539400100708 0.49223247170448303 -2.5765271186828613 1.615412950515747 11.086435317993164 0.40865271627351163 0.5089776515960693
Pedestrian -1 -1 1.87 405.01910400390625 182.85076904296875 434.2990417480469 280.54217529296875 1.4963057041168213 0.5107672810554504 0.4402582347393036 -2.9621524810791016 1.5645989775657654 11.741716384887695 1.6250389256516602 0.4349667727947235
Pedestrian -1 -1 3.0 396.5757141113281 182.60072326660156 425.1416015625 272.0970153808594 1.5468015670776367 0.5653296113014221 0.5766360759735107 -3.2643795013427734 1.5520977973937988 12.435652732849121 2.7398228470189547 0.42841795086860657
Pedestrian -1 -1 2.16 420.5774230957031 182.766845703125 447.5437927246094 275.5115661621094 1.5529799461364746 0.5664881467819214 0.5399293899536133 -2.7938497066497803 1.546596884727478 12.140023231506348 1.9299862178072322 0.42369958758354187
Pedestrian -1 -1 1.97 411.15826416015625 183.93260192871094 442.4140930175781 281.8703308105469 1.4920443296432495 0.5072369575500488 0.4500221312046051 -2.7995545864105225 1.5494357347488403 11.5468111038208 1.7339142562369698 0.42163071036338806
Pedestrian -1 -1 1.93 429.28173828125 181.6606903076172 461.4031677246094 282.9563903808594 1.5142364501953125 0.5258280038833618 0.48028886318206787 -2.4124720096588135 1.5302621722221375 11.122313499450684 1.714457859487295 0.4214130640029907
Pedestrian -1 -1 1.93 423.6436767578125 186.07870483398438 452.90789794921875 278.836669921875 1.4594851732254028 0.49004673957824707 0.4728192389011383 -2.6941306591033936 1.5760727524757385 11.8535737991333 1.70879285858304 0.37251174449920654
Pedestrian -1 -1 1.63 401.207275390625 182.13673400878906 430.1935119628906 278.2754211425781 1.5230258703231812 0.512175440788269 0.46160513162612915 -3.0583951473236084 1.5800395607948303 11.973771095275879 1.3774714157009171 0.33089008927345276
Cyclist -1 -1 1.07 440.8218688964844 181.68218994140625 480.7982482910156 278.7118835449219 1.6088347434997559 0.6314403414726257 1.6287469863891602 -2.361515522003174 1.567225694656372 12.440847396850586 0.8861239895278166 0.3192567825317383
Van -1 -1 -1.93 793.24072265625 81.21045684814453 1150.58740234375 363.37964630126953 2.063886880874634 1.9076887369155884 4.981939315795898 3.5709145069122314 1.5431038737297058 7.939443111419678 -1.5120496170269346 0.2913884222507477
Cyclist -1 -1 0.51 392.75384521484375 191.8358917236328 439.77655029296875 286.5279846191406 1.587733507156372 0.5790075063705444 1.6483937501907349 -2.840348958969116 1.689578890800476 11.670225143432617 0.26906568208995196 0.2903147339820862
Pedestrian -1 -1 2.18 427.4281311035156 180.91177368164062 454.29058837890625 270.4744567871094 1.580033540725708 0.6048694849014282 0.6420685052871704 -2.671945571899414 1.5104729533195496 12.285606384277344 1.9702347398278093 0.28896698355674744
Cyclist -1 -1 0.87 393.288818359375 185.9554443359375 430.560546875 283.739990234375 1.5336982011795044 0.6189281940460205 1.5741393566131592 -3.0325849056243896 1.5897716283798218 11.836018562316895 0.6206007166141596 0.2773986756801605
Cyclist -1 -1 1.08 434.064453125 182.26318359375 471.39642333984375 281.1272277832031 1.6314340829849243 0.6363903880119324 1.6301512718200684 -2.4126152992248535 1.5930643677711487 12.37240219116211 0.8910610644495405 0.2722409665584564
Car -1 -1 0.3 392.75384521484375 191.8358917236328 439.77655029296875 286.5279846191406 1.4635257720947266 1.4411325454711914 2.9343385696411133 -2.925135374069214 1.6780428886413574 13.026180267333984 0.08071573593398362 0.27221450209617615
Van -1 -1 -2.14 1032.2015380859375 54.93396759033203 1230.688232421875 278.58472442626953 2.6201248168945312 2.1542446613311768 6.203868865966797 7.267370700836182 1.3222497394308448 8.292552947998047 -1.419293629327199 0.26993992924690247
Pedestrian -1 -1 -1.05 442.811767578125 181.25982666015625 485.9766540527344 272.3891296386719 1.59347403049469 0.6243237257003784 0.6927943229675293 -2.287423849105835 1.493300974369049 12.046442031860352 -1.2371878042910582 0.25890278816223145
Pedestrian -1 -1 1.37 252.74977111816406 159.37864685058594 312.03887939453125 277.1480407714844 1.7979540824890137 0.617562472820282 0.7472894191741943 -4.564544677734375 1.4412643313407898 10.443304061889648 0.9581986315824915 0.25562813878059387
Pedestrian -1 -1 1.92 451.86968994140625 185.4854278564453 481.5224609375 279.8040771484375 1.4379831552505493 0.4753603935241699 0.6180984377861023 -2.0956978797912598 1.5409737825393677 11.261030197143555 1.740330773627254 0.24618646502494812
Pedestrian -1 -1 0.06 387.11456298828125 192.5487518310547 432.4262390136719 285.2694091796875 1.492500901222229 0.5142667889595032 0.5897162556648254 -2.9330029487609863 1.5978918075561523 11.10412883758545 -0.19984090472850058 0.24575720727443695
Van -1 -1 -2.13 861.9736328125 36.19987869262695 1187.61865234375 325.4147834777832 2.225677967071533 2.0314693450927734 5.411168575286865 3.957890272140503 1.5686877965927124 7.575268745422363 -1.6512192148806975 0.24342849850654602
Cyclist -1 -1 0.95 389.03900146484375 185.2596435546875 425.02679443359375 278.52978515625 1.5841903686523438 0.6099441051483154 1.5877941846847534 -3.122990846633911 1.6186953783035278 12.080924987792969 0.7001665563039818 0.2429896593093872
Car -1 -1 -1.53 426.59112548828125 187.05953979492188 472.388427734375 284.8161926269531 1.5210429430007935 1.4729000329971313 2.8694851398468018 -2.594649314880371 1.7562957406044006 13.34949016571045 -1.7212333766420453 0.24066589772701263
Pedestrian -1 -1 -0.92 389.03900146484375 185.2596435546875 425.02679443359375 278.52978515625 1.5544074773788452 0.5922589302062988 0.6464826464653015 -3.0049917697906494 1.5645618438720703 11.390480995178223 -1.17661499481585 0.23936727643013
Pedestrian -1 -1 1.23 415.4110107421875 190.7642822265625 443.8147277832031 277.4333190917969 1.339478850364685 0.47107774019241333 0.6063057780265808 -2.9714081287384033 1.5904081463813782 12.642897605895996 0.9943495227330246 0.23109278082847595
Cyclist -1 -1 1.11 426.5374450683594 182.9401397705078 458.77587890625 278.5138854980469 1.6414735317230225 0.6178147196769714 1.603563904762268 -2.681364059448242 1.614839255809784 12.489949226379395 0.8976679929742488 0.2278464287519455
Pedestrian -1 -1 -0.56 432.3336181640625 183.4815673828125 468.5317077636719 271.4102783203125 1.5379612445831299 0.6421669721603394 0.7090049386024475 -2.464806318283081 1.4888704419136047 12.131209373474121 -0.7629087285897338 0.22259126603603363
Van -1 -1 -2.38 983.4075317382812 14.744752883911133 1224.37939453125 315.7418842315674 2.3966898918151855 2.0515902042388916 5.602863788604736 5.173331260681152 1.4077943563461304 5.75183629989624 -1.646848519592461 0.22116774320602417
Pedestrian -1 -1 2.61 1051.9044189453125 59.94633102416992 1226.5914306640625 267.8564109802246 2.0966458320617676 0.803564727306366 0.8860717415809631 5.584349155426025 1.2037316709756851 7.269206523895264 -3.017131678855459 0.2060902863740921
Car -1 -1 -1.25 421.00689697265625 190.62408447265625 462.95562744140625 283.7578430175781 1.4823116064071655 1.4547184705734253 2.8303048610687256 -2.5767807960510254 1.6591767072677612 13.222893714904785 -1.441153532032132 0.20404097437858582
Cyclist -1 -1 1.12 442.7829895019531 180.11141967773438 489.3291015625 273.5147705078125 1.6192560195922852 0.6036875247955322 1.6551507711410522 -2.3256301879882812 1.5130099654197693 12.339289665222168 0.9301628994465068 0.2018672525882721
Pedestrian -1 -1 1.34 416.0082092285156 194.490966796875 450.3238525390625 286.7711486816406 1.3004977703094482 0.4366961419582367 0.5807793140411377 -2.6495800018310547 1.5852433443069458 11.253497123718262 1.1043231703063192 0.20095662772655487
Cyclist -1 -1 1.06 417.8584899902344 184.4186248779297 449.0950622558594 277.7720642089844 1.5684067010879517 0.6129153966903687 1.6329249143600464 -2.8224501609802246 1.5686766505241394 12.107629776000977 0.8346857725105599 0.1931738704442978
Truck -1 -1 -1.5 1028.043212890625 57.90673065185547 1231.1634521484375 272.44795989990234 3.2429566383361816 2.2806594371795654 7.0497565269470215 8.381514549255371 1.5049467906355858 9.910565376281738 -0.7982775070253005 0.17048504948616028
Car -1 -1 -2.13 182.6185760498047 63.50980758666992 214.99649047851562 86.51229858398438 1.7830559015274048 1.8269342184066772 2.7728943824768066 -28.144458770751953 -5.826716125011444 48.63653564453125 -2.6595225581997664 0.14547576010227203
Car -1 -1 -1.98 177.52310180664062 62.7302360534668 210.96070861816406 87.25235748291016 1.7523404359817505 1.792452335357666 2.7669219970703125 -28.34124183654785 -5.898010194301605 48.709938049316406 -2.509377775486426 0.1330050379037857