Car -1 -1 -1.28 306.7298278808594 190.2628631591797 403.38616943359375 247.74246215820312 1.4412869215011597 1.619709849357605 3.9980688095092773 -7.178829193115234 1.6559752821922302 20.93682289123535 -1.6066445618972152 0.8924579620361328
Car -1 -1 -1.13 116.46623992919922 190.03253173828125 321.8186569213867 304.2027282714844 1.6045228242874146 1.6575084924697876 4.132299900054932 -6.4573516845703125 1.715994119644165 12.44453239440918 -1.6129999272466469 0.8894324898719788
Car -1 -1 -1.53 666.820556640625 182.3387451171875 731.59765625 239.06260681152344 1.5479580163955688 1.63654363155365 3.6097288131713867 2.8827412128448486 1.5085256099700928 22.18712043762207 -1.4044216473311115 0.8801817893981934
Truck -1 -1 -1.37 394.8783264160156 136.40188598632812 483.0185852050781 223.42434692382812 3.550856590270996 2.665487051010132 8.889299392700195 -7.804690837860107 1.6905477792024612 34.88416290283203 -1.5936729458867145 0.8476527333259583
Car -1 -1 -0.84 81.27057647705078 201.67918395996094 255.3246841430664 274.4788818359375 1.472565770149231 1.6529676914215088 3.890812397003174 -10.018890380859375 1.8527984023094177 16.56615447998047 -1.3835535159623742 0.8266781568527222
Car -1 -1 -1.32 753.3355712890625 184.23690795898438 786.8963012695312 206.0538787841797 1.4517631530761719 1.5770171880722046 3.7293334007263184 11.713211059570312 1.4586889743804932 51.34825897216797 -1.0920534127252424 0.7769829630851746
Car -1 -1 2.18 14.32851505279541 207.24942016601562 140.304612159729 263.27093505859375 1.4178848266601562 1.5596815347671509 3.7093563079833984 -15.762381553649902 2.1010987758636475 20.964519500732422 1.5304069253724633 0.6896253228187561
Car -1 -1 2.33 0.16795754432678223 204.86181640625 85.30540108680725 299.9549560546875 1.5615229606628418 1.6897615194320679 4.616380214691162 -10.487343788146973 1.951237678527832 10.766836166381836 1.557176120702648 0.6176948547363281
Car -1 -1 1.99 257.9239501953125 188.7055206298828 326.23052978515625 224.7352752685547 1.622351884841919 1.6091463565826416 3.618338108062744 -15.094347953796387 1.8496508598327637 34.28241729736328 1.5777824089788206 0.4984223246574402
Car -1 -1 2.38 2.4216384887695312 201.7364501953125 69.23570251464844 313.50604248046875 1.5241318941116333 1.691103458404541 4.651961803436279 -10.651997566223145 1.8709469437599182 10.795204162597656 1.5989480924980537 0.463365763425827
Car -1 -1 -2.64 7.8932204246521 203.571533203125 72.86728811264038 284.6694030761719 1.6669490337371826 1.6465535163879395 4.056192874908447 -10.737191200256348 1.9637022018432617 11.283234596252441 2.882845248312309 0.42508959770202637
Car -1 -1 2.28 -1.397542119026184 205.17820739746094 125.211634516716 275.6214904785156 1.5177899599075317 1.6418886184692383 4.186009407043457 -16.196487426757812 2.2051469683647156 20.842897415161133 1.6196122295805937 0.39969322085380554
Car -1 -1 -0.56 91.47566223144531 193.31851196289062 292.76800537109375 289.56781005859375 1.5770165920257568 1.6237387657165527 3.732238531112671 -9.748135566711426 1.9225784540176392 16.519025802612305 -1.094509332055436 0.38433125615119934
Car -1 -1 2.38 -1.4355170726776123 206.35122680664062 100.07873463630676 285.2898864746094 1.5257772207260132 1.6593796014785767 3.991837739944458 -11.15739917755127 1.9611453413963318 12.572026252746582 1.6534440553311232 0.36190298199653625
Car -1 -1 -1.57 674.685302734375 182.29823303222656 733.041015625 229.19419860839844 1.5428968667984009 1.6778194904327393 3.7119946479797363 2.8733139038085938 1.514840841293335 22.636890411376953 -1.443298472806597 0.3455946743488312
Car -1 -1 2.27 16.739870071411133 205.90762329101562 106.26632881164551 271.23291015625 1.5024672746658325 1.5864429473876953 3.945272445678711 -16.61064338684082 2.1690472960472107 20.682205200195312 1.594551853390648 0.291437029838562
Car -1 -1 2.29 35.59342575073242 205.57493591308594 187.62827682495117 266.37628173828125 1.4358927011489868 1.55918288230896 3.785067319869995 -14.437000274658203 2.081211030483246 20.180387496948242 1.6682796974573426 0.27876538038253784
Truck -1 -1 -1.11 2.37129807472229 -4.691023826599121 83.6739866733551 192.6414041519165 3.375441789627075 2.4781110286712646 8.905989646911621 -9.26086711883545 0.8263305425643921 7.254277229309082 -2.0184678995265317 0.268261194229126
Car -1 -1 -0.9 13.232240676879883 206.83969116210938 70.75966835021973 272.2659912109375 1.5698940753936768 1.6477781534194946 4.097715377807617 -15.266934394836426 2.1501654386520386 16.71737289428711 -1.6441971205051136 0.2672594487667084
Car -1 -1 2.47 -0.08653070777654648 189.99073791503906 56.98599813133478 310.31744384765625 1.509015440940857 1.7604044675827026 4.751354217529297 -11.422143936157227 1.826747477054596 10.734247207641602 1.6583627697833219 0.2636299133300781
Van -1 -1 -1.55 1.3283774852752686 -4.651470184326172 103.84121775627136 171.3484992980957 2.4330997467041016 2.0674092769622803 5.44595193862915 -7.691781997680664 0.6681746244430542 6.452701091766357 -2.4251510351823775 0.26139554381370544
Car -1 -1 -0.92 257.11865234375 188.5290985107422 342.0657958984375 229.5405731201172 1.4523003101348877 1.5497586727142334 3.8850600719451904 -13.054027557373047 1.7075515985488892 30.70983123779297 -1.3217828267763192 0.2599685788154602
Car -1 -1 2.36 6.204085826873779 192.776611328125 134.21394300460815 285.0718078613281 1.3606160879135132 1.669304609298706 4.079530715942383 -16.940736770629883 2.1630428433418274 19.970754623413086 1.6553818488480134 0.2426588386297226
Car -1 -1 1.57 35.07088851928711 209.2285919189453 160.13003158569336 262.9116516113281 1.3734393119812012 1.5313869714736938 3.75378680229187 -15.440485954284668 2.1052730083465576 21.167945861816406 0.9385747472770447 0.24199210107326508
Car -1 -1 -1.21 322.3280334472656 189.08934020996094 402.7478332519531 237.88612365722656 1.4473100900650024 1.6180952787399292 3.95186448097229 -7.31845235824585 1.6207915544509888 21.44312286376953 -1.5414641570285443 0.24087558686733246
Car -1 -1 2.37 5.242807388305664 220.95838928222656 81.94411659240723 309.02117919921875 1.4278830289840698 1.6382226943969727 3.965193510055542 -10.402973175048828 1.9562143683433533 11.20390510559082 1.619664894174778 0.23486147820949554
Car -1 -1 -2.72 1097.5155029296875 216.3831329345703 1240.5162353515625 375.5686950683594 1.6465668678283691 1.565546989440918 3.7755320072174072 2.297515630722046 1.4735546112060547 1.240991234779358 -1.643197303973487 0.23435987532138824
Car -1 -1 -2.74 1065.04638671875 188.59263610839844 1234.8175048828125 380.5634460449219 1.6245579719543457 1.5700072050094604 3.6160738468170166 2.553779125213623 1.5032634735107422 1.1807358264923096 -1.6020094198014245 0.23316659033298492
Cyclist -1 -1 -1.1 390.1654968261719 134.50396728515625 488.3173828125 222.21206665039062 1.9403057098388672 0.5330621600151062 1.647350549697876 -5.20680570602417 0.7861043959856033 23.396657943725586 -1.3232656558777993 0.2240009903907776
Car -1 -1 -2.74 1120.1163330078125 181.7582550048828 1237.84375 376.7232971191406 1.6393020153045654 1.5511184930801392 3.448159694671631 2.3195652961730957 1.4372662901878357 1.0177321434020996 -1.5869320523611599 0.22038216888904572
Car -1 -1 -0.71 7.386316299438477 205.18380737304688 85.20916938781738 273.3016052246094 1.5163397789001465 1.5452531576156616 3.8078453540802 -12.950210571289062 1.9044280052185059 14.846826553344727 -1.42871186661411 0.21991901099681854
Car -1 -1 1.72 55.16797637939453 200.140380859375 225.19669342041016 283.0904541015625 1.3874807357788086 1.6236727237701416 4.139266490936279 -11.448325157165527 1.910548210144043 17.934770584106445 1.155356223356165 0.21756017208099365
Car -1 -1 -0.91 262.4529724121094 190.2381134033203 352.8651123046875 234.00039672851562 1.4098060131072998 1.563140869140625 3.945366621017456 -12.611313819885254 1.704074740409851 30.34680938720703 -1.3035481505551294 0.21721602976322174
Car -1 -1 1.91 253.36814880371094 192.85765075683594 315.80682373046875 226.203857421875 1.5851937532424927 1.5697332620620728 3.6860482692718506 -16.091657638549805 1.939647138118744 35.818729400634766 1.483647831134883 0.1975865662097931
Car -1 -1 -0.93 269.1076354980469 190.54718017578125 332.83599853515625 230.2666015625 1.4382750988006592 1.554782509803772 3.8689022064208984 -14.194893836975098 1.8378965854644775 33.36953353881836 -1.3365745797291275 0.19751353561878204
Car -1 -1 -1.51 679.106201171875 183.4141845703125 728.9253540039062 223.268310546875 1.5709419250488281 1.652759075164795 3.7113125324249268 3.5647900104522705 1.513745903968811 27.114309310913086 -1.3784709678151206 0.19619764387607574
Van -1 -1 2.38 0.39509186148643494 211.1050567626953 76.96103271842003 291.50628662109375 1.963557243347168 1.8857892751693726 4.800298690795898 -13.12646198272705 2.3034563064575195 14.474787712097168 1.6400681217355402 0.19601096212863922
Car -1 -1 2.38 8.334061622619629 211.96299743652344 71.73729801177979 305.5479431152344 1.4652003049850464 1.6349676847457886 4.095958709716797 -10.279411315917969 1.8987416625022888 10.847540855407715 1.6240829756663633 0.1909765601158142
Car -1 -1 1.13 68.1675033569336 200.8931884765625 220.81945037841797 267.2736511230469 1.4548051357269287 1.5649956464767456 3.602038621902466 -10.627643585205078 1.927323818206787 17.111835479736328 0.5731978829171283 0.18778111040592194
Car -1 -1 2.25 7.096137046813965 197.97732543945312 101.95899105072021 299.4210205078125 1.3200231790542603 1.5788058042526245 4.1639180183410645 -17.999500274658203 2.0537871718406677 22.304004669189453 1.5681514124695175 0.18453659117221832
Car -1 -1 -0.92 8.264731407165527 204.66546630859375 59.23461055755615 273.3663330078125 1.6454401016235352 1.7011407613754272 4.098144054412842 -15.188624382019043 2.1694552898406982 16.057254791259766 -1.6755014198658928 0.1828499585390091
Car -1 -1 -2.71 1148.57470703125 167.0604248046875 1238.3919677734375 376.7491760253906 1.6446501016616821 1.5482736825942993 3.463911771774292 2.2891125679016113 1.4067307114601135 1.0575584173202515 -1.5768268090426627 0.1822461485862732
Van -1 -1 -1.05 6.580897331237793 208.3811492919922 71.58955669403076 281.1408386230469 2.0201938152313232 1.8802177906036377 4.812321662902832 -14.536264419555664 2.3036011457443237 16.08843421936035 -1.781031563960604 0.17546482384204865
Car -1 -1 2.67 3.732485055923462 216.9989776611328 71.09070038795471 288.175537109375 1.385187029838562 1.6570512056350708 4.189124584197998 -12.060592651367188 2.0764642357826233 12.879694938659668 1.9163071964871135 0.16254667937755585
Car -1 -1 -1.7 842.69873046875 180.52505493164062 905.7469482421875 206.8192596435547 1.5278619527816772 1.6233031749725342 4.290380477905273 18.325199127197266 1.3768720626831055 49.689762115478516 -1.3422885385202648 0.15996351838111877
Car -1 -1 1.18 279.47576904296875 193.36395263671875 355.0555114746094 230.0645294189453 1.380050778388977 1.540155291557312 3.4805634021759033 -12.3071928024292 1.8396757245063782 30.913145065307617 0.8036677390130045 0.15463261306285858
Car -1 -1 -1.6 689.38330078125 184.77687072753906 731.7445678710938 222.27151489257812 1.5981411933898926 1.6121610403060913 3.800867795944214 4.3467512130737305 1.6154143810272217 30.526504516601562 -1.457131968088917 0.15264277160167694
Car -1 -1 -2.65 1182.7099609375 162.43751525878906 1241.2337646484375 374.4659423828125 1.6876366138458252 1.5770227909088135 3.3728013038635254 1.8669675588607788 1.2832880020141602 0.9458287954330444 -1.5528846123520434 0.1515321582555771
Car -1 -1 2.29 -1.9844902753829956 204.28175354003906 102.70888435840607 314.6014709472656 1.370566964149475 1.6477867364883423 4.222080707550049 -10.805821418762207 1.980927050113678 12.372090339660645 1.5762093889233615 0.14789913594722748
Car -1 -1 -1.91 695.0914306640625 183.8952178955078 731.9291381835938 214.55543518066406 1.5628774166107178 1.6318085193634033 4.031705379486084 6.442333698272705 1.5931026339530945 43.71155548095703 -1.760128191204764 0.13417381048202515
Car -1 -1 -0.76 3.4118950366973877 198.15159606933594 57.94221043586731 282.0091247558594 1.6849496364593506 1.6309078931808472 4.14044713973999 -15.629846572875977 2.2329916954040527 15.531766891479492 -1.5437891112450721 0.13398240506649017
Car -1 -1 2.79 -3.673961877822876 169.2916259765625 61.65778708457947 304.2427673339844 1.6217565536499023 1.7732943296432495 4.82863187789917 -16.477645874023438 2.038435220718384 13.5352201461792 1.9063693307205973 0.1332065314054489
Car -1 -1 2.43 3.114992141723633 197.678955078125 75.06054878234863 339.4952392578125 1.3458225727081299 1.6285710334777832 4.4434590339660645 -10.409357070922852 1.8974862098693848 9.579944610595703 1.598999148031389 0.12101369351148605
Car -1 -1 2.3 3.11142635345459 177.1556854248047 106.28673458099365 289.09088134765625 1.4260144233703613 1.6809375286102295 4.477513313293457 -19.000646591186523 2.1403512954711914 18.698915481567383 1.5047873414942847 0.11617614328861237
Car -1 -1 1.77 -8.059320449829102 144.82965087890625 67.41702079772949 299.5633850097656 1.702640175819397 1.7660043239593506 4.868918418884277 -14.429553031921387 1.8988909125328064 11.257896423339844 0.8657492632329733 0.11159681528806686
Car -1 -1 2.64 -8.355417251586914 191.69656372070312 55.87674522399902 286.29522705078125 1.5194091796875 1.5430337190628052 4.01784086227417 -11.266380310058594 1.7212695479393005 11.176983833312988 1.8485575946832373 0.10426892340183258
Car -1 -1 2.23 -0.14718490839004517 191.36944580078125 77.04776901006699 292.6675109863281 1.5612400770187378 1.613796353340149 4.287071704864502 -14.688390731811523 2.285479724407196 13.60055160522461 1.4080718848393445 0.09595619887113571
Car -1 -1 2.44 8.023638725280762 194.2960205078125 84.95022869110107 327.52667236328125 1.2761214971542358 1.5791354179382324 4.249339580535889 -11.150876998901367 1.9880804419517517 11.513263702392578 1.6735303948015599 0.08808965981006622
Car -1 -1 2.67 0.6506744623184204 173.75277709960938 84.66217195987701 315.1632995605469 1.3696168661117554 1.5952211618423462 4.641646862030029 -14.274863243103027 1.9901162981987 12.940070152282715 1.8366616886333258 0.07087872922420502