Car -1 -1 -1.83 650.953125 178.6101531982422 795.5994262695312 275.8595275878906 1.435164213180542 1.5606606006622314 3.376753330230713 1.7879852056503296 1.5746092200279236 12.641918182373047 -1.6898714360085458 0.9023935794830322
Car -1 -1 2.52 563.7433471679688 172.51199340820312 667.271728515625 214.79017639160156 1.5550634860992432 1.5568305253982544 3.7439463138580322 0.26524215936660767 1.5515645742416382 28.151708602905273 2.532514508019138 0.8326027393341064
Car -1 -1 -0.8 817.2064208984375 165.22329711914062 918.4733276367188 207.386962890625 1.506911039352417 1.6333202123641968 3.40283465385437 9.612933158874512 1.197383463382721 26.546886444091797 -0.4522530225149328 0.8278254866600037
Car -1 -1 1.98 942.3419189453125 156.61752319335938 1029.9835205078125 199.0644989013672 1.6832448244094849 1.6672632694244385 3.677863359451294 16.04671287536621 1.027648150920868 30.82333755493164 2.456960967766763 0.8027440905570984
Car -1 -1 -0.9 732.3572998046875 167.55307006835938 848.5181884765625 214.15005493164062 1.44985032081604 1.5999772548675537 3.4230637550354004 6.1361565589904785 1.2879619598388672 24.42652702331543 -0.6556608209247141 0.7970633506774902
Car -1 -1 -1.23 895.1083984375 165.70167541503906 971.2609252929688 201.52491760253906 1.4133532047271729 1.569217324256897 3.185434103012085 13.567663192749023 1.113722324371338 30.282249450683594 -0.8099938596808318 0.7792218923568726
Car -1 -1 2.16 694.7449951171875 169.08303833007812 787.8447875976562 208.25765991210938 1.3627208471298218 1.5701061487197876 3.6955795288085938 5.002685070037842 1.2403565645217896 27.25106430053711 2.3420275328756466 0.4020119905471802
Car -1 -1 2.2 712.5562744140625 170.2191162109375 835.2108764648438 212.89468383789062 1.4057271480560303 1.6371972560882568 3.9855804443359375 5.607690811157227 1.2922695875167847 23.923641204833984 2.4305604655474378 0.3599172830581665
Car -1 -1 -1.91 661.6170654296875 177.68685913085938 786.9440307617188 256.04217529296875 1.3793951272964478 1.5359243154525757 3.445124864578247 2.067734956741333 1.4301616549491882 13.368651390075684 -1.7522315374333495 0.3076706528663635
Car -1 -1 -1.79 654.5436401367188 175.31198120117188 813.6632690429688 262.25860595703125 1.4578125476837158 1.6348456144332886 3.487044095993042 2.0372462272644043 1.5269199013710022 12.656292915344238 -1.6283698387831178 0.2350093424320221
Car -1 -1 -1.21 869.3756713867188 165.47930908203125 963.0042724609375 202.73684692382812 1.4068830013275146 1.595175862312317 3.3721721172332764 12.999948501586914 1.0378036797046661 29.559019088745117 -0.7985650755886526 0.2145020067691803
Car -1 -1 -0.59 6.191280364990234 255.19830322265625 93.73235702514648 375.51654052734375 1.3354313373565674 1.4932242631912231 3.6141433715820312 -3.6417884826660156 1.6843212842941284 2.886726140975952 -1.4939014176632837 0.20842425525188446
Car -1 -1 1.15 675.5860595703125 173.4822998046875 812.3280029296875 248.8309783935547 1.4604547023773193 1.5555826425552368 3.491966962814331 4.000545501708984 1.474107265472412 20.209300994873047 1.3451293710727494 0.2063923478126526
Car -1 -1 1.13 827.1101684570312 163.9500732421875 932.7433471679688 206.00833129882812 1.436326503753662 1.640769362449646 3.393087863922119 9.593216896057129 1.1313098073005676 26.59099769592285 1.475503981379612 0.20211702585220337
Car -1 -1 1.82 692.1690063476562 171.97308349609375 813.7904663085938 233.92149353027344 1.4252821207046509 1.5633924007415771 3.5660672187805176 4.925124168395996 1.3532140851020813 23.300758361816406 2.030858016694685 0.19939669966697693
Car -1 -1 -2.95 677.142333984375 171.6552276611328 787.6707763671875 234.61363220214844 1.4188108444213867 1.561496376991272 3.514756441116333 4.190644264221191 1.5048061609268188 24.192548751831055 -2.7810368099439895 0.19289253652095795
Car -1 -1 2.3 703.595947265625 168.8555450439453 809.3051147460938 210.3524169921875 1.3752013444900513 1.5750867128372192 3.607555627822876 5.564354419708252 1.2629101276397705 27.767091751098633 2.4979083027129843 0.19195833802223206
Car -1 -1 2.15 924.4482421875 162.26988220214844 1020.6195678710938 200.51841735839844 1.5503805875778198 1.5230045318603516 3.4849305152893066 14.832959175109863 1.0905600786209106 29.95686912536621 2.6077246643295613 0.19014370441436768
Car -1 -1 2.64 781.4486083984375 166.35597229003906 900.7587280273438 209.23287963867188 1.4640893936157227 1.6527578830718994 3.542231321334839 7.730358600616455 1.175321877002716 25.085447311401367 2.9423911637465103 0.18388108909130096
Car -1 -1 2.15 684.6328735351562 170.48472595214844 784.9703369140625 215.69252014160156 1.391090750694275 1.548243522644043 3.6090030670166016 4.745805740356445 1.3651303052902222 26.855873107910156 2.32732534988709 0.17718937993049622
Car -1 -1 2.35 688.33203125 172.88885498046875 794.5596313476562 227.35238647460938 1.381301760673523 1.5028128623962402 3.47841739654541 4.914761066436768 1.495940625667572 26.142292022705078 2.539517763198834 0.17428186535835266
Car -1 -1 -0.64 3.2649357318878174 246.83372497558594 77.51486706733704 369.1169128417969 1.3928362131118774 1.513476848602295 3.5373315811157227 -3.883431911468506 1.7109811902046204 2.965479612350464 -1.5601239849869373 0.1646486520767212