Car -1 -1 -2.52 819.8751220703125 181.35154724121094 1009.2667236328125 254.4131317138672 1.5193583965301514 1.603809118270874 3.858851432800293 6.9479899406433105 1.7182655930519104 16.690902709960938 -2.127758681081617 0.891867458820343
Car -1 -1 -1.74 643.7190551757812 185.63279724121094 700.0093383789062 226.64364624023438 1.4986486434936523 1.5914632081985474 3.536747932434082 2.3884613513946533 2.0284857749938965 28.737823486328125 -1.6520931215892745 0.8780572414398193
Car -1 -1 -2.51 -1.6425029039382935 194.555419921875 286.83018386363983 338.6564025878906 1.4960815906524658 1.6091684103012085 4.050313472747803 -6.477541446685791 1.8340164422988892 8.986716270446777 -3.133073808544001 0.805969774723053
Car -1 -1 -2.27 3.7488303184509277 199.62350463867188 131.93054723739624 371.9005126953125 1.4461164474487305 1.5342737436294556 3.464405059814453 -6.670684814453125 1.7130551934242249 6.664135456085205 -3.051579174857407 0.805517315864563
Car -1 -1 -2.8 324.00299072265625 190.47132873535156 466.365966796875 240.78060913085938 1.4747875928878784 1.6246715784072876 4.012609481811523 -6.883810043334961 2.1026533246040344 23.3868408203125 -3.0896524306334516 0.7955191135406494
Car -1 -1 -2.72 238.80758666992188 188.83114624023438 414.14251708984375 263.32623291015625 1.6240524053573608 1.6321041584014893 4.059387683868408 -6.999486923217773 2.1210299134254456 17.49934959411621 -3.103572172616646 0.7862510085105896
Car -1 -1 -1.7 621.228515625 184.04237365722656 662.3309936523438 214.6511688232422 1.4594708681106567 1.6150027513504028 4.110250949859619 1.6207162141799927 2.120877206325531 37.84389877319336 -1.661077851784822 0.7852209806442261
Car -1 -1 -2.68 37.865047454833984 171.845458984375 377.564998626709 304.7069091796875 1.8535645008087158 1.7282222509384155 4.197220325469971 -6.236363410949707 1.8846301436424255 11.534661293029785 3.104764223296846 0.7375696897506714
Car -1 -1 -2.82 386.74041748046875 190.44020080566406 486.0651550292969 228.01368713378906 1.4925097227096558 1.6367387771606445 3.944735527038574 -7.236217021942139 2.248579680919647 30.419801712036133 -3.05061974295473 0.7280203700065613
Car -1 -1 -2.85 447.7417907714844 186.47711181640625 523.6766357421875 216.2933349609375 1.5339430570602417 1.5963234901428223 4.10114860534668 -6.554736614227295 2.2549226880073547 38.11970138549805 -3.0219564924470834 0.6789453625679016
Car -1 -1 -2.61 1.4861921072006226 183.9541778564453 334.84877145290375 324.4241027832031 1.701659083366394 1.6255601644515991 3.8817617893218994 -6.1681647300720215 1.8839078545570374 9.004317283630371 3.0721366834632002 0.6099268794059753
Car -1 -1 -2.8 406.5995178222656 190.99810791015625 494.7354431152344 224.1653289794922 1.4470881223678589 1.59846830368042 3.9788663387298584 -7.172986030578613 2.300664007663727 32.553253173828125 -3.019805292520319 0.598586916923523
Car -1 -1 -2.68 204.95896911621094 184.80746459960938 411.7496032714844 268.9501037597656 1.5666221380233765 1.5882295370101929 3.757258176803589 -6.662171840667725 2.0149810910224915 16.30799674987793 -3.0682269263873616 0.5659235119819641
Car -1 -1 -2.37 -6.7076616287231445 200.6094207763672 179.9891004562378 360.5971984863281 1.4938284158706665 1.619667649269104 4.015382766723633 -6.427951812744141 1.7327719330787659 6.720778942108154 -3.137583953830445 0.5452306270599365
Car -1 -1 -2.85 354.5470275878906 190.56692504882812 480.9781494140625 232.31141662597656 1.4955241680145264 1.6246622800827026 3.886439085006714 -7.03122615814209 2.2077139616012573 28.420677185058594 -3.0882503051922106 0.5296116471290588
Car -1 -1 -2.85 434.6146545410156 186.78921508789062 514.4131469726562 218.44288635253906 1.4178977012634277 1.5877948999404907 3.6891021728515625 -6.805914402008057 2.1869746446609497 36.52909851074219 -3.0377194084133485 0.5095342397689819
Car -1 -1 -2.43 -3.0918221473693848 201.96205139160156 236.81786108016968 352.65972900390625 1.3913859128952026 1.5619317293167114 3.695478677749634 -6.882734775543213 1.8576417565345764 8.959851264953613 -3.086235897934075 0.42809486389160156
Car -1 -1 -2.82 422.7386779785156 188.3533172607422 504.98211669921875 220.97984313964844 1.4355872869491577 1.541588306427002 3.6287622451782227 -6.926678657531738 2.2032516598701477 35.11680221557617 -3.010194522813883 0.42441561818122864
Car -1 -1 -2.81 174.9873046875 174.77296447753906 412.1637268066406 278.8566589355469 1.7125707864761353 1.7215641736984253 4.041033744812012 -6.628979206085205 2.004296362400055 16.22990608215332 3.08075324398658 0.3771330416202545
Car -1 -1 -2.87 457.0362854003906 184.7149658203125 529.5194091796875 214.25042724609375 1.5511572360992432 1.6062650680541992 4.106659889221191 -6.540300369262695 2.2795369625091553 40.59278869628906 -3.027648144715485 0.35406744480133057
Car -1 -1 -1.71 629.7432861328125 184.3760986328125 674.08251953125 218.29591369628906 1.4681671857833862 1.5783131122589111 3.784844160079956 1.6444100141525269 2.0578559041023254 37.18168258666992 -1.6673346673818097 0.3372437655925751
Car -1 -1 -2.84 294.8248596191406 190.60330200195312 439.6145324707031 244.692626953125 1.5071476697921753 1.570075273513794 3.8696415424346924 -6.586887359619141 2.0949190258979797 22.850589752197266 -3.1242978389340985 0.3010657727718353
Car -1 -1 -2.81 344.4991760253906 193.43809509277344 472.23602294921875 236.29710388183594 1.4352319240570068 1.5916261672973633 4.013916015625 -6.764699459075928 2.0650596618652344 23.93587303161621 -3.0877661762084347 0.2866505980491638
Car -1 -1 -2.79 378.9496765136719 191.93870544433594 474.8001403808594 230.99644470214844 1.4276829957962036 1.5811291933059692 3.801924228668213 -7.048616409301758 2.1992756724357605 27.70012664794922 -3.0415903348148365 0.2657414674758911
Car -1 -1 -2.75 432.47833251953125 191.0624237060547 507.8697509765625 219.6510009765625 1.4600807428359985 1.5808335542678833 3.9976541996002197 -7.061605453491211 2.3126482367515564 35.528072357177734 -2.9501262501229037 0.2619315981864929
Car -1 -1 -1.72 618.281494140625 184.56761169433594 651.658935546875 211.74072265625 1.429942011833191 1.5466010570526123 3.818683624267578 1.6334431171417236 2.1367046236991882 37.821136474609375 -1.6769315206406281 0.26082876324653625
Car -1 -1 -2.85 120.95947265625 170.7833709716797 404.8838806152344 287.7208557128906 1.6869394779205322 1.7244187593460083 4.136067867279053 -6.513294219970703 1.9350131750106812 15.28973388671875 3.0291025663444007 0.2510615587234497
Car -1 -1 -2.81 268.6889953613281 188.5120391845703 435.9947509765625 251.8917694091797 1.5195730924606323 1.6510499715805054 4.125946998596191 -6.671877861022949 1.9681046605110168 17.552976608276367 3.114131016481247 0.24248182773590088
Car -1 -1 -2.52 53.3395881652832 189.37503051757812 322.0211067199707 311.45379638671875 1.5441889762878418 1.6085717678070068 3.926537036895752 -6.261198043823242 1.8450899124145508 10.804757118225098 -3.0415205307691586 0.21516083180904388
Van -1 -1 -2.63 21.229734420776367 172.74700927734375 371.4094829559326 308.3534240722656 2.0175817012786865 1.8550224304199219 5.123315334320068 -6.5143280029296875 1.907663345336914 11.840938568115234 -3.132065667207385 0.2120279222726822
Car -1 -1 -2.76 153.46253967285156 183.00462341308594 394.4311828613281 305.0750427246094 1.5643045902252197 1.6559921503067017 4.108105659484863 -5.411623954772949 1.857627034187317 11.859010696411133 3.0925221473674993 0.20407603681087494
Car -1 -1 -2.08 0.22517098486423492 208.63768005371094 87.41104592382908 371.1512145996094 1.490427851676941 1.5903747081756592 3.6598732471466064 -6.536510467529297 1.734492301940918 6.438907623291016 -2.870006703543165 0.20047436654567719
Car -1 -1 -1.7 633.2395629882812 185.84278869628906 685.0206298828125 223.95428466796875 1.491258978843689 1.5726240873336792 3.694614887237549 1.9460939168930054 2.0831114649772644 31.88209342956543 -1.6399354576692442 0.16578222811222076