Cyclist -1 -1 -1.71 786.7208251953125 161.91041564941406 817.5989990234375 225.18963623046875 1.8086941242218018 0.5062647461891174 1.8039027452468872 5.787083148956299 1.5174301266670227 21.773117065429688 -1.4459325572028758 0.8028469085693359
Cyclist -1 -1 3.1 1041.4659423828125 129.59095764160156 1211.2232666015625 346.5062561035156 1.9073807001113892 0.5796743035316467 1.8771904706954956 5.198326110839844 1.551891028881073 7.388561725616455 -2.572270977944191 0.7557353377342224
Pedestrian -1 -1 2.12 832.322265625 166.16543579101562 853.9154663085938 210.0290985107422 1.7724212408065796 0.6450499296188354 0.8173628449440002 8.619672775268555 1.4792234897613525 26.663373947143555 2.427676274129235 0.6637020707130432
Pedestrian -1 -1 1.54 811.8607177734375 162.8782501220703 831.8150024414062 212.92269897460938 1.8550573587417603 0.6589627265930176 0.9861655235290527 7.563644886016846 1.4627166390419006 25.73528480529785 1.8302714881191129 0.5507810711860657
Pedestrian -1 -1 1.91 787.877197265625 161.8808135986328 815.3533325195312 223.36695861816406 1.825522780418396 0.6457658410072327 0.9360707402229309 6.211582660675049 1.5587753057479858 23.29630470275879 2.1658242232905236 0.4097573459148407
Cyclist -1 -1 -2.23 726.9802856445312 169.92138671875 749.82421875 202.85792541503906 1.7249290943145752 0.5635500550270081 1.833641767501831 6.580545902252197 1.5563716888427734 37.10995864868164 -2.054695117533578 0.40744078159332275
Pedestrian -1 -1 0.97 1042.206298828125 136.080810546875 1212.3214111328125 348.88751220703125 1.9525114297866821 0.6117925643920898 1.0454366207122803 5.074160575866699 1.6006874442100525 7.040968894958496 1.589581255765415 0.38153859972953796
Truck -1 -1 1.1 1038.2987060546875 124.47088623046875 1213.290283203125 347.994140625 2.955686569213867 2.3445112705230713 6.2897820472717285 7.401137351989746 2.138544261455536 10.182483673095703 1.727649300082934 0.35779669880867004
Cyclist -1 -1 -2.54 803.4639282226562 166.33633422851562 826.4345703125 217.85540771484375 1.736161708831787 0.5919881463050842 1.8214890956878662 7.518406867980957 1.5947822332382202 26.800992965698242 -2.2694250944490015 0.3493920564651489
Cyclist -1 -1 -1.96 809.4751586914062 167.837158203125 834.0677490234375 214.69100952148438 1.70348060131073 0.5992327928543091 1.8218505382537842 8.14932918548584 1.539006233215332 27.93980598449707 -1.6749820195279792 0.3060521185398102
Pedestrian -1 -1 -3.1 830.7996215820312 166.1127471923828 849.89306640625 211.4095001220703 1.7558797597885132 0.6493013501167297 0.7712014317512512 8.93191146850586 1.5451237559318542 27.70449447631836 -2.784673895535251 0.2956457734107971
Cyclist -1 -1 -1.63 796.8411865234375 164.32699584960938 827.291259765625 219.89703369140625 1.7203211784362793 0.5302833914756775 1.830009937286377 5.991173267364502 1.4422427415847778 21.873571395874023 -1.3665912799566193 0.2872178256511688
Truck -1 -1 -0.99 687.8388671875 135.4001007080078 770.4114379882812 185.53199768066406 3.7253761291503906 2.77620267868042 10.990457534790039 8.848249435424805 0.9649266004562378 52.61486053466797 -0.8248122427758782 0.27907705307006836
Pedestrian -1 -1 2.48 809.4751586914062 167.837158203125 834.0677490234375 214.69100952148438 1.7148114442825317 0.6867889165878296 0.8380126953125 8.055703163146973 1.5826287865638733 27.145681381225586 2.773394613426646 0.2789142429828644
Van -1 -1 0.91 1028.437255859375 130.18214416503906 1220.265625 347.21734619140625 1.942065715789795 1.8138478994369507 4.280215740203857 6.719590187072754 1.6789085268974304 9.317278861999512 1.5318304303358374 0.2768096327781677
Cyclist -1 -1 -2.25 831.293212890625 168.44293212890625 854.1635131835938 212.5117950439453 1.726991891860962 0.5402109026908875 1.6767709255218506 8.973036766052246 1.5428282618522644 27.913156509399414 -1.9408927699101595 0.27565351128578186
Pedestrian -1 -1 1.8 816.321533203125 164.29312133789062 836.6767578125 211.04840087890625 1.8144067525863647 0.6631547808647156 0.9404797554016113 7.817905426025391 1.4408300518989563 25.81086540222168 2.094695583392764 0.26980969309806824
Cyclist -1 -1 -1.81 791.375244140625 163.0013427734375 820.019287109375 219.981201171875 1.7768971920013428 0.5669093132019043 1.87623131275177 5.964252471923828 1.4581453800201416 21.855606079101562 -1.5389695781391284 0.24953246116638184
Pedestrian -1 -1 2.31 824.9818115234375 164.25228881835938 847.0950317382812 210.45742797851562 1.7261489629745483 0.6299067735671997 0.8316807150840759 8.037276268005371 1.4219229221343994 25.84703254699707 2.609205743729781 0.23310424387454987
Car -1 -1 -0.73 1042.206298828125 136.080810546875 1212.3214111328125 348.88751220703125 1.899214506149292 1.6420128345489502 4.420319080352783 6.068540096282959 1.6231144070625305 8.645706176757812 -0.12061846939347065 0.2253042608499527
Cyclist -1 -1 1.66 1039.0079345703125 156.13818359375 1177.1671142578125 332.2489318847656 1.765350103378296 0.6218342185020447 1.8044568300247192 5.3102498054504395 1.6207060813903809 7.706993579864502 2.2623839314253207 0.21098126471042633
Pedestrian -1 -1 1.79 808.0064697265625 162.37953186035156 827.6251220703125 216.861572265625 1.7757868766784668 0.666908860206604 0.9329527616500854 7.054352760314941 1.4877052307128906 24.494346618652344 2.071103961672738 0.19351410865783691
Pedestrian -1 -1 1.73 791.375244140625 163.0013427734375 820.019287109375 219.981201171875 1.7979693412780762 0.6986990571022034 1.0070013999938965 5.813742637634277 1.472555935382843 21.232662200927734 1.9980017265477334 0.19047613441944122
Truck -1 -1 -0.98 694.993896484375 139.299072265625 765.381103515625 191.56423950195312 3.710172653198242 2.619687557220459 9.831958770751953 8.868390083312988 1.192597508430481 53.3990478515625 -0.8158709472239991 0.19023820757865906