Car -1 -1 -1.72 663.4964599609375 177.26239013671875 746.9874267578125 238.4679412841797 1.4077786207199097 1.6174159049987793 4.059381484985352 2.3920698165893555 1.5498600602149963 19.541942596435547 -1.600878883480135 0.8866114616394043
Car -1 -1 -1.8 695.4066162109375 177.06411743164062 827.6900634765625 273.017822265625 1.447391390800476 1.580527901649475 3.6535696983337402 2.6462316513061523 1.578080952167511 13.58333969116211 -1.6124076684235575 0.8724324107170105
Car -1 -1 1.98 60.46908187866211 187.77294921875 461.132869720459 370.3350524902344 1.5139272212982178 1.6835612058639526 4.2341413497924805 -2.778687000274658 1.6964132189750671 6.661740779876709 1.5882078310856116 0.8600508570671082
Car -1 -1 -2.02 777.7421264648438 120.13118743896484 1248.7393798828125 370.18248748779297 1.9692347049713135 1.6987208127975464 4.41925048828125 3.074850559234619 1.6374688148498535 6.5507493019104 -1.581365336495729 0.796787679195404
Car -1 -1 1.63 565.2122192382812 174.46441650390625 590.8073120117188 195.0936737060547 1.4945305585861206 1.6889281272888184 4.1182169914245605 -2.4540228843688965 1.6003440618515015 55.18022155761719 1.581880332386616 0.6445996761322021
Car -1 -1 -1.73 663.249267578125 168.73162841796875 692.6897583007812 195.13563537597656 1.780730128288269 1.6925750970840454 4.342836380004883 4.701779842376709 1.4126144051551819 50.20111846923828 -1.640886007156939 0.5332376956939697
Van -1 -1 -2.03 769.9822387695312 117.71685028076172 1236.77392578125 373.97371673583984 2.0640969276428223 1.8731688261032104 4.439268112182617 3.0907156467437744 1.6297935247421265 6.554505348205566 -1.5883261515697376 0.387163370847702
Car -1 -1 -1.81 681.8367309570312 177.10533142089844 807.057373046875 264.4615783691406 1.4964978694915771 1.6503280401229858 3.8108527660369873 2.64448881149292 1.622751235961914 14.13189697265625 -1.6259962440194178 0.3637032210826874
Car -1 -1 2.26 446.5375061035156 175.60655212402344 488.3223571777344 203.2842559814453 1.477892279624939 1.6586105823516846 3.6553115844726562 -8.195210456848145 1.6840361952781677 41.79682159423828 2.0702175409804022 0.31711116433143616
Car -1 -1 1.84 287.18927001953125 192.4727020263672 433.8566589355469 282.9602355957031 1.3834818601608276 1.5069866180419922 3.5682373046875 -4.1283087730407715 1.6656235456466675 12.320475578308105 1.5124636749951827 0.2667754590511322
Van -1 -1 -1.64 663.3384399414062 168.97421264648438 694.4977416992188 193.75418090820312 1.9557675123214722 1.779983639717102 4.180233955383301 5.3316168785095215 1.6089746356010437 56.74917221069336 -1.5445884635160603 0.2238185554742813
Car -1 -1 2.23 35.25931167602539 205.4541778564453 305.14087295532227 376.3173828125 1.443917989730835 1.491874098777771 3.3641951084136963 -3.576413154602051 1.866572380065918 5.60157585144043 1.66195648660337 0.2221718579530716
Car -1 -1 1.88 315.5658874511719 187.7201385498047 437.91339111328125 265.9068908691406 1.4043941497802734 1.5142956972122192 3.536750078201294 -5.089127540588379 1.8049007654190063 16.332365036010742 1.575175096861516 0.1983138620853424
Car -1 -1 1.79 436.301025390625 176.09344482421875 489.5691833496094 205.6650390625 1.4423800706863403 1.5791422128677368 3.554131031036377 -8.173399925231934 1.6583585739135742 40.586055755615234 1.5891553817593103 0.1943836510181427
Car -1 -1 2.12 715.2247924804688 74.37886810302734 1327.8719482421875 447.95494842529297 1.7698591947555542 1.57534658908844 3.889953136444092 2.600022554397583 1.3833779692649841 4.916841983795166 2.6029592152562104 0.18007595837116241
Car -1 -1 -1.68 664.2652587890625 174.27337646484375 696.3313598632812 208.42825317382812 1.6596479415893555 1.6081879138946533 4.043299674987793 3.877967357635498 1.757486343383789 41.2164306640625 -1.5819045093541266 0.17492593824863434
Car -1 -1 -1.58 664.4506225585938 174.333251953125 715.0774536132812 218.4040985107422 1.4991693496704102 1.6304017305374146 3.931852340698242 3.556166410446167 1.710960328578949 32.22422409057617 -1.4671005824220682 0.16030356287956238
Van -1 -1 1.14 721.9285888671875 102.56722259521484 1286.0526123046875 412.1284408569336 2.1247172355651855 2.2168476581573486 4.904451847076416 3.950282335281372 1.6593762636184692 8.20270824432373 1.590964887710995 0.15581318736076355
Car -1 -1 -1.52 777.3648681640625 158.30599975585938 939.2649536132812 300.57421875 1.4461183547973633 1.530239462852478 3.484982490539551 4.726465225219727 1.6411961913108826 14.126914978027344 -1.20168783695223 0.15065795183181763