Car -1 -1 -1.84 739.2391967773438 179.4259033203125 920.7229614257812 305.51678466796875 1.4411801099777222 1.5678620338439941 3.6238160133361816 3.0131468772888184 1.6046741008758545 10.721397399902344 -1.5705988941861992 0.8998345136642456
Car -1 -1 1.89 227.13595581054688 196.72682189941406 445.96539306640625 333.5820007324219 1.4810124635696411 1.6086640357971191 4.033669948577881 -3.7383298873901367 1.8867661356925964 10.423940658569336 1.5502387381363034 0.892372727394104
Car -1 -1 -2.09 817.8291625976562 183.739013671875 1245.6666259765625 377.24322509765625 1.484950304031372 1.667759656906128 4.343586444854736 2.9647867679595947 1.597267508506775 5.193328380584717 -1.569095988510135 0.8701000809669495
Car -1 -1 -1.77 643.4733276367188 177.15330505371094 700.2443237304688 213.924072265625 1.5102111101150513 1.6031773090362549 3.859889030456543 2.6562082767486572 1.7358090281486511 31.927555084228516 -1.6905923504619746 0.8534350991249084
Car -1 -1 2.13 -2.426509141921997 214.44253540039062 303.1482284069061 372.4738464355469 1.491479754447937 1.5976635217666626 3.6958048343658447 -3.9114553928375244 1.8622631430625916 5.536412715911865 1.5136397271145663 0.8517649173736572
Car -1 -1 0.84 1182.046630859375 148.4909210205078 1234.4158935546875 235.1058349609375 1.5875699520111084 1.7167255878448486 4.069611549377441 14.796024322509766 1.0776734352111816 15.008856773376465 1.621054225362764 0.5034026503562927
Van -1 -1 2.68 1025.242919921875 145.90969848632812 1220.468017578125 200.59970092773438 1.7367528676986694 1.7817538976669312 4.147427082061768 17.92557144165039 0.816143624484539 25.732524871826172 -2.99475627216796 0.469333291053772
Car -1 -1 0.87 1050.050048828125 143.8373565673828 1237.407958984375 233.92408752441406 1.6507962942123413 1.6456992626190186 4.010538578033447 10.773661613464355 1.175755649805069 13.798452377319336 1.529977483400077 0.460818350315094
Car -1 -1 2.95 982.1622924804688 151.02386474609375 1213.978271484375 232.5648193359375 1.5301756858825684 1.6486995220184326 4.313510417938232 11.814106941223145 1.0799282491207123 17.719701766967773 -2.742227348626585 0.44918256998062134
Car -1 -1 0.68 1187.90966796875 151.5392608642578 1240.996337890625 229.07127380371094 1.5782097578048706 1.6214238405227661 3.996906280517578 16.03716468811035 1.1394753754138947 16.77269172668457 1.4397515432824681 0.4422190487384796
Car -1 -1 -1.63 591.8181762695312 179.12277221679688 629.0665283203125 203.25088500976562 1.4164557456970215 1.6315292119979858 3.7676310539245605 0.017139464616775513 1.8392845392227173 45.15585708618164 -1.632488771237501 0.43705543875694275
Car -1 -1 1.33 1175.536376953125 147.51040649414062 1238.6527099609375 226.01100158691406 1.5592973232269287 1.6878488063812256 4.068264961242676 14.734686851501465 1.0200009495019913 15.327001571655273 2.0977138391794083 0.3182370662689209
Van -1 -1 2.52 986.4631958007812 150.22103881835938 1219.6568603515625 227.3091278076172 2.050166130065918 1.8951759338378906 4.923164367675781 13.861621856689453 1.4579228460788727 20.33565330505371 3.1223853421154866 0.2813861668109894
Car -1 -1 0.69 1072.8389892578125 140.2006378173828 1230.7540283203125 255.089111328125 1.5634703636169434 1.647698163986206 4.0175299644470215 11.304410934448242 1.1473972499370575 13.772151947021484 1.3790261001519912 0.2544192969799042
Car -1 -1 2.39 -0.9501631855964661 228.66175842285156 111.26895302534103 374.0260314941406 1.5229082107543945 1.596042275428772 3.8426120281219482 -5.63186502456665 1.9693512916564941 5.255868434906006 1.5675256745978006 0.2524715065956116
Car -1 -1 2.31 -1.9289145469665527 226.02499389648438 181.1146035194397 343.322998046875 1.3851933479309082 1.6057456731796265 4.24043083190918 -7.388359546661377 2.0786190032958984 8.503060340881348 1.598452494531582 0.24929550290107727
Car -1 -1 0.69 1180.059326171875 153.29678344726562 1244.330322265625 242.9130859375 1.5085413455963135 1.580105185508728 3.8484959602355957 16.168611526489258 1.279026985168457 17.00406837463379 1.4454544303887085 0.24917806684970856
Van -1 -1 0.69 1181.95849609375 151.772705078125 1241.67236328125 229.12567138671875 1.9122034311294556 1.8737367391586304 4.298824310302734 16.248825073242188 1.2651590406894684 17.492393493652344 1.4346867422495242 0.2458776831626892
Car -1 -1 0.58 1184.487548828125 146.82334899902344 1238.28076171875 217.01327514648438 1.5857338905334473 1.7034298181533813 4.533241271972656 16.14118003845215 1.0721419155597687 16.244916915893555 1.3653241623794905 0.23943527042865753
Car -1 -1 0.62 1200.7857666015625 151.35223388671875 1238.7880859375 228.51161193847656 1.5377471446990967 1.6128019094467163 3.862616539001465 16.919879913330078 1.0978358089923859 17.236133575439453 1.3951694040928722 0.23924507200717926
Car -1 -1 2.21 27.80782127380371 207.94009399414062 344.6403102874756 357.4551696777344 1.461361289024353 1.646324872970581 3.9589645862579346 -3.8397274017333984 1.8047272562980652 5.328090667724609 1.5857656929699564 0.23539048433303833
Car -1 -1 0.62 1067.42431640625 149.1629180908203 1235.6468505859375 307.3410949707031 1.5017651319503784 1.6549365520477295 3.972191095352173 10.169065475463867 1.2553911209106445 12.112557411193848 1.3175002938513884 0.22501839697360992
Van -1 -1 1.34 1031.06298828125 145.56126403808594 1238.23486328125 232.4533233642578 1.8737958669662476 1.7171435356140137 4.249021053314209 11.33297061920166 1.2612281441688538 14.978104591369629 1.9857245247662467 0.22120018303394318
Van -1 -1 2.68 1012.6557006835938 148.97604370117188 1190.21142578125 199.00225830078125 1.8371015787124634 1.9127305746078491 4.4188642501831055 18.076200485229492 0.8543977066874504 26.974515914916992 -3.0134685299706945 0.21893343329429626
Car -1 -1 1.94 175.2607879638672 202.73834228515625 440.4658660888672 347.982177734375 1.5274457931518555 1.591635823249817 3.9659414291381836 -4.038357257843018 2.041099190711975 11.190840721130371 1.5908118540571508 0.21513237059116364
Car -1 -1 1.36 1030.9110107421875 151.4962615966797 1230.388427734375 227.02490234375 1.5020064115524292 1.615411639213562 4.130902290344238 13.995220184326172 1.117732971906662 19.073776245117188 1.9889635302744244 0.21000845730304718
Car -1 -1 1.06 1033.6953125 149.26162719726562 1226.5687255859375 247.6428985595703 1.4577785730361938 1.6054438352584839 3.956129789352417 11.506327629089355 1.2497705817222595 15.216465950012207 1.707718446930011 0.2099360078573227
Car -1 -1 2.17 -8.557726860046387 179.53884887695312 284.25568866729736 364.3783264160156 1.6284452676773071 1.5483715534210205 3.4026551246643066 -4.711161136627197 2.114647686481476 6.410510540008545 1.5340617411755684 0.2089359313249588
Car -1 -1 2.09 7.006405353546143 210.1727752685547 274.8756375312805 347.465576171875 1.576125144958496 1.5476998090744019 3.6053779125213623 -5.689279556274414 2.1789544820785522 8.355630874633789 1.493418821400847 0.2067945897579193
Car -1 -1 1.73 1171.099365234375 146.6258544921875 1232.87255859375 242.38418579101562 1.6614673137664795 1.695920705795288 4.189918041229248 13.502145767211914 1.2175835967063904 13.921124458312988 2.497013214725147 0.20674346387386322
Car -1 -1 -2.09 848.4154663085938 172.7939453125 1228.4635009765625 346.5837707519531 1.488541603088379 1.6708649396896362 4.132166862487793 3.076293468475342 1.429484486579895 5.216531276702881 -1.5568997869404235 0.2063535749912262
Car -1 -1 2.27 -5.139915943145752 228.5838623046875 152.23451948165894 366.69647216796875 1.4512633085250854 1.515949010848999 3.356914758682251 -6.4728803634643555 2.204289734363556 7.482675075531006 1.559133533551277 0.19882777333259583
Car -1 -1 1.0 916.1095581054688 194.0430450439453 1240.366943359375 373.5597839355469 1.5066351890563965 1.6019624471664429 3.7035062313079834 3.003993511199951 1.6435899138450623 3.8951961994171143 1.6609639413817945 0.19643789529800415
Car -1 -1 -0.34 1195.2030029296875 151.7509765625 1232.6312255859375 266.18499755859375 1.592098593711853 1.6185508966445923 3.973797082901001 10.791696548461914 1.2812303304672241 10.30374813079834 0.46689134646053176 0.19258950650691986
Car -1 -1 0.55 1111.918212890625 182.2412567138672 1233.62451171875 355.6066589355469 1.425625205039978 1.5770463943481445 3.560825824737549 6.212996006011963 1.4750873446464539 6.198399543762207 1.3354607447885094 0.19211624562740326
Car -1 -1 -0.35 1179.33544921875 153.13601684570312 1230.173828125 268.38165283203125 1.6621315479278564 1.641969084739685 3.9083118438720703 10.590204238891602 1.3247485756874084 10.234671592712402 0.45713757546283995 0.19192008674144745
Car -1 -1 2.23 0.6304027438163757 222.9363250732422 216.7949077486992 367.4999084472656 1.4974474906921387 1.5164388418197632 3.4729998111724854 -6.395510673522949 2.0905745029449463 8.109991073608398 1.561817953079287 0.19023923575878143
Car -1 -1 -0.97 952.7291259765625 157.1863555908203 1211.023193359375 330.6238098144531 1.4835032224655151 1.6606894731521606 3.7886157035827637 4.883058071136475 1.535751760005951 6.937300682067871 -0.354157296990409 0.18895626068115234
Car -1 -1 0.57 1016.7737426757812 149.88877868652344 1225.7806396484375 309.01361083984375 1.5192615985870361 1.6770236492156982 4.0661845207214355 10.083473205566406 1.3442190289497375 12.55559253692627 1.2514996511601728 0.18167433142662048
Car -1 -1 2.84 980.7645263671875 149.08358764648438 1184.912109375 222.19883728027344 1.5647075176239014 1.68198823928833 4.245322227478027 13.491442680358887 0.9847714900970459 20.20482063293457 -2.8573976167482282 0.17920149862766266
Car -1 -1 0.59 1087.9342041015625 141.5084991455078 1231.1759033203125 232.2559356689453 1.5511140823364258 1.653225302696228 4.033702373504639 13.774944305419922 1.0345715284347534 16.827011108398438 1.2733796950568692 0.17600759863853455
Car -1 -1 0.68 1187.5657958984375 149.03143310546875 1237.7861328125 252.1466064453125 1.6936085224151611 1.6755073070526123 4.026040554046631 14.051993370056152 1.2914112210273743 13.891507148742676 1.470701284190338 0.17537304759025574
Car -1 -1 0.04 1204.3704833984375 147.3998260498047 1239.000732421875 251.9403076171875 1.5702091455459595 1.6670352220535278 3.842378854751587 11.85437297821045 1.2749825716018677 11.598957061767578 0.8361931902492037 0.17506495118141174
Car -1 -1 -0.62 1161.09814453125 154.10072326660156 1230.256103515625 271.3283996582031 1.6887474060058594 1.641721487045288 3.911846399307251 9.695340156555176 1.3315696120262146 9.532695770263672 0.17774317274041662 0.17048171162605286
Car -1 -1 1.74 1156.0753173828125 145.18116760253906 1234.8668212890625 215.43080139160156 1.5866711139678955 1.6882368326187134 4.098731994628906 14.363778114318848 0.9982057958841324 15.332724571228027 2.488283766251401 0.17012709379196167
Car -1 -1 -0.05 925.0831909179688 176.30442810058594 1270.3575439453125 390.9344482421875 1.479844570159912 1.6959766149520874 4.957423686981201 2.7609217166900635 1.504894733428955 4.229219436645508 0.5313147387192894 0.16658645868301392
Car -1 -1 0.76 1200.3336181640625 150.68463134765625 1230.9678955078125 218.03671264648438 1.4453762769699097 1.6254346370697021 4.014680862426758 14.671004295349121 1.0689151287078857 14.86168098449707 1.5427944977949535 0.1657574474811554
Car -1 -1 0.45 1071.1064453125 168.4589080810547 1234.386474609375 347.2889404296875 1.4852960109710693 1.6479241847991943 3.6416234970092773 6.398725986480713 1.4091072082519531 6.995670318603516 1.1872996123697899 0.1619231402873993
Car -1 -1 3.02 949.8375854492188 155.79153442382812 1207.036376953125 259.69219970703125 1.4706711769104004 1.6852842569351196 4.15827751159668 10.94271469116211 1.3918424844741821 16.615827560424805 -2.678497446233737 0.15809042751789093
Van -1 -1 0.89 1172.2874755859375 151.76229858398438 1234.1468505859375 212.6368408203125 1.925105333328247 1.8150498867034912 4.2829461097717285 17.389989852905273 1.0869848057627678 19.4901123046875 1.6201658227696907 0.15796560049057007
Car -1 -1 -1.21 1159.291015625 214.5595245361328 1238.46875 374.320556640625 1.489484429359436 1.6095476150512695 3.7435970306396484 2.898904800415039 1.4391955733299255 2.0936479568481445 -0.261842490547175 0.14834602177143097
Car -1 -1 -0.18 1135.69970703125 196.42922973632812 1234.6495361328125 367.3305969238281 1.4245713949203491 1.5685843229293823 3.6987202167510986 3.8719964027404785 1.3739829063415527 3.2211008071899414 0.6987405528570645 0.1461135745048523
Car -1 -1 0.48 1096.612060546875 143.59970092773438 1227.92919921875 271.09722900390625 1.494530200958252 1.6520452499389648 4.071477890014648 11.686996459960938 1.216472566127777 13.021742820739746 1.20985727267787 0.14581573009490967
Car -1 -1 0.32 1114.929443359375 151.1001434326172 1228.25634765625 318.62451171875 1.4633594751358032 1.6605725288391113 4.002043724060059 8.058046340942383 1.2846989035606384 8.335262298583984 1.0880458677305356 0.1430848091840744
Car -1 -1 -0.15 1152.3123779296875 167.32862854003906 1227.9515380859375 339.8708190917969 1.443813443183899 1.645228385925293 3.800718307495117 8.574620246887207 1.612453043460846 7.81199836730957 0.6795163973092233 0.14127635955810547
Car -1 -1 0.42 1149.3525390625 153.11131286621094 1231.7781982421875 312.3156433105469 1.4438376426696777 1.660282850265503 3.899393320083618 8.495611190795898 1.3686691522598267 8.18426513671875 1.2201504051310117 0.14114424586296082
Car -1 -1 0.55 1222.446044921875 143.55516052246094 1238.1585693359375 192.2588653564453 1.4414581060409546 1.5931553840637207 3.9945788383483887 22.777807235717773 0.6081534698605537 23.50151252746582 1.3162154446412178 0.13991138339042664
Car -1 -1 -1.97 1186.2396240234375 179.0384063720703 1235.107421875 378.5384216308594 1.5689133405685425 1.5854578018188477 3.8199663162231445 3.8424923419952393 1.4762544631958008 2.461049795150757 -0.9671424448078518 0.13439445197582245
Car -1 -1 -1.7 1171.3167724609375 149.84327697753906 1230.7313232421875 293.8765563964844 1.531938076019287 1.65553617477417 3.6999733448028564 9.1836519241333 1.3753138184547424 8.669635772705078 -0.882972325385917 0.1342005431652069
Car -1 -1 -1.26 1183.536376953125 146.32101440429688 1232.23095703125 296.4115295410156 1.5734071731567383 1.6560763120651245 3.839707612991333 10.350733757019043 1.4045456051826477 9.544252395629883 -0.43236025192804917 0.133457213640213
Van -1 -1 2.92 986.200927734375 149.42156982421875 1203.6220703125 260.9446105957031 2.0299320220947266 1.6820123195648193 4.38242244720459 12.447590827941895 1.524463176727295 17.91023063659668 -2.75421413147878 0.1324203759431839
Car -1 -1 0.88 1147.981689453125 143.9680633544922 1238.81591796875 276.86309814453125 1.4735764265060425 1.6475731134414673 3.9631106853485107 8.943371772766113 1.2670494318008423 8.916060447692871 1.6629759163508089 0.12083323299884796
Car -1 -1 0.76 1107.7572021484375 144.42730712890625 1233.3154296875 222.8390350341797 1.4712159633636475 1.6452199220657349 4.150233745574951 17.818832397460938 0.8979570269584656 21.2298641204834 1.462007988444869 0.1103120744228363