Car -1 -1 1.97 213.01649475097656 196.26800537109375 387.0063781738281 292.5213623046875 1.4262202978134155 1.575916051864624 3.9246363639831543 -5.771218776702881 1.9709275364875793 13.81908893585205 1.5704276100209063 0.8925450444221497
Car -1 -1 1.85 340.9352111816406 193.02056884765625 439.1912841796875 254.52685546875 1.4418785572052002 1.5395684242248535 3.853713035583496 -5.9419965744018555 2.03857421875 19.655534744262695 1.5514389456464182 0.8883954286575317
Car -1 -1 1.81 398.88427734375 188.65542602539062 472.6726989746094 238.06349182128906 1.5067402124404907 1.5669070482254028 3.8221802711486816 -5.84282112121582 2.058566987514496 24.499536514282227 1.5789998352703298 0.8702700138092041
Car -1 -1 1.78 441.9350891113281 185.83326721191406 499.7639465332031 224.79025268554688 1.4750810861587524 1.5773473978042603 3.899726390838623 -5.92968225479126 2.0719780325889587 30.966352462768555 1.5866257303161442 0.8449075818061829
Car -1 -1 1.77 480.3128967285156 184.04110717773438 526.7229614257812 215.05052185058594 1.5046662092208862 1.5826349258422852 4.01699161529541 -5.576300621032715 2.1140089631080627 37.73145294189453 1.6269082032174484 0.8068953156471252
Car -1 -1 2.68 799.1210327148438 155.57411193847656 933.042724609375 200.7462615966797 1.6260360479354858 1.6156665086746216 4.319309234619141 9.611766815185547 0.994668260216713 27.54288101196289 3.0142397608694305 0.8017517328262329
Car -1 -1 -1.63 664.2926025390625 176.31842041015625 714.1911010742188 209.97402954101562 1.5266996622085571 1.5998085737228394 3.5309414863586426 3.7934348583221436 1.6949210166931152 35.3362922668457 -1.5205715179938224 0.7450882792472839
Car -1 -1 2.37 1127.3543701171875 135.0233154296875 1237.25 175.37832641601562 1.377953052520752 1.5995244979858398 4.243569850921631 21.81830406188965 0.04305797815322876 27.00971221923828 3.0447033409720596 0.7306714057922363
Car -1 -1 -0.99 1184.964599609375 130.13815307617188 1242.830322265625 176.0961456298828 1.5273460149765015 1.730085849761963 4.332279682159424 21.63422203063965 0.08595335483551025 24.189884185791016 -0.258193314515359 0.71634840965271
Car -1 -1 -1.27 760.1859741210938 157.80441284179688 889.8028564453125 196.81993103027344 1.5615545511245728 1.6703076362609863 4.434547424316406 9.546805381774902 1.012630134820938 32.0831184387207 -0.9791599559605695 0.49047571420669556
Car -1 -1 -0.85 1166.9866943359375 133.6820526123047 1242.8177490234375 173.9732208251953 1.55426824092865 1.7152838706970215 4.090126991271973 22.20714569091797 0.16173624992370605 25.464387893676758 -0.1302220843161943 0.4748406410217285
Car -1 -1 2.98 775.8886108398438 154.69076538085938 915.6433715820312 198.22128295898438 1.5956166982650757 1.6877832412719727 4.482290267944336 9.254399299621582 1.0148567855358124 28.783353805541992 -2.9909918711808547 0.44474783539772034
Car -1 -1 -0.8 1191.0804443359375 132.0184783935547 1235.8702392578125 176.9034881591797 1.503318190574646 1.6157453060150146 3.877256393432617 22.4731388092041 0.10777264833450317 25.070602416992188 -0.06924997697203317 0.39027634263038635
Car -1 -1 1.76 1149.555419921875 133.72344970703125 1235.30322265625 177.7352752685547 1.5024129152297974 1.6148080825805664 4.259182929992676 22.51506996154785 0.05746591091156006 26.754911422729492 2.459711343774087 0.3665860891342163
Van -1 -1 1.31 734.3267211914062 153.2834014892578 805.6240234375 195.01553344726562 2.39318585395813 2.003410816192627 5.563416957855225 9.029366493225098 1.2333307936787605 40.724090576171875 1.5238850473312757 0.35101887583732605
Car -1 -1 -2.56 1181.1593017578125 147.56480407714844 1240.3468017578125 370.8883972167969 1.624240756034851 1.6581532955169678 4.1682353019714355 3.8720390796661377 1.5277435779571533 2.1730642318725586 -1.504255517114709 0.3252433240413666
Pedestrian -1 -1 0.66 1035.7615966796875 145.2815704345703 1177.00927734375 374.3132019042969 1.6884779930114746 0.6209462881088257 0.6174719929695129 3.2294821739196777 1.4196799397468567 4.779699325561523 1.2550439696172182 0.31880074739456177
Car -1 -1 -2.18 1183.7198486328125 167.50445556640625 1240.5242919921875 334.1845397949219 1.775240421295166 1.6866037845611572 4.067222595214844 3.518510103225708 1.5563745498657227 2.3823704719543457 -1.2025334228749518 0.3134780824184418
Car -1 -1 2.65 748.753662109375 162.3443603515625 853.7447509765625 196.9371337890625 1.5358587503433228 1.635138988494873 4.291464328765869 8.851362228393555 1.0931889414787292 33.52629852294922 2.9047957102597604 0.30486783385276794
Car -1 -1 -2.2 1061.0616455078125 137.594970703125 1145.800537109375 178.6088104248047 1.4043605327606201 1.5141438245773315 3.433216094970703 20.752134323120117 -0.007411062717437744 30.900423049926758 -1.6062228577664461 0.2968734800815582
Car -1 -1 -2.54 1161.0504150390625 143.8606719970703 1234.8563232421875 372.9007873535156 1.6260778903961182 1.6516581773757935 4.215073585510254 3.440096139907837 1.5242882370948792 1.9355367422103882 -1.4848039127849262 0.29000428318977356
Car -1 -1 -2.14 1186.1324462890625 187.17214965820312 1236.596435546875 346.1206970214844 1.7515462636947632 1.6730331182479858 4.060204029083252 3.4395549297332764 1.5910239219665527 2.294862985610962 -1.1543051062389544 0.27951914072036743
Car -1 -1 -1.52 647.1435546875 176.486328125 679.15869140625 197.88954162597656 1.5055615901947021 1.614730954170227 3.766488790512085 3.626420736312866 1.7433385848999023 52.88813781738281 -1.4554099938387708 0.27228212356567383
Car -1 -1 -0.93 1197.2344970703125 130.2926483154297 1240.2176513671875 177.84518432617188 1.4968459606170654 1.6418274641036987 3.9958345890045166 22.333885192871094 0.11523675918579102 24.880308151245117 -0.1965543500860112 0.26218724250793457
Car -1 -1 1.83 410.1639099121094 186.97616577148438 477.8899841308594 236.48260498046875 1.4440484046936035 1.5888391733169556 3.7827868461608887 -5.868674278259277 2.019424557685852 24.585304260253906 1.595544555160945 0.25925400853157043
Car -1 -1 -1.94 1223.21337890625 110.5419692993164 1240.0560302734375 366.89978790283203 1.6702632904052734 1.6530935764312744 4.356298923492432 4.673646926879883 1.6375216245651245 2.6970722675323486 -0.8910765514274432 0.25896790623664856
Car -1 -1 -0.8 1208.009033203125 130.34385681152344 1246.90966796875 175.74407958984375 1.5173039436340332 1.6616793870925903 4.088493824005127 22.743356704711914 0.07883226871490479 24.979263305664062 -0.05709591071829667 0.2522583603858948
Car -1 -1 -1.23 667.7568969726562 175.31126403808594 725.8712768554688 210.36666870117188 1.3935562372207642 1.5201531648635864 3.6624574661254883 4.129097938537598 1.6461514234542847 36.01164245605469 -1.112374284502848 0.24160929024219513
Car -1 -1 -1.56 658.53857421875 174.2135009765625 707.1165771484375 205.34402465820312 1.497031569480896 1.6260101795196533 3.6874301433563232 3.9599246978759766 1.5565820336341858 37.09812545776367 -1.4581505477219077 0.23857387900352478
Car -1 -1 -2.64 1185.48388671875 132.04812622070312 1244.005859375 348.1346130371094 1.6050708293914795 1.6717802286148071 4.180281162261963 3.5536415576934814 1.4128616452217102 2.1569206714630127 -1.612419041398005 0.23834989964962006
Car -1 -1 -0.7 1219.1451416015625 131.20166015625 1247.2957763671875 174.8508758544922 1.526406168937683 1.680781602859497 4.151894569396973 22.70414924621582 0.07368922233581543 24.727933883666992 0.04346317966974178 0.23568615317344666
Car -1 -1 -2.02 1198.2647705078125 121.81031036376953 1239.59765625 362.2800064086914 1.6409204006195068 1.624176263809204 4.146573543548584 4.136261463165283 1.5678950548171997 2.3705945014953613 -0.9683557778892826 0.232887402176857
Car -1 -1 -1.62 650.2448120117188 177.57205200195312 687.9198608398438 202.3990478515625 1.5120736360549927 1.6068482398986816 3.958582878112793 4.012618541717529 1.7727835774421692 50.621498107910156 -1.5417610189205222 0.23227736353874207
Car -1 -1 -1.35 652.9077758789062 175.92642211914062 693.9607543945312 202.6781768798828 1.4736827611923218 1.5826162099838257 3.6897475719451904 3.8635687828063965 1.7134276628494263 50.352027893066406 -1.2711397732608294 0.23209039866924286
Cyclist -1 -1 -1.53 1163.2662353515625 156.71932983398438 1232.22607421875 382.2871398925781 1.6015410423278809 0.5971879959106445 1.6559699773788452 3.264115571975708 1.526123583316803 2.854383945465088 -0.6732575451876577 0.22740761935710907
Car -1 -1 1.78 431.71734619140625 187.5078887939453 493.2751159667969 225.3926544189453 1.4703298807144165 1.5649043321609497 3.8973493576049805 -5.994021892547607 2.068571627140045 30.534055709838867 1.5835609533310038 0.2268861085176468
Cyclist -1 -1 3.09 1183.7198486328125 167.50445556640625 1240.5242919921875 334.1845397949219 1.9754254817962646 0.5427354574203491 1.8253430128097534 3.9477784633636475 1.6906075477600098 3.7469844818115234 -2.382568637852197 0.2258584201335907
Pedestrian -1 -1 1.34 664.5846557617188 176.49749755859375 718.0936889648438 209.41416931152344 1.6929702758789062 0.612047553062439 0.7443220615386963 3.156740427017212 1.5932984948158264 27.34735107421875 1.459058226664415 0.22479727864265442
Car -1 -1 -0.08 788.0028076171875 156.27227783203125 893.9976806640625 195.45909118652344 1.512236475944519 1.6330461502075195 4.157566070556641 10.335187911987305 0.8839548379182816 32.63441848754883 0.22261807615258 0.22044652700424194
Car -1 -1 1.84 353.2980651855469 192.29928588867188 450.462890625 250.4765167236328 1.4447269439697266 1.5737473964691162 3.8318235874176025 -5.777946949005127 1.9612822532653809 20.01441192626953 1.5611438642825437 0.21767891943454742
Car -1 -1 1.81 370.0851745605469 190.31781005859375 460.3050842285156 245.179443359375 1.446326494216919 1.5504086017608643 3.921196937561035 -6.009541034698486 2.0474711656570435 23.23308563232422 1.5602113784350982 0.2158934473991394
Car -1 -1 -1.93 1226.0936279296875 105.3143081665039 1240.83349609375 353.3614273071289 1.6511300802230835 1.6432085037231445 4.2987189292907715 4.410991668701172 1.494782567024231 2.717914581298828 -0.9085651429244912 0.21448075771331787
Cyclist -1 -1 -1.27 1181.0546875 163.09225463867188 1237.3123779296875 378.7052001953125 1.6866035461425781 0.590263843536377 1.6194485425949097 3.672541856765747 1.605177640914917 3.1499385833740234 -0.40787831825821996 0.2144462764263153
Car -1 -1 -1.82 1217.0989990234375 88.98359680175781 1246.79150390625 369.5530548095703 1.777713656425476 1.6677953004837036 4.25906229019165 4.802577972412109 1.5419104099273682 2.954669713973999 -0.8013010068743553 0.21408745646476746
Car -1 -1 2.97 781.5901489257812 146.82933044433594 946.107177734375 199.327392578125 1.8445658683776855 1.7570674419403076 4.568420886993408 9.6812744140625 0.9940429478883743 27.257272720336914 -2.9687719900206107 0.21393166482448578
Car -1 -1 -0.89 1192.4476318359375 130.8727264404297 1249.65478515625 177.3702392578125 1.495855450630188 1.672853946685791 4.196713924407959 21.882164001464844 0.21450698375701904 24.717220306396484 -0.16423427435659743 0.20988543331623077
Cyclist -1 -1 3.1 1186.1324462890625 187.17214965820312 1236.596435546875 346.1206970214844 1.9770194292068481 0.5408082604408264 1.8357771635055542 4.003316402435303 1.8080008029937744 3.7629787921905518 -2.369749058672161 0.20979593694210052
Car -1 -1 1.76 457.4778137207031 186.5206756591797 513.4469604492188 219.85626220703125 1.451649785041809 1.5280922651290894 3.812030076980591 -5.472825527191162 2.0588337779045105 32.69607162475586 1.590427063727768 0.20410431921482086
Cyclist -1 -1 -1.2 1142.187744140625 153.15390014648438 1228.0216064453125 384.1069641113281 1.6146920919418335 0.5743853449821472 1.6207655668258667 3.0631563663482666 1.5018849968910217 2.9239890575408936 -0.3896587567408929 0.2021230310201645
Cyclist -1 -1 -3.01 1061.9810791015625 137.68930053710938 1146.5030517578125 179.84320068359375 1.7230427265167236 0.5956156253814697 1.7237142324447632 16.62650489807129 0.33054959774017334 24.518234252929688 -2.4117915695414682 0.19977718591690063
Car -1 -1 1.71 490.63311767578125 184.54734802246094 533.0658569335938 213.43199157714844 1.4776740074157715 1.5964694023132324 3.975491762161255 -5.45086669921875 2.070217251777649 38.376441955566406 1.5717769108921438 0.1986493170261383
Car -1 -1 -1.59 646.0718383789062 177.50143432617188 684.1956176757812 199.91734313964844 1.494454264640808 1.6540526151657104 4.0686354637146 3.782508611679077 1.7675215601921082 51.309513092041016 -1.5145036797761788 0.19814352691173553
Pedestrian -1 -1 1.24 1183.7198486328125 167.50445556640625 1240.5242919921875 334.1845397949219 1.7841440439224243 0.46786826848983765 0.7929825782775879 3.918818473815918 1.6112204194068909 3.83840012550354 2.0378717287221226 0.19655053317546844
Pedestrian -1 -1 1.49 1142.187744140625 153.15390014648438 1228.0216064453125 384.1069641113281 1.608994960784912 0.6147372126579285 0.8286226391792297 3.345902681350708 1.6615106463432312 3.6983180046081543 2.22838348635013 0.19444286823272705
Van -1 -1 2.07 742.2625732421875 161.05259704589844 830.5408935546875 195.75491333007812 2.030355453491211 1.871509313583374 5.0042290687561035 9.298795700073242 1.1738955229520798 37.52901077270508 2.308859207035253 0.18799278140068054
Car -1 -1 -0.24 774.4539794921875 158.8613739013672 878.9804077148438 195.0870819091797 1.5200144052505493 1.6488151550292969 4.2590250968933105 9.925322532653809 0.9900935590267181 32.69181442260742 0.052098413825244716 0.18775534629821777
Car -1 -1 -2.34 1163.763427734375 122.80573272705078 1244.179443359375 321.0226516723633 1.5680776834487915 1.657051920890808 4.024850368499756 3.7786686420440674 1.3826260566711426 2.675961971282959 -1.3885394789752938 0.18358942866325378
Pedestrian -1 -1 1.11 1209.570556640625 137.03114318847656 1239.6312255859375 336.8966064453125 1.7695682048797607 0.6742273569107056 0.7128359079360962 3.765483856201172 1.4807486534118652 3.8622426986694336 1.8790773943410555 0.18327249586582184
Car -1 -1 2.13 742.2625732421875 161.05259704589844 830.5408935546875 195.75491333007812 1.563800573348999 1.6717429161071777 4.2944135665893555 8.620912551879883 1.0947746932506561 34.20451354980469 2.375799016595951 0.1804334670305252
Van -1 -1 1.18 737.0479125976562 159.5722198486328 815.6053466796875 194.63949584960938 2.031818389892578 1.8530404567718506 5.049851417541504 9.19870376586914 1.1178609281778336 39.06801986694336 1.408856714144699 0.1770441085100174
Car -1 -1 -1.94 1072.0789794921875 140.5105438232422 1138.4022216796875 177.97560119628906 1.426148533821106 1.5147249698638916 3.381957530975342 22.781524658203125 0.031356215476989746 33.63557434082031 -1.3478454016847454 0.175547257065773
Car -1 -1 -2.01 1219.0491943359375 126.04850769042969 1241.209228515625 371.091064453125 1.6687618494033813 1.6481128931045532 4.361548900604248 4.542520999908447 1.6566420793533325 2.5431504249572754 -0.9524632947813574 0.17332570254802704
Van -1 -1 2.89 755.5850830078125 147.54493713378906 931.0660400390625 201.24002075195312 2.4549591541290283 1.9715477228164673 5.86414909362793 9.605782508850098 1.2859120219945908 29.916271209716797 -3.079596331148604 0.16976988315582275
Car -1 -1 -2.51 1209.570556640625 137.03114318847656 1239.6312255859375 336.8966064453125 1.620112657546997 1.6727473735809326 3.97900128364563 4.151841640472412 1.502130150794983 2.625328540802002 -1.5020635681262169 0.16945794224739075
Car -1 -1 -2.46 1208.074462890625 148.33673095703125 1241.6331787109375 365.11285400390625 1.638503909111023 1.6156824827194214 3.7358672618865967 3.9640395641326904 1.5528564453125 2.218583583831787 -1.3998615593742079 0.16735590994358063
Car -1 -1 -0.6 1129.92919921875 127.51394653320312 1244.0953369140625 179.37191772460938 1.434482216835022 1.6930067539215088 4.352687835693359 23.179603576660156 0.016433358192443848 28.240047454833984 0.09198975923235553 0.1651235967874527
Car -1 -1 -2.38 1136.15478515625 142.87693786621094 1230.061767578125 374.9989929199219 1.6151918172836304 1.636001706123352 4.0644330978393555 3.000002861022949 1.4819062948226929 1.9543676376342773 -1.3873853821562596 0.16392949223518372
Car -1 -1 -0.5 727.5034790039062 160.4789276123047 850.0684204101562 202.29078674316406 1.5122572183609009 1.620300531387329 4.436006546020508 7.656630039215088 1.149706482887268 31.547863006591797 -0.2570493203807569 0.16225869953632355
Car -1 -1 -2.14 1187.95751953125 142.7477264404297 1248.0413818359375 289.53741455078125 1.5946338176727295 1.5656542778015137 3.8506572246551514 4.179596900939941 1.339267909526825 3.224083662033081 -1.226223561139621 0.1550987958908081
Car -1 -1 2.89 747.0420532226562 149.7775115966797 897.9691162109375 199.36776733398438 1.8138097524642944 1.6816117763519287 4.597192764282227 8.768488883972168 0.999308779835701 30.08383560180664 -3.1094496280739197 0.13592037558555603