Car -1 -1 -1.82 626.7113037109375 181.4356689453125 740.5481567382812 253.7849578857422 1.4435832500457764 1.5692020654678345 3.4968268871307373 1.4782823324203491 1.6344172358512878 16.14691162109375 -1.7277493281124237 0.8873342275619507
Car -1 -1 2.57 554.8002319335938 173.99903869628906 648.9603881835938 212.28253173828125 1.4950958490371704 1.518446683883667 3.6598005294799805 -0.27103108167648315 1.579348862171173 30.134309768676758 2.564290545340028 0.8243443965911865
Car -1 -1 -0.98 772.9680786132812 167.9538116455078 868.1728515625 205.77769470214844 1.4949606657028198 1.5915541648864746 3.4922642707824707 8.941885948181152 1.3036754131317139 30.113012313842773 -0.6913492893992181 0.7900565266609192
Car -1 -1 -0.75 705.9296875 169.81153869628906 807.0675048828125 210.53175354003906 1.4294477701187134 1.5734450817108154 3.4019949436187744 5.591786861419678 1.3362272381782532 27.311792373657227 -0.544610180083342 0.7730860114097595
Car -1 -1 -1.9 845.74267578125 168.60169982910156 919.4161376953125 201.25723266601562 1.4417489767074585 1.5850039720535278 3.2348625659942627 12.671845436096191 1.2522773742675781 33.49850845336914 -1.5370074367393576 0.7695042490959167
Car -1 -1 1.29 892.72412109375 162.33973693847656 973.0744018554688 196.6903839111328 1.6371127367019653 1.623380184173584 3.5069310665130615 15.87143325805664 1.1078968048095703 35.26892852783203 1.7126988525612 0.6386779546737671
Car -1 -1 -2.68 1077.317138671875 192.54779052734375 1236.6700439453125 374.9808349609375 1.5640922784805298 1.6128488779067993 3.998384714126587 3.039217233657837 1.620778501033783 1.5319920778274536 -1.580747855110678 0.5656134486198425
Car -1 -1 2.26 2.649543046951294 195.58433532714844 114.05852437019348 358.89410400390625 1.465214490890503 1.5419094562530518 3.4621052742004395 -6.368727207183838 1.7378007173538208 6.494012832641602 1.4805024063788963 0.45615530014038086
Car -1 -1 -2.65 1105.4761962890625 185.67115783691406 1228.893310546875 370.3555603027344 1.6089318990707397 1.632574439048767 4.067151069641113 3.0329701900482178 1.598759114742279 1.5502437353134155 -1.5537982879829784 0.44001612067222595
Car -1 -1 -2.64 1128.069580078125 165.31898498535156 1237.6092529296875 367.3800354003906 1.6894855499267578 1.6766142845153809 4.175264358520508 2.725180149078369 1.4644519686698914 1.5508219003677368 -1.5879881208475508 0.33073610067367554
Car -1 -1 -2.57 1150.3564453125 175.676025390625 1231.0238037109375 357.0220947265625 1.678439974784851 1.603348970413208 3.7699391841888428 3.008727550506592 1.5801641941070557 1.740415096282959 -1.5223727622509706 0.2955530285835266
Car -1 -1 -2.62 1164.7568359375 170.44947814941406 1240.5810546875 365.3269958496094 1.7136324644088745 1.6239159107208252 3.925442695617676 2.7931222915649414 1.4690202474594116 1.5850132703781128 -1.5626273699904774 0.27278396487236023
Car -1 -1 2.45 752.6107177734375 168.9161376953125 858.0188598632812 208.1392822265625 1.475467562675476 1.627849817276001 3.6014535427093506 8.200470924377441 1.2741352319717407 29.029653549194336 2.7211893338638244 0.25199079513549805
Car -1 -1 2.19 664.8906860351562 172.947998046875 758.6179809570312 206.40890502929688 1.3898286819458008 1.5198951959609985 3.766230821609497 4.614746570587158 1.3554607033729553 30.733707427978516 2.340883483147481 0.2449890822172165
Car -1 -1 -2.71 1031.1552734375 212.5518341064453 1228.656494140625 368.79632568359375 1.5961709022521973 1.5972462892532349 4.073901653289795 2.4627370834350586 1.5102219581604004 1.2680671215057373 -1.6194130245393268 0.2434859424829483
Car -1 -1 2.24 678.8804321289062 171.6211700439453 772.0527954101562 206.3185272216797 1.3469343185424805 1.546165943145752 3.7125744819641113 4.75303840637207 1.3421138525009155 30.802433013916016 2.389361045939965 0.22412602603435516
Car -1 -1 -2.71 1083.2996826171875 227.45770263671875 1218.7373046875 373.0634460449219 1.5330466032028198 1.5944643020629883 4.015275955200195 2.6708428859710693 1.5343072414398193 1.4936933517456055 -1.6491647761887869 0.22016941010951996
Car -1 -1 -1.87 638.7625122070312 178.71221923828125 747.0578002929688 239.55726623535156 1.3503541946411133 1.5864578485488892 3.461031913757324 1.617588996887207 1.5095226168632507 16.122905731201172 -1.771246310961791 0.22009898722171783
Car -1 -1 -2.57 1064.0526123046875 202.39559936523438 1219.89306640625 364.520751953125 1.4999616146087646 1.585913896560669 3.9670300483703613 2.345292806625366 1.4077648520469666 1.450817584991455 -1.5541303659290264 0.2199281007051468
Car -1 -1 2.37 787.6021118164062 168.65567016601562 885.85302734375 204.6347198486328 1.5131868124008179 1.5773497819900513 3.6126492023468018 8.613426208496094 1.2853280901908875 29.362422943115234 2.6533254527042986 0.21526537835597992
Car -1 -1 -2.65 1180.128662109375 159.43748474121094 1239.6357421875 348.617431640625 1.737284541130066 1.667833924293518 3.9939613342285156 2.817845344543457 1.4195802807807922 1.7500368356704712 -1.6377024655490278 0.20393908023834229
Car -1 -1 2.27 726.6332397460938 167.8483428955078 835.302734375 209.68414306640625 1.4634311199188232 1.66681969165802 3.559178590774536 7.373953819274902 1.194666564464569 29.35706901550293 2.5204574894414637 0.19488292932510376
Car -1 -1 -2.5 1178.951904296875 186.65072631835938 1235.988525390625 329.1549987792969 1.7340060472488403 1.612705945968628 3.8058059215545654 2.931133508682251 1.4834271669387817 2.0272910594940186 -1.5346798286387573 0.18396137654781342
Car -1 -1 -2.49 1161.9017333984375 159.9901580810547 1228.5906982421875 345.03472900390625 1.6574252843856812 1.625551700592041 3.847851037979126 3.118100166320801 1.4849997758865356 2.014376640319824 -1.4971648007475515 0.1769191026687622
Car -1 -1 -3.06 647.6463623046875 176.5711212158203 760.5623779296875 227.572021484375 1.449259877204895 1.561355471611023 3.4996724128723145 3.1242191791534424 1.5745471119880676 21.90043830871582 -2.9185888544166962 0.14677587151527405