Van -1 -1 -1.73 622.4641723632812 159.90623474121094 667.3446655273438 200.6570281982422 2.1359169483184814 1.86209237575531 4.717204570770264 2.3736348152160645 1.0484357587993145 41.75901412963867 -1.6757670326428995 0.8087016344070435
Pedestrian -1 -1 1.17 574.1873779296875 163.7529296875 597.9379272460938 218.92591857910156 1.8147004842758179 0.635915994644165 0.962552547454834 -0.6133940815925598 1.259213536977768 23.50857925415039 1.141015872269299 0.6450449824333191
Pedestrian -1 -1 1.69 586.8270263671875 161.730224609375 610.94921875 217.69879150390625 1.8785234689712524 0.6555618643760681 0.9715655446052551 -0.17621590197086334 1.267198085784912 23.685405731201172 1.6789847770372006 0.5842019319534302
Pedestrian -1 -1 1.14 575.3615112304688 164.45506286621094 604.2054443359375 218.79049682617188 1.8410563468933105 0.6389294862747192 1.0644216537475586 -0.57527095079422 1.267963171005249 24.38434410095215 1.1185884256439875 0.5024838447570801
Pedestrian -1 -1 1.75 578.3273315429688 163.2089385986328 600.4154052734375 218.11265563964844 1.807021975517273 0.6299129128456116 0.9359724521636963 -0.47393861413002014 1.243848979473114 23.948612213134766 1.7287341247170342 0.48880717158317566
Cyclist -1 -1 -1.56 582.0596313476562 161.6192169189453 613.5787963867188 218.85009765625 1.8315799236297607 0.5357280373573303 1.9342362880706787 -0.17931193113327026 1.2369262874126434 24.425207138061523 -1.5670067078106005 0.4864039719104767
Pedestrian -1 -1 2.01 583.5974731445312 163.3946990966797 614.6649780273438 216.41612243652344 1.8605748414993286 0.6381030678749084 1.0658444166183472 -0.1127929612994194 1.2644902169704437 24.49329376220703 2.0040864816430934 0.4604400396347046
Pedestrian -1 -1 1.32 579.0203857421875 163.0255126953125 610.088623046875 219.259765625 1.802295207977295 0.6395449042320251 1.0296614170074463 -0.3123857378959656 1.252339780330658 24.416433334350586 1.307923554189511 0.44575566053390503
Cyclist -1 -1 -1.76 572.0667114257812 161.20364379882812 607.313232421875 219.0692138671875 1.7999995946884155 0.570610523223877 1.9410037994384766 -0.4491012394428253 1.2080702185630798 24.108007431030273 -1.7765384986141726 0.39782023429870605
Cyclist -1 -1 -1.6 570.2850341796875 165.09521484375 601.5054321289062 218.71469116210938 1.8053622245788574 0.5897436141967773 1.9055464267730713 -0.5282101035118103 1.259878247976303 24.20760154724121 -1.6187880061964126 0.3916248381137848
Cyclist -1 -1 -1.19 587.7291259765625 161.28213500976562 615.4409790039062 216.44857788085938 1.8238165378570557 0.5663819313049316 1.9351855516433716 -0.1834622323513031 1.2113280892372131 24.766340255737305 -1.20093794513146 0.3779836893081665
Pedestrian -1 -1 1.0 569.581787109375 164.59072875976562 595.1473999023438 218.01248168945312 1.7135448455810547 0.6639229655265808 0.9432584643363953 -0.7226200103759766 1.1736356019973755 23.15028953552246 0.9657726379690992 0.24790088832378387
Cyclist -1 -1 -1.92 576.5845947265625 162.242919921875 602.6001586914062 219.5211181640625 1.7933566570281982 0.5810884237289429 1.8390635251998901 -0.48871201276779175 1.2775734961032867 23.49207305908203 -1.9374221460787782 0.24624283611774445
Car -1 -1 -1.66 626.5738525390625 161.4295654296875 667.6776123046875 200.36398315429688 1.9306377172470093 1.7422411441802979 4.035340309143066 2.2349159717559814 0.9985028468072414 37.75625991821289 -1.5975018412734387 0.2315005213022232
Car -1 -1 -1.55 585.6235961914062 161.3748779296875 614.4130249023438 217.0611114501953 1.81101393699646 1.630580186843872 4.000955581665039 -0.382839173078537 1.2333036065101624 30.14151382446289 -1.5644316527079365 0.21816149353981018
Car -1 -1 -1.53 573.603515625 163.01991271972656 602.8831176757812 219.1398468017578 1.7555859088897705 1.6553995609283447 4.101166248321533 -0.34471264481544495 1.2600271105766296 31.30551528930664 -1.5360296472647228 0.2136998474597931
Car -1 -1 -1.52 579.9901733398438 161.32598876953125 611.2971801757812 218.80091857910156 1.8108943700790405 1.6570868492126465 4.157474040985107 -0.24321337044239044 1.2746430039405823 31.239755630493164 -1.5233337133293157 0.21060222387313843