Car -1 -1 1.88 328.1142578125 188.34426879882812 442.71527099609375 255.9516143798828 1.4588927030563354 1.619997262954712 4.0736212730407715 -5.750067234039307 1.9194087386131287 18.67531394958496 1.577841243839587 0.8870034217834473
Car -1 -1 1.83 400.0503845214844 186.43885803222656 476.8903503417969 234.849609375 1.4757241010665894 1.5649110078811646 3.9161124229431152 -5.760275840759277 1.95619136095047 24.51611328125 1.5987421895367353 0.85459965467453
Car -1 -1 -0.94 2.7085061073303223 194.7069549560547 234.44646692276 375.942626953125 1.4880163669586182 1.6876819133758545 4.479294776916504 -5.6025390625 1.788071632385254 7.037754535675049 -1.6146139268095183 0.8476802706718445
Car -1 -1 1.8 441.9521484375 182.66937255859375 499.7931823730469 223.86294555664062 1.525099277496338 1.5555925369262695 3.694582939147949 -5.649197101593018 1.953624963760376 29.497905731201172 1.6088027405401482 0.844544529914856
Car -1 -1 -2.38 942.0235595703125 169.39083862304688 1234.0750732421875 379.3594055175781 1.5609804391860962 1.638289451599121 4.110860347747803 3.2012977600097656 1.60366952419281 2.878814935684204 -1.5420022922609729 0.7999781966209412
Car -1 -1 1.75 473.3785400390625 181.91168212890625 519.9954833984375 214.18280029296875 1.44170081615448 1.5406910181045532 3.7285447120666504 -5.662275791168213 1.9561578631401062 36.0120735168457 1.5956120693425184 0.7868996858596802
Car -1 -1 2.8 779.6092529296875 155.18040466308594 888.140380859375 194.95701599121094 1.6938222646713257 1.7014867067337036 4.344247817993164 10.028048515319824 0.957258515059948 32.429264068603516 3.1017684057994757 0.7830212116241455
Car -1 -1 -1.57 661.128662109375 172.68939208984375 707.0097045898438 202.71778869628906 1.475353717803955 1.6146941184997559 3.7495057582855225 4.062709808349609 1.5279209613800049 40.319427490234375 -1.4739204576721576 0.7215846180915833
Car -1 -1 -0.56 1109.48681640625 136.69569396972656 1241.8939208984375 176.21615600585938 1.5113285779953003 1.5573889017105103 4.03102970123291 22.345287322998047 0.11179649829864502 28.386940002441406 0.10884331553780058 0.6930859684944153
Car -1 -1 1.74 499.6424560546875 181.0143585205078 541.1907348632812 207.2848358154297 1.4185842275619507 1.603157877922058 4.0002217292785645 -5.1879777908325195 1.906871497631073 42.02579116821289 1.6176236927186451 0.6859207153320312
Car -1 -1 -1.41 661.67138671875 171.4744110107422 699.8805541992188 200.0013885498047 1.5182545185089111 1.6449670791625977 3.3020238876342773 3.963268518447876 1.5140312314033508 39.87854766845703 -1.3127700048401483 0.6506667733192444
Car -1 -1 -2.86 1058.1522216796875 136.80917358398438 1184.2076416015625 174.7917938232422 1.4316233396530151 1.590233325958252 4.309543132781982 21.801279067993164 0.056819021701812744 30.71405601501465 -2.2469038378661095 0.6111939549446106
Van -1 -1 1.11 721.5513305664062 146.11557006835938 791.2833251953125 192.4442138671875 2.4151108264923096 1.9842746257781982 5.521213531494141 8.32888412475586 1.0445675998926163 42.12549591064453 1.3069215887922638 0.5303864479064941
Car -1 -1 2.27 742.794921875 158.39764404296875 851.3966674804688 191.84121704101562 1.5022016763687134 1.6530784368515015 4.440003871917725 9.421273231506348 0.9360357224941254 36.69556427001953 2.5168386292987357 0.4574876129627228
Car -1 -1 1.74 461.23541259765625 181.9731903076172 516.2201538085938 216.79339599609375 1.4236260652542114 1.532580018043518 3.9412076473236084 -5.62291145324707 1.9563314318656921 35.30592727661133 1.5812857422160596 0.4209785759449005
Car -1 -1 1.8 420.9085388183594 184.30552673339844 492.84869384765625 231.0754852294922 1.512201189994812 1.5802584886550903 3.998690605163574 -5.725644588470459 1.9700222611427307 26.69716453552246 1.5907244941856886 0.3866773843765259
Car -1 -1 2.91 761.3630981445312 157.28700256347656 871.2694702148438 194.2528076171875 1.6283864974975586 1.6729700565338135 4.347821235656738 9.848196983337402 0.9573811739683151 34.11284637451172 -3.089693439044642 0.3641659617424011
Car -1 -1 2.34 1014.486572265625 142.44744873046875 1105.6287841796875 175.08009338378906 1.3942010402679443 1.512276530265808 3.909369945526123 21.530155181884766 0.00721210241317749 34.54348373413086 2.8974581886376676 0.3580208122730255
Car -1 -1 -0.71 1073.7647705078125 137.32286071777344 1201.798583984375 172.35890197753906 1.4560439586639404 1.67901611328125 4.255013942718506 22.449220657348633 -0.013097286224365234 31.423301696777344 -0.08529103582679776 0.3339586555957794
Car -1 -1 1.77 452.3887939453125 182.5984344482422 511.6783447265625 221.01828002929688 1.429518222808838 1.5408697128295898 3.9406096935272217 -5.767219066619873 1.9761594533920288 34.27554702758789 1.599300185491634 0.3225865960121155
Car -1 -1 -0.83 1072.0224609375 136.87277221679688 1222.684814453125 176.91871643066406 1.494330644607544 1.6437352895736694 4.362657070159912 22.15499496459961 0.005045890808105469 30.05006980895996 -0.19269924419725992 0.32247400283813477
Car -1 -1 1.73 487.45477294921875 181.81887817382812 533.4505004882812 210.14817810058594 1.410624384880066 1.5205897092819214 3.7422752380371094 -5.221778392791748 1.9088484644889832 35.87362289428711 1.5901720789919525 0.3121568262577057
Van -1 -1 0.25 725.3009033203125 155.7232666015625 808.2681274414062 192.01730346679688 2.1090781688690186 1.881685495376587 5.038366317749023 8.900569915771484 0.9811504185199738 41.45194625854492 0.4657572486991164 0.3016684055328369
Car -1 -1 1.8 411.7206726074219 185.13356018066406 482.9316101074219 231.89907836914062 1.4371598958969116 1.5662436485290527 3.8312408924102783 -5.820874214172363 1.8726126551628113 24.549081802368164 1.565780738423486 0.2966647744178772
Car -1 -1 -2.01 1117.1993408203125 125.0710220336914 1237.4273681640625 330.0032424926758 1.5899702310562134 1.6435306072235107 3.9522593021392822 5.662808895111084 1.284682959318161 5.180425643920898 -1.1802741230928415 0.285906583070755
Car -1 -1 1.75 479.82171630859375 182.0553436279297 529.2446899414062 212.10092163085938 1.448459506034851 1.6023998260498047 3.952864646911621 -5.285277366638184 1.8410186171531677 36.624908447265625 1.6040430569604656 0.2788190543651581
Car -1 -1 2.61 1047.41357421875 139.5110321044922 1157.169189453125 176.92787170410156 1.4551301002502441 1.6721831560134888 4.207464218139648 21.704139709472656 0.07621288299560547 31.650392532348633 -3.0753020083008327 0.26038604974746704
Car -1 -1 -2.29 977.3147583007812 118.22097778320312 1254.98583984375 354.666748046875 1.6642675399780273 1.6573338508605957 4.211616039276123 3.566823720932007 1.47592031955719 3.3674254417419434 -1.479701968320513 0.2551274299621582
Van -1 -1 -3.14 728.8477172851562 157.90798950195312 833.3084716796875 192.97564697265625 2.052018880844116 1.8983527421951294 4.918575763702393 9.31981372833252 1.0047981981188059 39.484683990478516 -2.9052516712223637 0.2541288733482361
Car -1 -1 1.79 432.84100341796875 184.68356323242188 495.5024719238281 224.96055603027344 1.4443460702896118 1.5800350904464722 3.9072189331054688 -5.637318134307861 1.9247391819953918 29.37199592590332 1.6049029608993193 0.2540530860424042
Car -1 -1 2.82 746.690185546875 154.79470825195312 889.8941650390625 194.2702178955078 1.7720236778259277 1.7054080963134766 4.566547393798828 9.299196243286133 0.9843775182962418 31.69863510131836 3.1052368237305323 0.2501201033592224
Car -1 -1 -1.99 1143.14599609375 129.0228729248047 1237.3953857421875 319.6227111816406 1.5572327375411987 1.6433049440383911 3.9502105712890625 5.803335666656494 1.2541724741458893 5.215034484863281 -1.1497239402037334 0.23901799321174622
Car -1 -1 -0.77 1085.0345458984375 135.9745330810547 1188.983642578125 176.83432006835938 1.5125999450683594 1.6137934923171997 3.970881938934326 22.002628326416016 0.0265047550201416 30.655908584594727 -0.14501051879700588 0.2366931140422821
Car -1 -1 -1.65 1079.944580078125 136.78012084960938 1173.1522216796875 173.84716796875 1.4355263710021973 1.593319296836853 3.8584775924682617 22.486284255981445 0.0005946755409240723 31.196962356567383 -1.0254509986796139 0.23045508563518524
Car -1 -1 -2.3 999.6488647460938 142.9808807373047 1232.5374755859375 363.1319580078125 1.5760501623153687 1.5896329879760742 3.8609015941619873 2.9789249897003174 1.3940597176551819 2.972203254699707 -1.5157303354495264 0.23043511807918549
Car -1 -1 -0.41 1112.90966796875 133.28477478027344 1232.2095947265625 185.5709228515625 1.448512315750122 1.704677700996399 4.532175064086914 22.552549362182617 -0.0371783971786499 28.490888595581055 0.25513901051144927 0.22568927705287933
Cyclist -1 -1 -2.95 959.42333984375 164.15176391601562 1234.132568359375 370.0715637207031 1.7215371131896973 0.5308780670166016 1.6483747959136963 2.438483953475952 1.4644954204559326 2.9693572521209717 -2.261835249807386 0.22373726963996887
Car -1 -1 1.81 377.1886901855469 186.75274658203125 468.0673828125 238.54490661621094 1.4360826015472412 1.5881690979003906 3.9299769401550293 -6.143125057220459 1.9197877645492554 24.685270309448242 1.5676523660688737 0.2184763252735138
Van -1 -1 2.82 746.690185546875 154.79470825195312 889.8941650390625 194.2702178955078 2.2694742679595947 1.9515836238861084 5.5848212242126465 10.171670913696289 1.0990843288600445 35.018211364746094 3.100680490557533 0.21532069146633148
Pedestrian -1 -1 1.69 664.2725830078125 173.06402587890625 707.8116455078125 202.33929443359375 1.6928882598876953 0.6210350394248962 0.7539970278739929 3.32068133354187 1.468514621257782 30.572858810424805 1.799750639056728 0.21417230367660522
Car -1 -1 -1.49 670.7252807617188 173.33724975585938 716.6177368164062 204.82528686523438 1.3511499166488647 1.5293768644332886 3.5698368549346924 4.280540943145752 1.4503061771392822 35.051029205322266 -1.3693475089455722 0.21260353922843933
Car -1 -1 -2.45 938.3230590820312 152.52780151367188 1219.198486328125 342.3784484863281 1.4373533725738525 1.6305938959121704 3.944960594177246 2.9110965728759766 1.30428808927536 2.9085371494293213 -1.660989169240148 0.21252413094043732
Pedestrian -1 -1 -2.5 959.42333984375 164.15176391601562 1234.132568359375 370.0715637207031 1.6475025415420532 0.6945821642875671 0.8990121483802795 2.414915084838867 1.4198507070541382 3.110841989517212 -1.8408566784582643 0.2062826007604599
Car -1 -1 2.72 1044.2686767578125 137.2890625 1188.6158447265625 183.4300994873047 1.5100746154785156 1.7074401378631592 4.642819881439209 21.821489334106445 0.098929762840271 30.631155014038086 -2.947125255961433 0.20556101202964783
Car -1 -1 1.83 355.7078857421875 188.4881591796875 458.96014404296875 247.1666259765625 1.4355404376983643 1.5601780414581299 4.0007853507995605 -5.970508098602295 1.9185630083084106 23.582605361938477 1.585179834501444 0.2028983235359192
Van -1 -1 -2.45 947.9187622070312 170.06993103027344 1237.350341796875 376.3741760253906 1.9516602754592896 1.6792718172073364 4.199171543121338 3.1317391395568848 1.6470420360565186 3.1010971069335938 -1.6581921522751388 0.2027748078107834
Car -1 -1 -1.28 669.5476684570312 169.72341918945312 712.1138916015625 199.6141357421875 1.467378854751587 1.5507793426513672 3.455822467803955 4.369338035583496 1.4690021276474 41.91426467895508 -1.1751226839018871 0.19309362769126892
Car -1 -1 -1.04 660.8759765625 173.0099639892578 723.6660766601562 202.9650421142578 1.3319212198257446 1.5801185369491577 3.9079337120056152 4.178089618682861 1.4283927083015442 38.93623733520508 -0.9315167196476102 0.19274690747261047
Car -1 -1 0.15 736.8773803710938 158.7561492919922 831.372314453125 193.97048950195312 1.6065106391906738 1.6199932098388672 4.441658020019531 8.588825225830078 0.9584426283836365 37.20281219482422 0.3738131535946252 0.19049404561519623
Car -1 -1 -1.25 664.98193359375 176.56564331054688 710.3445434570312 204.90394592285156 1.4154499769210815 1.5510607957839966 3.418769359588623 4.036020278930664 1.61355060338974 37.59016036987305 -1.1449620635017448 0.18950024247169495
Car -1 -1 -1.3 653.6971435546875 174.5885009765625 703.1265258789062 201.41404724121094 1.5084532499313354 1.685133934020996 3.8851561546325684 4.1427812576293945 1.576132357120514 41.909996032714844 -1.1988963682293363 0.18793945014476776
Van -1 -1 -0.87 1099.301025390625 135.09979248046875 1227.568115234375 177.1640625 1.756365180015564 1.7556660175323486 4.013173580169678 22.73868751525879 0.1541532278060913 29.7554931640625 -0.21424301687934966 0.18767663836479187
Car -1 -1 -0.26 653.7355346679688 174.5215606689453 692.0590209960938 198.91738891601562 1.4389210939407349 1.6512792110443115 3.8524017333984375 4.003382205963135 1.574643075466156 43.431785583496094 -0.17030532526300046 0.18658894300460815
Van -1 -1 2.81 769.0806884765625 157.94711303710938 889.5166015625 196.05032348632812 1.8611961603164673 1.7125998735427856 4.250085353851318 10.135534286499023 0.9829428605735302 33.85862731933594 3.099444644723156 0.18299823999404907
Car -1 -1 -1.38 1207.529541015625 154.11651611328125 1239.731201171875 240.52198791503906 1.3733621835708618 1.5278292894363403 3.4434666633605957 11.215787887573242 1.1242490112781525 11.21545124053955 -0.5964237891943407 0.1795312613248825
Van -1 -1 2.68 749.47314453125 156.6171112060547 857.0892944335938 194.81170654296875 1.9710359573364258 1.7952837944030762 4.509695053100586 9.403471946716309 1.0194090530276299 36.73172378540039 2.9327572099768844 0.17128241062164307
Car -1 -1 -1.55 650.2546997070312 174.33245849609375 678.558349609375 194.00717163085938 1.4765655994415283 1.642861008644104 3.690995216369629 3.9883012771606445 1.4995237588882446 56.89309310913086 -1.4803222091323587 0.1708119660615921
Car -1 -1 2.89 1034.0272216796875 141.0955810546875 1134.2896728515625 174.52732849121094 1.4217768907546997 1.62129807472229 4.095099925994873 22.755149841308594 -0.034848928451538086 34.72557067871094 -2.817376257811736 0.16670933365821838
Van -1 -1 2.97 735.1063842773438 152.30540466308594 871.7638549804688 193.2952117919922 2.3437373638153076 1.9434384107589722 5.822697162628174 9.9295654296875 1.10904461145401 36.788002014160156 -3.053130904995781 0.16659921407699585
Car -1 -1 -2.25 1040.064697265625 127.78258514404297 1234.8233642578125 348.4663619995117 1.6171619892120361 1.612645149230957 3.9567596912384033 3.4928715229034424 1.3276983499526978 3.4243438243865967 -1.457031612715376 0.1654907763004303
Car -1 -1 -2.17 1088.21435546875 129.35977172851562 1234.406982421875 348.5082092285156 1.5749436616897583 1.632981777191162 3.9744675159454346 4.11769962310791 1.3391903638839722 3.850872755050659 -1.348700125997591 0.16337887942790985
Car -1 -1 2.99 735.1063842773438 152.30540466308594 871.7638549804688 193.2952117919922 1.7952789068222046 1.6629329919815063 4.623384952545166 9.033842086791992 0.9338526278734207 34.14820098876953 -3.03873641943909 0.16108277440071106
Car -1 -1 0.24 1087.1815185546875 134.1586151123047 1225.7032470703125 190.84864807128906 1.7020453214645386 1.7741395235061646 4.887833118438721 23.085773468017578 -0.008175551891326904 29.71725082397461 0.9000931108010395 0.1594313383102417
Car -1 -1 -1.98 1167.4365234375 144.39720153808594 1245.0445556640625 286.336181640625 1.5703281164169312 1.6262296438217163 4.0118818283081055 6.1823811531066895 1.2552598118782043 5.76062536239624 -1.1557436858098233 0.14223328232765198
Car -1 -1 -1.65 1118.0201416015625 126.59898376464844 1234.515380859375 271.8866882324219 1.588724970817566 1.6548750400543213 4.01584529876709 7.024409294128418 1.16169872879982 7.135695934295654 -0.8707388172504142 0.11750628799200058
Car -1 -1 1.41 1068.0247802734375 135.34011840820312 1208.0 184.87664794921875 1.6736804246902466 1.7835428714752197 4.951234340667725 22.42896842956543 0.11372733116149902 29.366479873657227 2.0669807350539724 0.1157073825597763
Car -1 -1 -0.53 1126.66455078125 130.23057556152344 1232.8369140625 214.05551147460938 1.4938424825668335 1.6918271780014038 4.270960330963135 23.09886360168457 0.375408411026001 26.8270263671875 0.17984137520618626 0.07445498555898666
Car -1 -1 -2.11 1073.25048828125 122.13324737548828 1230.010009765625 263.65088653564453 1.538601279258728 1.6733801364898682 4.434159755706787 16.577085494995117 1.3532666563987732 18.435670852661133 -1.3811714313105652 0.053069762885570526