Car -1 -1 1.98 332.7948303222656 185.16346740722656 382.1701354980469 210.76805114746094 1.4700926542282104 1.5556226968765259 3.639169454574585 -15.445632934570312 2.250843822956085 44.230587005615234 1.641318272281251 0.8449726700782776
Cyclist -1 -1 -2.09 1044.9639892578125 151.0203094482422 1161.646484375 305.6358337402344 1.7865887880325317 0.5549745559692383 1.7362210750579834 6.18364953994751 1.5416913032531738 9.183822631835938 -1.4987618408920191 0.8298366069793701
Car -1 -1 2.2 9.16162395477295 192.19863891601562 147.6292905807495 249.61805725097656 1.5297784805297852 1.6263675689697266 3.972954273223877 -15.8917236328125 2.122790217399597 21.745494842529297 1.5663035096016875 0.7874977588653564
Car -1 -1 1.87 395.5584716796875 183.12692260742188 428.7799987792969 203.19137573242188 1.4238579273223877 1.6337848901748657 3.3838295936584473 -15.130792617797852 2.1830533742904663 55.286033630371094 1.598515763539032 0.7233484983444214
Car -1 -1 2.18 11.161311149597168 184.07762145996094 142.96218395233154 259.0408020019531 1.5234555006027222 1.654478669166565 4.25723123550415 -15.8179931640625 2.1436426043510437 21.079322814941406 1.5357939027157421 0.40435901284217834
Car -1 -1 1.85 404.6632080078125 179.07981872558594 436.71856689453125 200.31353759765625 1.5403865575790405 1.6202185153961182 3.563854455947876 -15.021058082580566 2.224984109401703 55.2003059387207 1.5889862038448168 0.34235674142837524
Car -1 -1 1.9 398.1177673339844 180.26319885253906 433.2832336425781 201.32830810546875 1.5099468231201172 1.6000996828079224 3.2844817638397217 -15.231058120727539 2.2754191160202026 56.010650634765625 1.630817913372825 0.33504024147987366
Car -1 -1 2.28 9.417423248291016 166.7289276123047 132.59286880493164 263.4207458496094 1.5632636547088623 1.6659263372421265 4.207968711853027 -16.30646324157715 2.0633496046066284 20.93535614013672 1.616696263673198 0.31096211075782776
Van -1 -1 2.41 8.827929496765137 143.5694122314453 130.29436016082764 268.63116455078125 2.4659125804901123 2.000772714614868 5.991147041320801 -12.47105598449707 1.841649353504181 13.094026565551758 1.6447268346737314 0.28451627492904663
Pedestrian -1 -1 2.3 1048.3392333984375 152.88572692871094 1168.132568359375 308.9463195800781 1.7468808889389038 0.5632376670837402 1.0234930515289307 6.163202285766602 1.560180902481079 8.987096786499023 2.89732624002571 0.2832677662372589
Car -1 -1 1.73 413.6236267089844 175.8640899658203 447.1073303222656 199.19920349121094 1.765899658203125 1.7265586853027344 4.448019504547119 -15.991499900817871 2.144248843193054 65.05278778076172 1.4916868792185216 0.27712976932525635
Truck -1 -1 -1.5 1045.6737060546875 151.20782470703125 1166.759765625 308.98553466796875 3.0761935710906982 2.439040184020996 6.714026927947998 8.72607135772705 2.2258711457252502 13.23205280303955 -0.9147757479653089 0.2751941382884979
Car -1 -1 1.79 407.3860168457031 177.1277618408203 442.4737548828125 199.13198852539062 1.5833083391189575 1.649823784828186 4.206721782684326 -15.213906288146973 2.2972214818000793 56.88867950439453 1.5240308387772101 0.26883313059806824
Car -1 -1 2.17 11.918652534484863 188.8430938720703 133.3706178665161 272.9676513671875 1.4879354238510132 1.640844464302063 4.090336799621582 -15.803986549377441 2.0452250838279724 20.840181350708008 1.520048079109281 0.2315976917743683
Car -1 -1 -2.06 1043.500732421875 155.092529296875 1164.1669921875 303.892578125 1.6654763221740723 1.5636866092681885 3.411632537841797 7.187878608703613 1.4975040555000305 10.933915138244629 -1.483279766497633 0.22169514000415802
Car -1 -1 2.33 11.758599281311035 191.27166748046875 162.03975772857666 284.31951904296875 1.5250177383422852 1.5923770666122437 3.7143235206604004 -15.532914161682129 2.209987998008728 20.177692413330078 1.6776035353037058 0.20372110605239868
Van -1 -1 2.69 3.614138603210449 126.05857849121094 114.40748119354248 265.9638977050781 3.040225028991699 2.1581811904907227 6.990838050842285 -11.981995582580566 1.8107650876045227 11.167644500732422 1.8703925771827334 0.1926954686641693
Car -1 -1 2.27 5.091534614562988 194.70278930664062 116.7383394241333 263.0665283203125 1.5003783702850342 1.586936116218567 3.7946102619171143 -16.15411376953125 2.247757911682129 20.782482147216797 1.6139146241123887 0.18830271065235138
Van -1 -1 2.3 3.6634836196899414 186.32749938964844 143.97512912750244 251.39620971679688 1.8358991146087646 1.7712541818618774 4.41428279876709 -15.97462272644043 2.204870104789734 21.12493896484375 1.6564936807705077 0.18621207773685455
Van -1 -1 2.35 1.5332376956939697 163.25506591796875 145.13634133338928 253.53399658203125 2.205564498901367 1.8886609077453613 5.12841272354126 -14.492127418518066 1.9788864254951477 17.72081184387207 1.6619201500519774 0.1847783625125885
Van -1 -1 2.51 -3.756577491760254 65.2733383178711 71.76662349700928 300.3269271850586 3.0867388248443604 2.2445712089538574 6.760028839111328 -10.824810028076172 1.8793213665485382 8.231968879699707 1.5877872336238106 0.18445686995983124
Car -1 -1 2.27 -3.20763897895813 196.4875030517578 73.06418108940125 276.3563537597656 1.530336618423462 1.6609845161437988 3.9594123363494873 -13.416106224060059 2.045508027076721 14.335710525512695 1.5190222210922366 0.17706820368766785
Van -1 -1 2.4 -1.122692584991455 201.8544921875 82.30457639694214 286.0008544921875 1.9816246032714844 1.8417489528656006 4.797639846801758 -13.463714599609375 2.3954341411590576 15.034393310546875 1.672215241916125 0.16703581809997559
Van -1 -1 2.64 0.4854959547519684 100.30123901367188 103.1249307692051 267.01434326171875 2.847515106201172 2.0528416633605957 6.507954120635986 -11.254077911376953 1.6817838847637177 9.557318687438965 1.7726085765206152 0.16391153633594513
Van -1 -1 1.97 -1.9893958568572998 78.40187072753906 78.15170979499817 267.35821533203125 2.8833377361297607 2.250770330429077 6.753886699676514 -9.985560417175293 1.6724300980567932 7.773136138916016 1.0569891089875547 0.15780708193778992
Car -1 -1 2.36 2.656569480895996 154.39462280273438 117.62648677825928 270.5796203613281 1.5843547582626343 1.6367597579956055 4.322413921356201 -17.026676177978516 2.093441069126129 20.31186294555664 1.660315659238841 0.13818958401679993
Cyclist -1 -1 2.54 9.417423248291016 166.7289276123047 132.59286880493164 263.4207458496094 1.7239998579025269 0.7125324606895447 1.7052668333053589 -12.033260345458984 1.907586395740509 16.008562088012695 1.892252636423727 0.13771583139896393
Car -1 -1 2.52 -11.994842529296875 131.8761444091797 63.08769989013672 296.1690368652344 1.781654715538025 1.8110458850860596 4.748118877410889 -16.947633743286133 2.0428088307380676 13.686432838439941 1.625695903720347 0.08638773113489151