Pedestrian -1 -1 0.67 204.1980438232422 187.42295837402344 279.2283020019531 344.4570617675781 1.7179009914398193 0.599348783493042 0.6815813779830933 -4.109403610229492 1.799635887145996 8.255468368530273 0.21049206473026238 0.8266847133636475
Pedestrian -1 -1 1.05 878.4596557617188 126.2823257446289 1158.3309326171875 369.71497344970703 1.77625572681427 0.6780149340629578 0.9100066423416138 2.254310369491577 1.4804352521896362 4.181230545043945 1.548441899088452 0.4251003861427307
Pedestrian -1 -1 1.47 193.00738525390625 171.9288787841797 287.84979248046875 352.1230773925781 1.7977075576782227 0.5991080403327942 0.8444117903709412 -4.059281826019287 1.8258509635925293 8.2589693069458 1.0110949782116663 0.40037301182746887
Van -1 -1 -1.59 879.960693359375 84.8370590209961 1196.9915771484375 377.4670639038086 2.026329755783081 1.9156438112258911 4.98157262802124 2.6638622283935547 1.576644778251648 4.156739234924316 -1.021873753245023 0.3688567578792572
Truck -1 -1 -1.89 879.960693359375 84.8370590209961 1196.9915771484375 377.4670639038086 3.062880277633667 2.3296210765838623 6.83410120010376 3.651852607727051 1.8735355734825134 5.690973281860352 -1.3167436776709902 0.36246705055236816
Cyclist -1 -1 -1.59 874.8106079101562 101.03913116455078 1186.3673095703125 367.56690216064453 1.794488549232483 0.49587640166282654 1.6834245920181274 2.3696959018707275 1.3139568567276 3.8015408515930176 -1.0310723040088217 0.2907125949859619
Pedestrian -1 -1 0.03 216.7715301513672 186.52734375 287.49298095703125 343.39532470703125 1.6063554286956787 0.552483856678009 0.7165908813476562 -4.018941402435303 1.7491883039474487 8.16742992401123 -0.4314980921332663 0.28220075368881226
Car -1 -1 -1.47 885.6870727539062 118.13692474365234 1212.2073974609375 370.0165328979492 1.6790692806243896 1.7066913843154907 3.9676132202148438 3.3529200553894043 1.4641125202178955 4.193512439727783 -0.7925654597141407 0.26447370648384094
Pedestrian -1 -1 0.84 872.835205078125 124.8617935180664 1090.6514892578125 362.8201370239258 1.8038491010665894 0.708549976348877 0.8742287755012512 2.4784483909606934 1.4921591877937317 4.464325428009033 1.3449994455035394 0.2544071078300476
Van -1 -1 -2.98 10.407441139221191 109.87089538574219 276.28106784820557 292.7001953125 2.436424493789673 2.01102876663208 5.492552280426025 -8.178812980651855 1.6356274783611298 10.7140474319458 2.648514499282957 0.2505624294281006
Truck -1 -1 0.96 5.50314998626709 137.03738403320312 254.2408208847046 274.03125 3.2246313095092773 2.4974348545074463 7.430164813995361 -11.85517406463623 2.2843498587608337 18.48897361755371 0.38566701001447035 0.24784596264362335
Pedestrian -1 -1 0.61 201.4964141845703 179.6720733642578 302.4422302246094 331.05322265625 1.7201167345046997 0.5951683521270752 0.8628725409507751 -3.984980583190918 1.7578227519989014 8.18117618560791 0.1605367174838861 0.2477421760559082
Van -1 -1 -2.83 53.73347091674805 115.6374740600586 311.7895622253418 277.3734359741211 2.4463324546813965 2.0199828147888184 5.005191326141357 -6.7933197021484375 1.8596493005752563 11.971994400024414 2.933494849710131 0.23978276550769806
Cyclist -1 -1 0.31 203.3302459716797 189.24630737304688 290.862060546875 344.350341796875 1.5864802598953247 0.5950623154640198 1.7168971300125122 -4.0672807693481445 1.739565372467041 8.403444290161133 -0.14237939018292645 0.22773483395576477
Van -1 -1 -1.83 937.794921875 51.91773223876953 1209.6866455078125 357.4403762817383 2.0743134021759033 1.994928240776062 4.963537693023682 2.3474113941192627 1.395772248506546 2.8084256649017334 -1.1343253924209975 0.21621625125408173
Pedestrian -1 -1 2.3 193.40774536132812 196.50949096679688 282.2379455566406 327.8836364746094 1.5847381353378296 0.5701870918273926 0.6336617469787598 -4.239826679229736 1.7096439003944397 8.477916717529297 1.8394176411602938 0.20117507874965668
Truck -1 -1 -1.49 878.4596557617188 126.2823257446289 1158.3309326171875 369.71497344970703 3.418748140335083 2.5093750953674316 7.787426948547363 2.7843618392944336 2.212485611438751 5.500237941741943 -1.0212202289272643 0.19534079730510712
Truck -1 -1 1.19 16.645803451538086 98.57608032226562 273.10573387145996 278.46551513671875 3.226609230041504 2.4573116302490234 7.2208027839660645 -9.095518112182617 1.7751739472150803 12.230864524841309 0.5547076185681501 0.19251471757888794
Pedestrian -1 -1 0.92 882.454833984375 131.14332580566406 1037.767578125 336.0767822265625 1.7912602424621582 0.7255515456199646 0.8339661955833435 2.533668041229248 1.437483787536621 4.942174434661865 1.3932958099407156 0.18709298968315125
Pedestrian -1 -1 3.0 939.9255981445312 165.67601013183594 1065.076416015625 309.3127746582031 1.8300445079803467 0.6399005651473999 0.7663346529006958 3.079946517944336 1.5063977241516113 5.685108184814453 -2.782232199774633 0.17731636762619019
Truck -1 -1 -2.23 937.794921875 51.91773223876953 1209.6866455078125 357.4403762817383 3.090174436569214 2.2674942016601562 6.837461948394775 3.8005471229553223 1.7125031799077988 4.693751335144043 -1.5491799520111291 0.17370547354221344
Truck -1 -1 0.73 53.266441345214844 129.03399658203125 325.4083786010742 278.9190368652344 3.233771800994873 2.46458101272583 7.780923843383789 -7.7501349449157715 2.007264345884323 14.567619323730469 0.23934724883223346 0.16946440935134888
Truck -1 -1 1.34 72.02503204345703 150.48243713378906 278.5399856567383 304.1267395019531 3.200214147567749 2.3669536113739014 6.9753098487854 -8.970630645751953 2.3293761610984802 15.879034042358398 0.8253523449949114 0.1652279794216156
Pedestrian -1 -1 2.09 910.5301513671875 135.32760620117188 1213.5662841796875 379.17559814453125 1.7957067489624023 0.6851940751075745 0.9229479432106018 2.3104023933410645 1.6332020163536072 3.5506591796875 2.6664043027866953 0.15989266335964203