Car -1 -1 1.67 320.2687072753906 190.2471923828125 423.9785461425781 265.6218566894531 1.4293709993362427 1.5535547733306885 3.386643171310425 -5.095654487609863 1.8086808323860168 15.47347640991211 1.349543623364049 0.8776614665985107
Car -1 -1 2.41 5.60132360458374 214.38873291015625 192.0566611289978 371.91668701171875 1.4701809883117676 1.6058642864227295 3.795949697494507 -3.5445852279663086 1.7614165544509888 2.8264036178588867 1.5160587478979481 0.8382400870323181
Car -1 -1 2.88 622.9593505859375 174.46221923828125 717.001708984375 206.4053955078125 1.6325830221176147 1.749009609222412 4.668150424957275 3.242344617843628 1.7633109092712402 39.05143356323242 2.960065311622193 0.8032809495925903
Car -1 -1 3.1 487.87481689453125 176.58160400390625 581.4254760742188 212.00543212890625 1.6671150922775269 1.7259399890899658 4.546986103057861 -3.868946075439453 1.9116173386573792 36.328224182128906 2.992916126567229 0.7953090667724609
Car -1 -1 0.47 194.89187622070312 181.0550537109375 325.586669921875 227.63673400878906 1.6302944421768188 1.6698811054229736 4.241126537322998 -12.861128807067871 1.990001618862152 26.787857055664062 0.026844546638892908 0.7734237909317017
Pedestrian -1 -1 -0.16 835.7813110351562 163.2646026611328 872.3486328125 258.58319091796875 1.7732133865356445 0.6287726163864136 0.8528434634208679 4.755885124206543 1.601384162902832 14.090957641601562 0.16585581625944812 0.7485949993133545
Van -1 -1 0.32 196.06658935546875 177.40869140625 324.6169128417969 226.58297729492188 1.9098016023635864 1.7869994640350342 4.202999114990234 -13.642691612243652 2.1077961325645447 28.439315795898438 -0.12445272256592599 0.6307684183120728
Cyclist -1 -1 -1.63 835.41796875 164.3875732421875 871.8182373046875 258.614501953125 1.7257108688354492 0.5089145302772522 1.687520146369934 4.843569755554199 1.590661644935608 14.402423858642578 -1.3063014157617605 0.5279773473739624
Van -1 -1 0.72 191.870361328125 170.8960418701172 314.7965393066406 218.991455078125 2.3079514503479004 1.9741791486740112 5.079927921295166 -15.967063903808594 2.0409668684005737 32.3802490234375 0.2649376539363786 0.5201261639595032
Pedestrian -1 -1 -2.57 384.7242431640625 179.6232452392578 406.82086181640625 213.8214569091797 1.6478267908096313 0.6211744546890259 0.6072180867195129 -9.586581230163574 2.1026485562324524 32.56720733642578 -2.859853450797493 0.42180335521698
Van -1 -1 2.58 176.94776916503906 174.24514770507812 269.4452819824219 217.961669921875 1.9136683940887451 1.8132940530776978 4.769881248474121 -18.81690788269043 2.1103962659835815 35.7540168762207 2.095774426791494 0.3485390543937683
Van -1 -1 -1.54 200.71034240722656 165.23370361328125 307.9449462890625 211.28466796875 2.596289873123169 2.058133602142334 5.56691837310791 -17.737796783447266 2.057546377182007 35.347076416015625 -2.0042504113514177 0.3457861840724945
Van -1 -1 3.04 486.4501953125 176.6388702392578 578.7427978515625 212.76356506347656 1.819758415222168 1.8327221870422363 4.5541253089904785 -4.153530120849609 2.107453465461731 38.662479400634766 2.9359205063534635 0.33405283093452454
Car -1 -1 0.37 191.45933532714844 177.2280731201172 311.7662353515625 222.3857421875 1.7850295305252075 1.686692714691162 4.299496650695801 -14.546255111694336 2.0287229418754578 29.305662155151367 -0.09373214300680699 0.33126160502433777
Van -1 -1 2.28 185.93148803710938 174.18655395507812 293.85345458984375 216.75570678710938 2.104841470718384 1.9047952890396118 5.073970794677734 -17.96571922302246 2.127062678337097 35.03704071044922 1.8017830804706598 0.31901976466178894
Car -1 -1 2.71 176.94776916503906 174.24514770507812 269.4452819824219 217.961669921875 1.5623708963394165 1.5825220346450806 3.9621822834014893 -17.761390686035156 2.0032839179039 33.59846115112305 2.2267081919163605 0.2824244797229767
Pedestrian -1 -1 2.18 379.97210693359375 182.11021423339844 412.41131591796875 220.2825469970703 1.6163800954818726 0.6632483005523682 0.6412405967712402 -9.508996963500977 2.093339264392853 32.182159423828125 1.88996180994081 0.2686215341091156
Car -1 -1 -1.42 833.1685180664062 164.1401824951172 874.5673828125 256.6158142089844 1.6721171140670776 1.5930273532867432 3.7233500480651855 5.7827677726745605 1.6377527117729187 17.53772735595703 -1.0973507911851828 0.2581709325313568
Pedestrian -1 -1 -3.13 390.6855163574219 180.57557678222656 407.9654541015625 216.81536865234375 1.642943024635315 0.6307116150856018 0.5936093926429749 -9.862431526184082 2.1187118887901306 33.68814468383789 2.8711685462205647 0.24362052977085114
Car -1 -1 2.36 21.151409149169922 203.91885375976562 236.50365829467773 348.4655456542969 1.408467173576355 1.6379822492599487 4.3346757888793945 -2.755448341369629 1.3865092396736145 2.476962089538574 1.5200207574248115 0.22800403833389282
Pedestrian -1 -1 -2.6 382.3626708984375 180.23304748535156 410.01837158203125 211.5397186279297 1.6398136615753174 0.6534072756767273 0.6065259575843811 -9.679319381713867 2.02817964553833 32.53745651245117 -2.8926013995086075 0.2115747481584549
Van -1 -1 2.73 622.596435546875 174.4567413330078 718.5811767578125 205.03875732421875 1.9398431777954102 1.7695903778076172 4.357248306274414 3.3471977710723877 1.7753931879997253 40.791160583496094 2.8113488720111715 0.19220007956027985
Car -1 -1 2.86 634.0609130859375 175.33848571777344 715.617431640625 202.3717803955078 1.607775330543518 1.7101799249649048 4.704632759094238 3.9893782138824463 1.765243947505951 44.19761657714844 2.953585275337259 0.19117619097232819
Cyclist -1 -1 2.98 388.8323974609375 180.21446228027344 408.07232666015625 216.84054565429688 1.5970735549926758 0.6446819305419922 1.575621247291565 -11.101801872253418 2.151331067085266 37.91901397705078 2.6925530500084687 0.1887197345495224
Car -1 -1 2.33 185.93148803710938 174.18655395507812 293.85345458984375 216.75570678710938 1.637656331062317 1.6133151054382324 4.184013843536377 -16.95832633972168 2.0345221161842346 32.92841720581055 1.8559149953788072 0.17339393496513367