Car -1 -1 2.25 0.43324050307273865 200.5581817626953 125.76862868666649 275.8370666503906 1.4341832399368286 1.51380455493927 3.5049965381622314 -12.842476844787598 2.109813630580902 16.03922462463379 1.576902309849478 0.8576279282569885
Car -1 -1 -1.59 597.1611328125 174.32266235351562 627.4066772460938 203.37060546875 1.6203224658966064 1.7030870914459229 4.3807501792907715 0.16940101981163025 1.7359371185302734 42.55116653442383 -1.5811531046098928 0.8479331731796265
Car -1 -1 1.76 437.02496337890625 175.01502990722656 472.707763671875 200.34507751464844 1.6721364259719849 1.69955313205719 4.107773303985596 -11.312031745910645 1.895618736743927 52.733665466308594 1.5514622995819698 0.7993161678314209
Van -1 -1 2.0 189.95379638671875 159.88108825683594 290.6980895996094 227.81683349609375 2.6654629707336426 2.038696765899658 6.122950077056885 -15.395589828491211 2.174567997455597 30.261035919189453 1.5305332195954806 0.7251648902893066
Van -1 -1 1.48 634.1331176757812 160.8194122314453 671.7208251953125 193.38014221191406 2.6943564414978027 2.140071392059326 6.439087867736816 3.8462839126586914 1.7350310385227203 63.47560501098633 1.5383127904391705 0.6933581829071045
Car -1 -1 1.85 189.37869262695312 161.00338745117188 287.8708190917969 228.76683044433594 2.3236122131347656 1.8948112726211548 4.64907169342041 -14.419875144958496 2.065938174724579 28.29958724975586 1.3743476543542315 0.6833769679069519
Car -1 -1 2.38 -5.875972270965576 198.98757934570312 139.65286684036255 289.69842529296875 1.4194045066833496 1.601415991783142 3.879063844680786 -12.556009292602539 2.1773747205734253 14.715642929077148 1.6733046808413459 0.32569095492362976
Car -1 -1 2.28 32.82782745361328 204.0067901611328 362.5850296020508 367.46722412109375 1.5612657070159912 1.5969738960266113 3.823071002960205 -2.7481331825256348 1.7316116094589233 3.451265573501587 1.6050542839781343 0.24279190599918365
Truck -1 -1 1.59 639.1044311523438 161.5846710205078 669.7855834960938 192.47149658203125 3.219665050506592 2.4253673553466797 8.902658462524414 4.000232219696045 1.988754779100418 64.4384994506836 1.6508960253450313 0.23794057965278625
Car -1 -1 1.66 494.26751708984375 173.8112335205078 514.6594848632812 188.64108276367188 1.6964470148086548 1.791571855545044 4.537553787231445 -11.556434631347656 1.6504352688789368 80.0 1.514494876444723 0.18173359334468842
Car -1 -1 2.42 -0.3886430859565735 205.25181579589844 170.12364023923874 330.7586364746094 1.4359761476516724 1.5597431659698486 3.889942169189453 -12.562828063964844 2.515278160572052 14.044180870056152 1.6926426338091565 0.1480187177658081