Car -1 -1 -0.29 293.22821044921875 174.3221893310547 420.5054931640625 224.5587158203125 1.511160135269165 1.6527093648910522 3.808279514312744 -7.950459003448486 1.3096067309379578 23.712615966796875 -0.6159215850600694 0.8143159747123718
Car -1 -1 -1.46 552.452880859375 170.44232177734375 586.7916870117188 196.890625 1.4913450479507446 1.6204026937484741 4.284107208251953 -1.8308237791061401 0.8795552253723145 43.612586975097656 -1.499329923532188 0.7458507418632507
Car -1 -1 -1.51 581.8771362304688 169.64332580566406 612.8008422851562 191.28834533691406 1.5709158182144165 1.6902573108673096 4.130001544952393 -0.04481031000614166 0.6453114897012711 53.78011703491211 -1.5123520807042228 0.5650341510772705
Car -1 -1 -1.53 586.2246704101562 167.76258850097656 613.311767578125 190.00091552734375 1.6244291067123413 1.7297911643981934 4.247345447540283 -0.033347535878419876 0.6194193959236145 52.622161865234375 -1.5322621659892377 0.5488958954811096
Car -1 -1 2.19 339.0181884765625 168.75616455078125 400.7608947753906 201.0545196533203 1.8752882480621338 1.6734434366226196 4.272974967956543 -14.347911834716797 1.0468820333480835 44.998722076416016 1.8825008177635638 0.5405601859092712
Car -1 -1 -0.33 312.043212890625 171.5110321044922 413.9135437011719 212.95111083984375 1.548195242881775 1.557395339012146 3.475722551345825 -7.923260688781738 1.25230073928833 23.58502197265625 -0.6565727241709403 0.31486010551452637
Car -1 -1 2.25 328.3158874511719 170.651611328125 400.7235412597656 203.71560668945312 1.5838521718978882 1.4376220703125 3.919628381729126 -14.38054084777832 1.011232778429985 45.17512512207031 1.9404030190540524 0.3128795027732849
Van -1 -1 2.42 330.6147155761719 167.7952880859375 404.50091552734375 199.55740356445312 1.8569015264511108 1.6271533966064453 4.338686943054199 -13.631013870239258 1.0813559889793396 42.66722106933594 2.1063092245329136 0.2935114800930023
Van -1 -1 -0.22 295.3291320800781 172.4148406982422 423.32720947265625 225.1181640625 1.752816081047058 1.6793181896209717 3.949125289916992 -8.560675621032715 1.5006990432739258 25.28129768371582 -0.5432578659049927 0.22085654735565186
Car -1 -1 -1.45 558.1735229492188 170.70521545410156 595.0857543945312 196.66783142089844 1.5437910556793213 1.6860593557357788 4.123393535614014 -1.6065216064453125 0.8909414857625961 43.73003005981445 -1.4842918617482876 0.21816428005695343
Car -1 -1 2.48 326.49957275390625 166.90606689453125 411.44268798828125 205.82119750976562 1.49757981300354 1.5772334337234497 4.157855033874512 -14.493797302246094 1.070894718170166 45.420536041259766 2.168655185383291 0.16404536366462708
Van -1 -1 2.06 317.38037109375 170.4966583251953 405.95013427734375 205.2877197265625 1.9110342264175415 1.639182686805725 4.224483966827393 -13.2387113571167 1.0991367101669312 39.70564270019531 1.7419174972085685 0.16291287541389465
Car -1 -1 1.53 326.5273132324219 172.42015075683594 405.194580078125 211.12332153320312 1.5327165126800537 1.613614559173584 4.022607803344727 -11.52881908416748 1.2246196568012238 35.64595031738281 1.2194184032025914 0.1582387387752533
Car -1 -1 2.45 298.54486083984375 175.13597106933594 382.2196350097656 209.03982543945312 1.4834539890289307 1.4913341999053955 3.8267292976379395 -12.94134521484375 1.2278178334236145 34.70600128173828 2.096169866689813 0.15617448091506958
Car -1 -1 2.53 314.9658203125 173.76332092285156 391.9071960449219 204.03660583496094 1.5465774536132812 1.4701316356658936 3.903000593185425 -13.83536434173584 1.212703913450241 40.485260009765625 2.196705678935415 0.15340107679367065
Van -1 -1 3.14 314.419921875 168.38601684570312 414.7787780761719 212.791259765625 1.8862652778625488 1.6135120391845703 4.369190692901611 -12.372400283813477 1.2468323707580566 38.236446380615234 2.8279292422746103 0.1461065709590912
Cyclist -1 -1 1.93 314.419921875 168.38601684570312 414.7787780761719 212.791259765625 1.745293140411377 0.6898890733718872 1.700821876525879 -6.015395164489746 1.3289606273174286 18.327781677246094 1.6165101061093319 0.14046496152877808
Cyclist -1 -1 2.33 330.6147155761719 167.7952880859375 404.50091552734375 199.55740356445312 1.7715940475463867 0.7590619921684265 1.7559478282928467 -9.541606903076172 1.0682645589113235 29.248249053955078 2.016871993789983 0.09066391736268997