Car -1 -1 2.26 -0.5644431710243225 196.1590576171875 137.62702411413193 257.73834228515625 1.5297925472259521 1.6318893432617188 4.079036712646484 -16.699581146240234 2.307930827140808 21.966949462890625 1.6107552612126916 0.8104320168495178
Car -1 -1 1.95 206.74609375 171.5881805419922 283.3556823730469 220.25267028808594 2.089482545852661 1.7107939720153809 4.222484111785889 -16.883487701416016 2.100434899330139 33.5452995300293 1.4809556504754555 0.7847691774368286
Van -1 -1 1.95 208.4561767578125 170.67599487304688 284.2014465332031 218.7776336669922 2.178785800933838 1.936556339263916 5.058560371398926 -18.146013259887695 2.1682374477386475 36.2697639465332 1.487625350174767 0.7800309658050537
Car -1 -1 -1.58 582.7667846679688 172.7898712158203 606.1095581054688 194.87135314941406 1.691515326499939 1.6952135562896729 4.401274681091309 -1.1240735054016113 1.6760781407356262 54.70210647583008 -1.5961620371138698 0.7638967037200928
Van -1 -1 1.63 613.6448364257812 161.1490936279297 644.804931640625 191.3422088623047 2.57857608795166 2.1275808811187744 6.363780498504639 1.7103962898254395 1.6266281306743622 64.7106704711914 1.6532583612698142 0.6997739672660828
Van -1 -1 1.82 39.3927001953125 160.9632568359375 169.50975036621094 237.24313354492188 2.477545976638794 2.070797920227051 5.5437421798706055 -18.979148864746094 2.191895306110382 26.72128677368164 1.2039745895012022 0.6544153690338135
Car -1 -1 2.33 8.089922904968262 185.73916625976562 152.3515043258667 254.03964233398438 1.5086244344711304 1.6061397790908813 4.084709644317627 -16.154865264892578 2.188582956790924 21.164255142211914 1.674090003276369 0.6103054285049438
Van -1 -1 2.21 8.032539367675781 183.44613647460938 151.97882843017578 252.99307250976562 1.9259283542633057 1.8038091659545898 4.885784149169922 -17.620452880859375 2.3408923149108887 23.207134246826172 1.5614445394685914 0.42589718103408813
Van -1 -1 2.29 18.110759735107422 174.29232788085938 167.8620719909668 244.38107299804688 2.235957622528076 1.8912442922592163 5.317288398742676 -18.373207092285156 2.2433494329452515 25.757083892822266 1.6737295650847885 0.3872630298137665
Car -1 -1 1.48 112.80842590332031 38.761085510253906 280.03326416015625 132.6397705078125 2.1463847160339355 1.9787062406539917 5.5984578132629395 -15.802274703979492 -1.5507969856262207 27.2941951751709 0.9512428022869406 0.38252976536750793
Car -1 -1 2.39 14.842543601989746 174.63697814941406 160.07810878753662 246.7635498046875 1.675284743309021 1.6323281526565552 4.142577648162842 -16.344348907470703 2.1852800250053406 21.32114028930664 1.7315610346123105 0.34815719723701477
Car -1 -1 1.82 388.21014404296875 180.68359375 414.3189697265625 195.73678588867188 1.3609652519226074 1.5833815336227417 4.170444488525391 -20.3140869140625 2.154545545578003 70.33692169189453 1.5430991815314714 0.3432484567165375
Car -1 -1 1.8 434.3339538574219 178.59385681152344 462.0056457519531 194.24501037597656 1.5504043102264404 1.620519995689392 4.234836578369141 -16.885658264160156 2.03036105632782 74.54421997070312 1.5750051252888184 0.2792050540447235
Van -1 -1 2.24 -2.329951524734497 189.87289428710938 133.69675135612488 257.8876037597656 1.8362305164337158 1.7356233596801758 4.286461353302002 -16.99464225769043 2.3740904331207275 22.194751739501953 1.585740609749049 0.20782725512981415
Van -1 -1 1.76 39.61530685424805 179.65872192382812 161.87839889526367 242.82237243652344 2.0690011978149414 1.863685965538025 5.029641151428223 -19.35660171508789 2.390621304512024 27.404146194458008 1.1432475069218562 0.20020325481891632
Car -1 -1 2.29 23.46413230895996 193.49415588378906 143.78846549987793 251.77684020996094 1.5626353025436401 1.6610562801361084 4.113454818725586 -17.190710067749023 2.3181546330451965 23.07884407043457 1.6472049352415583 0.19408385455608368
Car -1 -1 2.17 43.52891540527344 175.86904907226562 166.6602325439453 240.2362823486328 1.7727268934249878 1.7252742052078247 4.429742813110352 -18.511886596679688 2.2229400277137756 25.936782836914062 1.550584078974273 0.18785861134529114
Van -1 -1 1.63 34.014137268066406 170.9027862548828 158.1942138671875 235.37826538085938 2.396899700164795 2.0226457118988037 5.485720157623291 -19.281965255737305 2.3515214920043945 26.576946258544922 1.0011742319624766 0.1789088100194931
Car -1 -1 1.78 458.2115173339844 178.15602111816406 483.74310302734375 193.1086883544922 1.529653787612915 1.624040961265564 4.268483638763428 -15.274524688720703 1.8855277299880981 80.0 1.5887649636869652 0.15850621461868286