Car -1 -1 -0.8 3.137397289276123 198.97972106933594 296.2862010002136 365.9320983886719 1.553057312965393 1.6282423734664917 3.933206081390381 -3.2977919578552246 1.6765451431274414 3.58170485496521 -1.5468740020849907 0.808799684047699
Car -1 -1 -0.55 1033.415771484375 154.69509887695312 1200.8255615234375 205.67845153808594 1.4737311601638794 1.7024500370025635 4.388652801513672 16.488059997558594 0.69362473487854 22.720712661743164 0.0743522176526823 0.7785981893539429
Pedestrian -1 -1 -1.82 1010.3958740234375 147.45033264160156 1030.630126953125 210.92990112304688 1.8299996852874756 0.610989511013031 0.9660455584526062 11.785494804382324 0.8566091731190681 20.08740997314453 -1.2887513080291768 0.43614479899406433
Pedestrian -1 -1 2.98 1011.0960083007812 150.3032684326172 1038.206298828125 214.00662231445312 1.800323486328125 0.6411714553833008 0.9066334962844849 10.9656343460083 0.9534161314368248 18.58877944946289 -2.7703021082109114 0.42337608337402344
Pedestrian -1 -1 -1.59 1016.175048828125 149.17947387695312 1036.5450439453125 209.6239471435547 1.8021131753921509 0.6091373562812805 0.9446837306022644 11.977614402770996 0.8486238420009613 20.144624710083008 -1.0512731666904616 0.3910086452960968
Pedestrian -1 -1 -2.05 1007.0855712890625 145.3356170654297 1026.5128173828125 211.79759216308594 1.8944348096847534 0.6353709101676941 0.9718837738037109 11.742602348327637 0.8686605468392372 20.094457626342773 -1.5200701857681533 0.38948625326156616
Pedestrian -1 -1 -1.31 1014.4961547851562 147.02963256835938 1033.8109130859375 204.4585418701172 1.8360549211502075 0.620716392993927 0.8828808069229126 12.985305786132812 0.772407665848732 21.831912994384766 -0.7773015813438997 0.3666239380836487
Cyclist -1 -1 -0.45 516.1820068359375 169.71612548828125 530.5756225585938 198.19338989257812 1.7157437801361084 0.5323242545127869 1.72615385055542 -4.289874076843262 0.9584635570645332 37.89104461669922 -0.560830041069531 0.35627225041389465
Pedestrian -1 -1 -1.44 1019.302490234375 150.47535705566406 1038.646484375 208.18894958496094 1.7721432447433472 0.6131060123443604 0.8878169655799866 12.114469528198242 0.8316391445696354 20.254514694213867 -0.8994422139551297 0.35407379269599915
Pedestrian -1 -1 2.49 882.4388427734375 153.11416625976562 900.4373168945312 195.8512725830078 1.7730355262756348 0.6101140379905701 0.905189573764801 12.4751615524292 0.625559002161026 30.75636863708496 2.8767165465213136 0.3439770042896271
Pedestrian -1 -1 1.19 1004.721435546875 148.89047241210938 1030.04736328125 213.63311767578125 1.7796639204025269 0.5886708498001099 0.7304447889328003 11.563029289245605 0.8953941529616714 19.791751861572266 1.7206112203517812 0.27830174565315247
Cyclist -1 -1 -1.17 517.1345825195312 172.72451782226562 528.890625 199.33450317382812 1.7050838470458984 0.5051355361938477 1.7025983333587646 -4.354305744171143 1.0463221669197083 38.801414489746094 -1.2835113017600825 0.2730334401130676
Pedestrian -1 -1 -1.27 1006.7523803710938 142.38259887695312 1038.3048095703125 210.31466674804688 1.8882092237472534 0.5956180095672607 0.8683130741119385 11.634883880615234 0.8571100309491158 19.734804153442383 -0.7420868384044539 0.2636813819408417
Van -1 -1 1.38 1039.822021484375 152.92832946777344 1204.3699951171875 206.63766479492188 1.8394174575805664 1.7716094255447388 4.421630382537842 17.2860050201416 0.8429218009114265 23.67144203186035 2.014456007924233 0.22688396275043488
Pedestrian -1 -1 0.29 1003.8665771484375 145.30908203125 1022.0408935546875 205.02175903320312 1.8797602653503418 0.628908097743988 0.8828551173210144 11.902546882629395 0.7916365563869476 20.467172622680664 0.8141294817041818 0.20821399986743927
Pedestrian -1 -1 2.61 1014.2243041992188 153.12753295898438 1044.41650390625 212.07955932617188 1.6969866752624512 0.625266432762146 0.8675464391708374 11.23416519165039 0.9147269204258919 18.741716384887695 -3.137244162453875 0.2030908614397049
Pedestrian -1 -1 0.85 516.4010620117188 172.89125061035156 529.4564819335938 199.13844299316406 1.7198928594589233 0.5913879871368408 0.8513795733451843 -4.428867816925049 1.118842989206314 38.90617752075195 0.7346647199818328 0.19270059466362
Pedestrian -1 -1 -2.95 1008.80712890625 152.4883270263672 1045.82421875 204.03172302246094 1.7629408836364746 0.6106320023536682 0.7130533456802368 12.664376258850098 0.8606084939092398 21.306066513061523 -2.4139441509688666 0.1891918182373047
Car -1 -1 -2.43 1210.2884521484375 150.36898803710938 1222.7646484375 193.8489532470703 1.5183335542678833 1.6503708362579346 4.0230584144592285 21.37127685546875 0.6255490779876709 21.948993682861328 -1.6586214426096646 0.17328420281410217