Car -1 -1 1.74 377.3443298339844 180.66233825683594 555.8109130859375 318.4049072265625 1.5040384531021118 1.700437307357788 4.257390022277832 -1.7253837585449219 1.5059864521026611 10.232047080993652 1.5737280255574602 0.9012658596038818
Van -1 -1 -1.69 610.2658081054688 137.11904907226562 702.8799438476562 231.796142578125 2.5213894844055176 2.016632318496704 5.710585117340088 1.4670084714889526 1.2296283841133118 21.933551788330078 -1.6273944706234573 0.8588720560073853
Cyclist -1 -1 0.95 756.5120239257812 162.9795684814453 806.205078125 256.84320068359375 1.612172245979309 0.5744574069976807 1.6755400896072388 3.1047263145446777 1.2798102796077728 12.620970726013184 1.187588992322837 0.6226897835731506
Pedestrian -1 -1 -1.06 750.9420776367188 162.2163543701172 808.2404174804688 259.1177978515625 1.7153879404067993 0.6003478169441223 0.6580087542533875 3.054795980453491 1.3428381383419037 12.299818992614746 -0.8152632438096039 0.6024690866470337
Truck -1 -1 -1.65 612.2046508789062 138.12481689453125 700.1945190429688 231.42840576171875 3.2503459453582764 2.522160053253174 7.5303730964660645 1.7034363746643066 1.5723208338022232 24.916732788085938 -1.5827518876536928 0.5240209698677063
Pedestrian -1 -1 -1.37 1156.01123046875 150.70291137695312 1232.901611328125 356.6278076171875 1.67287278175354 0.6368998885154724 0.3921288847923279 2.9336726665496826 1.5503399968147278 3.106586456298828 -0.6102716083555904 0.468898743391037
Pedestrian -1 -1 -0.92 1159.12158203125 207.52854919433594 1236.8756103515625 375.5809020996094 1.474487543106079 0.5617232322692871 0.4992264211177826 3.3737266063690186 1.5586943626403809 3.656768798828125 -0.17341332470857784 0.39568835496902466
Pedestrian -1 -1 -2.21 1163.9544677734375 180.83090209960938 1241.0120849609375 367.0505676269531 1.3984721899032593 0.6388073563575745 0.44411545991897583 2.9505093097686768 1.3786473274230957 3.147840738296509 -1.4611230398229171 0.3921922445297241
Cyclist -1 -1 0.92 1155.904541015625 118.00402069091797 1235.310791015625 374.28438568115234 1.6207867860794067 0.605809211730957 1.7475557327270508 3.5202102661132812 1.3706178069114685 3.3105781078338623 1.738505304041258 0.3892686069011688
Pedestrian -1 -1 2.17 582.217041015625 169.61602783203125 593.2294921875 198.6083221435547 1.8132928609848022 0.5889910459518433 0.7834451198577881 -0.7766892313957214 0.9960908368229866 43.29130554199219 2.1523722295924923 0.37365615367889404
Car -1 -1 -0.88 1134.064208984375 192.37493896484375 1232.35693359375 370.23980712890625 1.4690284729003906 1.5462403297424316 3.415933609008789 3.8615007400512695 1.6835782527923584 2.2699337005615234 0.16275939137902062 0.3490946590900421
Pedestrian -1 -1 -1.35 1135.440673828125 163.62734985351562 1238.38330078125 372.9598693847656 1.6414002180099487 0.6284298896789551 0.5628653168678284 3.1449859142303467 1.529633641242981 3.3020567893981934 -0.5895794917511132 0.3185478746891022
Car -1 -1 0.57 1146.52099609375 228.8465576171875 1241.38232421875 363.954833984375 1.4345821142196655 1.6056156158447266 3.902097463607788 4.65105676651001 1.7612337470054626 3.4045023918151855 1.5043077533846176 0.3138972818851471
Cyclist -1 -1 1.07 760.15966796875 166.64981079101562 816.537109375 257.6568908691406 1.6429928541183472 0.5658748745918274 1.665639877319336 3.231142044067383 1.2945114970207214 12.59095287322998 1.3204476370779776 0.3116408586502075
Pedestrian -1 -1 2.13 578.6478271484375 169.22393798828125 589.0687255859375 197.50172424316406 1.7712444067001343 0.5962540507316589 0.7824748754501343 -1.026181697845459 0.9283125437796116 42.90057373046875 2.1031493080602655 0.30261939764022827
Car -1 -1 1.33 1156.9241943359375 172.6153564453125 1236.2843017578125 373.3618469238281 1.4919143915176392 1.5527960062026978 3.731502056121826 4.317269325256348 1.5032193064689636 2.843392848968506 2.3205238582407075 0.2752738296985626
Pedestrian -1 -1 1.45 519.2108764648438 171.31423950195312 535.3116455078125 216.3778839111328 1.7117804288864136 0.6793942451477051 1.0869375467300415 -3.034214496612549 1.3815141916275024 28.638303756713867 1.3480127909548703 0.2578304409980774
Cyclist -1 -1 1.03 1167.2750244140625 76.52802276611328 1233.2476806640625 347.11902618408203 1.8383090496063232 0.6423206329345703 1.8221009969711304 3.3588414192199707 1.3264361321926117 3.0738255977630615 1.8592180351833507 0.2560405731201172
Car -1 -1 -1.71 612.7711791992188 154.26571655273438 699.3316040039062 230.28807067871094 1.889581561088562 1.7618621587753296 4.488884925842285 1.4819912910461426 1.2434161007404327 21.342239379882812 -1.6373612337248504 0.2543346881866455
Car -1 -1 -1.83 1112.6014404296875 187.65774536132812 1229.7808837890625 360.1053771972656 1.544404149055481 1.4988211393356323 3.4234261512756348 3.294588088989258 1.6381886005401611 1.8183728456497192 -0.76083744488488 0.252512127161026
Pedestrian -1 -1 1.02 584.1536254882812 167.1663055419922 596.9524536132812 197.65904235839844 1.7657116651535034 0.6277274489402771 0.8066267967224121 -0.5625804662704468 0.9712911173701286 42.03348159790039 1.0055299638218216 0.2460794746875763
Pedestrian -1 -1 -0.64 1149.618896484375 115.0302734375 1242.046630859375 373.23443603515625 1.6328277587890625 0.6584961414337158 0.46041494607925415 2.9589576721191406 1.4068967700004578 3.0428147315979004 0.13275734001330974 0.24503658711910248
Cyclist -1 -1 1.28 765.1382446289062 170.153564453125 826.8125610351562 256.88360595703125 1.6104621887207031 0.5450246334075928 1.6160439252853394 3.362017869949341 1.2729642689228058 12.599159240722656 1.5395839914081728 0.24443356692790985
Pedestrian -1 -1 -0.69 758.6861572265625 167.18946838378906 795.11279296875 255.48806762695312 1.6175322532653809 0.5657976269721985 0.5468088984489441 3.1471407413482666 1.3171122074127197 12.562630653381348 -0.44265563476128955 0.24422280490398407
Pedestrian -1 -1 1.5 518.4370727539062 171.6052703857422 537.4982299804688 225.13511657714844 1.6987420320510864 0.6716222763061523 0.974083662033081 -2.8510286808013916 1.3517115116119385 27.240558624267578 1.3982342960237766 0.22675587236881256
Pedestrian -1 -1 -1.2 1141.1363525390625 138.19393920898438 1226.6962890625 353.0267028808594 1.9239829778671265 0.6665554642677307 0.7374787330627441 3.1921708583831787 1.6432506442070007 3.51326322555542 -0.46213940674115594 0.22436536848545074
Car -1 -1 -1.63 620.8043212890625 165.935546875 698.1832275390625 231.55491638183594 1.6443705558776855 1.7050397396087646 4.259825706481934 1.597756266593933 1.289374589920044 21.888425827026367 -1.5568951569223541 0.2216547578573227
Car -1 -1 1.12 748.8312377929688 163.36825561523438 810.9475708007812 257.20867919921875 1.5943918228149414 1.5616919994354248 3.5179810523986816 3.38820481300354 1.3272601962089539 14.623209953308105 1.3483588645109892 0.22110220789909363
Cyclist -1 -1 1.4 1135.440673828125 163.62734985351562 1238.38330078125 372.9598693847656 1.6799193620681763 0.5620712637901306 1.6750081777572632 2.9701690673828125 1.4795684218406677 2.7332353591918945 2.224876743313687 0.2210850566625595
Cyclist -1 -1 1.97 1168.3487548828125 168.09945678710938 1239.1102294921875 375.54931640625 1.5797247886657715 0.5619853734970093 1.7439676523208618 3.3195343017578125 1.4823419451713562 3.2793478965759277 2.7587829692591956 0.21902889013290405
Pedestrian -1 -1 1.74 757.1768798828125 165.56283569335938 814.4989013671875 252.66966247558594 1.6846327781677246 0.597577691078186 0.6063385605812073 3.2399256229400635 1.2515875101089478 12.528507232666016 1.99286859771121 0.2138524353504181
Car -1 -1 0.45 1145.731689453125 139.9063720703125 1238.338134765625 369.01727294921875 1.7494962215423584 1.5724352598190308 3.8471477031707764 4.426448822021484 1.6672141551971436 2.7743146419525146 1.4624915749343872 0.21236158907413483
Pedestrian -1 -1 -2.14 1144.8419189453125 186.6997528076172 1231.27392578125 369.9851989746094 1.452825665473938 0.6603781580924988 0.5247256755828857 2.976480722427368 1.4136375188827515 3.055183172225952 -1.3691720271469405 0.20709876716136932
Car -1 -1 -0.9 1150.363525390625 203.68516540527344 1231.155517578125 376.0798034667969 1.3572791814804077 1.5409704446792603 3.479213237762451 4.131672382354736 1.6033466458320618 2.790696144104004 0.07900184232097685 0.20530179142951965
Pedestrian -1 -1 -0.13 754.9957275390625 169.8150634765625 786.1065063476562 255.61575317382812 1.603250503540039 0.5529396533966064 0.557811439037323 3.0198616981506348 1.314420759677887 12.402297019958496 0.113141261712292 0.2036128044128418
Car -1 -1 0.33 1157.7562255859375 203.5834197998047 1235.2274169921875 344.1811828613281 1.6634238958358765 1.57193922996521 3.783703327178955 3.7659945487976074 1.639462172985077 2.885915994644165 1.2514413802062654 0.2019200623035431
Cyclist -1 -1 0.64 1149.406494140625 84.47698211669922 1234.5775146484375 351.9098434448242 1.812330961227417 0.6566648483276367 1.8116322755813599 3.258431911468506 1.370234876871109 3.0450315475463867 1.4601214536030058 0.20090609788894653
Pedestrian -1 -1 2.3 588.08251953125 169.6001739501953 598.9647827148438 199.93846130371094 1.7984557151794434 0.6325868964195251 0.8001685738563538 -0.32592374086380005 1.0212224498391151 43.42686080932617 2.2954230354590504 0.19698671996593475
Pedestrian -1 -1 -0.86 1168.9261474609375 234.4641571044922 1229.7232666015625 372.359130859375 1.4687604904174805 0.5337353348731995 0.5581653118133545 3.7095093727111816 1.671056091785431 4.088383674621582 -0.11941900200415345 0.19591255486011505
Pedestrian -1 -1 -0.61 1110.5775146484375 159.41432189941406 1222.2210693359375 356.7740478515625 1.8346929550170898 0.6615958213806152 0.6360672116279602 2.9157557487487793 1.7406517267227173 3.260868787765503 0.12138595935460694 0.19574663043022156
Pedestrian -1 -1 -0.54 1109.455078125 146.5157470703125 1244.3717041015625 366.9307861328125 1.776760220527649 0.6333106160163879 0.7698314189910889 3.1722495555877686 1.5200935006141663 3.4988820552825928 0.19385592993894907 0.18806079030036926
Cyclist -1 -1 1.74 1144.8419189453125 186.6997528076172 1231.27392578125 369.9851989746094 1.5657062530517578 0.5642278790473938 1.7125325202941895 3.175802707672119 1.4864357709884644 2.987826108932495 2.556476331264328 0.18490207195281982
Pedestrian -1 -1 1.61 545.4205322265625 171.1651153564453 553.946533203125 200.85174560546875 1.7504633665084839 0.6367031335830688 0.6908521056175232 -3.199221134185791 0.9795193523168564 45.12041091918945 1.537531429702173 0.17853160202503204
Pedestrian -1 -1 1.37 597.6705932617188 168.1147003173828 608.71240234375 198.97238159179688 1.6831077337265015 0.6521036028862 0.7495958805084229 0.12446396052837372 0.9964066445827484 41.25083923339844 1.3689697879253213 0.16708426177501678
Pedestrian -1 -1 -1.24 1171.09716796875 100.29714965820312 1235.8511962890625 342.3443908691406 1.860207200050354 0.7018617391586304 0.7510140538215637 3.7356157302856445 1.4044894874095917 3.850309371948242 -0.4743904947285902 0.16485464572906494
Van -1 -1 -2.17 1167.2750244140625 76.52802276611328 1233.2476806640625 347.11902618408203 2.1033198833465576 1.8305065631866455 4.533980846405029 5.408659934997559 1.4908182322978973 3.7780580520629883 -1.209504300514788 0.16190023720264435
Pedestrian -1 -1 1.42 591.7715454101562 166.43527221679688 606.2902221679688 199.66961669921875 1.7193036079406738 0.6779247522354126 0.8126034736633301 -0.12025000154972076 1.0353393405675888 40.07270431518555 1.4188412248809765 0.15425381064414978
Car -1 -1 0.04 1161.45458984375 172.64198303222656 1236.54345703125 332.4295349121094 1.6980977058410645 1.549752950668335 3.6787068843841553 3.588033676147461 1.5306525826454163 2.7234487533569336 0.9651988742416684 0.14682675898075104
Car -1 -1 -2.01 1167.2750244140625 76.52802276611328 1233.2476806640625 347.11902618408203 1.9278101921081543 1.5976920127868652 3.833799123764038 8.053897857666016 1.8717358708381653 5.026242733001709 -0.9995283894517168 0.1461149901151657
Car -1 -1 -0.4 -3.0973803997039795 198.94705200195312 18.547465562820435 384.1868591308594 1.5819714069366455 1.5503884553909302 3.618335485458374 -3.548067808151245 1.6451762914657593 1.8825660943984985 -1.486373974705483 0.12850093841552734