Car -1 -1 1.79 398.62225341796875 186.633544921875 502.27557373046875 257.8791809082031 1.4420382976531982 1.5825672149658203 3.7950141429901123 -3.7486720085144043 1.8371505737304688 17.410818099975586 1.5825663168912651 0.8930057287216187
Car -1 -1 -2.93 3.956810712814331 188.5372772216797 134.07314372062683 317.9221496582031 1.6504236459732056 1.5622907876968384 3.620567798614502 -8.818076133728027 1.8704752326011658 9.859955787658691 2.62711802721571 0.8341630101203918
Car -1 -1 1.64 522.6989135742188 182.21775817871094 556.569580078125 204.6352081298828 1.4354158639907837 1.597510814666748 3.8602652549743652 -4.685909271240234 2.067266523838043 48.660152435302734 1.5440416599443587 0.7493945360183716
Car -1 -1 2.53 443.50726318359375 180.54527282714844 499.52978515625 213.3305206298828 1.4631718397140503 1.5588691234588623 4.09757137298584 -6.96501350402832 1.896326720714569 36.51751708984375 2.3404375919553395 0.47811511158943176
Car -1 -1 2.24 428.40313720703125 182.42298889160156 501.70416259765625 211.4835968017578 1.4582053422927856 1.6768954992294312 4.001225471496582 -7.914063453674316 1.9948669075965881 40.748268127441406 2.05149543503064 0.3335210680961609
Van -1 -1 1.6 572.6532592773438 163.7541046142578 609.7173461914062 189.20458984375 2.456705093383789 2.026602029800415 5.704555511474609 -1.706789255142212 1.5095957517623901 68.93496704101562 1.5786050844014863 0.2448783963918686
Car -1 -1 0.81 940.5364990234375 180.00865173339844 1237.6641845703125 372.0027160644531 1.5872114896774292 1.6175715923309326 3.52553129196167 4.344082355499268 1.7167999744415283 4.640688419342041 1.5594089429941853 0.24025622010231018
Car -1 -1 1.98 411.1805419921875 184.61199951171875 502.55078125 234.84765625 1.4011293649673462 1.63859224319458 3.7465410232543945 -3.8880984783172607 1.7057633996009827 18.389877319335938 1.7757517015751176 0.23672455549240112
Car -1 -1 2.49 420.4128112792969 181.30258178710938 502.1080627441406 220.83116149902344 1.4922025203704834 1.640883207321167 4.231525897979736 -6.666128635406494 1.8712291717529297 33.208744049072266 2.292565729229901 0.22343450784683228
Van -1 -1 -2.56 2.140857458114624 188.0841064453125 132.98765921592712 319.2346496582031 1.881829857826233 1.8984094858169556 4.5399627685546875 -9.815878868103027 2.136947453022003 11.119346618652344 3.003672598768288 0.2179325670003891
Car -1 -1 -2.67 0.33950090408325195 198.9644775390625 33.29192018508911 319.1997375488281 1.5527790784835815 1.6495648622512817 4.333846092224121 -9.196895599365234 1.8410714268684387 8.199167251586914 2.7720269581275065 0.19764158129692078
Car -1 -1 -2.85 -0.02925649844110012 200.0604705810547 44.349321687594056 317.16485595703125 1.512012004852295 1.6519279479980469 4.362908840179443 -9.575819969177246 1.8906188011169434 8.687348365783691 2.600838620401409 0.1882316619157791
Car -1 -1 2.14 510.0068054199219 180.94940185546875 548.7903442382812 204.8610076904297 1.4150030612945557 1.5488636493682861 3.54934024810791 -5.316094398498535 2.0229650735855103 47.758846282958984 2.028512591764132 0.18769675493240356
Car -1 -1 -2.07 1.6437090635299683 184.98895263671875 126.85643184185028 283.49786376953125 1.660762906074524 1.6120142936706543 4.121781349182129 -13.291031837463379 2.1697861552238464 15.212502479553223 -2.7841257280066003 0.1680828034877777