Car -1 -1 -1.76 682.9813842773438 182.51046752929688 776.2633666992188 250.40975952148438 1.427923560142517 1.5993541479110718 3.7622299194335938 2.820249319076538 1.7102348804473877 17.680326461791992 -1.59822963807716 0.8988289833068848
Car -1 -1 -1.71 651.5737915039062 173.2998809814453 708.4122314453125 218.7187957763672 1.6333301067352295 1.6366952657699585 3.750826120376587 2.597036123275757 1.669687569141388 27.72675132751465 -1.6153858749098298 0.8740264773368835
Car -1 -1 -2.1 813.049072265625 196.16567993164062 1227.998046875 370.8431701660156 1.4766651391983032 1.5705403089523315 3.6036338806152344 2.9537477493286133 1.7132353782653809 5.629705429077148 -1.6133933582806623 0.8501145243644714
Car -1 -1 -2.86 310.4564514160156 166.23353576660156 475.2821960449219 232.35675048828125 1.7772923707962036 1.7578555345535278 3.9592196941375732 -6.055682182312012 1.612647294998169 20.549171447753906 3.1324232744617184 0.8284316062927246
Car -1 -1 0.47 188.438720703125 171.54432678222656 427.8094482421875 251.67124938964844 1.5233248472213745 1.6286778450012207 4.170888900756836 -6.358518123626709 1.5569997429847717 15.539883613586426 0.08482307211744189 0.8154762387275696
Car -1 -1 -2.44 -4.733880996704102 164.6565399169922 283.3458309173584 326.1923522949219 1.5654282569885254 1.6614936590194702 4.260131359100342 -5.987172603607178 1.5128011107444763 8.284997940063477 -3.0625678129660496 0.7825851440429688
Car -1 -1 0.81 -3.4783596992492676 178.42010498046875 144.05885648727417 380.6151123046875 1.5637131929397583 1.5750916004180908 4.154301643371582 -5.907021999359131 1.595726490020752 5.318532466888428 -0.023012509793823632 0.7809726595878601
Car -1 -1 -2.88 391.5277404785156 175.10186767578125 510.9335021972656 218.5891876220703 1.5411376953125 1.6762490272521973 4.040505409240723 -5.943881034851074 1.6282354593276978 27.618696212768555 -3.096134293365541 0.7341586351394653
Car -1 -1 -2.68 10.68356704711914 172.5144805908203 301.1417579650879 304.580810546875 1.551392674446106 1.59837007522583 3.9737117290496826 -6.887510776519775 1.6148801445960999 11.241411209106445 3.0558762235712305 0.7193971276283264
Car -1 -1 -2.71 459.1346435546875 172.6333465576172 536.0556640625 205.72109985351562 1.5555477142333984 1.6480215787887573 4.192787170410156 -5.860947608947754 1.6434947848320007 38.00340270996094 -2.8631817258018186 0.6366251111030579
Car -1 -1 -2.79 416.91143798828125 176.29776000976562 513.1837158203125 213.31150817871094 1.470055103302002 1.5584378242492676 4.144589900970459 -6.243968963623047 1.6769643425941467 31.280059814453125 -2.9834148609482583 0.5640172958374023
Car -1 -1 -2.73 35.45060348510742 177.38758850097656 312.4255790710449 285.8889465332031 1.5557881593704224 1.6214711666107178 3.7884933948516846 -6.847488880157471 1.6131205558776855 11.330170631408691 3.00705727242374 0.5392195582389832
Car -1 -1 -2.78 449.5526123046875 176.63856506347656 529.4561767578125 207.88565063476562 1.5189101696014404 1.5870190858840942 4.1157546043396 -6.0514020919799805 1.662172257900238 36.31539535522461 -2.9463241468568597 0.525809645652771
Car -1 -1 0.21 -10.172333717346191 173.02101135253906 183.43109035491943 363.87786865234375 1.5628769397735596 1.6669923067092896 4.270013809204102 -5.795347213745117 1.5951122045516968 5.221445560455322 -0.6262538498168304 0.5219672322273254
Car -1 -1 -2.75 437.44598388671875 176.9027099609375 520.2930908203125 209.540283203125 1.4984798431396484 1.5707226991653442 4.047451972961426 -6.220136642456055 1.676845133304596 34.22562789916992 -2.926029858771038 0.5083665251731873
Car -1 -1 -2.94 371.0135192871094 173.79884338378906 494.7568664550781 222.8818359375 1.5827912092208862 1.6610403060913086 3.9455344676971436 -6.069240093231201 1.618408203125 25.2947998046875 3.106362157179144 0.46236395835876465
Car -1 -1 -2.51 80.06925964355469 182.65342712402344 303.6565246582031 281.6788024902344 1.4846768379211426 1.5331205129623413 3.246668577194214 -6.7615861892700195 1.6067434549331665 11.667967796325684 -3.032178833238743 0.4438478648662567
Car -1 -1 -1.69 639.6170654296875 173.52627563476562 679.1801147460938 206.52357482910156 1.4654353857040405 1.5433443784713745 3.779823064804077 2.4231889247894287 1.5805896520614624 38.015159606933594 -1.6282179700038393 0.430442750453949
Car -1 -1 0.8 1083.150146484375 198.8172607421875 1230.680419921875 365.7007141113281 1.4963724613189697 1.5429610013961792 3.510951519012451 6.540024280548096 1.7699310779571533 6.83034610748291 1.5608292500058774 0.42736726999282837
Car -1 -1 -1.7 646.3343505859375 174.3158416748047 693.4429321289062 212.88230895996094 1.51218843460083 1.5758264064788818 3.5474295616149902 2.7917866706848145 1.6903817653656006 35.567955017089844 -1.6230652578878404 0.41792169213294983
Car -1 -1 -3.02 473.34375 171.93528747558594 541.7676391601562 201.91253662109375 1.6250685453414917 1.643115520477295 4.222079277038574 -5.830475330352783 1.597101092338562 41.220558166503906 3.1274057420877437 0.4105738699436188
Car -1 -1 -2.83 333.820068359375 167.12942504882812 484.19873046875 226.8445281982422 1.6353377103805542 1.6503838300704956 3.958693265914917 -6.1154398918151855 1.6335983276367188 22.721250534057617 -3.093129191817895 0.40177014470100403
Car -1 -1 1.25 222.6312255859375 173.52572631835938 446.4009094238281 244.00160217285156 1.5363225936889648 1.6160858869552612 4.074162483215332 -6.1992974281311035 1.5686053037643433 15.515201568603516 0.8648738769992299 0.39903056621551514
Car -1 -1 -2.97 500.46136474609375 173.07740783691406 557.373779296875 199.20912170410156 1.6420588493347168 1.6853526830673218 4.109385967254639 -5.461327075958252 1.7102544903755188 48.56259536743164 -3.086561431602952 0.36989906430244446
Car -1 -1 -1.68 641.3530883789062 174.19825744628906 686.3829956054688 210.79177856445312 1.4836562871932983 1.5703716278076172 3.893587827682495 2.4733080863952637 1.600549578666687 38.11635971069336 -1.6132373671889333 0.3075390160083771
Van -1 -1 0.87 -3.6682562828063965 207.79359436035156 139.9173607826233 379.9393005371094 2.0090160369873047 1.6666756868362427 4.572497367858887 -8.006308555603027 2.35344660282135 8.018277168273926 0.08331728845436093 0.29310011863708496
Car -1 -1 2.47 486.5779724121094 172.2518310546875 549.3330688476562 201.19735717773438 1.635983943939209 1.6490578651428223 4.219485282897949 -5.685987949371338 1.603632926940918 44.95118713378906 2.340393596267461 0.29280996322631836
Car -1 -1 0.78 1059.75537109375 210.54061889648438 1249.398681640625 361.5890808105469 1.3923779726028442 1.4944696426391602 3.1333563327789307 6.299919128417969 1.8342226147651672 6.896817207336426 1.5225804228726512 0.2850477695465088
Car -1 -1 -2.6 -6.3802266120910645 169.9737548828125 223.0779185295105 346.7062683105469 1.5838161706924438 1.6253784894943237 4.170729637145996 -6.077189922332764 1.6094430685043335 7.773141384124756 3.021167072891064 0.28237366676330566
Van -1 -1 -2.83 313.2883605957031 164.488525390625 479.1648864746094 231.85154724121094 1.7643885612487793 1.7021640539169312 4.344972133636475 -6.328909397125244 1.6521400213241577 21.466203689575195 -3.115758386466352 0.25826331973075867
Car -1 -1 -2.73 466.8287353515625 175.95323181152344 541.5364990234375 205.1924285888672 1.4956989288330078 1.659038782119751 4.086354732513428 -5.790728569030762 1.6289970874786377 38.3690299987793 -2.8765204280006644 0.23124511539936066
Car -1 -1 0.34 213.80397033691406 164.6246337890625 466.09149169921875 251.6004180908203 1.4881303310394287 1.5647873878479004 4.171223163604736 -5.929558753967285 1.579767107963562 15.040166854858398 -0.03589251554801853 0.2287394106388092
Car -1 -1 1.81 161.99766540527344 179.25851440429688 345.9577331542969 259.9748840332031 1.4396988153457642 1.5307362079620361 3.7059032917022705 -7.019135475158691 1.558147132396698 14.527414321899414 1.36490487975502 0.21237342059612274
Car -1 -1 -2.85 285.253662109375 171.33078002929688 471.59503173828125 239.03077697753906 1.5626498460769653 1.630842685699463 3.8722996711730957 -6.100851058959961 1.5725822448730469 19.39150619506836 3.1306383381031413 0.21098481118679047
Car -1 -1 -1.59 645.7882690429688 179.26602172851562 686.9188842773438 214.17758178710938 1.4411027431488037 1.5733710527420044 3.5744078159332275 2.495412826538086 1.730125069618225 32.76072692871094 -1.510663286322755 0.21083685755729675
Car -1 -1 -2.09 834.2097778320312 194.61485290527344 1119.8360595703125 355.6036376953125 1.5068360567092896 1.558963418006897 3.278043270111084 2.933259963989258 1.651297688484192 5.996636867523193 -1.63997387786719 0.20952187478542328
Car -1 -1 0.72 0.8298520445823669 216.6832733154297 131.44517797231674 375.60302734375 1.3803507089614868 1.6096742153167725 4.012869358062744 -6.564572811126709 1.8539841771125793 6.175203323364258 -0.09380414181485319 0.2074720561504364
Car -1 -1 -2.96 884.2415161132812 202.84640502929688 1234.039306640625 356.60711669921875 1.4096583127975464 1.5667243003845215 3.560039758682251 3.7561771869659424 1.7360374331474304 5.985909461975098 -2.4031590197081645 0.2053237408399582
Car -1 -1 0.45 177.61874389648438 177.36941528320312 386.6397705078125 249.16229248046875 1.5024020671844482 1.6345760822296143 4.053691864013672 -6.318618297576904 1.579738199710846 15.310523986816406 0.062464231930829506 0.1997511386871338
Car -1 -1 0.9 -7.928594589233398 154.65115356445312 140.9833927154541 346.7254638671875 1.6135128736495972 1.6802117824554443 4.215513229370117 -5.93205451965332 1.5579386949539185 5.568978309631348 0.07833844676276502 0.1970076560974121
Car -1 -1 -1.27 500.2685852050781 171.0734405517578 563.9528198242188 196.4097137451172 1.5862468481063843 1.6898880004882812 3.827070951461792 -5.073215484619141 1.5704338550567627 45.93175506591797 -1.376051289026126 0.19369050860404968
Van -1 -1 0.24 220.08685302734375 166.55419921875 460.30352783203125 246.1600341796875 1.9697208404541016 1.819770336151123 4.928682327270508 -6.72824764251709 1.8603305220603943 17.354013442993164 -0.13360093892553815 0.18925127387046814
Car -1 -1 0.95 994.62158203125 210.87252807617188 1252.97509765625 364.32684326171875 1.403043270111084 1.517322063446045 3.1913363933563232 5.40622615814209 1.9334967136383057 6.331668853759766 1.6536750668504512 0.1888905167579651
Car -1 -1 -1.6 646.7450561523438 172.3522491455078 687.8970336914062 205.70880126953125 1.5196760892868042 1.6313049793243408 3.72579026222229 2.963426113128662 1.6022431254386902 38.43074035644531 -1.51950918696539 0.1856810748577118
Car -1 -1 -0.21 69.85055541992188 173.50128173828125 376.4083251953125 264.84332275390625 1.605540156364441 1.6554875373840332 4.27078914642334 -6.290977478027344 1.602177917957306 15.126988410949707 -0.5996892394540785 0.18217098712921143
Car -1 -1 -2.74 481.36785888671875 176.0136260986328 546.205810546875 207.57754516601562 1.567427158355713 1.62954843044281 4.011955261230469 -5.573385715484619 1.796017050743103 41.62323760986328 -2.8774808851155953 0.18073228001594543
Car -1 -1 0.8 1104.9971923828125 212.40296936035156 1242.283935546875 363.00775146484375 1.3491464853286743 1.4746900796890259 3.2361674308776855 6.976553916931152 1.8662509322166443 6.593540191650391 1.613340957581749 0.17606113851070404
Car -1 -1 0.76 1056.3671875 194.8200225830078 1239.9056396484375 329.2198791503906 1.3278485536575317 1.4918855428695679 3.20215106010437 6.5320634841918945 1.6637982726097107 7.685431003570557 1.460519796843819 0.1724039912223816
Car -1 -1 -0.96 953.9307250976562 198.4350128173828 1267.206298828125 401.4909973144531 1.4847350120544434 1.63626229763031 4.664639472961426 2.6871845722198486 1.538160264492035 4.182854175567627 -0.3929922860449273 0.16372348368167877
Car -1 -1 -1.87 265.0141906738281 160.92822265625 488.1877136230469 237.24111938476562 1.4714549779891968 1.5493236780166626 4.569601535797119 -6.154337406158447 1.6628236174583435 19.77625274658203 -2.167718195668142 0.14748123288154602