Car -1 -1 -1.85 731.2979125976562 190.89016723632812 890.4270629882812 289.90380859375 1.4216469526290894 1.6368162631988525 4.198676109313965 3.324755907058716 1.785098373889923 12.948549270629883 -1.5950826051196971 0.89553302526474
Car -1 -1 -1.67 664.707763671875 172.5143280029297 722.8673706054688 224.85995483398438 1.9894192218780518 1.7848100662231445 4.587460994720459 3.045032501220703 1.9056620597839355 27.240751266479492 -1.5542781446315095 0.8730013370513916
Van -1 -1 -1.64 665.94287109375 171.71954345703125 721.6369018554688 225.54556274414062 2.056941270828247 1.9069488048553467 4.916438102722168 3.2731003761291504 1.9997032284736633 29.0576114654541 -1.5291412769122417 0.6271880865097046
Car -1 -1 -2.59 1183.5447998046875 281.18975830078125 1236.923583984375 367.4087829589844 1.3196289539337158 1.552118182182312 3.5380516052246094 2.5670976638793945 1.3803890347480774 1.8288987874984741 -1.639337190605815 0.21065272390842438
Car -1 -1 0.2 650.1878662109375 179.48338317871094 670.395263671875 199.05931091308594 1.5195839405059814 1.7527656555175781 4.140557289123535 4.664373874664307 2.199357748031616 68.11748504638672 0.2684765955727042 0.206106498837471
Car -1 -1 -2.57 1195.2454833984375 279.45654296875 1240.920654296875 367.7445068359375 1.327115535736084 1.5311459302902222 3.450202226638794 2.530264377593994 1.3414514660835266 1.7391852140426636 -1.6002202173698956 0.1993255764245987
Car -1 -1 -2.55 1210.11083984375 307.04510498046875 1242.8084716796875 367.6061096191406 1.27162766456604 1.4987117052078247 3.2978367805480957 1.7740585803985596 1.1284513771533966 1.3403700590133667 -1.6299370312121972 0.18499493598937988
Car -1 -1 -2.52 1202.1798095703125 271.5545959472656 1241.7462158203125 363.3038024902344 1.3603674173355103 1.4698539972305298 3.3434226512908936 3.1662654876708984 1.4639754891395569 2.2443315982818604 -1.5609508515889345 0.16487959027290344
Car -1 -1 -2.55 1214.3309326171875 313.3080749511719 1243.5006103515625 371.3030700683594 1.3103861808776855 1.4926425218582153 3.0847597122192383 1.2582234144210815 1.003590852022171 0.9617891311645508 -1.635997382823792 0.15194788575172424
Car -1 -1 0.07 651.909912109375 178.30276489257812 674.881591796875 199.42623901367188 1.5077725648880005 1.679449439048767 4.005176067352295 4.686634063720703 2.2585814595222473 67.75635528564453 0.14113266885555653 0.15181434154510498
Car -1 -1 -2.6 1211.3779296875 319.2055969238281 1242.0938720703125 375.029541015625 1.245851993560791 1.5075452327728271 3.2248902320861816 1.4529495239257812 1.0429705381393433 1.0869957208633423 -1.6722155526747704 0.144500270485878
Car -1 -1 -2.6 1172.2724609375 283.4610290527344 1232.4771728515625 366.3918151855469 1.3323147296905518 1.5046168565750122 3.444291114807129 2.9144203662872314 1.5261314511299133 2.201082944869995 -1.6769348390862735 0.14054782688617706
Car -1 -1 -2.57 1203.428466796875 307.34716796875 1239.17822265625 366.9335632324219 1.2435088157653809 1.54338800907135 3.53721022605896 1.3033561706542969 0.9937535226345062 0.9988607168197632 -1.648512247312957 0.12911850214004517
Car -1 -1 -2.6 1215.4754638671875 326.21575927734375 1242.2635498046875 378.0807189941406 1.276322841644287 1.4957284927368164 3.014716863632202 1.6203607320785522 1.108907550573349 1.2373868227005005 -1.6836874361653127 0.12570175528526306