Car -1 -1 -1.55 682.42822265625 172.353271484375 726.4146728515625 210.56488037109375 1.6806480884552002 1.6848652362823486 3.8984789848327637 4.524773120880127 1.093887060880661 33.50791931152344 -1.4167831935208222 0.8503339290618896
Car -1 -1 -1.56 653.9854125976562 177.63316345214844 678.4566040039062 197.86590576171875 1.5322885513305664 1.6137025356292725 3.9460206031799316 4.5760674476623535 0.9420164227485657 56.1706657409668 -1.4774832226136354 0.7758102416992188
Cyclist -1 -1 1.27 827.4005126953125 180.34194946289062 859.426025390625 205.74728393554688 1.5587102174758911 0.48346757888793945 1.5095456838607788 11.95664119720459 1.0603491067886353 35.8599853515625 1.5956715411411908 0.21937906742095947
Cyclist -1 -1 1.31 836.5789184570312 179.6088104248047 870.616455078125 205.4020233154297 1.581380009651184 0.5018153190612793 1.550857663154602 12.118767738342285 1.0537509620189667 35.22066116333008 1.6460357461995825 0.21915140748023987
Cyclist -1 -1 1.25 833.5969848632812 176.58448791503906 864.3673706054688 202.2880096435547 1.5982584953308105 0.4987685978412628 1.5774115324020386 12.27431583404541 0.9576094895601273 36.61656951904297 1.569356513945654 0.21431806683540344
Cyclist -1 -1 1.25 822.3609619140625 179.70462036132812 854.03076171875 205.55746459960938 1.5426324605941772 0.4815220236778259 1.4964512586593628 11.693075180053711 1.0295195579528809 35.78586959838867 1.5621413584982546 0.21260248124599457
Cyclist -1 -1 1.37 841.6290893554688 180.1964874267578 876.5507202148438 206.00450134277344 1.5987604856491089 0.5077687501907349 1.5589851140975952 12.304985046386719 1.086239516735077 34.938690185546875 1.7052810617312346 0.208124577999115
Cyclist -1 -1 1.29 852.3531494140625 180.65518188476562 888.9862060546875 207.2688751220703 1.6020755767822266 0.4985271394252777 1.5786874294281006 12.509599685668945 1.1037525832653046 33.915958404541016 1.6409052763428278 0.20127998292446136
Cyclist -1 -1 1.31 818.7921752929688 176.21267700195312 848.4259033203125 202.08709716796875 1.558943748474121 0.4813723862171173 1.5252801179885864 11.929835319519043 0.9039665535092354 37.36347198486328 1.6142058810486342 0.20070715248584747
Cyclist -1 -1 1.21 856.9124145507812 180.39573669433594 894.6045532226562 207.87388610839844 1.5952839851379395 0.494690477848053 1.5850886106491089 12.453213691711426 1.1003132164478302 33.104705810546875 1.5707681999266923 0.19722028076648712
Cyclist -1 -1 1.36 847.643798828125 180.65396118164062 883.0549926757812 206.6357879638672 1.6013883352279663 0.5043025612831116 1.5704652070999146 12.45277214050293 1.100701630115509 34.50578689575195 1.702159939632133 0.1972113996744156
Car -1 -1 1.49 625.7147216796875 176.7988739013672 648.836669921875 193.09555053710938 1.4714148044586182 1.5996596813201904 4.001315116882324 3.2543723583221436 0.6989613920450211 73.70824432373047 1.5363336490338737 0.19545377790927887
Cyclist -1 -1 1.22 827.0958862304688 183.37327575683594 860.4677734375 209.89634704589844 1.531304955482483 0.4803255498409271 1.5064865350723267 11.128791809082031 1.134448230266571 33.329200744628906 1.5378012006673352 0.19048970937728882
Cyclist -1 -1 1.21 821.789306640625 182.78794860839844 855.388671875 209.94566345214844 1.518618106842041 0.4783092141151428 1.501418948173523 10.735320091247559 1.1128916144371033 32.828617095947266 1.5301783591541618 0.1886971890926361
Cyclist -1 -1 1.19 829.145751953125 176.00904846191406 857.698974609375 201.521484375 1.5865559577941895 0.49267637729644775 1.5546119213104248 11.993608474731445 0.9152171537280083 36.61648941040039 1.5064366831441447 0.1797141283750534
Cyclist -1 -1 1.22 831.9471435546875 183.62364196777344 865.148681640625 210.19638061523438 1.535923957824707 0.4809951186180115 1.5167107582092285 11.348795890808105 1.1566801965236664 33.26011276245117 1.5439967537415216 0.17164650559425354
Cyclist -1 -1 1.17 817.000732421875 174.58651733398438 843.9622802734375 200.94219970703125 1.5555416345596313 0.484158456325531 1.5416978597640991 11.332712173461914 0.8392041996121407 36.501731872558594 1.4686882380979718 0.1687334030866623
Car -1 -1 1.41 836.5789184570312 179.6088104248047 870.616455078125 205.4020233154297 1.3415873050689697 1.4399968385696411 3.4001359939575195 14.599108695983887 1.0193924307823181 42.24128341674805 1.7449754077457387 0.16871929168701172