Car -1 -1 2.0 4.000924110412598 192.90892028808594 366.8297510147095 373.7890625 1.4819058179855347 1.661923885345459 4.108272552490234 -4.030710220336914 1.7646949887275696 7.641269683837891 1.5188849883256985 0.8850976824760437
Car -1 -1 1.78 399.7186584472656 181.26223754882812 494.0588684082031 244.49114990234375 1.4443110227584839 1.6090880632400513 4.071968078613281 -4.357816696166992 1.766046941280365 19.68722915649414 1.558213577150953 0.8846809267997742
Car -1 -1 -1.63 606.8383178710938 173.75450134277344 654.0999145507812 220.4900665283203 1.5020312070846558 1.6019119024276733 3.4233829975128174 0.7550620436668396 1.5767755508422852 26.562326431274414 -1.5974555963470891 0.8599990010261536
Car -1 -1 1.7 489.3023681640625 173.40968322753906 536.2415161132812 207.12051391601562 1.5044499635696411 1.6333149671554565 4.084856033325195 -4.678952693939209 1.5719948410987854 35.09282302856445 1.5660321146548482 0.8383876085281372
Car -1 -1 1.58 576.7196044921875 162.99002075195312 595.5975952148438 179.83541870117188 1.5800284147262573 1.7047902345657349 4.10560417175293 -2.446183443069458 0.5971886962652206 76.17632293701172 1.5492878886798014 0.3208411931991577
Car -1 -1 2.36 0.05276201665401459 218.1083984375 145.9125490039587 367.5631103515625 1.4375524520874023 1.5897771120071411 3.794343948364258 -6.536441326141357 1.863559365272522 6.532517433166504 1.570062575965217 0.3072052299976349
Car -1 -1 2.35 6.366086959838867 227.6202392578125 116.26078605651855 373.33184814453125 1.4651048183441162 1.5775539875030518 3.8950302600860596 -6.5596771240234375 2.0369105339050293 6.26436185836792 1.5419066669867298 0.2610836625099182
Car -1 -1 1.84 29.96083641052246 192.86668395996094 334.78331565856934 341.52313232421875 1.459766149520874 1.6414153575897217 4.063360214233398 -4.299583435058594 1.769925832748413 7.91074275970459 1.3414605719278416 0.24879252910614014
Car -1 -1 -2.65 1189.544921875 265.6153259277344 1236.200439453125 377.2253723144531 1.5509427785873413 1.5896183252334595 3.615200996398926 1.758113980293274 1.3065497875213623 1.059017300605774 -1.6229842127492837 0.2100667953491211
Car -1 -1 2.29 -6.583968639373779 213.94537353515625 179.3558964729309 363.70111083984375 1.4252616167068481 1.5768895149230957 3.8202619552612305 -5.942851543426514 1.7238051295280457 6.586491107940674 1.5602820077698247 0.20502756536006927
Car -1 -1 1.64 573.6812744140625 164.61854553222656 592.5681762695312 179.09078979492188 1.5438306331634521 1.691547155380249 4.0336222648620605 -2.6268320083618164 0.800695875659585 77.93997955322266 1.6044441221023318 0.19046324491500854
Car -1 -1 -2.69 1176.8736572265625 264.8130798339844 1233.947998046875 377.42254638671875 1.494676113128662 1.6427943706512451 3.8053512573242188 2.063589334487915 1.3402125239372253 1.1618975400924683 -1.627640459226389 0.18822139501571655
Car -1 -1 -2.72 1178.645263671875 289.33404541015625 1240.0616455078125 381.3109130859375 1.4720704555511475 1.591860294342041 3.8066370487213135 1.8607044219970703 1.253253698348999 1.0318955183029175 -1.6576499903302144 0.1801551729440689
Car -1 -1 -2.58 1207.4193115234375 305.7314758300781 1241.742431640625 372.2062683105469 1.5689632892608643 1.5532927513122559 3.32159423828125 1.2617154121398926 1.1784135699272156 0.9423931241035461 -1.6459764836025501 0.16083136200904846
Car -1 -1 -2.54 1166.4132080078125 245.9964599609375 1228.4476318359375 366.3062438964844 1.544369101524353 1.517190933227539 3.3276796340942383 1.519144892692566 1.2228237092494965 0.9954761862754822 -1.5531637942430132 0.1542731374502182
Car -1 -1 -2.58 1199.479248046875 304.39825439453125 1239.572509765625 372.839599609375 1.571791410446167 1.5825544595718384 3.318837881088257 1.20391845703125 1.1631444692611694 0.8978611826896667 -1.6472475103911748 0.15121497213840485
Car -1 -1 -2.73 1172.812255859375 301.74066162109375 1234.8843994140625 386.046875 1.4470943212509155 1.6231249570846558 4.018730640411377 2.2006704807281494 1.364026129245758 1.263119101524353 -1.6830682467183289 0.15093451738357544
Car -1 -1 -2.62 1201.202392578125 275.4992370605469 1240.5487060546875 383.072998046875 1.4103337526321411 1.6186060905456543 3.7407476902008057 1.9501168727874756 1.28448086977005 1.1140978336334229 -1.5721346223655486 0.1506018191576004
Car -1 -1 -2.58 1214.2894287109375 306.7791748046875 1243.0032958984375 371.2973937988281 1.572765827178955 1.4932948350906372 3.226536989212036 1.6708813905715942 1.3067240715026855 1.2609281539916992 -1.6559126911522881 0.14282263815402985
Car -1 -1 -2.58 1191.1876220703125 302.45196533203125 1231.1810302734375 361.6582946777344 1.570604681968689 1.5599353313446045 3.4994685649871826 1.1112068891525269 1.1277741491794586 0.8726182579994202 -1.6761476487197804 0.11998645961284637
Car -1 -1 -2.62 1219.37060546875 302.0738220214844 1244.7410888671875 366.7871398925781 1.5622773170471191 1.4847878217697144 3.2590243816375732 2.497495174407959 1.5535438656806946 1.951361060142517 -1.7096455820153453 0.11205993592739105
Car -1 -1 -2.58 1196.1304931640625 308.0263671875 1234.5728759765625 365.55609130859375 1.552395224571228 1.5905500650405884 3.410881996154785 0.9701880812644958 1.0795036256313324 0.7479341626167297 -1.664300129925028 0.10909152776002884
Car -1 -1 -2.58 1158.7467041015625 257.7156982421875 1223.675048828125 371.7137145996094 1.5557875633239746 1.5589176416397095 3.3445985317230225 1.1549817323684692 1.1333666443824768 0.7460294365882874 -1.5805295376849227 0.1060701459646225
Car -1 -1 -2.62 1191.897216796875 310.40875244140625 1235.345947265625 375.8717041015625 1.6086360216140747 1.5886205434799194 3.3849077224731445 0.9821534752845764 1.1209140717983246 0.7308277487754822 -1.6849754372512784 0.10046815127134323
Car -1 -1 -2.61 1182.8935546875 304.033203125 1230.791259765625 372.9284973144531 1.5640747547149658 1.5971064567565918 3.4148471355438232 1.2065330743789673 1.164658635854721 0.9104683995246887 -1.6843565730660437 0.1003170982003212
Car -1 -1 -2.59 1214.6759033203125 295.1293640136719 1243.4522705078125 362.9931945800781 1.5651849508285522 1.4611519575119019 3.3183398246765137 2.002095937728882 1.3915748596191406 1.5718826055526733 -1.6807638679320984 0.09972171485424042
Car -1 -1 -2.6 1197.6962890625 262.80096435546875 1243.6982421875 370.5773010253906 1.5952162742614746 1.4916374683380127 3.3166418075561523 0.7072306275367737 1.0198189318180084 0.4594231843948364 -1.6092325290186968 0.09790897369384766