Car -1 -1 2.14 159.4729461669922 195.2047119140625 247.3985137939453 237.9272918701172 1.471200704574585 1.549235463142395 3.450477123260498 -15.582280158996582 2.347432017326355 27.804018020629883 1.6245641401827653 0.8460494875907898
Car -1 -1 -1.59 598.8215942382812 173.92953491210938 630.70703125 204.551513671875 1.60365629196167 1.6799193620681763 4.346367835998535 0.2621273100376129 1.6888620853424072 40.416934967041016 -1.580606586600756 0.8459581732749939
Car -1 -1 1.76 445.3598937988281 183.58819580078125 472.95037841796875 202.24610900878906 1.4214884042739868 1.615639090538025 3.635878562927246 -12.290221214294434 2.302965462207794 58.88151168823242 1.551710535971015 0.7585681676864624
Van -1 -1 1.77 372.8697814941406 169.94830322265625 414.09918212890625 207.73062133789062 2.524003028869629 2.023958444595337 5.668144702911377 -15.130294799804688 2.3836957216262817 50.528419494628906 1.4782329646638832 0.5781217217445374
Car -1 -1 1.85 371.71209716796875 172.26513671875 416.296142578125 206.20806884765625 2.172802209854126 1.8520159721374512 4.681488513946533 -14.866938591003418 2.231727361679077 49.52948760986328 1.557863874568704 0.519631028175354
Van -1 -1 1.47 654.5167236328125 162.1046905517578 688.3947143554688 191.82313537597656 2.6861815452575684 2.138709306716919 6.507873058319092 5.53055477142334 1.733683556318283 63.51340866088867 1.5545856910516873 0.4117656648159027
Car -1 -1 2.28 168.71775817871094 189.353759765625 233.76187133789062 235.82696533203125 1.4432028532028198 1.4415638446807861 3.2856433391571045 -15.68944263458252 2.283122956752777 27.763307571411133 1.768497055570026 0.36422544717788696
Pedestrian -1 -1 -1.12 180.73500061035156 180.47702026367188 212.6807403564453 227.482421875 1.8425456285476685 0.6434492468833923 0.6939747333526611 -16.880699157714844 2.278318226337433 29.48558807373047 -1.6424710954555035 0.3042459785938263
Pedestrian -1 -1 -1.37 168.05197143554688 188.77822875976562 235.2071990966797 236.85658264160156 1.815026044845581 0.6282793879508972 0.6885213851928711 -14.350647926330566 2.1837648153305054 25.24384880065918 -1.8863781489318505 0.3027436435222626
Cyclist -1 -1 2.35 168.05197143554688 188.77822875976562 235.2071990966797 236.85658264160156 1.7159199714660645 0.5492609739303589 1.7089842557907104 -13.467047691345215 2.151911973953247 23.722482681274414 1.8374166114628654 0.2773911952972412
Van -1 -1 2.03 651.3408203125 161.86851501464844 695.4287719726562 192.40538024902344 2.555765151977539 2.1038129329681396 6.2816290855407715 5.337020397186279 1.660561889410019 61.08020782470703 2.1185597108223417 0.2573775053024292
Pedestrian -1 -1 -1.01 162.51947021484375 193.24400329589844 244.64657592773438 237.25814819335938 1.7556228637695312 0.6320103406906128 0.8201773762702942 -13.44888973236084 2.1564667224884033 23.670654296875 -1.5217664779996491 0.2541543245315552
Car -1 -1 1.8 374.1062927246094 181.06484985351562 413.4990234375 210.76417541503906 1.70401132106781 1.6458059549331665 4.06864595413208 -14.658161163330078 2.317514955997467 48.560768127441406 1.5087148594086592 0.2410646677017212
Pedestrian -1 -1 -1.08 171.89291381835938 185.35879516601562 226.9498291015625 233.38514709472656 1.8084062337875366 0.6293714642524719 0.7139164209365845 -15.7637939453125 2.2897124886512756 27.554515838623047 -1.5950775806817035 0.21861006319522858
Cyclist -1 -1 2.35 162.51947021484375 193.24400329589844 244.64657592773438 237.25814819335938 1.679757833480835 0.5400505661964417 1.7594127655029297 -12.632484436035156 2.123356342315674 22.31805992126465 1.8345454373599654 0.20579232275485992
Pedestrian -1 -1 -1.15 184.49549865722656 180.79957580566406 207.54344177246094 228.21900939941406 1.855729579925537 0.6630777716636658 0.6874083876609802 -16.403289794921875 2.2208075523376465 28.590099334716797 -1.6710396011422741 0.18811142444610596
Car -1 -1 2.46 174.9426727294922 187.16416931152344 226.1073760986328 229.63816833496094 1.504941701889038 1.4463310241699219 3.1755175590515137 -16.68403434753418 2.294137477874756 29.34498405456543 1.9410622216450113 0.18222689628601074
Cyclist -1 -1 2.09 178.24351501464844 182.6107940673828 216.720458984375 227.86155700683594 1.7223715782165527 0.5542410612106323 1.7143114805221558 -14.748839378356934 2.2336505651474 25.876848220825195 1.5720911160183713 0.17355915904045105