Car -1 -1 -1.85 709.3364868164062 167.6362762451172 914.6038208007812 309.9728088378906 1.6350213289260864 1.6779283285140991 4.21082067489624 2.6840646266937256 1.630962610244751 10.54903793334961 -1.604033104248944 0.881921648979187
Car -1 -1 -1.72 667.8200073242188 175.76953125 741.4564819335938 233.0001220703125 1.498515248298645 1.566440463066101 3.3107266426086426 2.633774995803833 1.6100778579711914 20.81578254699707 -1.599119823370975 0.8673251867294312
Car -1 -1 -1.66 646.47119140625 176.4275665283203 687.8131103515625 208.08688354492188 1.4383611679077148 1.5808157920837402 3.427826166152954 2.6099085807800293 1.6217440962791443 33.76951217651367 -1.5813997185841826 0.827709436416626
Car -1 -1 -1.74 688.1416625976562 181.95306396484375 788.8491821289062 255.51239013671875 1.4398945569992065 1.5566715002059937 3.3422462940216064 2.7142910957336426 1.642499029636383 16.104768753051758 -1.574149903682958 0.8168701529502869
Car -1 -1 -2.62 0.32159942388534546 184.54798889160156 346.4828237891197 306.07171630859375 1.4113144874572754 1.5773828029632568 4.215523719787598 -6.291510581970215 1.6603425741195679 10.44580078125 3.120906732217529 0.8097540736198425
Car -1 -1 -2.28 2.239455461502075 188.70603942871094 101.29833149909973 378.633544921875 1.499300241470337 1.5861214399337769 4.2799201011657715 -6.754842758178711 1.6675398349761963 5.555603981018066 3.1162832244914993 0.7993693351745605
Car -1 -1 -2.9 439.64556884765625 168.7926483154297 527.9956665039062 205.58824157714844 1.678458571434021 1.7041945457458496 4.124288082122803 -5.984787940979004 1.4895718097686768 34.19257736206055 -3.076999062869758 0.7915757298469543
Car -1 -1 -2.54 183.37863159179688 161.86322021484375 406.92095947265625 261.7582092285156 1.7911425828933716 1.7231824398040771 4.13021993637085 -6.242154598236084 1.6124545335769653 14.42351245880127 -2.9464765298572617 0.764859676361084
Car -1 -1 -2.41 146.75184631347656 176.7469024658203 372.420654296875 270.9537048339844 1.5799931287765503 1.6336894035339355 3.8270082473754883 -6.164681434631348 1.6421852707862854 12.65710163116455 -2.868236000691459 0.7514130473136902
Car -1 -1 -2.78 316.81414794921875 167.4625244140625 466.2346496582031 230.077880859375 1.6617947816848755 1.66897451877594 3.977212429046631 -6.206406593322754 1.6218458414077759 20.358911514282227 -3.071164158274419 0.7431914806365967
Car -1 -1 -3.0 390.6145324707031 175.01292419433594 502.7495422363281 214.64027404785156 1.5314065217971802 1.6418511867523193 4.113311767578125 -6.534477710723877 1.6017748713493347 29.143829345703125 3.064451582377284 0.7125399112701416
Car -1 -1 -2.95 281.123046875 169.14511108398438 450.10870361328125 240.7935028076172 1.601035714149475 1.6571197509765625 4.012040615081787 -5.927441120147705 1.6066501140594482 17.66775131225586 3.0122338026892503 0.6963299512863159
Car -1 -1 -2.1 -7.4760355949401855 186.56634521484375 293.19431352615356 345.13555908203125 1.4607293605804443 1.6263078451156616 4.240319728851318 -5.784448623657227 1.6148173213005066 7.737457752227783 -2.7379550083210216 0.6890285611152649
Car -1 -1 -1.7 632.8883056640625 171.0745849609375 667.2601928710938 200.3278045654297 1.5437792539596558 1.6027849912643433 3.7993032932281494 2.282710075378418 1.532222330570221 41.26825714111328 -1.6422486489142987 0.6664311289787292
Car -1 -1 -1.69 641.4072875976562 174.5113525390625 682.6307983398438 205.60128784179688 1.431734323501587 1.5714797973632812 3.4872355461120605 2.566126823425293 1.5815953016281128 33.69124984741211 -1.6149158282263674 0.5750194191932678
Car -1 -1 -2.88 228.6315155029297 165.99624633789062 438.3327941894531 247.21603393554688 1.6805188655853271 1.6614434719085693 4.014010906219482 -5.93546724319458 1.639441967010498 17.55573081970215 3.075771033416654 0.5687969326972961
Car -1 -1 -2.96 424.66229248046875 171.16944885253906 522.2515869140625 207.80015563964844 1.6023398637771606 1.6878384351730347 4.094314098358154 -6.06217098236084 1.5221310257911682 34.02471923828125 -3.1373064607157257 0.5489358305931091
Car -1 -1 -2.99 338.2597961425781 169.41204833984375 477.8866882324219 226.66876220703125 1.6269103288650513 1.681109070777893 4.156698703765869 -6.35614013671875 1.6541118621826172 25.1907958984375 3.0482941012151734 0.5301889181137085
Car -1 -1 -3.06 374.5827331542969 174.24563598632812 485.4184265136719 217.52197265625 1.5489263534545898 1.6125930547714233 3.796855926513672 -6.601396083831787 1.623864471912384 26.618728637695312 2.9788819381577323 0.5294106602668762
Car -1 -1 0.09 402.01995849609375 172.0353240966797 515.1083374023438 211.33387756347656 1.512037992477417 1.6210973262786865 3.983016014099121 -6.162999153137207 1.4803919792175293 30.191444396972656 -0.10669270468290737 0.5188892483711243
Car -1 -1 -2.6 79.62118530273438 185.8976593017578 358.59124755859375 282.2073059082031 1.5250951051712036 1.6205040216445923 3.9271512031555176 -6.354648113250732 1.7161985635757446 12.777783393859863 -3.065464332461598 0.4898156225681305
Car -1 -1 -1.7 672.8124389648438 179.79156494140625 763.6332397460938 242.55809020996094 1.454577922821045 1.5552659034729004 3.4717655181884766 2.716376304626465 1.6690545678138733 20.594757080078125 -1.5683864009486292 0.452974408864975
Car -1 -1 -1.69 636.95703125 173.4973602294922 674.33251953125 202.8025665283203 1.502654790878296 1.5602904558181763 3.8306515216827393 2.2953922748565674 1.5747442245483398 41.38146209716797 -1.6349626258629346 0.3919021785259247
Car -1 -1 -2.33 -7.698718070983887 190.05361938476562 118.92625141143799 369.8466491699219 1.468326210975647 1.6031057834625244 4.041282653808594 -6.014538764953613 1.6645578145980835 5.148263931274414 3.091271251563324 0.3781668245792389
Car -1 -1 -1.76 690.3333129882812 176.26988220214844 813.184326171875 264.772216796875 1.5691834688186646 1.6062583923339844 3.7149131298065186 2.708728551864624 1.6458381414413452 15.511764526367188 -1.5833856206655224 0.3734702169895172
Car -1 -1 -2.86 356.0545654296875 171.73904418945312 488.0434875488281 220.4988555908203 1.6291100978851318 1.636062741279602 4.168866157531738 -6.313640594482422 1.5850993394851685 23.886917114257812 -3.121606075635153 0.3281557857990265
Car -1 -1 -2.15 3.3116507530212402 193.4496612548828 86.3846640586853 350.3755798339844 1.4633660316467285 1.5687713623046875 3.9315035343170166 -6.254926681518555 1.639602243900299 5.414644718170166 -3.0098777021235232 0.31728556752204895
Car -1 -1 -1.77 690.7001953125 177.3835906982422 847.4486694335938 278.33953857421875 1.524756908416748 1.6047910451889038 3.55313777923584 2.889530897140503 1.718478798866272 16.286588668823242 -1.5920645476474942 0.3167323172092438
Car -1 -1 -0.69 -8.380861282348633 187.6251678466797 199.70818901062012 360.1224670410156 1.4880892038345337 1.6620712280273438 4.258228778839111 -5.8921427726745605 1.6039819121360779 6.595162868499756 -1.4219713590493726 0.3138982057571411
Car -1 -1 -2.28 -0.8415859341621399 188.30052185058594 156.90592688322067 358.69110107421875 1.592496395111084 1.6506736278533936 4.073421955108643 -6.014218807220459 1.6221941709518433 5.649161338806152 -3.100293826017702 0.3122313916683197
Car -1 -1 -2.99 362.1384582519531 178.91152954101562 479.2444152832031 228.3587646484375 1.5032031536102295 1.6132392883300781 3.7864201068878174 -6.432797908782959 1.7387831211090088 24.78463363647461 3.0399714598555763 0.30742180347442627
Car -1 -1 -2.6 171.79934692382812 178.8409423828125 394.57275390625 265.1002197265625 1.5305392742156982 1.6307170391082764 3.945308208465576 -6.047698974609375 1.6317643523216248 13.978461265563965 -3.0068786356042603 0.27750927209854126
Car -1 -1 -2.69 20.196805953979492 174.325927734375 356.62020683288574 287.0242919921875 1.563093900680542 1.6552231311798096 4.229903221130371 -6.180595874786377 1.6748454570770264 11.357844352722168 3.0932105169334703 0.2657165825366974
Car -1 -1 -1.76 689.2617797851562 181.13539123535156 774.531005859375 244.90106201171875 1.4212325811386108 1.543042778968811 3.3729279041290283 2.6981680393218994 1.5435743927955627 16.38466453552246 -1.601785925925296 0.25773367285728455
Car -1 -1 -2.33 -7.1033244132995605 182.59585571289062 230.68378496170044 334.0942687988281 1.5012576580047607 1.6166331768035889 4.081206321716309 -6.0391740798950195 1.5724281072616577 7.036539077758789 -3.0418295603745023 0.242209792137146
Car -1 -1 -2.26 3.379686117172241 176.7660369873047 79.80579543113708 376.7650146484375 1.5416662693023682 1.6362580060958862 4.122987270355225 -6.403414726257324 1.6356168389320374 5.588955879211426 -3.117898317828338 0.2404971420764923
Car -1 -1 -1.79 648.5308227539062 177.10137939453125 693.0692749023438 213.11021423339844 1.4625452756881714 1.5603044033050537 3.711782455444336 2.5145339965820312 1.6212365627288818 32.57050323486328 -1.7163070686213606 0.23915995657444
Car -1 -1 -2.36 -10.850192070007324 176.4345703125 140.26545429229736 347.6261901855469 1.5445990562438965 1.6705659627914429 4.133967876434326 -6.08400297164917 1.5779253244400024 5.759926795959473 3.109071467734907 0.23170426487922668
Van -1 -1 -2.57 186.56683349609375 161.3943328857422 406.8399353027344 260.79730224609375 1.869238018989563 1.7717186212539673 4.48842716217041 -6.466454029083252 1.6676002740859985 14.87454891204834 -2.980792640680578 0.23132018744945526
Van -1 -1 -2.89 323.4021911621094 166.92507934570312 472.2331848144531 228.21353149414062 1.9926550388336182 1.815664291381836 4.620826721191406 -6.544405460357666 1.7557821869850159 21.25304412841797 3.097345149457289 0.22995097935199738
Car -1 -1 -1.71 697.402099609375 182.32107543945312 805.1329345703125 251.6764678955078 1.4439769983291626 1.6067228317260742 3.5224030017852783 2.8226301670074463 1.6100113987922668 15.747566223144531 -1.5318732050589468 0.2229074388742447
Car -1 -1 -3.03 381.2740478515625 180.32708740234375 486.8450012207031 225.58868408203125 1.5022245645523071 1.6131641864776611 3.8559648990631104 -6.43901252746582 1.7639610171318054 26.16625213623047 3.0127736622189065 0.21944522857666016
Car -1 -1 -1.85 710.1554565429688 172.31553649902344 871.3941040039062 287.9435119628906 1.639529824256897 1.6317012310028076 3.8187789916992188 2.732959508895874 1.5983455777168274 10.993865013122559 -1.607743851411577 0.21929407119750977
Van -1 -1 -2.91 444.1956481933594 167.58984375 530.432373046875 205.3887176513672 1.9837613105773926 1.8169524669647217 4.513673305511475 -6.338057518005371 1.6401902437210083 37.50084686279297 -3.074407456088572 0.20683790743350983
Car -1 -1 3.01 391.29388427734375 178.07135009765625 489.9337463378906 220.46881103515625 1.5555939674377441 1.6153610944747925 3.607973098754883 -6.459939002990723 1.7334739565849304 27.267654418945312 2.7735733089414563 0.20421823859214783
Car -1 -1 -2.25 -19.844188690185547 169.99476623535156 106.29655838012695 362.3164978027344 1.5827171802520752 1.6522659063339233 4.073631763458252 -6.117706775665283 1.5882907509803772 5.341777324676514 -3.1047485371157277 0.19375349581241608
Car -1 -1 -1.76 668.881591796875 174.75222778320312 730.1911010742188 223.53616333007812 1.5058668851852417 1.5643689632415771 3.556471824645996 2.703352928161621 1.5746720433235168 22.065244674682617 -1.635816107088485 0.18741396069526672
Car -1 -1 -2.7 101.79314422607422 176.16537475585938 400.7905807495117 257.75189208984375 1.6514052152633667 1.651770830154419 4.0424394607543945 -6.093830108642578 1.6219470500946045 13.683305740356445 -3.119866536514456 0.18656475841999054
Car -1 -1 -2.57 271.6366271972656 168.40213012695312 473.2545471191406 249.10772705078125 1.5804556608200073 1.6228243112564087 4.179075241088867 -6.079041481018066 1.4733263850212097 17.545204162597656 -2.899399041179497 0.1813642829656601