Car -1 -1 -1.59 570.3021850585938 179.2576904296875 614.0100708007812 220.2114715576172 1.6230579614639282 1.6914929151535034 4.350376605987549 -0.7689198851585388 1.931610643863678 31.103506088256836 -1.6178839243106715 0.8888083100318909
Car -1 -1 2.23 1.007524013519287 198.3101043701172 170.0812087059021 272.5039978027344 1.4357253313064575 1.5721665620803833 3.8683207035064697 -12.811971664428711 2.104893386363983 17.52398681640625 1.6022884035802099 0.877600908279419
Car -1 -1 1.9 302.9635009765625 187.00445556640625 367.1973571777344 223.5305938720703 1.4706968069076538 1.5805606842041016 3.843946695327759 -12.352023124694824 2.147358000278473 32.46532440185547 1.5358898362187077 0.8525945544242859
Truck -1 -1 1.52 504.02423095703125 154.27972412109375 550.9928588867188 207.13970947265625 3.316373586654663 2.4014487266540527 8.640244483947754 -5.590770244598389 2.3016240000724792 50.04124450683594 1.4119203206472513 0.4628876745700836
Car -1 -1 2.28 48.3089485168457 201.20875549316406 397.10637283325195 368.5643310546875 1.5592057704925537 1.5826542377471924 3.699169397354126 -2.4375815391540527 1.7065168023109436 3.507723331451416 1.6678401637689442 0.29189518094062805
Car -1 -1 2.26 74.16227722167969 211.70840454101562 452.4850311279297 380.218994140625 1.4916999340057373 1.4746792316436768 3.3189656734466553 -1.9257768392562866 1.741785705089569 3.690669298171997 1.783973279467972 0.26914581656455994
Van -1 -1 1.68 502.97357177734375 154.9739990234375 550.2401733398438 207.25804138183594 2.747575283050537 2.1893038749694824 6.7334160804748535 -5.27511739730835 1.9266574382781982 47.01924514770508 1.5638398854794469 0.23380769789218903
Car -1 -1 2.3 23.71175765991211 195.29322814941406 342.5936851501465 351.30078125 1.540850281715393 1.5564229488372803 3.7169299125671387 -4.416693210601807 2.2056779265403748 6.091137409210205 1.6686934576294936 0.18488875031471252
Car -1 -1 0.59 1134.21484375 22.091392517089844 1229.702392578125 72.85829162597656 1.840714454650879 1.9101207256317139 5.135930061340332 34.774009704589844 -5.781176567077637 42.13547134399414 1.275981671944007 0.16551463305950165
Car -1 -1 2.24 5.342790126800537 201.4524688720703 189.8735671043396 310.76593017578125 1.4307146072387695 1.5812408924102783 3.9114651679992676 -12.487555503845215 2.5830788612365723 15.618700981140137 1.5687979213204564 0.16321459412574768
Car -1 -1 1.65 1216.8203125 27.049362182617188 1247.453125 66.59223937988281 1.5221295356750488 1.650819182395935 4.191313743591309 24.78896141052246 -3.8738863468170166 26.560401916503906 2.3994898046139 0.1434420645236969
Car -1 -1 0.49 1210.96826171875 15.273663520812988 1246.1168212890625 51.96737766265869 1.5286061763763428 1.6698898077011108 4.3362956047058105 33.610347747802734 -6.4471675157547 37.11057662963867 1.2217829536507434 0.13400034606456757
Car -1 -1 -0.15 1215.8955078125 19.690406799316406 1246.95068359375 58.97089767456055 1.5065279006958008 1.6631027460098267 4.204943656921387 25.242521286010742 -4.23249626159668 27.228862762451172 0.6024059294691013 0.13154159486293793