Van -1 -1 -1.6 616.3441162109375 179.4408721923828 665.0289306640625 227.12522888183594 2.0302228927612305 1.9503964185714722 4.981381416320801 1.455857753753662 2.4493812322616577 34.86919021606445 -1.554150285969496 0.8334506154060364
Car -1 -1 -0.88 702.1381225585938 198.08895874023438 777.36083984375 231.59988403320312 1.5329012870788574 1.5948197841644287 3.8764309883117676 6.167940616607666 2.7038586139678955 33.59967041015625 -0.695442857891214 0.8292974233627319
Car -1 -1 2.79 999.5064086914062 178.9810028076172 1219.876953125 246.6304931640625 1.5411291122436523 1.6076109409332275 4.170522689819336 11.746455192565918 1.7339752316474915 17.552602767944336 -2.902722443445845 0.7746085524559021
Van -1 -1 -0.62 532.0614624023438 177.5874786376953 565.5451049804688 208.6111297607422 2.1885769367218018 2.0284013748168945 5.064891815185547 -4.537527561187744 2.5804550647735596 53.51609802246094 -0.7024567904568073 0.7073397636413574
Car -1 -1 0.81 1063.4173583984375 179.6976318359375 1243.4669189453125 377.66571044921875 1.642183780670166 1.6646002531051636 4.27800989151001 4.477502822875977 1.8275452852249146 3.3094098567962646 1.7433247457615533 0.5809939503669739
Car -1 -1 -1.65 616.9014282226562 180.43592834472656 665.0656127929688 226.878173828125 2.0408966541290283 1.756158709526062 4.386833667755127 1.3092979192733765 2.3583741188049316 32.11932373046875 -1.6124347197476858 0.5537558794021606
Car -1 -1 0.82 1025.66064453125 188.80419921875 1248.0499267578125 358.67352294921875 1.5562618970870972 1.6616240739822388 4.198955059051514 3.955796957015991 1.5681240558624268 3.6941373348236084 1.63604250392049 0.3114512264728546
Car -1 -1 3.09 997.0663452148438 177.18252563476562 1236.378662109375 314.9954833984375 1.4638245105743408 1.6030791997909546 4.069703578948975 11.113494873046875 1.7079522013664246 15.144744873046875 -2.5620554635108572 0.26939651370048523
Car -1 -1 2.86 1013.5848999023438 174.52850341796875 1220.207275390625 262.919921875 1.5944244861602783 1.727840781211853 4.115085124969482 11.898421287536621 1.7538561820983887 17.353504180908203 -2.8232647778316196 0.22136293351650238
Car -1 -1 3.0 978.9656982421875 183.47470092773438 1221.478515625 283.208740234375 1.3540107011795044 1.6014659404754639 4.440526008605957 10.610577583312988 1.4634579420089722 15.211797714233398 -2.6719519501883626 0.2173127830028534
Car -1 -1 0.63 1096.06982421875 203.4369659423828 1246.6431884765625 373.3072814941406 1.493017315864563 1.6669832468032837 4.446025848388672 3.917753219604492 1.6178584098815918 2.5628559589385986 1.6210125083885476 0.18013788759708405
Car -1 -1 0.98 975.626220703125 200.6392059326172 1220.8447265625 332.9166259765625 1.306087851524353 1.6945046186447144 4.303897857666016 5.914385795593262 1.8039427399635315 7.093614101409912 1.6765002888074543 0.15865275263786316
Car -1 -1 2.09 1024.2314453125 171.86566162109375 1235.8082275390625 290.69439697265625 1.560337781906128 1.6582425832748413 4.319977283477783 12.989519119262695 1.9435850381851196 16.350749969482422 2.7619905554599287 0.14014402031898499
Car -1 -1 0.9 1046.7974853515625 173.12014770507812 1243.951904296875 337.985107421875 1.5078108310699463 1.6152387857437134 3.892077922821045 4.735641002655029 1.5485669374465942 4.757083892822266 1.6787048906167268 0.1356348842382431