Car -1 -1 -1.6 585.2913818359375 172.78857421875 612.109619140625 197.4322509765625 1.5980496406555176 1.646413803100586 4.290837287902832 -0.8011285066604614 1.594356656074524 48.132652282714844 -1.6177109642252034 0.7852850556373596
Cyclist -1 -1 -1.81 689.3017578125 158.769287109375 718.5883178710938 217.10116577148438 1.8189129829406738 0.549514889717102 2.0713560581207275 3.1781563758850098 1.3938105404376984 24.16222381591797 -1.6778026083189248 0.7782896161079407
Truck -1 -1 2.64 -27.0533447265625 123.44198608398438 365.9813232421875 242.26754760742188 3.1552999019622803 2.5811851024627686 13.810263633728027 -15.303970336914062 1.8236539214849472 25.176977157592773 2.0961652424625488 0.6411434412002563
Truck -1 -1 2.62 44.266178131103516 129.90403747558594 373.74924087524414 231.31724548339844 3.182680606842041 2.603787899017334 12.82271671295166 -15.183113098144531 1.8270756304264069 27.890830993652344 2.1186086550940395 0.5727860927581787
Pedestrian -1 -1 1.43 689.984130859375 159.52479553222656 718.5563354492188 215.48863220214844 1.9318349361419678 0.6297405958175659 1.0948455333709717 3.135094404220581 1.428673654794693 24.308469772338867 1.5555647170808085 0.38198456168174744
Truck -1 -1 2.69 113.0966567993164 133.36061096191406 382.38123321533203 222.3988800048828 3.267124652862549 2.635749101638794 12.521976470947266 -15.847810745239258 1.9144749343395233 30.888771057128906 2.2123710762962405 0.37196865677833557
Truck -1 -1 2.49 -12.10843563079834 125.64347839355469 249.32482242584229 245.10598754882812 3.388956308364868 2.531355142593384 11.980486869812012 -16.42681121826172 2.036005675792694 23.018457412719727 1.8693435260662579 0.359688401222229
Van -1 -1 2.55 -9.649092674255371 129.8143310546875 235.250412940979 244.5770263671875 2.822354316711426 2.0022695064544678 6.752833366394043 -14.534321784973145 1.7575474381446838 20.13404655456543 1.9200806531005998 0.3160317540168762
Van -1 -1 2.62 -18.499006271362305 125.6830062866211 352.9479236602783 240.88632202148438 2.8612420558929443 2.1837594509124756 7.211606502532959 -12.158591270446777 1.757592499256134 19.528076171875 2.0627966317610644 0.2627074122428894
Van -1 -1 2.52 17.203832626342773 128.05979919433594 336.1947994232178 225.39906311035156 3.0041861534118652 2.3500499725341797 7.998990535736084 -12.78678035736084 1.6833795011043549 21.97018814086914 1.9883762801412646 0.25345149636268616
Van -1 -1 1.67 474.83123779296875 174.1609649658203 497.16387939453125 192.29132080078125 1.8784812688827515 1.8378413915634155 4.697193622589111 -12.376832962036133 1.8564197421073914 71.6320571899414 1.4960273926023318 0.21784603595733643
Truck -1 -1 2.39 -21.47812271118164 103.92390441894531 287.120662689209 262.72308349609375 3.5658740997314453 2.7014989852905273 13.211878776550293 -15.75147819519043 1.8394993767142296 23.70573616027832 1.8035817249906998 0.20166665315628052
Truck -1 -1 2.62 -11.940796852111816 101.56108093261719 362.6293020248413 224.90386962890625 3.640897035598755 2.618950366973877 13.822422981262207 -14.406844139099121 1.869709637016058 23.93935775756836 2.0773127790775554 0.16928036510944366
Car -1 -1 -1.1 668.8112182617188 35.44487380981445 760.7780151367188 83.14120483398438 1.731942892074585 1.8629945516586304 5.079074382781982 6.933304786682129 -4.912772297859192 42.20967483520508 -0.9418345160215029 0.14642882347106934