Cyclist -1 -1 1.79 221.88795471191406 162.5370330810547 342.17041015625 370.7029724121094 1.7144824266433716 0.562116265296936 1.7760859727859497 -2.980419874191284 1.5741286277770996 6.7581048011779785 1.3725831802711443 0.8299047946929932
Pedestrian -1 -1 0.11 647.792236328125 151.60450744628906 680.160400390625 235.96519470214844 1.7575129270553589 0.6328759789466858 0.6685527563095093 1.3302435874938965 1.1406764388084412 15.466936111450195 0.19453049611745676 0.8187233209609985
Car -1 -1 2.0 15.316725730895996 175.72994995117188 314.35282802581787 360.2275085449219 1.6309077739715576 1.586825966835022 3.5858287811279297 -4.897651195526123 1.6783978939056396 8.588518142700195 1.4856195750388252 0.8185341358184814
Pedestrian -1 -1 -0.8 340.22607421875 168.71502685546875 361.04327392578125 223.3348388671875 1.7128801345825195 0.6201010942459106 0.814983069896698 -8.173243522644043 1.3017659485340118 23.498401641845703 -1.1378444406671528 0.7729077339172363
Pedestrian -1 -1 2.02 0.249358132481575 178.51559448242188 46.82572837173939 313.169677734375 1.7138607501983643 0.6501386761665344 0.557184100151062 -7.011916160583496 1.6153258085250854 8.4940185546875 1.333339279373746 0.6726996302604675
Pedestrian -1 -1 0.91 469.40325927734375 164.63206481933594 488.2262878417969 214.89947509765625 1.725999116897583 0.6301378011703491 0.8896985054016113 -4.488337993621826 1.1617955267429352 26.081071853637695 0.7395255655093678 0.6643608808517456
Pedestrian -1 -1 -2.89 3.304750919342041 164.49685668945312 42.20026254653931 309.6301574707031 1.9075323343276978 0.6300743818283081 0.6613070368766785 -6.880474090576172 1.6245747208595276 8.249722480773926 2.702784919134306 0.5971126556396484
Pedestrian -1 -1 1.24 35.91655731201172 180.92459106445312 100.52484130859375 307.30133056640625 1.7386386394500732 0.6159399747848511 0.4838078022003174 -7.162096977233887 1.638973355293274 9.70156478881836 0.6086234610057879 0.5773772597312927
Pedestrian -1 -1 -2.83 -0.018531393259763718 174.5936737060547 40.209637094289064 337.4791564941406 1.7787022590637207 0.6526622176170349 0.5454807877540588 -6.5649871826171875 1.6536255478858948 7.7006144523620605 2.746010625365348 0.5344703197479248
Pedestrian -1 -1 1.48 569.6563720703125 161.33267211914062 639.9737548828125 288.7840576171875 1.6873053312301636 0.6312735080718994 0.6927708387374878 0.00508465152233839 1.4239674806594849 9.263361930847168 1.4820791017235955 0.530193567276001
Pedestrian -1 -1 1.25 486.4974365234375 166.2674560546875 504.68719482421875 215.78587341308594 1.6564377546310425 0.6431923508644104 0.7411436438560486 -3.773242473602295 1.1745379865169525 25.692848205566406 1.1044750716265064 0.5166667103767395
Pedestrian -1 -1 1.98 564.698974609375 158.6331329345703 615.33349609375 276.68365478515625 1.804755449295044 0.669395387172699 0.6706879138946533 -0.2065199911594391 1.4092285633087158 10.873536109924316 1.9577052428693618 0.5113688707351685
Pedestrian -1 -1 -2.53 4.744370460510254 161.40541076660156 46.52634143829346 335.59765625 1.8617912530899048 0.661830484867096 0.6756570935249329 -7.134988784790039 1.6494646072387695 8.495713233947754 3.0531732809515937 0.47219112515449524
Car -1 -1 1.77 201.0474090576172 168.94595336914062 352.18927001953125 367.6614685058594 1.7778252363204956 1.5932435989379883 3.5419437885284424 -3.6360602378845215 1.6462722420692444 7.974523067474365 1.341474281296101 0.4627622663974762
Pedestrian -1 -1 -0.84 564.8619995117188 175.2819061279297 651.5469360351562 293.7759094238281 1.5592399835586548 0.5799073576927185 0.7298657298088074 0.12168073654174805 1.4141669869422913 9.367135047912598 -0.8273097399809246 0.45907068252563477
Car -1 -1 1.93 113.06964874267578 192.99710083007812 278.94962310791016 288.8179931640625 1.4571958780288696 1.5606235265731812 3.9832065105438232 -7.659335136413574 1.712405502796173 13.685038566589355 1.4209203109334982 0.45160436630249023
Pedestrian -1 -1 -1.84 1.504721999168396 169.83642578125 54.977492690086365 345.8839416503906 1.756990671157837 0.6680949330329895 0.6945106387138367 -6.801550388336182 1.6735196113586426 8.222875595092773 -2.5288128896870754 0.44723138213157654
Pedestrian -1 -1 1.09 477.2187805175781 165.29454040527344 498.75640869140625 215.1768798828125 1.6574156284332275 0.6280854344367981 0.8391891121864319 -4.09429407119751 1.1727241575717926 26.144927978515625 0.9371230875318322 0.4283961057662964
Pedestrian -1 -1 1.74 580.9908447265625 160.8859405517578 634.0146484375 286.6205139160156 1.6992689371109009 0.6109774112701416 0.7773799300193787 -0.007728667464107275 1.3957470655441284 9.997342109680176 1.739548522769331 0.4252595603466034
Pedestrian -1 -1 2.38 29.89484405517578 181.20704650878906 84.80270385742188 310.43255615234375 1.6642614603042603 0.5925170183181763 0.5247242450714111 -7.199065685272217 1.633045732975006 9.686710357666016 1.7419997665662503 0.4118766188621521
Pedestrian -1 -1 1.32 13.162924766540527 180.53672790527344 81.14903163909912 323.092041015625 1.6827806234359741 0.6014202833175659 0.6100453734397888 -6.662683010101318 1.6350549459457397 8.617733001708984 0.6650662683999435 0.39687326550483704
Car -1 -1 1.89 7.299651145935059 183.2197265625 221.28086757659912 333.7247009277344 1.5470436811447144 1.5328099727630615 3.4833006858825684 -6.4789509773254395 1.7555396556854248 9.720931053161621 1.3040328852915364 0.3908202052116394
Cyclist -1 -1 1.65 183.8069305419922 168.69589233398438 345.2648620605469 365.4736633300781 1.814117431640625 0.6086527705192566 1.793569803237915 -3.193298578262329 1.5899791717529297 6.503445625305176 1.1891749594857544 0.3906298875808716
Pedestrian -1 -1 2.19 568.1439208984375 160.4311065673828 605.7173461914062 255.14578247070312 1.8324061632156372 0.6723394989967346 0.610931932926178 -0.32107463479042053 1.38564994931221 14.053289413452148 2.169145134974446 0.37557700276374817
Pedestrian -1 -1 -2.68 2.1798272132873535 178.98748779296875 74.17252588272095 351.29656982421875 1.7082542181015015 0.6168248653411865 0.759023904800415 -6.459011554718018 1.6796594858169556 8.002104759216309 2.92454162309331 0.3754979968070984
Pedestrian -1 -1 1.65 590.8392944335938 163.6913299560547 637.27587890625 283.5608825683594 1.6566578149795532 0.5792772173881531 0.7190881967544556 0.1623527705669403 1.4019132256507874 10.287911415100098 1.6624960037314649 0.3719771206378937
Pedestrian -1 -1 2.32 563.9022827148438 164.88233947753906 626.81494140625 284.7626953125 1.766959309577942 0.600067138671875 0.5776288509368896 -0.08478055894374847 1.4475099444389343 10.058138847351074 2.3066501945127804 0.36931318044662476
Pedestrian -1 -1 -2.48 -1.1877201795578003 156.39283752441406 38.819058537483215 317.65997314453125 1.873323917388916 0.6606019735336304 0.7339310646057129 -7.1459197998046875 1.6793828010559082 8.513604164123535 3.1088101759414783 0.36214032769203186
Pedestrian -1 -1 0.0 213.29150390625 163.66148376464844 340.2377624511719 374.7571105957031 1.6978793144226074 0.6120454668998718 0.6212232112884521 -3.218155860900879 1.6505689024925232 7.244381427764893 -0.4144853489047642 0.35905197262763977
Pedestrian -1 -1 3.0 19.22919464111328 183.61563110351562 62.741241455078125 319.3406066894531 1.6042693853378296 0.5493224859237671 0.6244715452194214 -6.861097812652588 1.6211008429527283 8.938738822937012 2.346267904502511 0.35344213247299194
Pedestrian -1 -1 0.9 9.373017311096191 179.9347686767578 61.523484230041504 311.4000549316406 1.6640963554382324 0.6200174689292908 0.6435787081718445 -6.60494327545166 1.571036696434021 8.270064353942871 0.22123188198582255 0.35124263167381287
Cyclist -1 -1 2.38 1.630100131034851 175.07994079589844 60.3075293302536 355.5165100097656 1.7510074377059937 0.6387233734130859 1.7857147455215454 -6.170868396759033 1.6292535066604614 6.974285125732422 1.652519360885048 0.3305239677429199
Pedestrian -1 -1 -2.95 591.10693359375 164.0625 650.2423095703125 290.7696533203125 1.6923881769180298 0.6048339009284973 0.7423103451728821 0.21410514414310455 1.4019452333450317 9.249424934387207 -2.9257995219146835 0.3184729516506195
Pedestrian -1 -1 -2.45 3.3320441246032715 170.1845703125 65.48692464828491 331.0519104003906 1.7733502388000488 0.6596713662147522 0.7818375825881958 -6.600982666015625 1.6553306579589844 8.095547676086426 -3.131435490615454 0.31045031547546387
Pedestrian -1 -1 1.11 483.7627868652344 166.8807830810547 501.10882568359375 213.6763458251953 1.6341291666030884 0.6214513778686523 0.8315490484237671 -3.9600841999053955 1.147941917181015 25.345979690551758 0.9524768505256613 0.30803823471069336
Pedestrian -1 -1 1.5 598.2611083984375 164.8876953125 637.62451171875 269.927734375 1.659879446029663 0.586950421333313 0.7061198353767395 0.21920213103294373 1.3704645037651062 11.793118476867676 1.5215726002996295 0.2973843216896057
Cyclist -1 -1 0.23 1.8705581426620483 174.31158447265625 46.83280408382416 326.0745544433594 1.6502766609191895 0.5861527323722839 1.6859084367752075 -7.527981281280518 1.665160059928894 8.902071952819824 -0.47501762329389097 0.2949427664279938
Pedestrian -1 -1 2.94 3.0526726245880127 163.31378173828125 31.720784425735474 301.7181701660156 1.939103603363037 0.616010844707489 0.669322669506073 -7.253908157348633 1.7003092169761658 8.504281997680664 2.2308151472396442 0.2933045029640198
Pedestrian -1 -1 -2.04 -2.0786256790161133 182.2852020263672 42.93321514129639 296.1726379394531 1.7136075496673584 0.6003231406211853 0.752208948135376 -8.279338836669922 1.6077522039413452 10.073196411132812 -2.731740308857736 0.2842887341976166
Cyclist -1 -1 2.2 35.524452209472656 181.7410125732422 97.90597534179688 310.8270263671875 1.6266916990280151 0.5587729215621948 1.6940393447875977 -7.527700424194336 1.6703009009361267 10.132615089416504 1.5645762106002223 0.2831419110298157
Pedestrian -1 -1 -1.85 7.279265403747559 182.1441650390625 49.989317893981934 324.0946960449219 1.8284285068511963 0.5892189741134644 0.8506077527999878 -5.994077682495117 1.593923568725586 6.999411106109619 -2.5585583670026004 0.2801903188228607
Cyclist -1 -1 1.65 205.68380737304688 163.06680297851562 326.0269775390625 365.73876953125 1.8286330699920654 0.6088683009147644 1.7835867404937744 -3.339219331741333 1.6301822066307068 7.274828910827637 1.224478930527484 0.2757353186607361
Pedestrian -1 -1 1.46 654.6348876953125 152.431640625 685.177001953125 234.74880981445312 1.7292969226837158 0.5938307046890259 0.6810753345489502 1.4407384395599365 1.1276343166828156 15.629395484924316 1.5515544521531552 0.2742522060871124
Cyclist -1 -1 1.75 53.14991760253906 176.7982635498047 304.26043701171875 362.4124450683594 1.827318549156189 0.646131694316864 1.755645513534546 -3.918487548828125 1.632332444190979 7.034642696380615 1.2397005632920806 0.27068549394607544
Pedestrian -1 -1 1.6 588.9863891601562 165.1788330078125 629.8405151367188 261.990966796875 1.7043222188949585 0.6652382016181946 0.7717997431755066 -0.06715884059667587 1.3414837718009949 12.155985832214355 1.5924199660335 0.26666003465652466
Pedestrian -1 -1 0.77 576.5579223632812 158.187255859375 596.9667358398438 232.5094451904297 1.8140143156051636 0.6336269378662109 0.5503615736961365 -0.46255242824554443 1.250961810350418 20.787094116210938 0.746983822069101 0.26504790782928467
Cyclist -1 -1 1.68 205.66465759277344 178.8836669921875 358.77197265625 376.39105224609375 1.6558446884155273 0.6053749322891235 1.7017239332199097 -2.916874408721924 1.677431046962738 6.530733108520508 1.2560907738202678 0.26474934816360474
Cyclist -1 -1 -2.26 336.53668212890625 168.0213165283203 361.126708984375 221.9291229248047 1.734012246131897 0.5690893530845642 1.7643301486968994 -8.398798942565918 1.3088712096214294 24.07256317138672 -2.5923903137546844 0.258497416973114
Car -1 -1 1.99 61.527774810791016 191.90879821777344 286.36984634399414 318.7225341796875 1.5005848407745361 1.5846601724624634 3.818633556365967 -6.138636112213135 1.646279215812683 10.624165534973145 1.4611623870388906 0.2550284266471863
Cyclist -1 -1 1.32 554.0050048828125 160.68478393554688 652.0752563476562 294.7557373046875 1.6913713216781616 0.6173918843269348 1.7609543800354004 0.05163571238517761 1.3935438394546509 9.456326484680176 1.3215866232544329 0.25306379795074463
Car -1 -1 1.8 164.99937438964844 181.5485076904297 356.43084716796875 367.20123291015625 1.642181396484375 1.5880190134048462 3.684664011001587 -4.281835556030273 1.6343268752098083 8.482226371765137 1.3323031914201504 0.25076839327812195
Cyclist -1 -1 2.86 2.4739553928375244 168.21299743652344 37.07729935646057 308.6370849609375 1.679114580154419 0.6119757294654846 1.7869324684143066 -7.5069379806518555 1.5663728713989258 8.57957935333252 2.141136738494785 0.2505934536457062
Pedestrian -1 -1 1.95 557.9796752929688 163.4866943359375 603.3333740234375 271.8095397949219 1.7282309532165527 0.6370069980621338 0.6962011456489563 -0.3323321044445038 1.4070546627044678 11.007957458496094 1.917523854575296 0.2479686290025711
Car -1 -1 1.91 2.2341315746307373 172.3557586669922 44.09054636955261 346.86328125 1.60646653175354 1.5553703308105469 3.5093834400177 -9.133234024047852 1.7721524834632874 9.293584823608398 1.1350425761466028 0.24460572004318237
Cyclist -1 -1 -1.34 469.38189697265625 165.54026794433594 489.5511169433594 215.59910583496094 1.7788583040237427 0.5432687997817993 1.7362914085388184 -4.42346715927124 1.1805701851844788 26.336912155151367 -1.5107292625633013 0.2427763193845749
Pedestrian -1 -1 -3.11 605.1845703125 164.7199249267578 651.079345703125 284.682861328125 1.6999423503875732 0.6270875930786133 0.7479717135429382 0.2883445918560028 1.3990589380264282 9.327347755432129 -3.0783511273268758 0.2417968511581421
Pedestrian -1 -1 1.32 493.555908203125 165.63998413085938 511.05780029296875 217.73709106445312 1.6785095930099487 0.622190535068512 0.6840734481811523 -3.485109567642212 1.2478893399238586 25.27693748474121 1.186935094458713 0.2388414740562439
Cyclist -1 -1 1.1 568.0487060546875 172.56639099121094 650.1409301757812 292.2762451171875 1.6211248636245728 0.5882264375686646 1.7113003730773926 0.07056081295013428 1.4354603290557861 9.37221622467041 1.1122457866987823 0.23742999136447906
Pedestrian -1 -1 1.38 571.3591918945312 166.69134521484375 603.3216552734375 249.83950805664062 1.8096215724945068 0.6673817038536072 0.5693871974945068 -0.3101666271686554 1.399983286857605 14.07886791229248 1.354269035174548 0.236326202750206
Pedestrian -1 -1 -0.73 577.2425537109375 158.07704162597656 594.5638427734375 222.9249725341797 1.7918102741241455 0.6340520977973938 0.590872049331665 -0.5117101073265076 1.148026704788208 22.446802139282227 -0.7482117091378488 0.23491252958774567
Cyclist -1 -1 2.33 8.511310577392578 193.1124267578125 51.6099853515625 334.8694763183594 1.810857892036438 0.5947218537330627 1.7083628177642822 -6.256082057952881 1.6922718286514282 7.142449855804443 1.6073135338565798 0.23349329829216003
Pedestrian -1 -1 2.97 9.313002586364746 189.82989501953125 118.41519832611084 339.72271728515625 1.7578579187393188 0.6131147146224976 0.6906410455703735 -6.857784748077393 1.741525650024414 9.159469604492188 2.3237488278091387 0.23266609013080597
Car -1 -1 1.99 9.058052062988281 182.21661376953125 156.89954376220703 326.37347412109375 1.552748680114746 1.5429723262786865 3.3412883281707764 -8.392596244812012 1.807447075843811 11.018803596496582 1.341872417722339 0.2323896884918213
Car -1 -1 1.9 89.3002700805664 182.31317138671875 321.82169342041016 342.9466247558594 1.633950114250183 1.6152809858322144 4.010905742645264 -6.573178291320801 1.7917317152023315 11.75218677520752 1.3873889485853272 0.23221419751644135
Pedestrian -1 -1 2.22 575.355712890625 164.01817321777344 610.6199951171875 252.16722106933594 1.7834665775299072 0.6813674569129944 0.7236038446426392 -0.24911923706531525 1.3650586307048798 13.541096687316895 2.2049089441971343 0.22966262698173523
Cyclist -1 -1 1.64 130.3748321533203 177.0475616455078 314.30487060546875 358.5356750488281 1.8768302202224731 0.6029272079467773 1.8120381832122803 -3.8220620155334473 1.6652466654777527 7.3250885009765625 1.1606065465068305 0.2292385697364807
Pedestrian -1 -1 0.55 21.50096893310547 183.1519317626953 93.5902328491211 316.2022705078125 1.7349672317504883 0.6362715363502502 0.5518943071365356 -6.50059175491333 1.6690266132354736 8.629039764404297 -0.09377722817372103 0.2284093052148819
Car -1 -1 2.18 1.630100131034851 175.07994079589844 60.3075293302536 355.5165100097656 1.7338143587112427 1.6434340476989746 3.9033021926879883 -7.69656229019165 1.6814764142036438 7.466561317443848 1.3751317064875117 0.22513099014759064
Car -1 -1 -1.65 -1.371997594833374 177.10154724121094 46.55434060096741 321.07183837890625 1.5596604347229004 1.552742838859558 3.3300435543060303 -9.347387313842773 1.6649908423423767 10.436105728149414 -2.3778748328007886 0.22326314449310303
Car -1 -1 1.87 22.733402252197266 179.86087036132812 213.36854934692383 311.67431640625 1.5560157299041748 1.5677738189697266 3.6511993408203125 -7.381565570831299 1.7934222221374512 11.228604316711426 1.2866025113670636 0.22015392780303955
Pedestrian -1 -1 -2.52 -2.247894048690796 196.10704040527344 42.83888649940491 359.19720458984375 1.683262825012207 0.5939695239067078 0.7300018072128296 -6.670810699462891 1.8801504373550415 7.894396781921387 3.057316681333635 0.21846652030944824
Car -1 -1 1.91 17.829309463500977 181.81956481933594 271.0605411529541 341.8239440917969 1.598748803138733 1.6093841791152954 3.825132131576538 -5.440217018127441 1.723584234714508 9.213582992553711 1.3777509035285185 0.2175009697675705
Car -1 -1 -1.37 35.91655731201172 180.92459106445312 100.52484130859375 307.30133056640625 1.6070241928100586 1.4914171695709229 2.842883825302124 -8.652191162109375 1.7020437717437744 11.100617408752441 -2.027736652953555 0.21532171964645386
Pedestrian -1 -1 0.62 183.8069305419922 168.69589233398438 345.2648620605469 365.4736633300781 1.6993439197540283 0.6184354424476624 0.7777392268180847 -3.327094554901123 1.6085167527198792 6.741523265838623 0.15963582493099748 0.2150004357099533
Pedestrian -1 -1 1.75 31.513317108154297 190.90931701660156 91.28691864013672 325.4879150390625 1.5698130130767822 0.5331235527992249 0.6564133763313293 -7.043670654296875 1.6937124729156494 9.465457916259766 1.113883821504043 0.21307916939258575
Cyclist -1 -1 2.28 1212.906982421875 166.76783752441406 1239.4342041015625 389.611572265625 1.660233974456787 0.6155825853347778 1.648454189300537 3.354567766189575 1.5627794861793518 2.685114860534668 -3.1043634068258728 0.21123576164245605
Pedestrian -1 -1 0.73 581.795166015625 172.01052856445312 660.7432861328125 288.4572448730469 1.647168517112732 0.5874000191688538 0.7867246270179749 0.29608240723609924 1.4489243626594543 9.538880348205566 0.75604599566792 0.21117371320724487
Cyclist -1 -1 2.65 29.89484405517578 181.20704650878906 84.80270385742188 310.43255615234375 1.6860761642456055 0.5964372158050537 1.7447060346603394 -7.770122528076172 1.6302005648612976 10.255546569824219 2.0025009205398554 0.21040281653404236
Car -1 -1 1.99 0.792717456817627 203.19705200195312 166.5565266609192 351.49346923828125 1.4467865228652954 1.53126060962677 3.387993574142456 -7.288650989532471 1.7941651940345764 9.424354553222656 1.3283265511862243 0.20764654874801636
Van -1 -1 1.99 9.17293930053711 175.84182739257812 336.68383407592773 368.4263000488281 1.8170514106750488 1.703199028968811 4.272396564483643 -4.763077259063721 1.703332543373108 8.653242111206055 1.4856366037793025 0.20737405121326447
Cyclist -1 -1 2.2 -1.54411780834198 178.71182250976562 82.35200035572052 359.718994140625 1.7477788925170898 0.6309610605239868 1.7781578302383423 -5.794585704803467 1.602716863155365 6.873784065246582 1.4993115716671221 0.20543894171714783
Car -1 -1 -2.38 4.545137882232666 170.01084899902344 40.10085916519165 310.00030517578125 1.7181750535964966 1.5644917488098145 3.3325955867767334 -9.017351150512695 1.7144120335578918 9.277029037475586 3.129625307792332 0.20427796244621277
Cyclist -1 -1 1.91 0.2555742561817169 190.30364990234375 107.20647147297859 355.7578430175781 1.684691071510315 0.6312817931175232 1.7198797464370728 -6.001779079437256 1.7100765705108643 7.720921993255615 1.2497328791370599 0.20345689356327057
Pedestrian -1 -1 0.46 644.7958374023438 155.79225158691406 673.4696044921875 231.02684020996094 1.6380882263183594 0.5771116018295288 0.6507738828659058 1.3491922616958618 1.078706830739975 15.60385799407959 0.5496151828856526 0.20147795975208282
Cyclist -1 -1 1.87 206.470458984375 157.30638122558594 340.038818359375 333.92999267578125 1.8271520137786865 0.6555138230323792 1.778532862663269 -3.44199275970459 1.6797159910202026 7.560786247253418 1.4406070257542947 0.2005184292793274
Pedestrian -1 -1 1.29 573.9566650390625 216.76156616210938 624.802490234375 293.2025146484375 1.3110612630844116 0.44520866870880127 0.7225304245948792 -0.10948623716831207 1.8974949717521667 11.554121971130371 1.2851302449031774 0.20046870410442352
Pedestrian -1 -1 2.45 579.1390991210938 156.6649169921875 596.7731323242188 218.54583740234375 1.8461021184921265 0.6158472895622253 0.46746546030044556 -0.3717437982559204 1.0944318622350693 23.773555755615234 2.43930479789403 0.19764156639575958
Pedestrian -1 -1 -2.87 216.68524169921875 169.08743286132812 331.3041076660156 322.0027160644531 1.6523269414901733 0.604256272315979 0.6927410364151001 -3.445216178894043 1.5897265672683716 7.515310287475586 2.985904116757551 0.19721658527851105
Pedestrian -1 -1 -2.5 3.590573787689209 181.59078979492188 94.04623174667358 331.7566223144531 1.7630921602249146 0.6640888452529907 0.7060093879699707 -6.2956743240356445 1.718708097934723 8.228760719299316 3.1263571476854892 0.1969771683216095
Pedestrian -1 -1 -3.1 579.4031372070312 182.14329528808594 635.1483154296875 296.2120361328125 1.4495813846588135 0.5132917165756226 0.7029252052307129 0.06762272864580154 1.504712164402008 9.376362800598145 -3.091746436558827 0.1961328387260437
Car -1 -1 2.47 -2.247894048690796 196.10704040527344 42.83888649940491 359.19720458984375 1.507030725479126 1.5756638050079346 3.459012746810913 -7.923354625701904 1.8330845832824707 7.858060836791992 1.6798499405782277 0.195909321308136
Cyclist -1 -1 -0.39 9.373017311096191 179.9347686767578 61.523484230041504 311.4000549316406 1.680292010307312 0.5685696601867676 1.688193917274475 -6.927392959594727 1.5759303569793701 8.4259614944458 -1.081820174150053 0.1955055445432663
Pedestrian -1 -1 1.42 575.8701171875 228.42123413085938 615.429443359375 289.6763916015625 1.3652063608169556 0.4556376039981842 0.6549698114395142 -0.1692705750465393 2.284992516040802 14.29097843170166 1.407517348708632 0.19542035460472107
Pedestrian -1 -1 -1.81 8.380711555480957 175.3198699951172 41.110859870910645 332.0238342285156 1.8145095109939575 0.5853090882301331 0.8621427416801453 -6.435386657714844 1.7660295963287354 7.514162540435791 -2.5163551952830705 0.19463424384593964
Cyclist -1 -1 2.12 6.076338768005371 171.90711975097656 70.35246181488037 334.2377624511719 1.7085003852844238 0.6384417414665222 1.6830217838287354 -7.3293986320495605 1.6077317595481873 8.854894638061523 1.4240847611815557 0.19435001909732819
Cyclist -1 -1 1.97 232.24380493164062 165.09999084472656 344.40338134765625 331.6689147949219 1.7528703212738037 0.7144941687583923 1.8374524116516113 -3.2133026123046875 1.502961277961731 7.211119174957275 1.5478646233132194 0.1940053403377533
Car -1 -1 1.91 94.60302734375 194.94345092773438 253.45291137695312 297.35333251953125 1.4947563409805298 1.5659862756729126 3.8473048210144043 -7.782282829284668 1.80413156747818 13.595827102661133 1.385707100468455 0.19040518999099731
Pedestrian -1 -1 1.34 606.3113403320312 166.17108154296875 640.43408203125 255.11888122558594 1.670878529548645 0.6022732257843018 0.6638520956039429 0.5056989789009094 1.3028664886951447 13.039027214050293 1.383657256859947 0.18780583143234253
Car -1 -1 2.16 9.313002586364746 189.82989501953125 118.41519832611084 339.72271728515625 1.5071369409561157 1.548068881034851 3.3486175537109375 -8.740550994873047 1.8105706572532654 10.684203147888184 1.4771192395773634 0.18405382335186005
Pedestrian -1 -1 1.57 615.4443969726562 153.392578125 664.4119262695312 269.9109802246094 1.7499738931655884 0.6860398650169373 0.7602540254592896 0.6375328302383423 1.3289580047130585 12.434738159179688 1.6213500358998951 0.18172305822372437
Pedestrian -1 -1 -1.82 -7.387094497680664 176.18896484375 38.65705680847168 279.7034912109375 1.829073429107666 0.621329128742218 0.6916486620903015 -6.0535736083984375 1.4140262603759766 7.090732574462891 -2.523055247147223 0.1816384345293045
Pedestrian -1 -1 1.34 576.3557739257812 163.55062866210938 623.0958862304688 264.6551513671875 1.7406219244003296 0.6424452662467957 0.6451936364173889 0.02599433995783329 1.3760047554969788 12.248635292053223 1.3391332165347087 0.18016672134399414
Pedestrian -1 -1 2.44 581.908447265625 161.82403564453125 599.99609375 224.90481567382812 1.8152589797973633 0.5998841524124146 0.5614980459213257 -0.40584051609039307 1.217732310295105 22.130229949951172 2.41911094423687 0.17805863916873932
Car -1 -1 2.22 5.432620048522949 180.71450805664062 78.4673261642456 343.9158630371094 1.5318268537521362 1.536953091621399 3.3691437244415283 -8.632000923156738 1.7430750727653503 9.588644981384277 1.484690520142827 0.17690584063529968
Car -1 -1 2.32 8.511310577392578 193.1124267578125 51.6099853515625 334.8694763183594 1.742914080619812 1.647762417793274 4.003597259521484 -8.615461349487305 1.8390753269195557 8.742477416992188 1.5384458720896355 0.17505337297916412
Truck -1 -1 1.96 212.78311157226562 164.80995178222656 348.2057189941406 375.4410095214844 3.0150957107543945 2.5003249645233154 7.234638214111328 -4.042848110198975 2.5133659839630127 9.061127662658691 1.542361614542335 0.17442159354686737
Pedestrian -1 -1 -2.05 -5.8831257820129395 209.47555541992188 41.10779905319214 328.2942810058594 1.8200851678848267 0.6220691204071045 0.6837923526763916 -6.670925617218018 1.7053508758544922 7.6539106369018555 -2.7682900331974505 0.17035728693008423