Car -1 -1 -1.69 641.5148315429688 172.89649963378906 684.712890625 212.46109008789062 1.688140630722046 1.6141533851623535 3.52531361579895 2.864650249481201 1.3058143556118011 33.16080856323242 -1.6035870494532283 0.7971173524856567
Pedestrian -1 -1 -0.19 4.042273998260498 172.8815155029297 100.15819501876831 370.7349853515625 1.6072299480438232 0.6556379795074463 0.6107348203659058 -3.6940977573394775 1.6037172675132751 4.637716770172119 -0.8587209085889764 0.7429028153419495
Car -1 -1 1.99 57.62519454956055 139.27232360839844 465.64936447143555 375.9095764160156 1.8150155544281006 1.7565282583236694 4.365536212921143 -2.642982244491577 1.5726750493049622 6.810340404510498 1.620224059020492 0.7237380146980286
Van -1 -1 1.95 50.260005950927734 131.29989624023438 462.6683921813965 374.6094970703125 2.000636100769043 1.8668334484100342 5.12156343460083 -2.8702216148376465 1.7246488332748413 7.221828460693359 1.57405520070931 0.678238570690155
Pedestrian -1 -1 2.11 690.8692016601562 172.38925170898438 714.3261108398438 228.62738037109375 1.6356583833694458 0.6253567337989807 0.5897182822227478 3.03182053565979 1.4133259057998657 21.925657272338867 2.2430124401311495 0.60112464427948
Pedestrian -1 -1 -0.64 81.37899017333984 175.52420043945312 169.52713012695312 329.4605407714844 1.7735295295715332 0.6596934795379639 0.5083152055740356 -5.162457466125488 1.6898230910301208 7.930278301239014 -1.2214673802122569 0.5850867629051208
Pedestrian -1 -1 1.32 769.4029541015625 166.810546875 789.6300659179688 226.09107971191406 1.6753323078155518 0.6163539886474609 0.5237654447555542 5.094981670379639 1.2562217712402344 20.70501136779785 1.5583925809439068 0.5615094304084778
Van -1 -1 -1.7 643.1962280273438 172.48570251464844 686.1607666015625 213.4732208251953 1.9201867580413818 1.7194745540618896 4.134915351867676 3.0380542278289795 1.4431103765964508 34.84210205078125 -1.6141722786028652 0.4332842528820038
Car -1 -1 1.65 544.2192993164062 178.6794891357422 566.88134765625 207.97268676757812 1.4596766233444214 1.46002197265625 3.340690851211548 -2.919555902481079 1.528670847415924 41.71036148071289 1.5821851178124904 0.4036838412284851
Pedestrian -1 -1 2.02 690.4320068359375 174.48931884765625 709.3170166015625 229.54856872558594 1.6235368251800537 0.6239356398582458 0.5255619287490845 2.913482427597046 1.3860747814178467 21.162004470825195 2.1560476756395213 0.36022600531578064
Pedestrian -1 -1 -2.44 10.817802429199219 173.04647827148438 136.8101806640625 369.1592102050781 1.7499895095825195 0.6522048115730286 0.7103480100631714 -3.6250858306884766 1.6395909786224365 4.522867679595947 -3.118932911513676 0.35906171798706055
Car -1 -1 1.67 537.6997680664062 178.6551513671875 561.315673828125 208.11886596679688 1.4937955141067505 1.4409605264663696 3.2773003578186035 -2.836212396621704 1.541576087474823 42.023197174072266 1.5978595916999838 0.35244181752204895
Pedestrian -1 -1 2.05 687.1235961914062 174.69461059570312 717.9641723632812 230.79823303222656 1.6234078407287598 0.6330545544624329 0.604885995388031 2.9481992721557617 1.4549052119255066 20.92457389831543 2.193606082583014 0.34288379549980164
Pedestrian -1 -1 1.98 70.9828872680664 179.6105499267578 160.1327667236328 349.6407165527344 1.6864972114562988 0.6521223783493042 0.6707108020782471 -4.862497806549072 1.7205966711044312 7.411690711975098 1.4014168731493228 0.3205487132072449
Pedestrian -1 -1 -1.4 507.3473205566406 175.23455810546875 520.1847534179688 209.1815948486328 1.7441120147705078 0.6341001391410828 0.6263765096664429 -4.216362476348877 1.4095667600631714 34.88157653808594 -1.5242320421521418 0.29096880555152893
Pedestrian -1 -1 -1.92 544.7876586914062 176.6937713623047 563.2302856445312 210.10507202148438 1.672283411026001 0.629144012928009 0.674528956413269 -2.210275411605835 1.4614923000335693 33.84962844848633 -1.9875340018823975 0.269839346408844
Pedestrian -1 -1 -0.05 74.46392059326172 182.3533935546875 191.81585693359375 338.8941345214844 1.6720908880233765 0.5917649269104004 0.5396565198898315 -5.299023151397705 1.7033653259277344 8.301918983459473 -0.6192396835941834 0.26794007420539856
Pedestrian -1 -1 1.62 511.39862060546875 174.2296600341797 522.972412109375 208.9517364501953 1.7043155431747437 0.6182727813720703 0.6116870045661926 -4.050656318664551 1.3329125940799713 34.65456008911133 1.507402128263717 0.2665832042694092
Pedestrian -1 -1 -2.12 547.4208984375 175.50180053710938 564.7935180664062 208.19496154785156 1.7218012809753418 0.6383151412010193 0.7347333431243896 -2.037790298461914 1.487807273864746 33.88127899169922 -2.1792460997920786 0.26418405771255493
Car -1 -1 -1.74 651.0376586914062 174.07269287109375 686.5598754882812 219.58163452148438 1.6080900430679321 1.512703776359558 3.340430974960327 2.835017204284668 1.3539851307868958 33.77275848388672 -1.6579863542745334 0.2550729811191559
Car -1 -1 2.18 46.59550857543945 179.9024200439453 255.01584243774414 354.2438659667969 1.4688979387283325 1.5216007232666016 3.4789373874664307 -6.450718402862549 1.6067803502082825 9.645707130432129 1.5949757652339498 0.2537662088871002
Cyclist -1 -1 2.4 50.2277717590332 171.5618133544922 212.14815139770508 344.5015563964844 1.6503835916519165 0.6289092302322388 1.6380466222763062 -5.331727027893066 1.6671504378318787 7.785205364227295 1.7950644950737455 0.24941441416740417
Car -1 -1 1.96 72.9782485961914 147.47943115234375 378.28714752197266 350.86181640625 1.7080106735229492 1.689144253730774 3.878877639770508 -3.2963874340057373 1.5114091038703918 7.2455525398254395 1.529826629086494 0.2471480667591095
Cyclist -1 -1 0.11 685.5358276367188 174.14794921875 715.2332153320312 231.9123077392578 1.6412807703018188 0.588435709476471 1.576640009880066 2.8723156452178955 1.3791983723640442 20.814167022705078 0.2507116727258776 0.2467065453529358
Car -1 -1 1.93 34.72876739501953 170.7984619140625 296.05204010009766 356.364501953125 1.5286471843719482 1.5675169229507446 3.7457892894744873 -5.1606669425964355 1.7234808802604675 8.765294075012207 1.3993982472353537 0.24423642456531525
Pedestrian -1 -1 -2.61 62.475826263427734 164.87179565429688 150.37749862670898 351.4831237792969 1.7846041917800903 0.6773931980133057 0.7038447856903076 -3.733114719390869 1.609398603439331 5.130270957946777 3.0443156250561003 0.23882950842380524
Car -1 -1 -1.69 637.9146728515625 174.90509033203125 672.8499145507812 208.00816345214844 1.6375709772109985 1.6168811321258545 3.6683714389801025 2.8954029083251953 1.4196977615356445 33.813514709472656 -1.6028141382979477 0.235678568482399
Pedestrian -1 -1 2.38 33.84646987915039 185.6826934814453 126.73721694946289 365.5935363769531 1.5672000646591187 0.6157366633415222 0.6398878693580627 -3.743633508682251 1.498874545097351 5.045817852020264 1.7388923716384657 0.23331603407859802
Pedestrian -1 -1 -2.64 25.67760467529297 173.1841583251953 159.30248260498047 367.3600769042969 1.6113375425338745 0.6217253804206848 0.6737973690032959 -3.761582612991333 1.5291829109191895 5.133203506469727 3.0094258448923474 0.23231522738933563
Pedestrian -1 -1 -3.0 681.4446411132812 173.8755645751953 720.3862915039062 225.54054260253906 1.7624179124832153 0.6550411581993103 0.6736026406288147 2.9209141731262207 1.4096713662147522 21.024030685424805 -2.8576461869842813 0.22623592615127563
Pedestrian -1 -1 1.56 2.5695672035217285 181.93821716308594 86.9373574256897 339.05303955078125 1.704298734664917 0.5865373611450195 0.7453781962394714 -3.35260009765625 1.4742611646652222 3.9828405380249023 0.8583588877008328 0.2194974571466446
Car -1 -1 1.97 34.508827209472656 163.6234588623047 364.0785598754883 367.79681396484375 1.721274495124817 1.6582039594650269 4.256822109222412 -4.061783790588379 1.7372575998306274 8.195090293884277 1.5115328772356103 0.21888725459575653
Car -1 -1 1.86 284.7872009277344 190.6672821044922 429.46746826171875 286.7021484375 1.4714757204055786 1.5975639820098877 3.9659743309020996 -4.2799153327941895 1.6345728635787964 12.578778266906738 1.533080854825167 0.21590423583984375
Pedestrian -1 -1 -1.85 50.34996795654297 178.53170776367188 210.21358489990234 351.9151916503906 1.649154543876648 0.6364624500274658 0.6753273010253906 -5.049139976501465 1.6833367347717285 7.6292572021484375 -2.4333502468052473 0.21194690465927124
Cyclist -1 -1 2.36 -11.33597469329834 167.9219512939453 95.6664514541626 370.3083190917969 1.70011305809021 0.598496675491333 1.7369128465652466 -3.803924798965454 1.581651747226715 4.4096903800964355 1.6516664542288888 0.21169805526733398
Pedestrian -1 -1 -2.24 44.214290618896484 175.1982879638672 181.81447982788086 364.0032043457031 1.6958085298538208 0.6196441650390625 0.6820545792579651 -4.027814865112305 1.6127204895019531 5.500339984893799 -2.867930206793483 0.2101154774427414
Pedestrian -1 -1 -2.56 20.29109764099121 169.54664611816406 114.04417991638184 371.4308166503906 1.7068172693252563 0.5909459590911865 0.7890116572380066 -3.6419692039489746 1.6733917593955994 4.555920124053955 3.048384600575514 0.2082979828119278
Pedestrian -1 -1 -2.98 0.3706358075141907 155.9492950439453 122.90591412782669 362.3302001953125 1.7216275930404663 0.5881176590919495 0.7141655087471008 -3.597486734390259 1.5425750613212585 4.507668495178223 2.633130578675475 0.20714358985424042
Car -1 -1 2.16 15.340614318847656 85.34012603759766 544.2016372680664 396.4760513305664 1.7408527135849 1.6143015623092651 4.384785175323486 -2.5832133293151855 1.581226885318756 6.1350603103637695 1.7630552138730398 0.20625737309455872
Pedestrian -1 -1 2.62 52.92778778076172 186.34197998046875 140.69508361816406 355.03448486328125 1.6332448720932007 0.6490765810012817 0.6889063715934753 -3.919743776321411 1.5859569311141968 5.4893269538879395 2.0024607809748165 0.20565193891525269
Pedestrian -1 -1 -2.63 538.6094970703125 175.85252380371094 552.9097900390625 210.01882934570312 1.689420223236084 0.607487142086029 0.6504140496253967 -2.615133285522461 1.3796342015266418 34.187278747558594 -2.7084011530572605 0.20114468038082123
Car -1 -1 1.94 153.59173583984375 135.25694274902344 453.2510986328125 339.7107238769531 1.779209852218628 1.741073489189148 4.266457557678223 -3.3453714847564697 1.5303682088851929 9.344169616699219 1.5975115981507635 0.19708962738513947
Cyclist -1 -1 2.06 25.67760467529297 173.1841583251953 159.30248260498047 367.3600769042969 1.652825117111206 0.6005740165710449 1.6311854124069214 -3.909822940826416 1.563202977180481 5.101741313934326 1.4103100570745752 0.19510072469711304
Car -1 -1 1.83 245.5668182373047 191.5232391357422 393.8143005371094 289.9262390136719 1.4564292430877686 1.603266954421997 4.089929103851318 -4.767501354217529 1.6211882829666138 12.643217086791992 1.468133082398543 0.19397172331809998
Pedestrian -1 -1 0.87 79.08790588378906 178.59446716308594 154.66404724121094 319.009521484375 1.5705316066741943 0.5469400882720947 0.5303546190261841 -4.914037704467773 1.5175686478614807 7.344883441925049 0.2757032993361612 0.18993553519248962
Van -1 -1 2.15 56.47239303588867 92.49309539794922 417.5952262878418 357.1965560913086 2.219312906265259 1.9902435541152954 5.563910961151123 -3.1474828720092773 1.6709491610527039 7.090585708618164 1.7363405515876087 0.18777182698249817
Pedestrian -1 -1 -1.44 544.2192993164062 178.6794891357422 566.88134765625 207.97268676757812 1.720670461654663 0.6182401776313782 0.6899080276489258 -2.2994301319122314 1.5143640041351318 34.26520919799805 -1.5090676616004588 0.1870754212141037
Car -1 -1 1.67 547.6634521484375 178.10960388183594 569.4441528320312 206.4020538330078 1.4660803079605103 1.533684492111206 3.561263084411621 -2.8179221153259277 1.5104007720947266 42.434364318847656 1.6062650600080284 0.18432337045669556
Cyclist -1 -1 -0.84 651.0376586914062 174.07269287109375 686.5598754882812 219.58163452148438 1.7900784015655518 0.5936382412910461 1.6808247566223145 2.22161865234375 1.410387933254242 21.70507049560547 -0.7399382946435153 0.18069681525230408
Van -1 -1 2.14 -5.97863245010376 91.45748901367188 544.5476126670837 392.3632507324219 2.4621665477752686 2.2521555423736572 5.601653099060059 -3.024242401123047 1.6066720485687256 7.241547584533691 1.7407446072137756 0.17005322873592377
Pedestrian -1 -1 2.77 -6.8848557472229 163.44776916503906 228.4927840232849 373.2173156738281 1.7811698913574219 0.48178622126579285 0.9466543793678284 -3.780642032623291 1.6564151644706726 4.919577121734619 2.116099187285066 0.1646716296672821
Pedestrian -1 -1 2.44 651.0376586914062 174.07269287109375 686.5598754882812 219.58163452148438 1.669393539428711 0.6335464119911194 0.7297737002372742 2.292184591293335 1.348912000656128 23.271202087402344 2.5392565115879506 0.14489248394966125
Car -1 -1 2.13 33.613304138183594 173.64955139160156 194.7593002319336 364.2724914550781 1.5105286836624146 1.5621072053909302 3.544872999191284 -6.264767169952393 1.9178054928779602 7.139777183532715 1.4048902212637717 0.13120095431804657