Van -1 -1 -1.7 599.9346923828125 144.23797607421875 710.5317993164062 253.90396118164062 2.5226149559020996 2.041125535964966 5.68341588973999 1.1849634647369385 1.5647822320461273 19.31481170654297 -1.6339151428687089 0.8389320373535156
Pedestrian -1 -1 -0.13 739.8890380859375 173.2823028564453 784.8137817382812 276.63818359375 1.7204864025115967 0.6225734949111938 0.6812876462936401 2.59898042678833 1.5409386157989502 11.643383979797363 0.08948849271163617 0.775628924369812
Pedestrian -1 -1 2.54 420.2735900878906 176.79708862304688 445.5262451171875 237.4205322265625 1.727327823638916 0.6295886635780334 0.7930032014846802 -4.853517055511475 1.5782554149627686 20.901145935058594 2.3154426040497054 0.7464845776557922
Pedestrian -1 -1 1.23 1153.716064453125 144.58676147460938 1239.318115234375 379.82080078125 1.6531590223312378 0.6052373051643372 0.7588414549827576 4.056497573852539 1.441772699356079 4.571042537689209 1.9528174358904131 0.6516488790512085
Pedestrian -1 -1 1.97 1169.047607421875 156.49453735351562 1236.0340576171875 356.6526184082031 1.7240926027297974 0.6233060359954834 0.6040670871734619 4.8866376876831055 1.4872148633003235 5.6404008865356445 2.6797223368666003 0.5759834051132202
Car -1 -1 -2.45 -2.2376909255981445 251.2610321044922 235.9107313156128 375.4925537109375 1.487528681755066 1.56523859500885 3.5848467350006104 -2.4785923957824707 1.6557894945144653 1.8153401613235474 2.8915211356762907 0.5288826823234558
Cyclist -1 -1 2.05 244.34402465820312 174.81776428222656 312.7599182128906 293.7926330566406 1.6673924922943115 0.6351515650749207 1.7767939567565918 -5.005178451538086 1.5995661616325378 11.20827865600586 1.6347386419244003 0.4200678765773773
Pedestrian -1 -1 1.18 521.4598999023438 179.85340881347656 536.1881713867188 216.9473876953125 1.8253459930419922 0.6338642835617065 0.9362583756446838 -3.4142849445343018 1.740985095500946 34.1171989440918 1.077311765569302 0.4051704406738281
Cyclist -1 -1 0.06 741.3462524414062 174.2935333251953 787.3458251953125 275.7415466308594 1.6486003398895264 0.5450860857963562 1.6849571466445923 2.750014066696167 1.5513142347335815 12.200261116027832 0.2812199332260015 0.4005219340324402
Truck -1 -1 -1.63 605.2718505859375 147.171142578125 705.13330078125 253.47544860839844 3.2270243167877197 2.5119481086730957 7.507430553436279 1.3195422887802124 1.968251883983612 21.358840942382812 -1.5666894904460378 0.3935929238796234
Pedestrian -1 -1 -3.01 245.64505004882812 171.24557495117188 311.44097900390625 292.2220458984375 1.6744328737258911 0.6109496355056763 0.5284687876701355 -4.822476863861084 1.6434695720672607 10.84032154083252 2.8546669226525694 0.38906434178352356
Pedestrian -1 -1 -2.82 255.64283752441406 175.23388671875 309.27105712890625 284.3246765136719 1.7187397480010986 0.6054081320762634 0.6898415088653564 -5.088404655456543 1.6232410073280334 11.504074096679688 3.041948295018166 0.38121771812438965
Car -1 -1 0.96 884.0435180664062 219.56558227539062 1207.247314453125 376.1443176269531 1.4051774740219116 1.5566070079803467 3.2967724800109863 3.620365858078003 1.6682083010673523 5.913389682769775 1.508689119090314 0.3495694398880005
Cyclist -1 -1 1.94 250.53604125976562 172.81195068359375 310.17950439453125 277.19000244140625 1.7276753187179565 0.6382649540901184 1.796481728553772 -5.724796772003174 1.6829560995101929 13.01310920715332 1.5258058907905285 0.33015161752700806
Car -1 -1 -1.02 740.4840698242188 173.1004638671875 785.6466674804688 276.2562255859375 1.6150503158569336 1.5425094366073608 3.0478193759918213 3.148439884185791 1.5552928447723389 13.936357498168945 -0.8001731029488557 0.3183475434780121
Cyclist -1 -1 -1.48 1156.5992431640625 147.8059539794922 1238.53515625 378.0909118652344 1.6866289377212524 0.5200453996658325 1.7047979831695557 4.290790557861328 1.4840509295463562 4.668098449707031 -0.7324203706323846 0.31697139143943787
Pedestrian -1 -1 0.33 736.7996826171875 177.97317504882812 775.00341796875 279.3228759765625 1.603156328201294 0.5714704990386963 0.7338606715202332 2.539445400238037 1.5316226482391357 11.682828903198242 0.539117291439545 0.3020643889904022
Cyclist -1 -1 -2.96 422.3656005859375 176.84854125976562 448.7174072265625 237.07431030273438 1.666020393371582 0.5836151242256165 1.7160958051681519 -4.997183799743652 1.5594326257705688 21.51561164855957 3.0927708165111483 0.27294275164604187
Pedestrian -1 -1 0.15 1170.923095703125 172.69468688964844 1228.6175537109375 327.63800048828125 1.7734256982803345 0.5959681272506714 0.7518937587738037 4.786832809448242 1.4866917729377747 5.367233753204346 0.8761083239252097 0.27163639664649963
Pedestrian -1 -1 0.51 523.7219848632812 179.12435913085938 537.9429321289062 218.50755310058594 1.7853071689605713 0.5967661142349243 0.930194079875946 -3.297830581665039 1.6549367308616638 33.38394546508789 0.4073747295084895 0.2619669735431671
Car -1 -1 -1.47 -2.212561845779419 203.3256072998047 243.04120707511902 392.9696044921875 1.4943161010742188 1.5891200304031372 3.996317148208618 -2.2733848094940186 1.3734186887741089 1.7656692266464233 -2.3785897421521387 0.2604408264160156
Pedestrian -1 -1 2.34 1158.5562744140625 168.47515869140625 1231.5299072265625 369.69390869140625 1.709488868713379 0.6216086745262146 0.7451542615890503 4.899041175842285 1.5735719799995422 5.654996871948242 3.0513958571769013 0.24368862807750702
Pedestrian -1 -1 1.31 1187.2764892578125 150.23899841308594 1237.89697265625 353.31793212890625 1.694328784942627 0.6363449096679688 0.5960807204246521 4.885382175445557 1.4416835308074951 5.523131847381592 2.0376927451558604 0.24110744893550873
Pedestrian -1 -1 0.14 258.7020263671875 175.9745635986328 301.8817443847656 272.54425048828125 1.7324081659317017 0.587654173374176 0.6484038829803467 -5.4589385986328125 1.597651720046997 12.08236026763916 -0.28308315356983016 0.22082915902137756
Car -1 -1 -0.69 3.062471628189087 241.72735595703125 305.9709188938141 394.1334228515625 1.3746285438537598 1.5428175926208496 3.508253812789917 -2.345766544342041 1.6962778568267822 2.308335542678833 -1.4796118147781572 0.2196933478116989
Pedestrian -1 -1 2.31 1145.1844482421875 173.54052734375 1217.2392578125 360.13275146484375 1.599999189376831 0.5563197135925293 0.6090124249458313 4.2232584953308105 1.4839625358581543 4.954784870147705 3.020459860330641 0.21494512259960175
Car -1 -1 -1.67 606.003173828125 161.2946319580078 703.8302001953125 251.4252471923828 1.9642691612243652 1.7305327653884888 4.262162208557129 1.228934645652771 1.5716997385025024 18.605607986450195 -1.599481083195629 0.21351349353790283
Cyclist -1 -1 3.02 1167.5572509765625 153.95852661132812 1235.6673583984375 353.6221618652344 1.6342544555664062 0.5683662295341492 1.6802878379821777 5.109026908874512 1.4428710341453552 5.718588352203369 -2.532775668620637 0.20504242181777954
Pedestrian -1 -1 0.36 745.8062133789062 176.50440979003906 789.5559692382812 273.9099426269531 1.6832877397537231 0.5821331739425659 0.7858314514160156 2.694607734680176 1.5133474469184875 11.743592262268066 0.5893703888026485 0.20348969101905823
Cyclist -1 -1 1.49 225.56997680664062 178.19619750976562 319.6649475097656 295.1973571777344 1.6511656045913696 0.6431298851966858 1.805480718612671 -4.738672733306885 1.6372145414352417 10.696944236755371 1.0762055422494825 0.19458498060703278
Cyclist -1 -1 -1.35 519.708251953125 179.4478759765625 539.321533203125 219.79100036621094 1.7670190334320068 0.541067898273468 1.7599201202392578 -3.208740234375 1.7113530039787292 32.14132308959961 -1.4475215930645131 0.19408515095710754
Pedestrian -1 -1 1.17 576.20166015625 177.98068237304688 586.7783813476562 206.91510009765625 1.7856085300445557 0.624945342540741 0.808525800704956 -1.1105684041976929 1.6217727065086365 42.846046447753906 1.144046941298548 0.19291186332702637
Car -1 -1 -2.38 15.318345069885254 145.24403381347656 262.7395944595337 384.06689453125 1.8778808116912842 1.6438848972320557 3.860786199569702 -2.366288423538208 1.5115739107131958 1.7927662134170532 2.981459265266415 0.18736663460731506
Pedestrian -1 -1 0.34 1178.928466796875 159.42701721191406 1237.81640625 297.92889404296875 1.6695935726165771 0.5802202224731445 0.7771016359329224 4.624485969543457 1.2798051834106445 5.127551555633545 1.0734098082484866 0.18482916057109833
Pedestrian -1 -1 -0.25 1164.5802001953125 184.4932403564453 1240.45751953125 349.8543701171875 1.7584006786346436 0.649160623550415 0.6954089403152466 3.716773748397827 1.4488486647605896 4.103693962097168 0.4813177486299942 0.18396581709384918
Pedestrian -1 -1 -1.67 1180.641357421875 198.51597595214844 1243.22900390625 343.9411926269531 1.6826188564300537 0.6480423808097839 0.703205943107605 4.303668022155762 1.4705098271369934 4.706135272979736 -0.9253913539949492 0.1689194291830063
Car -1 -1 -2.46 -7.565781116485596 172.40945434570312 237.7517695426941 373.849365234375 1.7934658527374268 1.5631462335586548 3.8925514221191406 -2.3840572834014893 1.5412607192993164 1.7749704122543335 2.889783093679654 0.16525404155254364
Car -1 -1 -2.39 -2.0050153732299805 103.6016845703125 225.38571643829346 387.13128662109375 2.009030342102051 1.5752432346343994 4.01165771484375 -2.2645585536956787 1.5013487040996552 1.5387731790542603 2.920664587363108 0.14785604178905487