Car -1 -1 -1.3 217.2713165283203 179.4380645751953 448.01434326171875 343.644775390625 1.5936744213104248 1.6288056373596191 3.80168080329895 -3.157658100128174 1.549029529094696 9.025238037109375 -1.6383208590518104 0.9047392010688782
Car -1 -1 -1.55 558.4813232421875 177.02540588378906 605.72314453125 219.80856323242188 1.6483489274978638 1.7346203327178955 4.106235504150391 -1.052986741065979 1.3171890079975128 29.70839500427246 -1.586654058821722 0.870564341545105
Car -1 -1 -1.42 379.2835998535156 184.07891845703125 475.384033203125 255.64453125 1.4646629095077515 1.6210274696350098 3.7152822017669678 -4.144516468048096 1.5017261505126953 17.236486434936523 -1.652566504311082 0.8673005700111389
Car -1 -1 -0.89 2.673360824584961 192.39659118652344 179.4677333831787 319.0739440917969 1.3711400032043457 1.6215367317199707 4.10146427154541 -7.764904022216797 1.5232837796211243 9.843955039978027 -1.5571415327527145 0.8631003499031067
Car -1 -1 -1.11 141.5281219482422 184.8941192626953 248.8080596923828 233.87940979003906 1.4018619060516357 1.6487352848052979 3.8008487224578857 -13.261866569519043 1.4147542715072632 23.471521377563477 -1.6210132373604322 0.852123498916626
Van -1 -1 -1.02 471.371826171875 156.0800018310547 533.3305053710938 215.3675079345703 2.625300645828247 2.0798025131225586 6.015664100646973 -5.093776702880859 1.3280580369755626 35.342979431152344 -1.1647815694785848 0.7531324625015259
Truck -1 -1 1.79 390.2591247558594 154.48590087890625 443.87298583984375 208.41989135742188 3.345745801925659 2.442652463912964 8.263371467590332 -12.395747184753418 1.4732579439878464 48.45803451538086 1.5391843061434285 0.5109424591064453
Truck -1 -1 1.44 477.1856689453125 150.58180236816406 532.7032470703125 213.05133056640625 3.180140972137451 2.387460947036743 7.6634745597839355 -5.334424018859863 1.4627315998077393 38.09339904785156 1.2974120842670125 0.46797987818717957
Car -1 -1 1.01 152.2954559326172 178.2191162109375 228.34097290039062 210.0069580078125 1.5071972608566284 1.6146061420440674 4.197229385375977 -22.24541473388672 1.2336711883544922 38.52663040161133 0.49057079892578725 0.4474577009677887
Car -1 -1 -0.46 148.00238037109375 180.50259399414062 241.9904022216797 220.21871948242188 1.4663413763046265 1.5882563591003418 4.050745964050293 -18.03285789489746 1.3676060438156128 31.325172424316406 -0.9773631851215221 0.39965319633483887
Car -1 -1 0.76 722.4434204101562 171.9006805419922 1105.01708984375 377.256103515625 1.8233842849731445 1.5991331338882446 3.993403434753418 1.4148319959640503 1.7504000067710876 2.8001084327697754 1.2306458213065774 0.2940670847892761
Car -1 -1 1.98 255.04286193847656 185.67274475097656 362.2879333496094 232.90306091308594 1.5956538915634155 1.5902940034866333 3.8615026473999023 -9.995352745056152 1.5953006744384766 24.163846969604492 1.587081363055268 0.2741745114326477
Cyclist -1 -1 1.03 701.9796752929688 183.02127075195312 735.411376953125 213.08607482910156 1.7338303327560425 0.5898417830467224 1.7442207336425781 5.7140021324157715 1.6280865669250488 37.02341079711914 1.1872965389254073 0.24621035158634186
Car -1 -1 1.72 678.5485229492188 175.2865447998047 706.4118041992188 202.613037109375 1.4723151922225952 1.6584608554840088 4.68326473236084 5.865936279296875 1.1881107687950134 49.92898941040039 1.834510996271832 0.24094919860363007
Car -1 -1 -1.14 471.5078430175781 157.0882110595703 531.2732543945312 215.2328338623047 2.2668778896331787 1.8349837064743042 4.4705023765563965 -4.831799507141113 1.3103452026844025 33.01072692871094 -1.2875324106315498 0.2234678417444229
Cyclist -1 -1 0.61 705.5848388671875 183.3782501220703 741.096923828125 214.14134216308594 1.7312642335891724 0.574781596660614 1.723831057548523 5.993464469909668 1.6606894731521606 37.06425094604492 0.7703117616489017 0.22308111190795898
Cyclist -1 -1 1.14 678.5485229492188 175.2865447998047 706.4118041992188 202.613037109375 1.715325951576233 0.522348165512085 1.7542986869812012 4.837136745452881 1.2826531529426575 41.038734436035156 1.258931875891843 0.21640081703662872
Van -1 -1 1.39 485.5273132324219 162.77992248535156 537.043701171875 211.12594604492188 2.415381908416748 2.043560266494751 6.0779523849487305 -5.2030863761901855 1.3677910417318344 36.43611145019531 1.2457147175656225 0.21592159569263458
Pedestrian -1 -1 0.57 389.2354431152344 153.59597778320312 446.37969970703125 208.8009796142578 1.7186678647994995 0.6576623320579529 0.6465411186218262 -10.213042259216309 1.131038874387741 38.31260299682617 0.3087388522430672 0.21487052738666534
Cyclist -1 -1 0.02 476.80322265625 152.65966796875 531.6326904296875 214.30992126464844 2.000056028366089 0.5722079277038574 1.9888191223144531 -4.086919784545898 1.1645768582820892 27.56495475769043 -0.13095206283159522 0.209490105509758
Car -1 -1 -1.26 130.16981506347656 188.41847229003906 251.4235382080078 239.23631286621094 1.4051138162612915 1.6577717065811157 3.954515218734741 -12.895502090454102 1.4320155382156372 23.084047317504883 -1.767749821541381 0.20917382836341858
Car -1 -1 2.27 680.9869995117188 178.56126403808594 710.994140625 206.2593994140625 1.5122944116592407 1.6566017866134644 4.564225196838379 6.130703449249268 1.4231070280075073 49.353424072265625 2.391007056704586 0.20788314938545227
Car -1 -1 -1.7 141.4265594482422 182.1416473388672 266.998779296875 238.0742645263672 1.3587944507598877 1.5986127853393555 3.8041932582855225 -13.206852912902832 1.5111935138702393 23.347253799438477 -2.2123202590268765 0.20327486097812653
Van -1 -1 1.46 475.5462951660156 166.24827575683594 531.20458984375 217.3624267578125 2.300609827041626 2.025890350341797 5.677675247192383 -5.124536514282227 1.4554754495620728 35.627437591552734 1.3219995357914858 0.20248736441135406
Cyclist -1 -1 1.27 698.6461791992188 184.74502563476562 729.515380859375 216.3257598876953 1.7107312679290771 0.5732645392417908 1.7134895324707031 5.306534290313721 1.6394519209861755 36.155311584472656 1.4140732508430105 0.20046460628509521
Car -1 -1 -1.43 404.71697998046875 186.43313598632812 476.0682678222656 247.19154357910156 1.4682236909866333 1.535326600074768 3.5391669273376465 -4.180213451385498 1.4599022269248962 18.243690490722656 -1.6509647644802374 0.19728389382362366
Cyclist -1 -1 1.27 695.990478515625 182.24530029296875 725.696044921875 212.5025634765625 1.7283198833465576 0.5826311111450195 1.764719843864441 5.240268230438232 1.570943295955658 37.337703704833984 1.4112772286968607 0.19586463272571564
Cyclist -1 -1 1.31 678.61474609375 181.45880126953125 705.9312744140625 209.47430419921875 1.754522442817688 0.539375364780426 1.701831579208374 4.731588840484619 1.5046534538269043 40.305702209472656 1.427178340217142 0.19517983496189117
Car -1 -1 -1.57 356.8607177734375 183.28590393066406 466.1360168457031 262.58251953125 1.4679726362228394 1.6322656869888306 3.732025384902954 -4.162049770355225 1.5545332431793213 17.003520965576172 -1.8085973994169837 0.19427159428596497
Car -1 -1 -1.32 222.2953643798828 174.483154296875 427.3345947265625 312.3296203613281 1.5993144512176514 1.611566185951233 3.9429798126220703 -3.2800216674804688 1.5192941427230835 9.056654930114746 -1.6678387268101327 0.1940917670726776
Cyclist -1 -1 1.02 680.9869995117188 178.56126403808594 710.994140625 206.2593994140625 1.7400074005126953 0.5474697351455688 1.7468594312667847 5.042949199676514 1.4586862921714783 40.35521697998047 1.14119813462211 0.1900225281715393
Cyclist -1 -1 1.39 677.6334838867188 177.723388671875 702.1995239257812 206.0160675048828 1.7472167015075684 0.5289135575294495 1.7236217260360718 4.657294273376465 1.407044231891632 41.078128814697266 1.5038317159817556 0.18664902448654175
Cyclist -1 -1 1.24 698.2836303710938 180.46194458007812 731.5819091796875 210.14337158203125 1.731327772140503 0.5801892280578613 1.770212173461914 5.645576000213623 1.5065966844558716 38.43229675292969 1.386384509734551 0.18634289503097534
Truck -1 -1 1.86 388.10723876953125 161.64405822753906 448.5271911621094 216.62142944335938 3.399610996246338 2.3692030906677246 7.924246788024902 -12.486474990844727 1.6769427508115768 48.27553176879883 1.610849554624882 0.18604813516139984
Van -1 -1 1.71 389.2354431152344 153.59597778320312 446.37969970703125 208.8009796142578 2.770909070968628 2.189401149749756 5.982212543487549 -11.599638938903809 1.2606237977743149 44.553672790527344 1.4556805818008236 0.18598002195358276
Pedestrian -1 -1 1.4 1.0064116716384888 173.47967529296875 15.203851819038391 228.8892364501953 1.7295231819152832 0.6571061611175537 0.5406104326248169 -19.50834083557129 1.3863104581832886 22.897279739379883 0.6917856077197864 0.18014323711395264
Car -1 -1 2.55 208.13516235351562 177.8059539794922 277.4814758300781 209.42938232421875 1.6162080764770508 1.5547629594802856 3.5917513370513916 -18.507089614868164 1.358107566833496 36.683773040771484 2.079693163862556 0.17756545543670654
Car -1 -1 1.65 677.6334838867188 177.723388671875 702.1995239257812 206.0160675048828 1.4940648078918457 1.583306074142456 4.4935173988342285 5.736127853393555 1.3381362557411194 49.73408889770508 1.7603103977561236 0.17735978960990906
Car -1 -1 2.6 701.9796752929688 183.02127075195312 735.411376953125 213.08607482910156 1.5467438697814941 1.6184782981872559 4.007908344268799 7.158291816711426 1.681106984615326 46.714683532714844 2.7523115830289395 0.17467397451400757
Car -1 -1 2.23 698.2836303710938 180.46194458007812 731.5819091796875 210.14337158203125 1.5270359516143799 1.6104212999343872 4.167690277099609 7.244006156921387 1.4927043318748474 49.57196807861328 2.371306172839434 0.1744256466627121
Cyclist -1 -1 0.05 704.3950805664062 187.37039184570312 746.8248291015625 221.8405303955078 1.7097234725952148 0.5402327179908752 1.6370340585708618 6.322969436645508 1.9328449964523315 38.612796783447266 0.2120043543759893 0.174083411693573
Car -1 -1 -2.94 705.5848388671875 183.3782501220703 741.096923828125 214.14134216308594 1.5359776020050049 1.6400262117385864 4.092151165008545 7.465460777282715 1.7127469182014465 46.51768112182617 -2.777496223195344 0.17168599367141724
Cyclist -1 -1 1.11 681.6885986328125 181.73329162597656 710.3311767578125 210.05239868164062 1.7426307201385498 0.5471693277359009 1.712982177734375 5.024562835693359 1.5522527694702148 40.15244674682617 1.2360304526822947 0.16864030063152313
Truck -1 -1 2.03 389.804931640625 166.30418395996094 456.5770568847656 222.4051513671875 3.3925952911376953 2.4278993606567383 8.273953437805176 -12.066465377807617 1.777186281979084 47.43480682373047 1.7816548482821366 0.16844964027404785
Car -1 -1 -1.54 555.802978515625 177.38375854492188 596.2286987304688 213.14468383789062 1.6082932949066162 1.6840146780014038 4.164413928985596 -1.2489573955535889 1.3104560375213623 33.465885162353516 -1.5767448398803054 0.16836366057395935
Car -1 -1 1.73 678.61474609375 181.45880126953125 705.9312744140625 209.47430419921875 1.5070996284484863 1.5601156949996948 4.299335479736328 5.771566390991211 1.530764400959015 48.99045944213867 1.8520640274411377 0.16672080755233765
Car -1 -1 1.87 695.0615234375 180.09849548339844 726.0106201171875 209.24993896484375 1.5151132345199585 1.5932691097259521 4.192843914031982 7.101953983306885 1.4463083148002625 50.13606643676758 2.0116185286640293 0.16440674662590027
Car -1 -1 -2.84 686.7240600585938 179.0518341064453 718.3051147460938 206.89645385742188 1.5415061712265015 1.685417890548706 4.507228851318359 6.625481128692627 1.4681369066238403 49.00764465332031 -2.7011500104406467 0.1594555526971817
Car -1 -1 2.1 248.46702575683594 184.75914001464844 333.94110107421875 226.43426513671875 1.5597844123840332 1.530497670173645 3.4383819103240967 -12.812165260314941 1.5698015689849854 29.71581268310547 1.6950790500102624 0.1588263213634491
Cyclist -1 -1 0.05 702.29833984375 187.01060485839844 739.6341552734375 219.95962524414062 1.734989047050476 0.5530468225479126 1.641699194908142 6.131603717803955 1.9105268120765686 38.747440338134766 0.21158893145097135 0.15705865621566772
Car -1 -1 2.17 681.6885986328125 181.73329162597656 710.3311767578125 210.05239868164062 1.5009925365447998 1.5988796949386597 4.322688579559326 6.138803005218506 1.5826187133789062 48.928165435791016 2.2990192639234106 0.14980457723140717