Car -1 -1 1.86 266.5498046875 186.5075225830078 474.46722412109375 325.7373962402344 1.3863425254821777 1.6134337186813354 3.898831367492676 -2.968322992324829 1.6406901478767395 9.69318962097168 1.5655029865063703 0.8840417861938477
Car -1 -1 -1.8 664.8997192382812 171.5924530029297 808.0463256835938 276.7772521972656 1.6273574829101562 1.6679399013519287 4.087957859039307 2.1236939430236816 1.6344679594039917 13.1870756149292 -1.6362930472822317 0.8810062408447266
Car -1 -1 -1.64 615.1065673828125 175.6302947998047 643.6305541992188 199.04026794433594 1.403838872909546 1.59809148311615 3.7526843547821045 1.2382328510284424 1.6243383884429932 46.32639694213867 -1.6140899213725417 0.8045675754547119
Car -1 -1 -2.92 181.3597412109375 181.79783630371094 376.6196594238281 252.61160278320312 1.448990821838379 1.6121470928192139 3.5642192363739014 -7.03627347946167 1.6239477396011353 15.535202980041504 2.9406851521175374 0.788635790348053
Car -1 -1 2.01 314.31866455078125 175.27210998535156 440.29608154296875 239.22268676757812 1.454502820968628 1.54802668094635 3.4913699626922607 -6.060654163360596 1.582109272480011 18.867692947387695 1.7020760429477688 0.7498205304145813
Car -1 -1 -2.86 429.96728515625 168.0360107421875 523.045166015625 204.83522033691406 1.7262136936187744 1.6940773725509644 4.222185134887695 -6.755950927734375 1.542417287826538 36.885501861572266 -3.040949983111444 0.727567732334137
Car -1 -1 0.64 371.28057861328125 175.99127197265625 485.21142578125 216.0970916748047 1.4621106386184692 1.6495636701583862 4.202430248260498 -6.831248760223389 1.5811817646026611 27.531564712524414 0.399372761578511 0.6487113237380981
Van -1 -1 -2.67 432.2649230957031 164.69378662109375 521.9865112304688 205.2339630126953 1.9587950706481934 1.739760160446167 4.527396202087402 -7.226415634155273 1.6766167283058167 39.615867614746094 -2.850555653938228 0.6395070552825928
Car -1 -1 -2.76 419.9618835449219 166.52740478515625 513.2268676757812 207.49343872070312 1.7515313625335693 1.7359435558319092 4.02804708480835 -6.722262859344482 1.5380887389183044 33.729671478271484 -2.952195209151105 0.6143144965171814
Car -1 -1 -2.86 393.13616943359375 174.16513061523438 497.1047058105469 210.89903259277344 1.5189825296401978 1.621144413948059 3.7785887718200684 -7.015602111816406 1.5882509350776672 30.84893798828125 -3.0803569865841833 0.5477820634841919
Car -1 -1 -2.76 411.63494873046875 172.65504455566406 506.3784484863281 208.34085083007812 1.5478845834732056 1.6627427339553833 4.235713958740234 -7.011310577392578 1.5837761759757996 33.21961975097656 -2.9723670466573324 0.5473951697349548
Car -1 -1 3.01 443.5840759277344 169.8450164794922 526.073974609375 202.79580688476562 1.6823824644088745 1.6455374956130981 4.3642377853393555 -6.74248743057251 1.5465713143348694 39.79251480102539 2.839097901732428 0.5176411867141724
Car -1 -1 -1.63 612.0276489257812 172.45791625976562 639.9456176757812 198.09747314453125 1.43849778175354 1.5739847421646118 3.8562095165252686 1.2112066745758057 1.6030080914497375 45.88447952270508 -1.6026695013907544 0.5009744763374329
Car -1 -1 1.3 327.6514587402344 178.58811950683594 456.1311950683594 235.6577911376953 1.487308382987976 1.583926796913147 3.676328659057617 -5.887044429779053 1.6045972108840942 19.32896614074707 1.0002177214123904 0.47776052355766296
Car -1 -1 -3.09 468.118896484375 171.83816528320312 534.7364501953125 197.24343872070312 1.6002529859542847 1.6605204343795776 4.208899974822998 -7.184120178222656 1.601301908493042 48.52638244628906 3.0483273306698155 0.4483727216720581
Car -1 -1 1.93 280.8616638183594 182.2821807861328 470.05023193359375 298.9803466796875 1.423933506011963 1.5730764865875244 3.698225259780884 -3.0446181297302246 1.554946482181549 9.700732231140137 1.6247974704288861 0.41288498044013977
Car -1 -1 2.09 190.9160919189453 176.42523193359375 396.4429016113281 261.03399658203125 1.4200701713562012 1.6019290685653687 3.861173391342163 -7.116219997406006 1.5339001417160034 15.727644920349121 1.6604770646838132 0.3625347316265106
Car -1 -1 0.96 297.9919128417969 177.87530517578125 443.7272644042969 251.06686401367188 1.4768567085266113 1.5756542682647705 3.7096245288848877 -5.527121543884277 1.5466601252555847 18.23629379272461 0.6665546265571418 0.33609655499458313
Car -1 -1 -1.64 607.2349853515625 168.49317932128906 635.1661376953125 195.5542755126953 1.481141209602356 1.5600557327270508 3.6096489429473877 1.210179090499878 1.6470679640769958 46.867855072021484 -1.6178187102518429 0.33176615834236145
Car -1 -1 1.95 224.71469116210938 183.6719512939453 470.0135803222656 315.3498840332031 1.4774293899536133 1.5900213718414307 3.6845948696136475 -3.36830472946167 1.68736070394516 10.005833625793457 1.622422404062803 0.3268771469593048
Car -1 -1 1.77 292.4420471191406 178.9197998046875 461.437255859375 276.2762756347656 1.4593865871429443 1.58462655544281 3.6472859382629395 -4.112705707550049 1.5875337719917297 12.900433540344238 1.461339053380443 0.31118932366371155
Car -1 -1 2.02 236.1870574951172 183.91387939453125 443.65985107421875 291.96087646484375 1.411850929260254 1.5923080444335938 3.987396717071533 -4.7007951736450195 1.6691340208053589 12.552450180053711 1.6600119257855805 0.30464690923690796
Car -1 -1 2.24 225.01756286621094 180.3879852294922 418.91741943359375 264.8116455078125 1.4503155946731567 1.6261314153671265 4.109111785888672 -6.264206409454346 1.6031240224838257 15.276241302490234 1.8462096727907884 0.3023534417152405
Car -1 -1 2.92 457.11749267578125 171.4394073486328 530.2092895507812 200.88197326660156 1.65473210811615 1.6320056915283203 4.361059188842773 -6.890396595001221 1.5405903458595276 43.8214111328125 2.7630265812040573 0.28678080439567566
Car -1 -1 1.27 347.255126953125 175.3371124267578 468.2480163574219 223.54812622070312 1.4388351440429688 1.5929529666900635 3.6933343410491943 -6.904998302459717 1.6170820593833923 25.044511795043945 0.99719607845834 0.27493447065353394
Car -1 -1 1.84 319.13800048828125 182.48260498046875 435.8258056640625 251.21253967285156 1.4275920391082764 1.5394041538238525 3.525521755218506 -5.498464584350586 1.6900781989097595 17.364498138427734 1.5303440780955473 0.23725059628486633
Van -1 -1 -2.58 425.34515380859375 169.4833984375 507.9062805175781 206.88975524902344 1.9102479219436646 1.7191520929336548 4.100956916809082 -7.307210445404053 1.658858597278595 36.63576126098633 -2.773828611916124 0.21328747272491455
Car -1 -1 1.3 184.2829132080078 183.27171325683594 413.3985595703125 275.7898864746094 1.4942947626113892 1.5328928232192993 3.936734199523926 -5.641986846923828 1.7167364358901978 13.533169746398926 0.9061606380033327 0.20218513906002045
Car -1 -1 1.21 367.7181396484375 176.7125701904297 463.2914733886719 213.79931640625 1.4267693758010864 1.5589299201965332 3.9328949451446533 -7.374784469604492 1.6072876453399658 28.117427825927734 0.9504559578256035 0.19914229214191437
Car -1 -1 1.95 291.0014953613281 179.29339599609375 437.9557189941406 235.8927764892578 1.4492197036743164 1.5976452827453613 3.81674861907959 -6.424327373504639 1.575787901878357 20.026966094970703 1.6392035009738777 0.19516246020793915
Van -1 -1 -2.68 442.9620666503906 169.1355743408203 520.7811889648438 202.94862365722656 1.9769984483718872 1.803849458694458 4.432490825653076 -7.269725322723389 1.7074900269508362 40.407955169677734 -2.854386588366941 0.19116607308387756
Car -1 -1 2.72 144.42752075195312 191.63743591308594 404.2161560058594 272.2026672363281 1.4486579895019531 1.6836806535720825 4.197342395782471 -6.094608783721924 1.5972601175308228 14.242975234985352 2.3121675093028387 0.1902887374162674
Van -1 -1 -2.81 602.1685180664062 163.95809936523438 629.5374755859375 192.35118103027344 2.2947802543640137 1.9183002710342407 5.3198041915893555 0.3855045437812805 1.6187376081943512 64.85658264160156 -2.808455477847911 0.1826721578836441
Car -1 -1 -0.72 162.54144287109375 198.30682373046875 403.6019287109375 285.403564453125 1.4441653490066528 1.6533876657485962 4.0286407470703125 -5.252706527709961 1.622683346271515 12.641401290893555 -1.1117790286778773 0.18166349828243256
Van -1 -1 -1.68 605.9953002929688 165.62542724609375 633.8350830078125 193.77023315429688 2.1798558235168457 1.871018409729004 4.918903827667236 0.961431086063385 1.6020443439483643 56.339786529541016 -1.6589925971812658 0.1788879632949829
Car -1 -1 -2.32 116.46887969970703 190.5857391357422 369.18164825439453 277.9855041503906 1.447097659111023 1.5900754928588867 3.8739757537841797 -6.608716011047363 1.7309674620628357 14.637088775634766 -2.7466954319302594 0.17727215588092804
Car -1 -1 1.9 201.43429565429688 187.12728881835938 449.17706298828125 303.5587158203125 1.4802578687667847 1.581845998764038 3.866330623626709 -4.8204240798950195 1.716133713722229 12.341078758239746 1.5293557773363986 0.1766359955072403
Car -1 -1 2.61 215.377685546875 177.72718811035156 407.2065734863281 248.9938201904297 1.412389874458313 1.5935384035110474 4.159253120422363 -7.011266231536865 1.5646414756774902 16.592288970947266 2.2093315864531515 0.17644362151622772
Car -1 -1 1.03 344.3643493652344 179.17172241210938 453.8192138671875 226.78929138183594 1.4563238620758057 1.5884231328964233 3.7809526920318604 -6.840487003326416 1.585265338420868 22.921728134155273 0.7377342280145207 0.16373483836650848
Car -1 -1 0.74 280.7808837890625 183.40798950195312 417.6134338378906 248.0289764404297 1.4036338329315186 1.574079155921936 3.5315237045288086 -6.637670993804932 1.6478959321975708 18.84197235107422 0.4059143266046048 0.15520843863487244
Car -1 -1 -2.6 1206.3489990234375 203.10202026367188 1242.2689208984375 386.7603759765625 1.587074637413025 1.6493821144104004 3.753751039505005 2.115513801574707 1.3146927952766418 1.0042974948883057 -1.4733503005599013 0.1519763171672821
Car -1 -1 0.51 368.43402099609375 177.99241638183594 474.478515625 222.0071563720703 1.4546946287155151 1.5883519649505615 3.8291656970977783 -7.162445545196533 1.7125539779663086 28.12796401977539 0.2584346119117207 0.148222416639328
Pedestrian -1 -1 -2.52 33.40769958496094 232.96658325195312 113.6884765625 360.58062744140625 1.4689157009124756 0.38820743560791016 0.7248079776763916 -4.591553688049316 1.9689363241195679 5.751657485961914 3.091984367044777 0.14756298065185547