Car -1 -1 -1.81 754.313720703125 171.0360107421875 941.9330444335938 308.96051025390625 1.6297489404678345 1.6545666456222534 4.003442764282227 3.1941041946411133 1.62003493309021 10.587594032287598 -1.5124790895360682 0.8847638368606567
Car -1 -1 -1.65 711.6111450195312 175.41746520996094 753.746826171875 210.22854614257812 1.4673744440078735 1.6111704111099243 3.8926308155059814 5.513465881347656 1.5996459126472473 32.789066314697266 -1.487101007235193 0.8730172514915466
Car -1 -1 -1.4 451.89471435546875 173.85110473632812 576.5538940429688 270.12420654296875 1.4906432628631592 1.6064234972000122 3.6470859050750732 -1.641329050064087 1.5753576755523682 13.648252487182617 -1.5199121652725793 0.8729264140129089
Car -1 -1 -1.38 513.707275390625 177.0833740234375 607.8209838867188 241.8267364501953 1.4690605401992798 1.600109338760376 3.813823938369751 -1.096265435218811 1.61412513256073 18.632946014404297 -1.4425851484284689 0.8651300072669983
Car -1 -1 -1.75 734.972900390625 175.87620544433594 842.6636962890625 255.96978759765625 1.5243849754333496 1.5648813247680664 3.4662563800811768 3.808413505554199 1.6366991996765137 16.091421127319336 -1.5167797518907236 0.854473352432251
Car -1 -1 -1.51 612.9855346679688 172.49722290039062 644.257568359375 199.61642456054688 1.5309526920318604 1.6257753372192383 4.18813419342041 1.263398289680481 1.5484517216682434 44.6533203125 -1.4784552950537186 0.801209032535553
Car -1 -1 -1.66 701.5279541015625 173.87486267089844 732.4534912109375 200.60787963867188 1.5149188041687012 1.5573424100875854 3.8539576530456543 6.485908031463623 1.6121425032615662 44.80202865600586 -1.5156459990363 0.5083454251289368
Car -1 -1 -1.42 492.8750915527344 175.2765655517578 600.4140625 253.76785278320312 1.5411280393600464 1.6109163761138916 3.6955008506774902 -1.1226298809051514 1.611009657382965 18.497886657714844 -1.4856029485211488 0.4917367696762085
Car -1 -1 -1.66 707.5588989257812 174.8623504638672 747.0760498046875 206.7884063720703 1.4442802667617798 1.575211524963379 3.6944782733917236 5.415983200073242 1.5365120768547058 33.81324768066406 -1.4972490332221797 0.4132634401321411
Car -1 -1 -1.65 700.610107421875 171.74964904785156 727.7095947265625 199.6994171142578 1.5956006050109863 1.5470809936523438 3.97904109954834 6.40027379989624 1.6235802173614502 45.96400833129883 -1.5134200335033023 0.4029293954372406
Car -1 -1 -1.62 696.7647705078125 171.72325134277344 722.0933837890625 196.58309936523438 1.5997740030288696 1.612239956855774 4.034449577331543 6.643946647644043 1.6467315554618835 46.79270935058594 -1.4789085328561953 0.39702481031417847
Car -1 -1 -1.75 745.8656616210938 172.69537353515625 910.1568603515625 294.3310241699219 1.5495284795761108 1.6428831815719604 3.9731528759002686 3.2059013843536377 1.592931866645813 10.654788970947266 -1.46189899287109 0.30464908480644226
Van -1 -1 -1.69 696.7647705078125 171.72325134277344 722.0933837890625 196.58309936523438 2.189727544784546 1.9208977222442627 5.17998743057251 7.423847198486328 1.6475809216499329 53.49216842651367 -1.5543507147240545 0.30264726281166077
Car -1 -1 -1.42 473.5177307128906 173.80770874023438 591.1595458984375 258.7799987792969 1.484123945236206 1.640012502670288 3.8734543323516846 -1.4944789409637451 1.5669875741004944 13.897465705871582 -1.5263857986790876 0.3017737567424774
Car -1 -1 -1.68 704.0610961914062 171.6336669921875 742.2250366210938 204.9998779296875 1.5058432817459106 1.541670560836792 3.8407795429229736 5.907066822052002 1.5517765879631042 39.91465377807617 -1.535111676312341 0.2771899700164795
Car -1 -1 -1.62 694.488525390625 171.85337829589844 715.5266723632812 193.7647705078125 1.5110310316085815 1.6054656505584717 3.7864162921905518 6.7088623046875 1.616823136806488 47.887115478515625 -1.479829541219999 0.24527838826179504
Van -1 -1 -1.58 692.7991943359375 168.7330780029297 713.7073974609375 192.34393310546875 2.368490695953369 1.9967598915100098 5.6206769943237305 8.204584121704102 1.4578992426395416 63.74716567993164 -1.4473652795043854 0.24231205880641937
Van -1 -1 0.53 930.7039794921875 8.806487083435059 1257.34765625 343.89202785491943 2.4998209476470947 1.9104690551757812 5.916804790496826 2.4509406089782715 1.4423955976963043 2.0658209323883057 1.3998294805255593 0.23349890112876892
Car -1 -1 -1.56 692.7991943359375 168.7330780029297 713.7073974609375 192.34393310546875 1.7699146270751953 1.651098608970642 4.27720308303833 7.280186653137207 1.571489691734314 55.63749313354492 -1.4312637403462762 0.21096567809581757
Van -1 -1 -1.64 697.638427734375 168.85250854492188 719.1646728515625 194.87185668945312 2.3530025482177734 1.8748506307601929 5.16272497177124 7.669253826141357 1.454393208026886 56.42597961425781 -1.5015229892658928 0.2010437399148941
Car -1 -1 -1.63 703.7584838867188 176.28224182128906 743.3325805664062 209.2981414794922 1.504675269126892 1.5843816995620728 3.7605302333831787 5.425051212310791 1.6681158542633057 34.300392150878906 -1.4728168648782844 0.19492989778518677
Car -1 -1 -1.74 743.2920532226562 175.28382873535156 862.8558959960938 264.1558532714844 1.529942274093628 1.6161478757858276 3.804327964782715 3.9191482067108154 1.619867980480194 14.797226905822754 -1.4765133731836402 0.19020812213420868
Van -1 -1 2.33 1.6819977760314941 82.96105194091797 271.3702301979065 373.0819625854492 2.050642728805542 1.873389720916748 4.999284744262695 -3.991544246673584 1.605891764163971 3.6875531673431396 1.5045005744108995 0.18084755539894104
Van -1 -1 -1.63 699.4515380859375 170.20547485351562 726.7349853515625 197.27044677734375 2.3043484687805176 1.8481485843658447 5.0438690185546875 7.508307456970215 1.5700797736644745 55.464141845703125 -1.4989633524440666 0.1762634515762329
Van -1 -1 -1.62 694.1156005859375 170.5635986328125 717.607666015625 195.1693572998047 2.283752202987671 2.0086870193481445 5.468307018280029 7.886413097381592 1.6455718278884888 61.14780807495117 -1.4932584822921395 0.1740245521068573
Pedestrian -1 -1 1.93 697.638427734375 168.85250854492188 719.1646728515625 194.87185668945312 1.9392715692520142 0.7184869050979614 0.828283429145813 5.897592067718506 1.377940058708191 43.406715393066406 2.0669828095931546 0.16623812913894653
Pedestrian -1 -1 1.91 700.610107421875 171.74964904785156 727.7095947265625 199.6994171142578 1.8071876764297485 0.5986419916152954 0.759665846824646 5.796864032745361 1.2092118859291077 42.29148864746094 2.0431852934388655 0.12018152326345444