Car -1 -1 -0.37 803.7662353515625 184.83395385742188 996.619384765625 255.60784912109375 1.465814232826233 1.5718624591827393 3.7293081283569336 6.633291721343994 1.7591750025749207 16.597055435180664 0.013857122622338736 0.8807269334793091
Car -1 -1 2.54 890.3501586914062 187.92257690429688 1238.583984375 315.2884216308594 1.4502097368240356 1.6295241117477417 4.369561672210693 6.159355163574219 1.6019560098648071 9.227450370788574 3.126678743059732 0.8596775531768799
Car -1 -1 -0.21 707.7532958984375 178.5536651611328 810.4650268554688 217.90786743164062 1.5640099048614502 1.631591796875 3.7612006664276123 6.1470465660095215 1.810343623161316 29.760719299316406 -0.005304993896656285 0.8446245789527893
Car -1 -1 -1.67 640.0050659179688 179.28688049316406 672.0767211914062 204.2315673828125 1.4602313041687012 1.6309540271759033 3.9077370166778564 2.8179869651794434 1.8597846031188965 43.91117477416992 -1.6073045297949635 0.8293095827102661
Car -1 -1 -0.39 782.900146484375 180.65103149414062 941.84375 241.9688262939453 1.571898341178894 1.640683889389038 3.7263009548187256 6.795975685119629 1.7858783602714539 19.519134521484375 -0.05480363700562352 0.7998683452606201
Car -1 -1 -2.8 198.44314575195312 179.24693298339844 422.3271789550781 261.893310546875 1.582409381866455 1.6532692909240723 3.951447010040283 -6.016117095947266 1.7342259287834167 14.552262306213379 3.0916114868255695 0.7939735651016235
Car -1 -1 -2.75 40.291221618652344 179.57003784179688 349.10774993896484 279.88800048828125 1.4916762113571167 1.613801121711731 4.061943054199219 -6.642509460449219 1.6869230270385742 11.915630340576172 3.0260561506646884 0.7927556037902832
Car -1 -1 -2.84 359.2127380371094 171.25001525878906 491.3487548828125 228.11984252929688 1.654856562614441 1.6741385459899902 3.9790337085723877 -5.779685020446777 1.6424583196640015 22.633419036865234 -3.0943913975652233 0.7652105689048767
Car -1 -1 0.88 -2.1541683673858643 188.2252197265625 153.3779056072235 365.4648742675781 1.520476222038269 1.6185996532440186 4.327788352966309 -6.436960220336914 1.6130186915397644 6.0246357917785645 0.059329532067280866 0.7440158128738403
Car -1 -1 -2.99 448.0205993652344 173.0882568359375 536.882080078125 208.34976196289062 1.5132211446762085 1.672014832496643 3.941281795501709 -5.645876884460449 1.653071403503418 34.50035095214844 3.1279070746570916 0.7326186895370483
Car -1 -1 0.03 289.4884033203125 173.77737426757812 476.9130554199219 243.12680053710938 1.5685616731643677 1.6073877811431885 4.077280044555664 -5.542255878448486 1.6062872409820557 17.626192092895508 -0.2763308449794559 0.6723781824111938
Car -1 -1 -0.32 791.3181762695312 184.23524475097656 968.0289306640625 247.8267059326172 1.4664243459701538 1.5798461437225342 3.678490400314331 6.7039971351623535 1.7699690461158752 18.850366592407227 0.01818905611245114 0.6312348246574402
Car -1 -1 -2.98 434.13555908203125 176.57354736328125 526.8104248046875 210.783447265625 1.4619596004486084 1.6582279205322266 3.9994726181030273 -5.813212871551514 1.5941666960716248 32.808807373046875 3.1278623281252873 0.5666579008102417
Car -1 -1 -2.86 311.459716796875 173.95068359375 492.85302734375 236.35414123535156 1.5412853956222534 1.559890866279602 4.077418804168701 -5.379364967346191 1.641324758529663 20.55783462524414 -3.1122042542877564 0.5557358264923096
Car -1 -1 -2.89 264.7061462402344 178.05201721191406 453.2760925292969 244.0100860595703 1.5427242517471313 1.6243512630462646 3.9445548057556152 -5.9399614334106445 1.6569279432296753 17.151559829711914 3.0635889419324895 0.5502855777740479
Car -1 -1 -2.91 471.8307189941406 173.62159729003906 546.4647216796875 205.0673370361328 1.5890501737594604 1.7008785009384155 3.8616693019866943 -5.409010410308838 1.6749499440193176 37.52109146118164 -3.0520858334055667 0.5283877849578857
Car -1 -1 -2.88 377.7885437011719 172.36639404296875 506.48822021484375 221.4111328125 1.5878299474716187 1.6267149448394775 3.815948247909546 -5.9494733810424805 1.6486314535140991 27.150697708129883 -3.0965546097829026 0.5250786542892456
Car -1 -1 -2.94 408.1036071777344 176.52122497558594 506.407470703125 216.67416381835938 1.5117002725601196 1.6293177604675293 3.9847652912139893 -5.947193622589111 1.6411027908325195 27.886611938476562 3.1321541494486933 0.4922555387020111
Car -1 -1 -2.93 421.3875427246094 177.25619506835938 516.1846923828125 213.35650634765625 1.469400405883789 1.6541720628738403 3.921180248260498 -5.914793968200684 1.626416802406311 30.808862686157227 -3.1199378811335885 0.45879074931144714
Car -1 -1 0.9 -7.413221836090088 182.3433380126953 196.8932662010193 340.8311462402344 1.4376380443572998 1.6369749307632446 4.1482086181640625 -6.163127422332764 1.614414393901825 6.361076831817627 0.12621430865386962 0.4075559079647064
Car -1 -1 -2.79 87.45248413085938 178.55166625976562 386.8099060058594 274.2623596191406 1.477907657623291 1.598465919494629 4.091480731964111 -6.354671955108643 1.6291715502738953 14.020620346069336 3.0681514060515216 0.39567092061042786
Car -1 -1 -2.87 229.50784301757812 179.46556091308594 433.8573913574219 252.0413055419922 1.4870344400405884 1.621899962425232 3.9448654651641846 -5.9789018630981445 1.6748475432395935 16.30847930908203 3.061079684804475 0.34036123752593994
Car -1 -1 -2.62 510.6785583496094 174.4197235107422 566.1282348632812 197.51058959960938 1.573410987854004 1.6809585094451904 3.745225191116333 -5.092346668243408 1.6625324487686157 47.24442672729492 -2.7313340890673956 0.33981937170028687
Car -1 -1 -2.78 8.408975601196289 179.96243286132812 329.1527500152588 300.8075866699219 1.5256824493408203 1.6170130968093872 4.449331760406494 -6.473048210144043 1.6915926933288574 11.727282524108887 2.9996759796509673 0.33052578568458557
Car -1 -1 -2.62 501.5165710449219 173.42652893066406 561.248779296875 199.71359252929688 1.6064541339874268 1.6615312099456787 3.7534704208374023 -4.999812602996826 1.6466304063796997 46.39194107055664 -2.7296034664274886 0.3187195360660553
Car -1 -1 -0.91 1216.2095947265625 206.8972625732422 1240.7122802734375 374.6488342285156 1.5857032537460327 1.6126810312271118 4.129669189453125 6.398690700531006 1.7264410257339478 4.613441467285156 0.031988769076999546 0.31068727374076843
Van -1 -1 -0.68 1035.0218505859375 148.34060668945312 1192.649658203125 213.80926513671875 2.2910211086273193 2.1117563247680664 5.412364482879639 19.21030044555664 1.5376096963882446 27.20038604736328 -0.06364040498700163 0.2936594486236572
Car -1 -1 -0.97 1220.7615966796875 208.34603881835938 1241.170166015625 354.93701171875 1.5711220502853394 1.6125034093856812 4.060911655426025 6.517155647277832 1.699814796447754 4.900027751922607 -0.0473732681743777 0.29036420583724976
Car -1 -1 -2.84 150.3343963623047 182.028564453125 388.7613220214844 267.7669677734375 1.4880579710006714 1.629618763923645 4.064684867858887 -6.290079593658447 1.6093910932540894 14.239961624145508 3.0252945814412797 0.28922039270401
Car -1 -1 -2.63 492.47125244140625 172.6507568359375 556.0812377929688 201.85015869140625 1.6068155765533447 1.633132815361023 3.8275909423828125 -4.996520042419434 1.6234567165374756 43.73535919189453 -2.7417101473617063 0.24410253763198853
Car -1 -1 -2.57 22.969423294067383 179.85137939453125 278.88488960266113 287.1500244140625 1.436753273010254 1.6579868793487549 4.117795944213867 -7.101230621337891 1.6238721013069153 11.201333045959473 -3.1379787944791033 0.2192184329032898
Van -1 -1 0.63 0.9922824501991272 193.7327117919922 127.95778995752335 373.9032287597656 2.0648646354675293 1.8443015813827515 4.64735746383667 -5.453409671783447 1.8552453517913818 4.381766319274902 -0.2629153913254729 0.2148878574371338
Car -1 -1 -1.4 1205.874755859375 180.8806610107422 1241.1239013671875 351.06475830078125 1.5495833158493042 1.6271049976348877 4.097929954528809 5.967068672180176 1.5861651301383972 4.420724868774414 -0.46717900243235055 0.21350067853927612
Car -1 -1 -1.08 1218.7982177734375 199.3055419921875 1240.907470703125 328.68048095703125 1.5901429653167725 1.6561498641967773 3.912259340286255 7.28926420211792 1.6849023699760437 5.999338150024414 -0.20094344447563683 0.2074393630027771
Car -1 -1 -1.38 1213.0904541015625 189.29701232910156 1240.6309814453125 361.1103820800781 1.5044004917144775 1.6195205450057983 4.098772048950195 5.870048999786377 1.6249164938926697 4.215390205383301 -0.42788649285453983 0.20743194222450256
Car -1 -1 -0.97 1222.9720458984375 199.12887573242188 1239.360595703125 366.8969421386719 1.5362513065338135 1.5943602323532104 3.990778923034668 6.257750034332275 1.7290515303611755 4.561020851135254 -0.028116629485070543 0.2068708837032318
Car -1 -1 0.52 318.0325927734375 177.00672912597656 466.6094055175781 239.5033721923828 1.464728593826294 1.5713862180709839 3.9911890029907227 -5.643888473510742 1.632743239402771 18.717472076416016 0.22930259317137747 0.20416240394115448
Car -1 -1 -0.36 823.0259399414062 189.4594268798828 1035.3970947265625 260.52716064453125 1.550593614578247 1.6345579624176025 3.9386277198791504 6.8544158935546875 1.8027626276016235 16.482585906982422 0.033928622571304246 0.20203202962875366
Car -1 -1 -0.28 762.9859619140625 184.82313537597656 920.286865234375 244.66595458984375 1.4744248390197754 1.630351185798645 3.9912452697753906 6.617824554443359 1.7394158840179443 19.312074661254883 0.050676925464888 0.19800379872322083
Car -1 -1 -2.66 522.1773681640625 174.8972930908203 571.8442993164062 195.1178741455078 1.5063549280166626 1.6937065124511719 3.624234676361084 -4.816709995269775 1.6235556602478027 48.80538558959961 -2.754716276356561 0.19548331201076508
Car -1 -1 2.53 874.1563720703125 191.5881805419922 1188.1649169921875 304.42108154296875 1.5196232795715332 1.6385751962661743 4.260260581970215 6.114449977874756 1.7422600984573364 9.744100570678711 3.087105562707121 0.19040098786354065
Car -1 -1 0.91 1.235775351524353 178.2681121826172 216.07076680660248 302.0840759277344 1.399966835975647 1.6002475023269653 3.9663281440734863 -5.855813503265381 1.479085922241211 6.703911304473877 0.1880239538780888 0.18887941539287567
Car -1 -1 -0.81 1194.10888671875 205.02833557128906 1247.0767822265625 336.3157653808594 1.6223750114440918 1.6143827438354492 4.218333721160889 5.690780162811279 1.676280438899994 4.679387092590332 0.07264521049244088 0.17659883201122284
Car -1 -1 -2.76 6.896904945373535 182.26109313964844 287.6967706680298 323.7085876464844 1.6012375354766846 1.675866961479187 4.318301677703857 -6.907116889953613 1.699657142162323 10.17444896697998 2.928404601124676 0.17509342730045319
Car -1 -1 -0.44 790.2425537109375 180.8076934814453 1033.7564697265625 265.6542053222656 1.384334921836853 1.6216166019439697 4.215480804443359 6.534014701843262 1.6967480778694153 16.33417320251465 -0.05738094408584038 0.16025958955287933
Car -1 -1 -0.97 1176.149658203125 185.04171752929688 1246.5087890625 350.6076354980469 1.55978262424469 1.651777982711792 4.237884521484375 5.404340744018555 1.5738006234169006 4.252868175506592 -0.06631791396135611 0.14544609189033508
Car -1 -1 -0.76 1212.579345703125 205.8618927001953 1243.71875 337.10382080078125 1.6138850450515747 1.6485763788223267 3.876889705657959 6.807278156280518 1.8458312153816223 5.550356388092041 0.12491697070961827 0.14340168237686157
Car -1 -1 -2.93 398.6418762207031 172.65322875976562 515.3115234375 218.6312713623047 1.532940149307251 1.6009232997894287 4.097634315490723 -5.847620487213135 1.6291866898536682 27.667646408081055 -3.137224574797866 0.12471334636211395