Car -1 -1 -1.65 660.477783203125 178.8955841064453 700.1212158203125 210.26058959960938 1.474080204963684 1.6157640218734741 3.891064167022705 3.434922695159912 1.7967471480369568 36.07608413696289 -1.5508236985510369 0.8456066250801086
Car -1 -1 -2.31 0.9833281636238098 190.7580108642578 131.8496611714363 370.0906066894531 1.4465372562408447 1.6292260885238647 4.412822246551514 -6.689445972442627 1.6731292009353638 5.7090630531311035 3.113428228747294 0.8271867036819458
Car -1 -1 -2.69 0.7717785239219666 190.72926330566406 341.98662227392197 301.4635314941406 1.4607888460159302 1.6311722993850708 4.241097927093506 -6.292604923248291 1.7092196345329285 10.58457088470459 3.0570451821855062 0.8265386819839478
Car -1 -1 -2.35 897.2267456054688 188.5261993408203 1240.222900390625 374.6754455566406 1.5483627319335938 1.6653333902359009 4.207009315490723 2.822479486465454 1.6447721719741821 2.848092555999756 -1.5713602117715233 0.8082107305526733
Car -1 -1 -2.7 130.8902587890625 186.67762756347656 364.83258056640625 271.6132507324219 1.4594782590866089 1.6355528831481934 3.9988718032836914 -6.891815185546875 1.7809073328971863 13.871684074401855 3.1248307306542014 0.8078575134277344
Van -1 -1 -2.8 424.9267883300781 162.73025512695312 543.7745361328125 216.4991455078125 2.0758519172668457 1.8101856708526611 4.682712554931641 -5.417444229125977 1.7706248760223389 31.038551330566406 -2.97252990947233 0.6928893327713013
Car -1 -1 -2.79 390.2166748046875 173.6468505859375 518.4522705078125 225.11878967285156 1.5661472082138062 1.6361459493637085 3.8167152404785156 -5.331631183624268 1.7410413026809692 24.292377471923828 -3.003956321272179 0.6856642365455627
Car -1 -1 -2.84 380.4645080566406 179.50616455078125 507.82501220703125 227.83949279785156 1.4322175979614258 1.4993946552276611 3.8850388526916504 -5.399206638336182 1.7338069677352905 24.376039505004883 -3.0604369978748878 0.6843879222869873
Car -1 -1 -2.29 339.3501892089844 181.08021545410156 499.5413818359375 234.6000518798828 1.3621398210525513 1.5582237243652344 4.271170616149902 -5.587474822998047 1.7103131413459778 21.835439682006836 -2.5437404808035815 0.6707351803779602
Car -1 -1 -2.68 421.0260314941406 167.95211791992188 538.5128784179688 217.19076538085938 1.8089767694473267 1.6725739240646362 4.152036190032959 -5.059394359588623 1.700927734375 28.341400146484375 -2.855061889347269 0.6444208025932312
Car -1 -1 -3.14 469.5971984863281 172.28668212890625 556.745361328125 207.09913635253906 1.6580030918121338 1.6856616735458374 4.317111015319824 -4.963508605957031 1.7593122720718384 37.65965270996094 3.013493378747654 0.6439222693443298
Car -1 -1 -2.76 88.65547180175781 183.3878631591797 380.8251495361328 274.4199523925781 1.5166829824447632 1.60928213596344 4.096053600311279 -6.861958026885986 1.7487741708755493 14.164170265197754 3.0673861362089996 0.600439727306366
Car -1 -1 -2.55 412.23199462890625 172.08164978027344 527.95849609375 220.31951904296875 1.7138959169387817 1.6259897947311401 3.9746015071868896 -5.13465690612793 1.7134591937065125 25.746971130371094 -2.7462287213491594 0.5742053389549255
Car -1 -1 0.75 317.6145935058594 185.04000854492188 473.60198974609375 235.74838256835938 1.3552438020706177 1.5414093732833862 3.9455952644348145 -6.190875053405762 1.7180538773536682 20.51201629638672 0.4555654439949288 0.5730420351028442
Car -1 -1 -3.04 491.81494140625 174.5059814453125 560.5870971679688 203.7939910888672 1.6547304391860962 1.7275607585906982 3.9816524982452393 -4.926355361938477 1.8056213855743408 42.237552642822266 3.1307062065124747 0.4886718988418579
Car -1 -1 -2.74 49.072532653808594 189.08985900878906 368.18016815185547 288.14508056640625 1.43919038772583 1.5600894689559937 4.013182640075684 -6.5838117599487305 1.6557315587997437 13.09521770477295 3.0724191505962537 0.4796193540096283
Van -1 -1 -2.71 394.9151611328125 170.4982452392578 522.6152954101562 223.64208984375 1.8437095880508423 1.7468655109405518 4.4641547203063965 -5.500946044921875 1.7501258850097656 26.22770881652832 -2.914512430672893 0.4622066617012024
Van -1 -1 -1.66 643.9553833007812 165.1163330078125 679.7846069335938 199.3983917236328 2.3755996227264404 1.9547861814498901 5.2658305168151855 3.633967161178589 1.919800043106079 51.855228424072266 -1.5949331041123838 0.45648103952407837
Car -1 -1 -2.91 448.5758056640625 167.3313751220703 549.1268310546875 211.5022430419922 1.690036654472351 1.6746041774749756 4.237875461578369 -4.742467403411865 1.7264494895935059 35.36186599731445 -3.0434308168338697 0.38356906175613403
Car -1 -1 0.77 306.03955078125 184.9435272216797 425.7221984863281 231.40272521972656 1.3874390125274658 1.5196226835250854 3.4705233573913574 -7.484467029571533 1.7391371726989746 21.682172775268555 0.44221208252738364 0.37524840235710144
Car -1 -1 -1.61 652.943115234375 172.56524658203125 690.8560180664062 206.5584259033203 1.558539867401123 1.5827836990356445 3.8033430576324463 3.4500138759613037 1.826555609703064 36.269229888916016 -1.5112436029083742 0.3635777235031128
Car -1 -1 -1.72 655.1082763671875 174.68992614746094 697.55908203125 209.40196228027344 1.490168571472168 1.6046725511550903 3.9026317596435547 3.388852119445801 1.7568440437316895 36.260719299316406 -1.6286590725725052 0.36108240485191345
Car -1 -1 0.89 296.08306884765625 183.6051483154297 443.53424072265625 237.66275024414062 1.3744083642959595 1.5531500577926636 3.7864255905151367 -6.934950828552246 1.6871206760406494 20.5280818939209 0.5678708412847424 0.3401356637477875
Car -1 -1 -2.37 -6.022119045257568 199.00828552246094 170.08046579360962 346.34088134765625 1.4580230712890625 1.656158447265625 4.270222187042236 -6.082512855529785 1.68051415681839 5.695592403411865 3.0963588330943885 0.3208112120628357
Van -1 -1 3.12 467.9198913574219 172.59115600585938 557.5609741210938 207.1160125732422 2.0362110137939453 1.7190362215042114 4.645963668823242 -5.17714786529541 1.931283175945282 38.97486114501953 2.989681728240199 0.318851113319397
Van -1 -1 3.09 450.1064453125 167.42156982421875 556.8084106445312 210.11566162109375 1.9930869340896606 1.7651232481002808 4.756034851074219 -5.213339328765869 1.662856638431549 36.10932922363281 2.9453774671346977 0.31412798166275024
Car -1 -1 1.0 295.60357666015625 184.17477416992188 408.41510009765625 229.137939453125 1.3444347381591797 1.5199600458145142 3.451589584350586 -7.889682292938232 1.7112854719161987 22.02014923095703 0.6570644039727433 0.2927910089492798
Car -1 -1 0.89 642.8167114257812 166.28488159179688 675.8682250976562 199.5211181640625 1.9630335569381714 1.7069483995437622 3.927359104156494 3.244504690170288 1.7444373965263367 48.4996337890625 0.9587502175999809 0.2839857339859009
Car -1 -1 -2.88 439.5826110839844 171.66529846191406 543.8958129882812 215.8336181640625 1.5482091903686523 1.6244529485702515 4.184643745422363 -5.105424404144287 1.74985671043396 33.04318618774414 -3.0323670634008675 0.24746327102184296
Van -1 -1 -1.68 647.1519775390625 167.0254364013672 683.4696655273438 201.39295959472656 2.2887122631073 2.0270040035247803 5.147751808166504 3.9016921520233154 1.7625724077224731 50.265445709228516 -1.6073278593993674 0.22569209337234497
Car -1 -1 -3.13 506.6634216308594 174.71888732910156 565.9775390625 201.24191284179688 1.6383198499679565 1.6577250957489014 4.257847309112549 -4.642232894897461 1.7851997017860413 47.833526611328125 3.057969046647658 0.22354887425899506
Van -1 -1 -2.83 373.29705810546875 177.24893188476562 517.8715209960938 227.09495544433594 1.835512399673462 1.6953387260437012 4.37155294418335 -5.563665390014648 1.745371401309967 24.6181697845459 -3.057107413102936 0.22225399315357208
Car -1 -1 -2.73 -6.44844913482666 202.48287963867188 298.7423162460327 340.55718994140625 1.544509768486023 1.7074838876724243 4.308305740356445 -6.258574485778809 1.8511335253715515 10.402726173400879 3.0099094297999223 0.20775721967220306
Car -1 -1 -0.12 259.64154052734375 186.55902099609375 421.9779052734375 244.0918731689453 1.3960375785827637 1.5791264772415161 3.848989486694336 -6.934252738952637 1.744637370109558 20.14045524597168 -0.45070693428611985 0.198392853140831
Car -1 -1 -2.32 2.4665446281433105 201.68362426757812 220.38893842697144 332.2201843261719 1.4267395734786987 1.6672682762145996 4.128357410430908 -5.748745918273926 1.5841974020004272 5.783353805541992 -3.102226525564804 0.19629037380218506
Car -1 -1 -2.97 461.8648986816406 173.61544799804688 551.3462524414062 213.9665985107422 1.539880633354187 1.6188936233520508 4.192807197570801 -5.0505452156066895 1.8075860142707825 36.25429916381836 -3.1071553183409097 0.19236327707767487
Van -1 -1 -2.73 342.2538757324219 180.38827514648438 497.9759826660156 231.8567352294922 1.7468221187591553 1.683927297592163 4.307296276092529 -5.612194538116455 1.791269302368164 22.314359664916992 -2.9805450130751447 0.191619411110878
Car -1 -1 0.87 1171.4488525390625 187.23663330078125 1237.6953125 330.115966796875 1.4369415044784546 1.593252420425415 4.015126705169678 7.713926792144775 1.6502094268798828 6.793608665466309 1.7147196348769969 0.1893206238746643
Car -1 -1 0.78 1112.205810546875 173.09454345703125 1236.5015869140625 342.812255859375 1.4932655096054077 1.6269618272781372 4.150447368621826 7.2537031173706055 1.6655101776123047 6.812353610992432 1.5961147374292457 0.1850222796201706
Car -1 -1 1.06 277.0817565917969 184.97647094726562 408.12969970703125 238.89581298828125 1.397332787513733 1.558602213859558 3.5700998306274414 -7.503342628479004 1.743639886379242 20.745344161987305 0.7162268327863828 0.18474282324314117
Car -1 -1 -1.93 1217.80712890625 176.4545440673828 1240.8748779296875 244.828857421875 1.6011117696762085 1.6612539291381836 4.171144485473633 17.082809448242188 1.8027190566062927 17.134353637695312 -1.1423642413589032 0.1734486073255539
Car -1 -1 3.07 528.203857421875 175.5391845703125 577.08447265625 197.3292694091797 1.6642814874649048 1.7215335369110107 4.312399864196777 -4.747344017028809 1.8605112433433533 54.03324508666992 2.983421933033102 0.17051967978477478
Car -1 -1 -1.59 647.1519775390625 167.0254364013672 683.4696655273438 201.39295959472656 1.764606237411499 1.6158889532089233 3.989226818084717 3.7929046154022217 1.6644006967544556 45.291019439697266 -1.5103997255199255 0.16521844267845154
Car -1 -1 0.38 307.9766540527344 177.44776916503906 520.8729858398438 238.17030334472656 1.4932423830032349 1.6068214178085327 3.9929654598236084 -4.7333197593688965 1.6035740971565247 17.661176681518555 0.11412496865474875 0.161497101187706
Car -1 -1 -2.46 18.073928833007812 196.97622680664062 259.40673828125 315.2248229980469 1.4397685527801514 1.6324489116668701 4.16268253326416 -6.455307483673096 1.6491882801055908 7.811772346496582 3.1358741771672616 0.14882688224315643
Car -1 -1 -1.52 1223.845947265625 184.11956787109375 1242.9442138671875 240.19412231445312 1.5324997901916504 1.6192975044250488 3.9180855751037598 18.517318725585938 1.9856235980987549 19.185693740844727 -0.7548544420896373 0.1458059698343277
Car -1 -1 -1.53 1212.7803955078125 183.73458862304688 1238.3519287109375 244.82501220703125 1.4972398281097412 1.6412228345870972 4.123287677764893 16.766796112060547 1.8271483182907104 16.892955780029297 -0.744807466495196 0.1362585723400116
Car -1 -1 -1.18 1220.3465576171875 187.286376953125 1242.250732421875 246.91656494140625 1.48004150390625 1.6158875226974487 3.8435258865356445 16.254884719848633 1.898626685142517 16.5225830078125 -0.40512400462226905 0.11984187364578247