Car -1 -1 -1.7 706.372314453125 186.37860107421875 803.24072265625 260.2659912109375 1.3934099674224854 1.6048961877822876 3.8709306716918945 3.255624294281006 1.7854796648025513 16.743915557861328 -1.5092521427919126 0.88596510887146
Car -1 -1 -1.95 769.474365234375 202.64254760742188 1096.3450927734375 373.17254638671875 1.3936861753463745 1.5765515565872192 3.8806121349334717 2.7769408226013184 1.7097917199134827 7.378361701965332 -1.5867070260761125 0.8719912767410278
Car -1 -1 -1.69 658.5111083984375 177.04795837402344 702.718994140625 212.541259765625 1.6195956468582153 1.654603123664856 3.7856814861297607 3.3738012313842773 1.8709359765052795 35.23985290527344 -1.5995474572149497 0.8562368750572205
Car -1 -1 1.68 541.80810546875 182.07757568359375 587.1267700195312 216.72271728515625 1.4356882572174072 1.5864382982254028 3.6294050216674805 -1.9529633522033691 1.8549872636795044 32.3587646484375 1.6182278297524233 0.8424963355064392
Car -1 -1 -2.72 473.7012023925781 178.25709533691406 545.8346557617188 207.7575225830078 1.5177828073501587 1.633435845375061 3.8079633712768555 -5.402925491333008 1.7883318066596985 38.30290603637695 -2.858984073616349 0.7751097083091736
Car -1 -1 -2.79 253.38221740722656 178.1454315185547 461.4358825683594 252.6797637939453 1.5489500761032104 1.6309829950332642 4.053561687469482 -5.429118633270264 1.7250074744224548 16.042903900146484 -3.1129804579100666 0.7366503477096558
Car -1 -1 0.5 185.58314514160156 180.1201629638672 431.6075744628906 269.30908203125 1.475887417793274 1.597843050956726 4.104964733123779 -5.557737827301025 1.6812227964401245 13.476885795593262 0.1072147861440449 0.7125203609466553
Car -1 -1 1.59 -1.2403727769851685 167.3594970703125 328.17347609996796 309.8211975097656 1.5588388442993164 1.6244585514068604 4.183889865875244 -5.741335391998291 1.5133057236671448 8.468615531921387 0.9958982149236348 0.7121793627738953
Car -1 -1 -2.93 30.20234489440918 173.1737823486328 343.1540050506592 290.3335876464844 1.5178730487823486 1.5330485105514526 3.9083011150360107 -6.291715621948242 1.6427571177482605 10.903242111206055 2.832554122147352 0.668196976184845
Car -1 -1 -2.72 346.91058349609375 178.4647979736328 488.0675354003906 231.45553588867188 1.4636836051940918 1.5926541090011597 3.8073549270629883 -5.582762241363525 1.6787723898887634 21.2842960357666 -2.9785937090943317 0.6489195823669434
Car -1 -1 -2.83 208.3306427001953 176.3526611328125 474.39027404785156 260.8127136230469 1.530623197555542 1.5528151988983154 4.127579689025879 -5.3292155265808105 1.752820372581482 15.352846145629883 3.117636755766444 0.6005223393440247
Car -1 -1 -2.81 318.55230712890625 181.02987670898438 481.8027038574219 237.4582977294922 1.4620801210403442 1.6230998039245605 4.058234691619873 -5.599297523498535 1.7322531342506409 21.356237411499023 -3.0634320556468033 0.5748098492622375
Car -1 -1 -1.34 88.35376739501953 178.81752014160156 361.5497512817383 273.83172607421875 1.5397617816925049 1.61021888256073 3.9123728275299072 -5.780749797821045 1.5521514415740967 12.945205688476562 -1.7645589385711702 0.42654529213905334
Car -1 -1 -2.85 226.52708435058594 183.11419677734375 445.68267822265625 259.24334716796875 1.4360663890838623 1.5741301774978638 4.012028694152832 -5.219955921173096 1.652153730392456 14.346248626708984 3.0797776486054813 0.36581289768218994
Car -1 -1 0.71 109.62326049804688 177.7010955810547 429.8707275390625 269.921630859375 1.6038581132888794 1.686719298362732 4.131697177886963 -5.035313606262207 1.670936942100525 12.914138793945312 0.33362603072730757 0.36292728781700134
Car -1 -1 0.32 535.056396484375 177.77915954589844 583.369140625 210.7540740966797 1.4151204824447632 1.6061044931411743 3.518649101257324 -2.0081191062927246 1.8069072365760803 32.16456604003906 0.2616869580735437 0.34367871284484863
Van -1 -1 -1.67 659.2006225585938 176.2550506591797 701.3119506835938 212.7599639892578 1.8796210289001465 1.7565542459487915 4.321022033691406 3.6371428966522217 2.070199489593506 37.56595993041992 -1.574555117376704 0.29862964153289795
Car -1 -1 -2.66 367.9084777832031 177.7096710205078 493.3581237792969 226.748291015625 1.4575475454330444 1.5947483777999878 3.7443361282348633 -5.557740688323975 1.640081763267517 22.810985565185547 -2.8960989535434454 0.26088353991508484
Car -1 -1 -2.85 282.1769104003906 178.91258239746094 476.30218505859375 244.92469787597656 1.4807642698287964 1.5780799388885498 4.064038276672363 -5.185408592224121 1.6384423971176147 19.35102653503418 -3.115181958186408 0.24658699333667755
Car -1 -1 1.17 2.510347366333008 170.88812255859375 282.188814163208 328.71728515625 1.500443458557129 1.6519181728363037 4.1542887687683105 -5.953470230102539 1.4688171744346619 8.086295127868652 0.532561490877784 0.23622356355190277
Car -1 -1 0.76 131.5556182861328 176.07614135742188 374.81744384765625 267.63037109375 1.457566261291504 1.568118929862976 3.9166760444641113 -6.100916385650635 1.5600324869155884 13.255104064941406 0.3278532987706555 0.23603786528110504
Car -1 -1 -2.59 399.55133056640625 180.67550659179688 493.59222412109375 224.720703125 1.4266468286514282 1.5685323476791382 3.3178870677948 -5.8101911544799805 1.7082324028015137 25.379362106323242 -2.8144887178152285 0.2231232076883316
Car -1 -1 -2.01 799.252197265625 202.7266845703125 1072.0496826171875 351.7279052734375 1.3461244106292725 1.592478632926941 3.583904981613159 2.8890390396118164 1.6397346258163452 7.359672546386719 -1.6320723442713891 0.21437948942184448
Van -1 -1 0.32 -4.304474353790283 174.49253845214844 356.98013257980347 303.0689697265625 1.9834328889846802 1.9376510381698608 4.851738452911377 -6.584910869598389 1.8258620500564575 10.766156196594238 -0.2308869722542295 0.19839251041412354
Car -1 -1 -2.82 462.30584716796875 179.81932067871094 528.2243041992188 210.04364013671875 1.3945367336273193 1.5603731870651245 3.697782039642334 -5.608410358428955 1.7415955066680908 37.10041427612305 -2.974726300174769 0.19767369329929352
Car -1 -1 -0.21 47.22451400756836 170.55560302734375 392.10317611694336 276.3587951660156 1.535225749015808 1.6185662746429443 4.2426347732543945 -5.658073425292969 1.5644975900650024 12.594646453857422 -0.6309002282731044 0.1949923038482666
Car -1 -1 -2.95 908.6204833984375 182.779052734375 1062.9781494140625 236.8865966796875 1.3868670463562012 1.5888407230377197 3.860534191131592 11.41744613647461 1.8877511024475098 22.1689453125 -2.473814491244987 0.1865563839673996
Car -1 -1 -2.57 1218.57666015625 194.02154541015625 1240.4921875 352.803955078125 1.6014549732208252 1.6701202392578125 4.34974479675293 6.244906902313232 1.6711590886116028 4.094972610473633 -1.5757319774033958 0.17112670838832855
Car -1 -1 -1.33 1208.8651123046875 225.74905395507812 1239.5047607421875 345.3493957519531 1.5946556329727173 1.4341936111450195 3.575464963912964 4.4754414558410645 1.74259614944458 3.340733766555786 -0.4044024830905575 0.12028606981039047