Pedestrian -1 -1 0.14 197.66510009765625 168.5480194091797 239.5922393798828 262.1990051269531 1.7266782522201538 0.6083612442016602 0.9753923416137695 -7.0812249183654785 1.5093836784362793 12.960540771484375 -0.3645457148143372 0.7531847357749939
Pedestrian -1 -1 -0.67 844.4227294921875 171.59469604492188 917.0096435546875 282.5693664550781 1.5776338577270508 0.5636037588119507 0.5939342379570007 3.9753339290618896 1.4096081852912903 10.186652183532715 -0.3020887020562446 0.7452122569084167
Cyclist -1 -1 -1.16 190.7688446044922 167.2731170654297 239.50579833984375 263.55096435546875 1.7126884460449219 0.4969152808189392 1.7110412120819092 -7.303345203399658 1.4902167916297913 13.335285186767578 -1.6561053866635582 0.7215614318847656
Cyclist -1 -1 1.74 852.7711791992188 169.54608154296875 909.7343139648438 274.67022705078125 1.5710874795913696 0.5955958962440491 1.5994397401809692 4.243229389190674 1.418949544429779 10.820653915405273 2.112963086830443 0.5933108329772949
Cyclist -1 -1 0.0 842.8983764648438 171.4004364013672 916.8117065429688 282.6468811035156 1.5379726886749268 0.58548903465271 1.6433496475219727 4.295214653015137 1.4340419173240662 10.773012161254883 0.38331591209074745 0.4531185030937195
Pedestrian -1 -1 0.1 851.9799194335938 168.68417358398438 908.8965454101562 275.4793701171875 1.6088258028030396 0.5895481705665588 0.4449073374271393 4.051093578338623 1.4149619340896606 10.366031646728516 0.4719300817337304 0.40730226039886475
Pedestrian -1 -1 0.44 200.87303161621094 170.6025390625 251.02691650390625 261.93701171875 1.727394938468933 0.6265413761138916 0.830925703048706 -6.942394733428955 1.5114699006080627 12.921058654785156 -0.053259143847741885 0.2642660140991211
Pedestrian -1 -1 0.64 186.08163452148438 169.4696044921875 236.34144592285156 260.57611083984375 1.7160197496414185 0.6529129147529602 0.9074045419692993 -6.865359306335449 1.4854928851127625 12.399764060974121 0.13462274039996958 0.2631082236766815
Car -1 -1 -0.54 840.9413452148438 171.57164001464844 918.1828002929688 282.39947509765625 1.4712718725204468 1.4277018308639526 2.840031385421753 5.009493827819824 1.4270819425582886 12.033323287963867 -0.14465212093591262 0.252925306558609
Car -1 -1 -1.52 194.92999267578125 170.35423278808594 243.0201416015625 264.1258544921875 1.5863217115402222 1.5977576971054077 3.6265766620635986 -8.809874534606934 1.5550828576087952 15.711334228515625 -2.028608855628983 0.24282190203666687
Pedestrian -1 -1 0.19 859.7194213867188 175.09132385253906 914.5325317382812 278.7314453125 1.4988703727722168 0.520706057548523 0.5388795733451843 4.401845932006836 1.4331595301628113 10.792224884033203 0.5820659571125439 0.20865727961063385
Pedestrian -1 -1 1.8 815.1522827148438 189.36451721191406 922.3632202148438 322.71026611328125 1.824291467666626 0.687858521938324 0.8203622698783875 3.1659345626831055 1.5882520079612732 8.44817066192627 2.160662467643247 0.20777112245559692
Pedestrian -1 -1 0.4 209.0312042236328 171.44842529296875 246.43788146972656 262.9572448730469 1.6666134595870972 0.6349655985832214 0.8583365678787231 -7.032809257507324 1.4961983561515808 13.088624000549316 -0.08990209998620191 0.19967512786388397
Car -1 -1 -2.11 1191.58154296875 247.18154907226562 1222.8125 349.628662109375 1.573623538017273 1.418851375579834 3.417985677719116 6.6634907722473145 2.1594937443733215 5.408233165740967 -1.2177477076458532 0.13688835501670837
Car -1 -1 -1.89 1194.683349609375 212.21246337890625 1220.487548828125 364.6054992675781 1.5189622640609741 1.5463404655456543 3.786680221557617 4.14363956451416 1.5731123089790344 2.6362743377685547 -0.8860271964821367 0.11063982546329498