Car -1 -1 -1.9 748.6235961914062 175.1283416748047 1009.5159301757812 348.6512145996094 1.5866988897323608 1.6023765802383423 3.583143711090088 2.8839120864868164 1.6321056485176086 8.514728546142578 -1.5699358140705275 0.8926358819007874
Car -1 -1 -1.72 625.1067504882812 176.32261657714844 656.7927856445312 200.07508850097656 1.4112820625305176 1.5918546915054321 3.473891258239746 2.026912212371826 1.724732756614685 47.20431900024414 -1.6748105682429717 0.8150433301925659
Car -1 -1 -2.33 705.97216796875 177.218994140625 783.116943359375 208.11569213867188 1.4955652952194214 1.632304072380066 3.7078661918640137 6.777857303619385 1.7419615387916565 36.2237548828125 -2.147679478985907 0.7960748076438904
Car -1 -1 0.53 252.50782775878906 181.9991455078125 450.44439697265625 253.7352752685547 1.439117670059204 1.5840860605239868 4.117246627807617 -5.478947639465332 1.6614787578582764 15.630715370178223 0.18988097487394207 0.7495319247245789
Car -1 -1 -2.28 159.13531494140625 173.93067932128906 370.8870849609375 272.2483215332031 1.5833369493484497 1.6221239566802979 3.421842098236084 -6.184457302093506 1.6413552165031433 12.893991470336914 -2.7253070606874363 0.7287854552268982
Car -1 -1 -2.45 122.51880645751953 169.4549102783203 356.28443145751953 279.8385925292969 1.537034273147583 1.5929913520812988 3.801974058151245 -6.462980270385742 1.5419339537620544 12.811796188354492 -2.9167680126974194 0.6802799105644226
Car -1 -1 -1.44 91.1206283569336 168.56564331054688 337.98863983154297 340.62835693359375 1.5526878833770752 1.60944402217865 3.47835636138916 -4.6479387283325195 1.6363189220428467 8.96525764465332 -1.9190874091736276 0.6763595938682556
Car -1 -1 -2.73 388.9129638671875 167.70147705078125 507.66827392578125 216.6977081298828 1.7773377895355225 1.6855300664901733 4.194987773895264 -6.196560382843018 1.6147751808166504 27.97524070739746 -2.950372742473278 0.6712131500244141
Car -1 -1 -2.22 22.437593460083008 162.92816162109375 343.26184272766113 325.9542236328125 1.6393979787826538 1.6826419830322266 4.364698886871338 -5.075478553771973 1.5398169159889221 8.882596015930176 -2.7351477128966692 0.6688231825828552
Car -1 -1 -2.75 359.1398010253906 174.32040405273438 481.56732177734375 223.88844299316406 1.5128567218780518 1.6095548868179321 3.9319214820861816 -6.338715553283691 1.6469184756278992 23.89865493774414 -3.013933804918336 0.662597119808197
Car -1 -1 1.86 9.920976638793945 169.70350646972656 311.58564949035645 301.19512939453125 1.6285558938980103 1.622205376625061 3.896923303604126 -6.8277130126953125 1.6147958040237427 10.892716407775879 1.3045646802923372 0.6451421976089478
Car -1 -1 2.61 21.377912521362305 180.10736083984375 250.63128471374512 280.7898864746094 1.4349474906921387 1.5078125 3.209035634994507 -8.415473937988281 1.6175308227539062 12.880762100219727 2.035043048317535 0.6249637007713318
Car -1 -1 -2.89 366.8659362792969 170.50155639648438 497.2735290527344 220.74359130859375 1.6868071556091309 1.6542766094207764 3.7652764320373535 -6.270753383636475 1.700200080871582 25.26844024658203 -3.130670810759101 0.5680339932441711
Car -1 -1 -2.8 272.78375244140625 180.91354370117188 455.9114074707031 243.39405822753906 1.5240839719772339 1.5604538917541504 3.8243682384490967 -5.813232421875 1.6977759003639221 17.278697967529297 -3.1265159765665995 0.520528256893158
Van -1 -1 -2.71 388.9129638671875 167.70147705078125 507.66827392578125 216.6977081298828 1.9412761926651 1.7975884675979614 4.511665344238281 -6.518187522888184 1.6807541847229004 29.68623924255371 -2.926465232597483 0.5193164944648743
Car -1 -1 -2.41 100.99900817871094 174.13998413085938 345.27764892578125 304.76953125 1.5131372213363647 1.6237571239471436 3.76080584526062 -6.441802501678467 1.5791290998458862 13.489846229553223 -2.856175600173615 0.4890212118625641
Car -1 -1 -2.72 348.1054992675781 177.61436462402344 474.80804443359375 228.63255310058594 1.5487236976623535 1.6146494150161743 3.80076003074646 -6.214398384094238 1.6906524896621704 22.892431259155273 -2.9872804390203163 0.4436541199684143
Car -1 -1 -2.17 1.7069908380508423 167.1314697265625 105.50053179264069 373.4894714355469 1.5604254007339478 1.6055227518081665 3.800057888031006 -5.130216598510742 1.6472223401069641 4.258644104003906 -3.05066955460532 0.4267652630805969
Car -1 -1 -1.58 58.11882019042969 175.20497131347656 305.37872314453125 311.1712951660156 1.5625722408294678 1.6313841342926025 3.3563268184661865 -4.84852409362793 1.6186549663543701 8.919390678405762 -2.074996947986067 0.3888513743877411
Car -1 -1 -2.73 300.2619323730469 181.0556182861328 466.6168212890625 237.21458435058594 1.4183731079101562 1.5852934122085571 4.101268291473389 -6.242458820343018 1.6796062588691711 23.172813415527344 -2.997478697357364 0.3792470693588257
Pedestrian -1 -1 -2.86 10.697752952575684 164.18771362304688 104.45977687835693 369.4370422363281 1.7455826997756958 0.7077031135559082 0.7918078899383545 -3.4506235122680664 1.5661674737930298 4.171451091766357 2.736126057676639 0.34693044424057007
Car -1 -1 1.66 220.62081909179688 177.5790252685547 413.03515625 258.6615295410156 1.454786777496338 1.5987502336502075 3.9212613105773926 -5.499156475067139 1.532963514328003 15.428963661193848 1.3129350996462748 0.3179396390914917
Car -1 -1 -2.31 3.520902395248413 175.405029296875 300.27142119407654 334.3311767578125 1.6347002983093262 1.6495131254196167 4.0296525955200195 -5.58847188949585 1.5790476202964783 9.208636283874512 -2.858592701127547 0.3004872798919678
Pedestrian -1 -1 3.02 0.3200696110725403 168.25669860839844 90.67425662279129 377.085205078125 1.6277379989624023 0.6599007248878479 0.7790192365646362 -3.337186574935913 1.537220299243927 3.8353664875030518 2.300272140781786 0.25867849588394165
Van -1 -1 -2.77 377.5685729980469 173.42428588867188 492.5425109863281 220.42254638671875 1.7831602096557617 1.6891683340072632 4.088788986206055 -6.651598930358887 1.6886436343193054 26.8930606842041 -3.01709170149031 0.25464388728141785
Car -1 -1 -2.2 185.13189697265625 175.6055450439453 388.66961669921875 265.203125 1.4145774841308594 1.650039792060852 3.712796688079834 -5.9557647705078125 1.5608689188957214 12.998120307922363 -2.6274502727404077 0.2519729733467102
Van -1 -1 -2.77 346.02752685546875 171.38414001464844 490.078857421875 225.5227508544922 1.958829641342163 1.8363313674926758 4.6922688484191895 -6.877645969390869 1.8375964164733887 28.08518409729004 -3.010930821467152 0.25048771500587463
Car -1 -1 -2.26 4.839977264404297 169.9279327392578 126.67240524291992 351.6464538574219 1.6317317485809326 1.6395237445831299 3.844050407409668 -4.870489597320557 1.6255725026130676 4.481812000274658 -3.0857339622863638 0.2485433965921402
Car -1 -1 -2.57 333.1340637207031 180.0777587890625 467.66925048828125 232.7812042236328 1.4230250120162964 1.5684198141098022 3.943408489227295 -6.438600540161133 1.6873124837875366 22.45528793334961 -2.844375683634124 0.24418437480926514
Van -1 -1 -2.71 357.1161804199219 167.0037384033203 499.1692810058594 220.26583862304688 1.9803916215896606 1.8386396169662476 4.954619884490967 -6.939927577972412 1.7539966106414795 28.89622688293457 -2.948034237224297 0.23521541059017181
Cyclist -1 -1 -0.83 7.687600135803223 170.17678833007812 107.54916477203369 372.4813232421875 1.7692251205444336 0.6348949670791626 1.7010420560836792 -4.090298652648926 1.6913655996322632 4.488558292388916 -1.5720745876818842 0.23385237157344818
Pedestrian -1 -1 1.73 99.40543365478516 167.31076049804688 340.2243118286133 318.94989013671875 1.8657282590866089 0.6796835660934448 0.8601400852203369 -3.8193907737731934 1.5971828699111938 7.2338547706604 1.2491353778927134 0.2252807468175888
Car -1 -1 3.11 46.65967559814453 178.51535034179688 270.92459869384766 292.057373046875 1.4424479007720947 1.545668363571167 3.422255039215088 -8.00820255279541 1.663075566291809 13.10881519317627 2.5581253689865875 0.21511493623256683
Car -1 -1 -2.82 326.2823486328125 172.59979248046875 487.1750183105469 232.20176696777344 1.505524754524231 1.5875489711761475 3.963407516479492 -5.466763496398926 1.6374189853668213 18.78643226623535 -3.1076956266199867 0.214768648147583
Car -1 -1 -2.85 -9.466014862060547 165.64105224609375 253.16725540161133 345.1650085449219 1.572044014930725 1.6329646110534668 3.9094669818878174 -6.485078811645508 1.7786310911178589 9.000332832336426 2.806460077139713 0.21276208758354187
Car -1 -1 -2.72 445.0172119140625 170.22923278808594 530.0198974609375 204.46011352539062 1.6269967555999756 1.6352297067642212 4.116815567016602 -6.703493595123291 1.6563642024993896 38.92991638183594 -2.889961521101858 0.20730312168598175
Van -1 -1 -1.89 745.7789916992188 174.41209411621094 1012.6546020507812 350.56317138671875 1.9325895309448242 1.7785232067108154 4.52177095413208 3.0490288734436035 1.9199489951133728 8.774920463562012 -1.5555496786690908 0.2066032737493515
Pedestrian -1 -1 2.85 142.2582244873047 169.6656951904297 353.2212829589844 280.43914794921875 1.8756729364395142 0.6659631133079529 0.7644658088684082 -4.385619163513184 1.62383633852005 9.357288360595703 2.410542812315912 0.2061433643102646
Car -1 -1 -2.6 457.81719970703125 174.82376098632812 533.1197509765625 202.50633239746094 1.4809989929199219 1.6254899501800537 4.259734630584717 -6.698700428009033 1.7133021354675293 41.82341766357422 -2.7625714250724407 0.20593251287937164
Cyclist -1 -1 2.6 89.2732162475586 165.16018676757812 340.2334213256836 331.5505676269531 1.7524588108062744 0.6319141983985901 1.719054937362671 -3.9889628887176514 1.6849688291549683 7.666414737701416 2.1249080965191025 0.2024824023246765
Car -1 -1 2.74 29.703378677368164 177.3761749267578 210.0954074859619 290.243896484375 1.421389102935791 1.5096330642700195 3.4153881072998047 -9.568923950195312 1.8350075483322144 12.999778747558594 2.1028357027886715 0.20086483657360077
Car -1 -1 -2.26 65.05243682861328 177.41259765625 315.24536895751953 282.65692138671875 1.5164662599563599 1.619262933731079 3.9158523082733154 -5.870276927947998 1.4633767008781433 9.819095611572266 -2.8000614075210226 0.19153499603271484
Car -1 -1 -0.72 67.85254669189453 187.70875549316406 282.8218765258789 329.2482604980469 1.4328365325927734 1.5897136926651 3.538455009460449 -5.689158916473389 1.7140394449234009 9.838292121887207 -1.2437860876564333 0.19095478951931
Car -1 -1 1.94 26.429121017456055 174.89749145507812 232.4946575164795 330.40606689453125 1.5183781385421753 1.6233617067337036 3.673098564147949 -7.423585891723633 1.7420321702957153 10.327887535095215 1.319615640812346 0.18932265043258667
Car -1 -1 -2.27 322.6943359375 184.1345977783203 462.9022216796875 246.57557678222656 1.3494253158569336 1.5962300300598145 3.850999355316162 -5.136120319366455 1.5527849793434143 16.492090225219727 -2.5749159517132956 0.17400571703910828
Car -1 -1 -2.34 142.96975708007812 182.0852813720703 379.5669860839844 282.72821044921875 1.495789885520935 1.5845690965652466 3.5588719844818115 -5.972401142120361 1.6650466918945312 13.821106910705566 -2.748460573328071 0.16292014718055725
Car -1 -1 2.44 1176.624267578125 189.21694946289062 1227.26171875 246.236083984375 1.515486478805542 1.6266509294509888 4.2458577156066895 15.156270980834961 1.9686263799667358 16.156410217285156 -3.0910090941641304 0.1543620228767395
Car -1 -1 2.2 1156.672119140625 175.21873474121094 1227.0616455078125 258.8253173828125 1.5402240753173828 1.5227075815200806 3.743293285369873 11.614789009094238 1.6170512437820435 11.630807876586914 2.9854390125330283 0.15122897922992706
Car -1 -1 2.51 1183.2100830078125 178.86712646484375 1228.58935546875 238.31973266601562 1.5280648469924927 1.6043462753295898 4.22603178024292 15.630167961120605 1.7721839547157288 16.55533790588379 -3.011684977466155 0.14781266450881958
Car -1 -1 2.5 1169.5936279296875 185.62249755859375 1221.550048828125 243.91714477539062 1.5315345525741577 1.6157797574996948 4.194687366485596 14.989245414733887 1.894787609577179 16.3198184967041 -3.0423547113002183 0.13212692737579346
Car -1 -1 -2.23 5.124190330505371 175.94656372070312 168.31954860687256 335.62750244140625 1.5168989896774292 1.676369309425354 4.026895999908447 -4.806467056274414 1.5108768939971924 5.250993251800537 -2.9669896757933607 0.12353525310754776
Car -1 -1 3.11 12.92568302154541 167.57115173339844 198.61849308013916 297.5545654296875 1.4869345426559448 1.6082801818847656 3.8677048683166504 -9.377245903015137 1.628940999507904 11.945455551147461 2.446890508188168 0.08751381188631058