Pedestrian -1 -1 1.43 434.7280578613281 171.821533203125 467.61444091796875 254.4033966064453 1.7022150754928589 0.6257637143135071 0.7550273537635803 -3.123554229736328 1.4597488641738892 15.126943588256836 1.2267018531503027 0.8072987794876099
Pedestrian -1 -1 1.56 695.4052124023438 165.4835662841797 730.1875610351562 247.4805908203125 1.7594995498657227 0.6494534015655518 0.9841062426567078 2.4045004844665527 1.4027042984962463 15.516036033630371 1.7158049934611732 0.7611656188964844
Cyclist -1 -1 1.61 588.5189819335938 164.9812774658203 619.5905151367188 215.97019958496094 1.8239846229553223 0.6097626090049744 1.8782426118850708 0.11266781389713287 1.2119469940662384 26.962005615234375 1.6151983472929006 0.7532723546028137
Pedestrian -1 -1 1.64 666.5401000976562 166.97198486328125 699.5606079101562 249.3533935546875 1.721893548965454 0.64946049451828 0.8876326084136963 1.6994751691818237 1.3824419379234314 15.066045761108398 1.7522371508717152 0.7456735372543335
Cyclist -1 -1 -1.08 592.8748168945312 168.21954345703125 617.1355590820312 213.96116638183594 1.7567827701568604 0.5811703205108643 1.884671688079834 0.15594181418418884 1.1657198369503021 27.68041229248047 -1.0785758519417357 0.6200809478759766
Cyclist -1 -1 -1.53 692.455078125 164.1748809814453 732.2885131835938 249.99208068847656 1.7233465909957886 0.5221111178398132 1.7364704608917236 2.3510162830352783 1.370889127254486 15.389897346496582 -1.3822711321051662 0.5617861151695251
Pedestrian -1 -1 1.59 660.3587646484375 168.27825927734375 695.4697265625 249.22747802734375 1.638664722442627 0.6247567534446716 0.7297781705856323 1.591915249824524 1.333168625831604 14.601824760437012 1.7029417646571954 0.4902077615261078
Cyclist -1 -1 1.34 564.1544189453125 167.69886779785156 584.5811157226562 205.6363525390625 1.8003369569778442 0.6101794242858887 1.8608163595199585 -1.177803874015808 1.1119490563869476 34.05739212036133 1.3009129307531673 0.43216052651405334
Pedestrian -1 -1 1.51 688.1104736328125 164.0157470703125 725.5607299804688 250.92510986328125 1.701778531074524 0.6276188492774963 0.8782908916473389 2.3234877586364746 1.3394178450107574 15.26684284210205 1.662986480588926 0.4174339771270752
Car -1 -1 1.27 856.87548828125 204.43850708007812 1200.6973876953125 382.56439208984375 1.5044691562652588 1.5871796607971191 3.5904619693756104 2.800424575805664 1.7221233248710632 4.0304341316223145 1.8742887903123107 0.41648343205451965
Cyclist -1 -1 -1.69 662.7315063476562 171.60960388183594 697.5050659179688 249.27679443359375 1.6620299816131592 0.5306761860847473 1.681874394416809 1.6944644451141357 1.3801064491271973 15.598554611206055 -1.5828581066789082 0.401839941740036
Pedestrian -1 -1 1.52 674.5159301757812 167.14602661132812 709.6024169921875 248.5431365966797 1.6290152072906494 0.6080158352851868 0.9229748845100403 2.0344760417938232 1.363463819026947 15.358785629272461 1.6481644364831016 0.3796369433403015
Pedestrian -1 -1 1.08 590.5318603515625 166.4163360595703 614.2344970703125 212.92153930664062 1.8077937364578247 0.6327703595161438 1.01957106590271 0.06782104074954987 1.2620419263839722 28.749513626098633 1.080894820629636 0.337086945772171
Cyclist -1 -1 -1.65 687.8370971679688 168.7238006591797 723.2630004882812 248.99488830566406 1.6928811073303223 0.5252519249916077 1.6434838771820068 2.4601316452026367 1.3606002926826477 16.077356338500977 -1.4991111334890581 0.3202475905418396
Pedestrian -1 -1 2.83 564.1544189453125 167.69886779785156 584.5811157226562 205.6363525390625 1.7471694946289062 0.6359084844589233 0.5841196775436401 -1.2235937118530273 1.1538037657737732 34.76106643676758 2.7971574834223656 0.2970536947250366
Car -1 -1 0.87 995.5764770507812 221.07818603515625 1230.207763671875 372.2002258300781 1.453075647354126 1.5705074071884155 3.5973575115203857 1.9214967489242554 1.4784877300262451 1.9234673976898193 1.6573680865599005 0.2968809902667999
Pedestrian -1 -1 1.42 678.7432250976562 165.57147216796875 717.1683349609375 250.5580596923828 1.7174432277679443 0.6268373727798462 0.8176214098930359 1.978234052658081 1.3584229946136475 14.896322250366211 1.5475782870768597 0.2934122383594513
Cyclist -1 -1 1.48 525.94921875 170.45166015625 549.7192993164062 208.69253540039062 1.7075926065444946 0.5754784345626831 1.7792158126831055 -2.724193811416626 1.1960794627666473 31.410137176513672 1.3889031346108602 0.2842617928981781
Car -1 -1 -1.58 662.2396240234375 166.63128662109375 701.8656005859375 249.91342163085938 1.6744110584259033 1.5939438343048096 3.700021982192993 2.115290880203247 1.4693236947059631 19.077295303344727 -1.4647038455936467 0.27258989214897156
Pedestrian -1 -1 1.44 701.06689453125 164.3114013671875 736.8666381835938 244.9580078125 1.8013056516647339 0.6368560194969177 0.9604548811912537 2.4508650302886963 1.3872758746147156 15.611570358276367 1.6002859338403663 0.2644236385822296
Cyclist -1 -1 -2.66 435.70367431640625 171.75563049316406 469.1710510253906 253.32955932617188 1.7450788021087646 0.5873587727546692 1.6686686277389526 -3.28421950340271 1.4778385162353516 15.819439888000488 -2.8632468590812135 0.26370760798454285
Pedestrian -1 -1 -2.0 1007.4320068359375 216.39691162109375 1091.718994140625 362.206298828125 1.3145527839660645 0.4640173614025116 0.41771623492240906 4.034406661987305 1.7505117654800415 6.709023952484131 -1.4603161258258162 0.25140100717544556
Pedestrian -1 -1 2.26 440.9381408691406 177.12742614746094 470.7684326171875 254.52964782714844 1.4673266410827637 0.5303788185119629 0.7989078760147095 -2.939578056335449 1.4112387299537659 14.570693016052246 2.0602447220911646 0.238681361079216
Cyclist -1 -1 -1.67 668.6259155273438 171.99952697753906 700.588623046875 245.30894470214844 1.585803747177124 0.5213629603385925 1.6147536039352417 1.9153251647949219 1.3107842206954956 15.771117210388184 -1.5467091260414918 0.23608964681625366
Pedestrian -1 -1 1.89 708.6152954101562 162.70468139648438 742.4780883789062 239.8665008544922 1.8333637714385986 0.6748543977737427 0.9067341089248657 2.6142287254333496 1.3926280438899994 16.009084701538086 2.0505330705983384 0.23395618796348572
Cyclist -1 -1 -1.65 680.999755859375 174.0546875 709.9239501953125 247.26708984375 1.5957448482513428 0.5115987062454224 1.5691163539886475 2.228837490081787 1.378793478012085 16.227462768554688 -1.5119503559628003 0.22458115220069885
Car -1 -1 1.31 831.0171508789062 184.7720947265625 1147.3790283203125 376.3757629394531 1.554693579673767 1.5550040006637573 3.3669991493225098 3.396361827850342 1.6780362725257874 4.945211887359619 1.9119858559629188 0.21785075962543488
Cyclist -1 -1 -1.67 566.0134887695312 167.13095092773438 581.9296264648438 207.10092163085938 1.7859102487564087 0.5913183093070984 1.8494760990142822 -1.2889628410339355 1.1150151640176773 34.72378158569336 -1.7114855000681004 0.21754257380962372
Pedestrian -1 -1 -1.56 996.5567626953125 227.5878448486328 1085.1981201171875 358.8999328613281 1.3978395462036133 0.5466274619102478 0.5248860716819763 4.803835391998291 1.9795923233032227 7.900043487548828 -1.0115364417955632 0.21474768221378326
Cyclist -1 -1 -1.56 678.7432250976562 165.57147216796875 717.1683349609375 250.5580596923828 1.6932618618011475 0.511690616607666 1.7368687391281128 2.084505796432495 1.3271340727806091 15.145973205566406 -1.4186470986002009 0.2145082950592041
Pedestrian -1 -1 0.86 566.0134887695312 167.13095092773438 581.9296264648438 207.10092163085938 1.7237111330032349 0.653888463973999 0.8068482279777527 -1.272203803062439 1.1260055601596832 35.05510711669922 0.8284713115567723 0.2124609500169754
Pedestrian -1 -1 -2.5 992.3056640625 215.56167602539062 1108.2325439453125 371.37811279296875 1.3721885681152344 0.5039533376693726 0.44880279898643494 3.9443047046661377 1.845502257347107 6.372949600219727 -1.9419183556925121 0.20850224792957306
Car -1 -1 -1.56 668.6259155273438 171.99952697753906 700.588623046875 245.30894470214844 1.4686938524246216 1.5841134786605835 3.326240062713623 2.2545433044433594 1.3036943078041077 18.15103530883789 -1.4328323218574095 0.20815472304821014
Cyclist -1 -1 -1.52 673.1929931640625 167.0417938232422 711.0288696289062 249.1963348388672 1.7305216789245605 0.5531681180000305 1.7700937986373901 2.1102724075317383 1.4159159064292908 16.0094051361084 -1.3901264822020618 0.20757542550563812
Pedestrian -1 -1 -1.66 986.1077880859375 193.69384765625 1215.873291015625 373.4265441894531 1.5005780458450317 0.6480194330215454 0.6223521828651428 2.0567073822021484 1.4633575677871704 2.84211802482605 -1.0311805287730644 0.2066504955291748
Pedestrian -1 -1 -1.88 959.1068115234375 192.336669921875 1174.9267578125 363.60540771484375 1.4132156372070312 0.617048442363739 0.5072473287582397 2.518934726715088 1.4711055159568787 4.03610897064209 -1.3245228433419864 0.20454725623130798
Cyclist -1 -1 0.46 588.7314453125 166.60597229003906 613.5120849609375 210.0103759765625 1.7544054985046387 0.5784065127372742 1.879883885383606 -0.28805333375930786 1.1702535152435303 28.757707595825195 0.44683729013538276 0.20390684902668
Cyclist -1 -1 0.76 997.8191528320312 197.5456085205078 1217.04296875 368.0926208496094 1.4840781688690186 0.5251741409301758 1.589720606803894 2.11957049369812 1.446313500404358 2.7174131870269775 1.4227011836043468 0.20358937978744507
Cyclist -1 -1 1.14 585.4879760742188 167.36424255371094 616.161865234375 213.88223266601562 1.7998589277267456 0.6153596639633179 1.8525599241256714 -0.18577362596988678 1.2285979092121124 28.2261905670166 1.1325096948213744 0.2010968029499054
Car -1 -1 0.97 941.9864501953125 213.3931427001953 1234.6214599609375 381.8231506347656 1.5543081760406494 1.626815915107727 3.885099172592163 2.57041597366333 1.6335845589637756 3.0467965602874756 1.6724570100253766 0.19525371491909027
Car -1 -1 0.7 1034.305419921875 240.85690307617188 1235.22900390625 374.5832824707031 1.4711228609085083 1.5627238750457764 3.8500657081604004 1.6227149963378906 1.332183063030243 1.3780145645141602 1.5701786075447144 0.1844116598367691
Pedestrian -1 -1 -2.18 850.3394165039062 198.9403839111328 1206.0941162109375 372.3592224121094 1.6502740383148193 0.6660016179084778 0.7552265524864197 2.6080684661865234 1.589998483657837 4.3316826820373535 -1.6374533665944275 0.1786782592535019
Car -1 -1 0.91 993.6221313476562 195.66159057617188 1205.2181396484375 367.9595947265625 1.4398325681686401 1.4698961973190308 3.0297157764434814 2.282334327697754 1.6232540607452393 2.787013530731201 1.5980919563620004 0.17693018913269043
Pedestrian -1 -1 -2.37 909.2117309570312 206.53936767578125 1231.0050048828125 377.6583557128906 1.8176500797271729 0.7007986903190613 0.6697681546211243 2.0378406047821045 1.525148093700409 3.235898733139038 -1.8087970786550809 0.1632361114025116
Cyclist -1 -1 1.16 909.2117309570312 206.53936767578125 1231.0050048828125 377.6583557128906 1.5507084131240845 0.5118356943130493 1.6720879077911377 2.0475242137908936 1.4185017943382263 3.205718994140625 1.7241150548082205 0.1547866016626358
Cyclist -1 -1 1.23 583.28515625 165.8269500732422 612.399658203125 208.50807189941406 1.7904577255249023 0.6187383532524109 1.87937593460083 -0.4026031494140625 1.143780142068863 30.316017150878906 1.2206283406308067 0.15063264966011047