Car -1 -1 -1.94 791.6761474609375 190.5648651123047 1088.9476318359375 349.06243896484375 1.4306983947753906 1.6140369176864624 4.131491661071777 3.5220448970794678 1.6665899753570557 8.77421760559082 -1.5590450965245708 0.8937408924102783
Car -1 -1 2.1 1.1274304389953613 195.10137939453125 339.12105226516724 364.5199279785156 1.4262126684188843 1.619731068611145 4.130374908447266 -4.872349262237549 1.7834671139717102 8.548357009887695 1.585123309870366 0.8929250836372375
Car -1 -1 1.92 270.4326477050781 191.92413330078125 431.5934753417969 283.17608642578125 1.4187252521514893 1.616501808166504 4.131372451782227 -4.923322677612305 1.839910626411438 14.120880126953125 1.584253541544717 0.8872806429862976
Car -1 -1 -1.83 733.5298461914062 184.17218017578125 875.57177734375 273.8359680175781 1.465600848197937 1.6247140169143677 3.8863556385040283 3.6209521293640137 1.7303152084350586 14.109119415283203 -1.5782869106568134 0.8848428130149841
Car -1 -1 1.75 472.1069030761719 182.20045471191406 525.9729614257812 220.29576110839844 1.5160002708435059 1.5986849069595337 3.9283132553100586 -4.712873935699463 1.9387061595916748 30.931068420410156 1.5955574422718835 0.8716111183166504
Car -1 -1 -1.11 713.1784057617188 182.16407775878906 799.3365478515625 241.77410888671875 1.4994022846221924 1.6149061918258667 3.7815587520599365 3.948594570159912 1.7707196474075317 19.88284683227539 -0.9137594886693243 0.8646155595779419
Car -1 -1 -1.73 692.4548950195312 180.84005737304688 755.0420532226562 226.03207397460938 1.404499888420105 1.6124541759490967 3.9792397022247314 3.88228178024292 1.7137365937232971 25.106901168823242 -1.5735960078758247 0.8643311262130737
Car -1 -1 -2.35 985.3937377929688 194.2026824951172 1247.2197265625 371.9219970703125 1.5599740743637085 1.6122223138809204 3.8855464458465576 3.5535802841186523 1.673828661441803 3.563281536102295 -1.5621445396998306 0.8457940816879272
Car -1 -1 1.74 499.147216796875 181.58392333984375 545.205810546875 213.08761596679688 1.5367016792297363 1.6043864488601685 4.023805618286133 -4.430948734283447 1.9513628482818604 36.49219512939453 1.622972487125013 0.837665855884552
Car -1 -1 -0.13 619.738525390625 176.32676696777344 664.79443359375 195.46873474121094 1.6464650630950928 1.733089804649353 4.573858261108398 2.8717923164367676 1.9348753690719604 63.2354621887207 -0.08902925114237448 0.7026103734970093
Car -1 -1 1.71 482.4465026855469 180.536865234375 536.154541015625 215.9720458984375 1.5371928215026855 1.6303493976593018 4.17899751663208 -4.4404473304748535 1.960914134979248 36.67244338989258 1.5859560730228033 0.5579343438148499
Car -1 -1 -1.69 705.0615844726562 180.79620361328125 787.8284301757812 237.71194458007812 1.4437934160232544 1.6358550786972046 3.7939658164978027 3.6192774772644043 1.6797765493392944 19.559717178344727 -1.5100370535949317 0.516513466835022
Car -1 -1 -1.73 697.7762451171875 180.35963439941406 768.2024536132812 232.16989135742188 1.4965872764587402 1.6385910511016846 3.898679733276367 3.8411495685577393 1.7778849601745605 25.04961585998535 -1.5808475136920919 0.4679049253463745
Car -1 -1 -1.77 725.797607421875 182.6665496826172 850.4464721679688 265.323974609375 1.509608268737793 1.664110541343689 3.8908658027648926 3.959043025970459 1.7654361724853516 18.31777572631836 -1.5522509964069497 0.44057929515838623
Car -1 -1 -1.76 713.7567138671875 182.37359619140625 814.5342407226562 251.98617553710938 1.5315160751342773 1.6432178020477295 4.004079818725586 3.8281891345977783 1.7472378611564636 19.404272079467773 -1.5676178881134506 0.3578295111656189
Car -1 -1 0.71 966.6328735351562 176.93753051757812 1062.97802734375 217.5501251220703 1.4661791324615479 1.5473052263259888 3.4710333347320557 14.726261138916016 1.6062721014022827 26.400501251220703 1.2156147338664987 0.3085896670818329
Car -1 -1 -2.03 842.9112548828125 197.6527557373047 1171.057861328125 354.543701171875 1.512724757194519 1.6505061388015747 4.083276271820068 4.084714412689209 1.7639148831367493 8.057463645935059 -1.5613881557794045 0.22938960790634155
Car -1 -1 1.71 493.60205078125 182.26345825195312 540.0580444335938 215.72145080566406 1.4931204319000244 1.5730808973312378 4.037949085235596 -4.545434951782227 1.9730384349822998 35.724403381347656 1.5811294840871373 0.2291259616613388
Car -1 -1 -2.18 897.770751953125 197.9900665283203 1207.030517578125 358.9483337402344 1.4735537767410278 1.629610538482666 4.004282474517822 2.799018383026123 1.3901111483573914 3.693504571914673 -1.5311177514544259 0.21059472858905792
Car -1 -1 2.11 -2.590503692626953 231.9169464111328 66.63969039916992 349.72235107421875 1.647684097290039 1.6324832439422607 4.196415424346924 -7.015805244445801 2.0478355884552 6.452919006347656 1.2805024377153025 0.16810129582881927