Car -1 -1 1.8 435.50390625 183.10690307617188 515.7213745117188 238.2236328125 1.519819736480713 1.5813181400299072 3.8419349193573 -4.081597805023193 1.857891321182251 22.350597381591797 1.6169680547932845 0.898471474647522
Car -1 -1 1.82 375.0538330078125 188.42449951171875 479.1533203125 258.5770263671875 1.4252482652664185 1.535984992980957 3.6381332874298096 -4.315023422241211 1.8812474608421326 17.384838104248047 1.5743624841449027 0.891663134098053
Car -1 -1 1.92 246.1184844970703 183.40333557128906 433.06298828125 300.4519958496094 1.5692378282546997 1.6198673248291016 3.942838668823242 -4.303009510040283 1.7750199437141418 12.099535942077637 1.5759362393622771 0.8889517784118652
Car -1 -1 -1.68 710.0856323242188 170.84718322753906 780.5120849609375 225.1229248046875 1.7364720106124878 1.7412229776382446 4.439054489135742 4.5467329025268555 1.652791142463684 24.763166427612305 -1.5018473025330064 0.8690057396888733
Car -1 -1 2.13 7.365813732147217 187.45860290527344 322.88967847824097 374.2711486816406 1.5399690866470337 1.572186827659607 3.6819608211517334 -4.3041582107543945 1.7292721271514893 6.905109882354736 1.5687845324146332 0.8528887033462524
Car -1 -1 1.76 565.5870361328125 177.74050903320312 600.5345458984375 201.55943298339844 1.4863319396972656 1.59364914894104 4.234882831573486 -1.767645239830017 1.8370606899261475 48.37305450439453 1.7196657781390394 0.7704212665557861
Car -1 -1 -1.66 697.6052856445312 176.6722412109375 739.1557006835938 208.86813354492188 1.5518678426742554 1.672065019607544 4.1399359703063965 5.428737640380859 1.732013761997223 36.22275161743164 -1.5068734166281512 0.6987370848655701
Car -1 -1 0.72 94.19204711914062 175.7824249267578 232.33680725097656 225.1253662109375 1.5882636308670044 1.6252347230911255 3.9331746101379395 -15.615923881530762 1.7317402362823486 25.347332000732422 0.17032586007151718 0.6497260332107544
Car -1 -1 -1.67 695.7107543945312 177.06092834472656 731.0263671875 204.91526794433594 1.5001269578933716 1.6445136070251465 4.344430446624756 5.7798027992248535 1.7632353901863098 40.50330352783203 -1.5280427747146827 0.556935727596283
Car -1 -1 1.83 391.5385437011719 185.86614990234375 490.760498046875 250.5865936279297 1.4299507141113281 1.5204417705535889 3.7088725566864014 -4.327199935913086 1.8740158081054688 18.705852508544922 1.6037020574541803 0.4332561492919922
Car -1 -1 1.72 617.7353515625 175.31820678710938 638.9800415039062 190.59251403808594 1.5759131908416748 1.6497697830200195 4.12457275390625 1.8131440877914429 1.8175973892211914 71.69525909423828 1.7439357841859655 0.4265887141227722
Car -1 -1 1.78 571.9222412109375 177.12220764160156 606.2835693359375 199.82215881347656 1.5101325511932373 1.6137311458587646 4.209583759307861 -1.6942721605300903 1.885036826133728 48.961219787597656 1.7442433114812763 0.4028107225894928
Car -1 -1 0.79 81.42823791503906 170.44097900390625 250.06690979003906 240.92642211914062 1.6343088150024414 1.6282567977905273 3.9675052165985107 -13.85970687866211 1.767386794090271 22.263883590698242 0.23405854137257975 0.3370261490345001
Car -1 -1 1.84 419.33111572265625 185.832763671875 509.0025634765625 242.8284912109375 1.4790830612182617 1.5759806632995605 3.8559563159942627 -4.221119403839111 1.8909848928451538 22.53221893310547 1.6591549693212357 0.32548585534095764
Van -1 -1 -1.67 712.0048217773438 171.39266967773438 779.8303833007812 224.47840881347656 1.8345195055007935 1.778849482536316 4.475630283355713 4.750990390777588 1.7572691440582275 26.049388885498047 -1.4942298862879708 0.3211532533168793
Car -1 -1 0.92 72.47026824951172 173.66259765625 255.08519744873047 257.74713134765625 1.5581812858581543 1.5604186058044434 3.4639387130737305 -13.081169128417969 1.7389164566993713 20.986406326293945 0.35883170785794194 0.30349200963974
Car -1 -1 -1.62 704.4183349609375 180.63424682617188 742.7166137695312 212.58970642089844 1.4253276586532593 1.6095455884933472 3.878253221511841 5.31490421295166 1.7832980751991272 34.04719543457031 -1.4655253395497336 0.2971993386745453
Van -1 -1 -1.12 189.47720336914062 159.03565979003906 334.7063293457031 202.48426818847656 2.63055682182312 2.1990914344787598 5.9380574226379395 -17.94875144958496 1.78159698843956 37.27788162231445 -1.5734620684104472 0.2805038094520569
Car -1 -1 -1.62 695.1346435546875 175.8364715576172 726.3342895507812 199.8667755126953 1.5578421354293823 1.6769084930419922 4.440695285797119 6.239676475524902 1.723577857017517 44.603797912597656 -1.4850488200439855 0.25703027844429016
Car -1 -1 2.15 23.56395149230957 180.29385375976562 297.3585376739502 340.380615234375 1.4979896545410156 1.5719468593597412 3.4759764671325684 -4.200756549835205 1.5639246702194214 6.752317428588867 1.5918153951580862 0.2504253387451172
Car -1 -1 1.72 582.0154418945312 177.9327392578125 612.0234375 198.0065155029297 1.4919464588165283 1.5379118919372559 3.9369962215423584 -0.805212140083313 1.8187980651855469 55.129764556884766 1.7029025322540443 0.24688947200775146
Car -1 -1 -1.69 705.3470458984375 175.80776977539062 750.55615234375 210.595458984375 1.506630301475525 1.668821930885315 4.085460186004639 5.4229044914245605 1.7062662243843079 34.092647552490234 -1.5329341123839315 0.23509961366653442
Car -1 -1 1.76 349.14300537109375 186.88397216796875 474.5062255859375 268.1665344238281 1.4313170909881592 1.5182901620864868 3.4624404907226562 -4.172227382659912 1.896384835243225 16.86015510559082 1.5164119347983966 0.2256353348493576
Car -1 -1 -1.47 704.0924682617188 177.971435546875 761.9950561523438 221.44757080078125 1.514774203300476 1.6506234407424927 4.323215961456299 5.050816535949707 1.7500831484794617 30.153310775756836 -1.3004579522861457 0.21856427192687988
Car -1 -1 -1.56 700.5347290039062 176.70150756835938 753.374755859375 215.97415161132812 1.5542775392532349 1.656050682067871 4.388413429260254 5.5169854164123535 1.7628648281097412 34.809532165527344 -1.4013206732863077 0.21077463030815125
Car -1 -1 2.06 65.5966567993164 189.0688934326172 317.39505767822266 344.247802734375 1.4572378396987915 1.5068540573120117 3.4589786529541016 -6.65203332901001 1.9053745865821838 11.487996101379395 1.5328203022870097 0.20911012589931488
Car -1 -1 1.89 59.75341796875 184.2847900390625 261.6015930175781 294.3388977050781 1.4744404554367065 1.5572128295898438 3.6446967124938965 -7.101095676422119 1.7684453129768372 11.550848007202148 1.3374825294964143 0.2001384198665619
Car -1 -1 -0.01 1198.5040283203125 158.15972900390625 1241.5614013671875 295.2820129394531 1.7557953596115112 1.580766201019287 4.220749855041504 8.129426002502441 1.778510332107544 6.231078147888184 0.9023590474634533 0.19599071145057678
Car -1 -1 -1.77 711.6563110351562 172.9873046875 768.2548217773438 216.5530548095703 1.6340895891189575 1.6919766664505005 4.224833011627197 4.898041248321533 1.649122178554535 27.209789276123047 -1.595629677261103 0.1947013884782791
Van -1 -1 0.71 84.24181365966797 174.9104766845703 232.73091888427734 233.08871459960938 1.9305397272109985 1.854344129562378 4.474658489227295 -16.22469139099121 1.9741167426109314 26.161340713500977 0.1506598334106184 0.1933874636888504
Car -1 -1 -1.58 698.4327392578125 181.56686401367188 734.2864990234375 209.92105102539062 1.3899585008621216 1.6289258003234863 4.005786418914795 5.3977556228637695 1.8517135977745056 36.980899810791016 -1.4305591533566702 0.19225464761257172
Car -1 -1 -1.68 701.9019775390625 174.99032592773438 743.7521362304688 206.02540588378906 1.4825081825256348 1.656077265739441 4.19115686416626 5.813530921936035 1.6407281160354614 38.005062103271484 -1.5290486852401282 0.19168220460414886
Car -1 -1 0.59 1200.3038330078125 174.96507263183594 1239.89208984375 320.1670227050781 1.7391573190689087 1.6171725988388062 4.187697887420654 5.8556318283081055 1.6597226858139038 4.397876262664795 1.5210693817426773 0.19017359614372253
Car -1 -1 0.05 1193.18505859375 125.64393615722656 1237.689208984375 250.07379150390625 1.9070316553115845 1.690190315246582 4.357734203338623 10.123416900634766 1.3748089373111725 8.66225528717041 0.9174743529399025 0.17620277404785156
Car -1 -1 2.65 54.53352355957031 195.02464294433594 278.533203125 308.2373962402344 1.4319123029708862 1.5097343921661377 3.493957042694092 -7.349804401397705 1.7371737360954285 11.94987964630127 2.0986170821919794 0.17508700489997864
Car -1 -1 -0.61 1215.6629638671875 127.41329956054688 1239.809326171875 344.2818603515625 1.7173856496810913 1.6732139587402344 4.492746829986572 7.104644775390625 1.6426989436149597 4.753474235534668 0.376059396387022 0.174258753657341
Car -1 -1 -1.94 1215.861572265625 156.64144897460938 1244.2008056640625 262.39764404296875 1.4960196018218994 1.6461102962493896 4.419160842895508 12.135793685913086 1.425509750843048 10.477408409118652 -1.0784002724159807 0.17322325706481934
Pedestrian -1 -1 -0.14 1198.5040283203125 158.15972900390625 1241.5614013671875 295.2820129394531 1.7594892978668213 0.5258355140686035 0.8226908445358276 5.420816898345947 1.4931529760360718 5.531696319580078 0.6357283282908552 0.16768188774585724
Van -1 -1 -1.85 172.6457061767578 160.31211853027344 312.3122863769531 208.5020294189453 2.5113017559051514 2.1902458667755127 5.859641075134277 -18.01123809814453 1.821684718132019 36.27737045288086 -2.3080385356731714 0.16686302423477173
Car -1 -1 -0.32 1192.9110107421875 147.05630493164062 1243.4107666015625 271.636474609375 1.8267616033554077 1.5767570734024048 4.168422698974609 11.3963623046875 1.8874698281288147 9.062344551086426 0.5779226446897594 0.16586491465568542
Car -1 -1 1.84 90.59758758544922 183.69583129882812 299.4696578979492 310.0187683105469 1.4764291048049927 1.4986083507537842 3.294703245162964 -6.3135881423950195 1.7750211358070374 11.01320743560791 1.3233798452575654 0.1655426323413849
Car -1 -1 1.74 93.042236328125 177.93099975585938 243.8599853515625 262.9286193847656 1.476604700088501 1.5781968832015991 3.742309093475342 -10.145008087158203 1.807778239250183 16.737138748168945 1.1903495700251128 0.16425465047359467
Car -1 -1 -1.44 1208.6422119140625 167.6947479248047 1239.078857421875 268.52813720703125 1.477031946182251 1.5951697826385498 4.332230567932129 12.255867004394531 1.471783995628357 10.815298080444336 -0.5931474823558793 0.1622612029314041
Car -1 -1 -0.35 1201.1387939453125 123.24022674560547 1240.9970703125 256.84273529052734 1.8752702474594116 1.6994613409042358 4.420773506164551 10.6150541305542 1.4179501235485077 8.757554054260254 0.5299083517615357 0.1550103724002838
Car -1 -1 -0.44 1206.1397705078125 131.01510620117188 1240.1346435546875 272.99945068359375 1.8016024827957153 1.6898794174194336 4.4598565101623535 9.415559768676758 1.452318787574768 7.485311985015869 0.4595096725276129 0.14854170382022858
Car -1 -1 -0.13 1182.732666015625 138.41839599609375 1240.455810546875 309.7995300292969 1.7826018333435059 1.703513741493225 4.413309574127197 6.429508686065674 1.6162619590759277 4.360459327697754 0.8433337538312284 0.14778155088424683
Car -1 -1 -1.27 1212.0360107421875 146.4540557861328 1240.282958984375 301.53155517578125 1.736182689666748 1.666031002998352 4.112061023712158 8.933460235595703 1.4736270308494568 7.350593090057373 -0.3848379413275449 0.13739818334579468
Car -1 -1 -0.67 1213.232177734375 119.4327392578125 1235.6875 325.4247131347656 1.8261528015136719 1.6778903007507324 4.529917240142822 7.507648468017578 1.6824255585670471 5.1398797035217285 0.30381833495184685 0.13116759061813354
Car -1 -1 -0.47 1175.1866455078125 130.92990112304688 1239.346923828125 284.5221252441406 1.849195122718811 1.7143055200576782 4.40360164642334 8.848085403442383 1.7394136190414429 6.396606922149658 0.4794264774284729 0.11108498275279999
Car -1 -1 -0.59 1196.06640625 126.63284301757812 1238.0948486328125 308.22393798828125 1.7845709323883057 1.6548422574996948 4.335068225860596 7.587104320526123 1.5943195819854736 5.423839569091797 0.36076600439927375 0.1039762794971466