Car -1 -1 2.12 30.116302490234375 202.88050842285156 386.31781005859375 377.5453796386719 1.3970977067947388 1.61610746383667 4.252137184143066 -4.171289920806885 1.796069085597992 8.226810455322266 1.645878762249822 0.8837615251541138
Car -1 -1 -1.79 780.7312622070312 174.7281494140625 968.111328125 308.9227600097656 1.4843864440917969 1.6196256875991821 3.8437788486480713 3.5453579425811768 1.583764910697937 10.406026840209961 -1.461689958840017 0.875214695930481
Car -1 -1 -1.67 762.3140869140625 176.4224090576172 834.1815185546875 232.1356201171875 1.4908320903778076 1.6211484670639038 3.618950605392456 5.3032355308532715 1.565788447856903 20.662677764892578 -1.4209665320921827 0.8488333821296692
Car -1 -1 -1.62 745.9662475585938 176.56300354003906 799.9282836914062 218.57142639160156 1.4243075847625732 1.6037113666534424 3.9317383766174316 5.986926078796387 1.6078179478645325 26.67844009399414 -1.4006824933177215 0.8305339813232422
Car -1 -1 1.82 639.9913940429688 170.43511962890625 680.6412963867188 197.53079223632812 1.672401785850525 1.6412200927734375 3.868326187133789 3.267350673675537 1.5243136286735535 46.0795783996582 1.8946001863529087 0.7723137140274048
Car -1 -1 -1.55 752.3160400390625 176.31349182128906 819.7637939453125 226.79360961914062 1.4184824228286743 1.5752958059310913 3.758169651031494 5.982772350311279 1.566153645515442 25.563180923461914 -1.3235898511401611 0.5818994641304016
Car -1 -1 -1.58 752.5047607421875 175.9557647705078 807.4365234375 221.54818725585938 1.4220526218414307 1.6072807312011719 3.826113224029541 6.070082187652588 1.5946725010871887 26.326919555664062 -1.3518234146333716 0.29637783765792847
Car -1 -1 -1.62 743.9765625 175.6767578125 790.3533325195312 214.55758666992188 1.437591791152954 1.5806528329849243 3.8894100189208984 6.00496244430542 1.5784695148468018 26.774578094482422 -1.401646571563547 0.28639277815818787
Car -1 -1 -1.63 765.8345947265625 173.40090942382812 826.8529052734375 227.18170166015625 1.4760385751724243 1.5565340518951416 3.524352550506592 5.376242637634277 1.5468538403511047 21.035615921020508 -1.3755924662079302 0.23463916778564453
Car -1 -1 -1.55 759.7237548828125 175.14767456054688 820.3472290039062 219.51898193359375 1.407045841217041 1.5569865703582764 3.666973829269409 5.9923553466796875 1.4977811574935913 23.812015533447266 -1.3067337794723715 0.21956919133663177
Pedestrian -1 -1 1.1 926.652587890625 293.356689453125 970.1697998046875 370.4613952636719 1.445899248123169 0.4544738829135895 0.5660586953163147 5.331978797912598 3.2901240587234497 11.107380867004395 1.5459306919008435 0.19854901731014252
Car -1 -1 -1.61 759.562744140625 178.38400268554688 806.8792114257812 229.97201538085938 1.413826823234558 1.5662784576416016 3.509880542755127 5.322676658630371 1.5859371423721313 21.30865478515625 -1.3605236189441872 0.1908666044473648
Car -1 -1 1.73 667.8369140625 173.15733337402344 705.7728881835938 195.99197387695312 1.5379475355148315 1.6327348947525024 3.9801104068756104 5.422662734985352 1.5080251097679138 51.84142303466797 1.8384296430859761 0.17956386506557465