Car -1 -1 -1.59 570.5791015625 176.49545288085938 622.971923828125 224.54579162597656 1.647763729095459 1.7120826244354248 3.9753735065460205 -0.3641382157802582 1.312715619802475 26.115947723388672 -1.6009605540351917 0.8829036951065063
Truck -1 -1 -1.4 435.0154724121094 102.73379516601562 556.2850952148438 233.40496826171875 3.4454381465911865 2.655733823776245 8.598274230957031 -3.545910120010376 1.288630336523056 25.416881561279297 -1.5388488564430354 0.8612715601921082
Van -1 -1 2.13 20.205739974975586 32.520050048828125 432.69957542419434 370.52337646484375 2.6348700523376465 2.145817756652832 6.797649383544922 -3.43005108833313 1.5708776116371155 6.655206203460693 1.65547763965154 0.7421594262123108
Truck -1 -1 1.99 12.673345565795898 59.00502014160156 420.1622066497803 381.5086212158203 3.1125409603118896 2.4127821922302246 7.728615760803223 -3.6986453533172607 1.8158434629440308 7.367588996887207 1.5263691757717854 0.6206684708595276
Car -1 -1 0.75 750.4677734375 192.52027893066406 1158.04296875 378.0223083496094 1.680396318435669 1.6039828062057495 3.9838361740112305 1.3303704261779785 1.7481402158737183 2.8224682807922363 1.1873898697179435 0.33283931016921997
Truck -1 -1 2.11 88.50299835205078 37.29798889160156 429.9086380004883 339.12037658691406 3.2640206813812256 2.3824286460876465 7.921353340148926 -3.7720494270324707 1.5651224628090858 7.585379600524902 1.6461699574455633 0.2501865327358246
Van -1 -1 -1.33 435.7025451660156 105.970458984375 561.3783569335938 227.86390686035156 2.773465394973755 2.133237600326538 6.6732282638549805 -3.128627061843872 1.0001454055309296 21.19274139404297 -1.4815272208722874 0.20692288875579834
Truck -1 -1 1.0 740.5836181640625 137.6497802734375 1170.590576171875 378.24176025390625 3.1046056747436523 2.3119421005249023 6.2769694328308105 2.01741886138916 1.8326930105686188 2.594193458557129 1.662150178526451 0.2055874466896057
Van -1 -1 1.86 -25.223718643188477 53.513118743896484 553.3856563568115 397.35683822631836 2.031935930252075 1.76861572265625 5.860915660858154 -2.464012384414673 1.4200850129127502 6.0153374671936035 1.471710684146096 0.2000974714756012
Van -1 -1 0.77 724.4638671875 163.7663116455078 1186.1982421875 372.24383544921875 1.9199202060699463 1.851993441581726 4.899543762207031 1.6715445518493652 1.4891523122787476 1.9322474002838135 1.485759713886317 0.1888602077960968
Car -1 -1 0.79 720.5963134765625 165.40972900390625 1192.414306640625 381.8471984863281 1.6682621240615845 1.6612224578857422 4.1419596672058105 2.038217782974243 1.6199114918708801 2.34195613861084 1.5013083291920122 0.185309037566185
Van -1 -1 1.81 -67.66668701171875 23.71178436279297 467.57342529296875 389.4685592651367 1.7597336769104004 1.787983775138855 5.352616310119629 -2.1170642375946045 1.2977723479270935 5.550389766693115 1.4502215857211596 0.17897045612335205
Truck -1 -1 0.97 768.2508544921875 167.5705108642578 1204.038818359375 371.18719482421875 3.345639944076538 2.4471187591552734 6.70881986618042 2.1629838943481445 2.034925937652588 2.6479947566986084 1.657591919252444 0.16825999319553375
Car -1 -1 1.48 223.58944702148438 231.30377197265625 269.867919921875 259.2679748535156 1.4422420263290405 1.6100497245788574 3.7785205841064453 -21.704538345336914 4.244822919368744 43.230899810791016 1.0135409769668717 0.14494894444942474
Car -1 -1 -2.47 1205.89697265625 331.60723876953125 1232.603759765625 382.3052673339844 1.4086073637008667 1.5074100494384766 3.4118661880493164 5.296330451965332 2.2468292117118835 4.674910068511963 -1.6181593188845094 0.12214168161153793
Car -1 -1 -2.47 1210.953857421875 332.13470458984375 1236.5994873046875 382.6088562011719 1.3584448099136353 1.4806452989578247 3.3528168201446533 5.617888927459717 2.2775492072105408 4.831767559051514 -1.6145060056274065 0.10475937277078629