Car -1 -1 1.85 277.9587097167969 176.29725646972656 459.6158447265625 306.04754638671875 1.5440757274627686 1.6072475910186768 3.7242491245269775 -3.4293224811553955 1.649654507637024 10.832728385925293 1.5468395403501827 0.8873922228813171
Car -1 -1 1.75 430.2497253417969 179.88705444335938 525.1232299804688 248.3260040283203 1.4658939838409424 1.6546498537063599 4.393387794494629 -3.35903263092041 1.6921133995056152 18.700681686401367 1.5756808291682844 0.885731041431427
Car -1 -1 1.34 706.4613037109375 189.3413543701172 828.9124145507812 272.486572265625 1.4377682209014893 1.6118574142456055 4.0102338790893555 3.2420260906219482 1.8252966403961182 15.281795501708984 1.5459437985030924 0.8748050332069397
Car -1 -1 1.48 657.1599731445312 178.88107299804688 697.5682983398438 213.37692260742188 1.506747841835022 1.6084280014038086 3.721986770629883 3.2708616256713867 1.838907778263092 35.033233642578125 1.568636326308595 0.8151879906654358
Car -1 -1 1.68 555.9157104492188 175.9488067626953 582.2196044921875 196.90277099609375 1.5548405647277832 1.6485404968261719 3.76167368888855 -3.114074945449829 1.7798700332641602 56.5237922668457 1.627008151613703 0.7306252121925354
Car -1 -1 -2.67 1035.502685546875 225.4428253173828 1233.137939453125 375.49945068359375 1.4952452182769775 1.6295238733291626 3.9517829418182373 3.223503828048706 1.6997669339179993 1.850436806678772 -1.6181111265729902 0.7192559242248535
Van -1 -1 1.48 644.80712890625 165.695068359375 684.6968383789062 205.67396545410156 2.398275375366211 1.9701398611068726 5.3343400955200195 3.3877463340759277 1.8889802694320679 44.74018859863281 1.556558317964452 0.5996720194816589
Car -1 -1 0.56 653.2091674804688 174.03492736816406 695.452392578125 211.79220581054688 1.4792792797088623 1.59303879737854 3.6762478351593018 3.207265615463257 1.7944868803024292 34.80360794067383 0.6525692359142452 0.5818300843238831
Car -1 -1 1.52 649.8800659179688 170.52133178710938 688.2030029296875 207.98818969726562 1.6627689599990845 1.6516205072402954 3.8647985458374023 3.212627410888672 1.8755781054496765 36.27018356323242 1.604338568260875 0.5056207180023193
Car -1 -1 -1.02 10.572744369506836 191.73486328125 93.53488731384277 364.4774475097656 1.4599764347076416 1.551822304725647 3.319924831390381 -3.8671653270721436 1.630921721458435 2.739881992340088 -1.9702637065399644 0.4775887131690979
Car -1 -1 -1.65 646.7752685546875 167.7533416748047 682.9850463867188 204.5146484375 1.8524638414382935 1.6761631965637207 4.101914882659912 2.9760053157806396 1.762361466884613 37.88228988647461 -1.5764200828855977 0.4262228012084961
Car -1 -1 -1.81 22.097963333129883 190.84771728515625 104.99381446838379 371.0567932128906 1.4679845571517944 1.5786412954330444 3.64835786819458 -4.057284832000732 1.6810920238494873 2.8905446529388428 -2.7613595276020106 0.36229047179222107
Car -1 -1 2.58 12.59410572052002 204.54884338378906 115.05442523956299 361.48004150390625 1.5108251571655273 1.5980174541473389 3.6733791828155518 -3.580784320831299 1.6995864510536194 2.115886688232422 1.5457541299994029 0.34631165862083435
Car -1 -1 -1.1 30.823583602905273 206.85296630859375 342.14728355407715 370.01416015625 1.6185415983200073 1.5799709558486938 3.701406717300415 -2.301809310913086 1.5177412033081055 2.1336779594421387 -1.9256736847563207 0.3090256154537201
Pedestrian -1 -1 0.0 11.389216423034668 195.86692810058594 110.72573375701904 359.48681640625 1.7899062633514404 0.6916249990463257 0.6966719031333923 -2.9013240337371826 1.8139000535011292 3.3191640377044678 -0.7171305156889227 0.3036150336265564
Car -1 -1 1.68 431.0158996582031 179.55592346191406 514.406005859375 236.47727966308594 1.47231125831604 1.5939958095550537 4.200462818145752 -4.5204386711120605 1.799074649810791 24.199087142944336 1.4921824513241457 0.3016653060913086
Car -1 -1 1.73 438.5398864746094 178.90838623046875 510.47564697265625 228.21572875976562 1.531233310699463 1.5985329151153564 4.144347190856934 -5.165082931518555 1.85616934299469 27.7618350982666 1.5434546040212256 0.2769559323787689
Car -1 -1 1.68 441.5023193359375 181.01715087890625 496.3167419433594 222.0477752685547 1.4351730346679688 1.5118917226791382 3.7086524963378906 -6.0031328201293945 1.8149186372756958 30.788103103637695 1.4858450720258416 0.27557769417762756
Van -1 -1 1.44 648.9254760742188 171.80393981933594 691.3576049804688 209.7452392578125 2.3433990478515625 1.876665472984314 5.19534969329834 3.5778987407684326 1.887154459953308 45.51996612548828 1.5203419819699864 0.2659616470336914
Car -1 -1 2.61 3.894465684890747 187.60572814941406 130.09125065803528 364.8273620605469 1.5764609575271606 1.5992674827575684 4.086678504943848 -3.503265142440796 1.6694594621658325 2.1492528915405273 1.5926018697845254 0.2548658847808838
Pedestrian -1 -1 2.17 14.066242218017578 190.5015411376953 90.27095413208008 365.7744140625 1.6218972206115723 0.6649599075317383 0.5427725911140442 -3.1048028469085693 1.6051884293556213 3.5005102157592773 1.4462591266859794 0.24904154241085052
Car -1 -1 -1.66 647.7921752929688 173.68637084960938 681.0411987304688 207.32188415527344 1.6261284351348877 1.6475692987442017 4.161048889160156 3.081267833709717 1.8553869724273682 41.43128204345703 -1.5813870657029376 0.2402624785900116
Car -1 -1 1.85 338.9697570800781 179.6854705810547 448.0838623046875 251.4095916748047 1.5071684122085571 1.5379561185836792 3.789857864379883 -5.855245113372803 1.7653046250343323 19.8281192779541 1.5599559550280135 0.23768094182014465
Car -1 -1 1.77 447.8414306640625 180.71803283691406 526.0984497070312 236.24261474609375 1.518004059791565 1.637328863143921 4.091935634613037 -3.3610293865203857 1.6644867658615112 18.81147003173828 1.5931821385268208 0.22999809682369232
Car -1 -1 0.9 974.2176513671875 235.51304626464844 1230.266845703125 375.1217041015625 1.4981493949890137 1.600321650505066 3.7298147678375244 2.7851808071136475 1.6965199708938599 2.0328879356384277 1.8398640170547038 0.22759148478507996
Car -1 -1 1.85 364.94390869140625 179.2960205078125 448.2784423828125 238.99179077148438 1.5145741701126099 1.528093695640564 3.8246004581451416 -5.7989983558654785 1.8055307269096375 20.969005584716797 1.5834807633360528 0.2176385074853897
Car -1 -1 1.84 295.16357421875 174.07945251464844 455.3998107910156 284.0785217285156 1.509338140487671 1.5924153327941895 3.7753889560699463 -3.8493733406066895 1.596684753894806 12.583374977111816 1.5446049725900304 0.21150243282318115
Car -1 -1 1.79 380.1978454589844 180.70855712890625 458.4971923828125 242.356689453125 1.4295462369918823 1.51927649974823 3.7743022441864014 -5.945623397827148 1.7531318068504333 23.095247268676758 1.5331914074097464 0.21030499041080475
Car -1 -1 0.48 17.405244827270508 233.35726928710938 111.2286548614502 360.6297912597656 1.2170038223266602 1.591221809387207 4.016533851623535 -3.2333998680114746 1.4235275387763977 2.100578546524048 -0.5174297868962174 0.21011966466903687
Car -1 -1 1.75 408.4337158203125 179.9668731689453 516.4955444335938 251.79368591308594 1.448941707611084 1.6195589303970337 4.020079612731934 -3.3825600147247314 1.7522810697555542 18.167224884033203 1.5700309120967333 0.19819675385951996
Car -1 -1 1.58 637.893310546875 172.9675750732422 669.2449340820312 205.1597900390625 1.7302608489990234 1.650304913520813 4.339367866516113 2.8329434394836426 1.8565936088562012 43.47304153442383 1.6463247133904577 0.19504782557487488
Car -1 -1 3.01 475.66259765625 182.24514770507812 529.7188720703125 227.6958770751953 1.5134942531585693 1.566943883895874 3.874386787414551 -3.962578535079956 1.8004683256149292 25.818248748779297 2.8600385391971894 0.1937573254108429
Car -1 -1 -2.72 1005.3099365234375 217.77198791503906 1235.9820556640625 355.51324462890625 1.5809332132339478 1.6112804412841797 3.82332706451416 2.937375783920288 1.6613503098487854 2.31624698638916 -1.8157246950621362 0.18963214755058289
Cyclist -1 -1 1.86 14.399321556091309 172.39060974121094 110.07035732269287 378.0227966308594 1.8104941844940186 0.5819058418273926 1.7341358661651611 -2.8194849491119385 1.598982036113739 2.7423744201660156 1.0611890665721688 0.1827380657196045
Car -1 -1 -1.76 17.558307647705078 191.83348083496094 64.20840454101562 335.50555419921875 1.6004363298416138 1.50933837890625 3.8006129264831543 -5.3460235595703125 1.7579206228256226 4.190544128417969 -2.6642520015044378 0.17076124250888824
Pedestrian -1 -1 2.14 35.15423583984375 206.62506103515625 91.86595153808594 353.7107849121094 1.6010507345199585 0.40298575162887573 0.6429154872894287 -4.326714515686035 1.8292399048805237 5.005417346954346 1.4311425989959456 0.1697007119655609
Pedestrian -1 -1 1.93 43.74730682373047 208.76406860351562 98.38732147216797 351.54998779296875 1.5193967819213867 0.40065863728523254 0.6236366033554077 -4.050464153289795 1.7290148735046387 4.831236362457275 1.2320224541665468 0.16647014021873474
Pedestrian -1 -1 2.53 25.23170280456543 204.5527801513672 83.41827201843262 354.12176513671875 1.6594510078430176 0.3991427421569824 0.6946215629577637 -4.318907737731934 1.8497236967086792 4.919897556304932 1.8133422612778478 0.16466820240020752
Car -1 -1 1.58 11.645742416381836 236.3605194091797 94.33842277526855 356.18817138671875 1.2119464874267578 1.6113699674606323 3.909470319747925 -3.433173894882202 1.4225008487701416 2.1322357654571533 0.5608700154732449 0.164117231965065
Pedestrian -1 -1 -2.53 17.558307647705078 191.83348083496094 64.20840454101562 335.50555419921875 1.7466083765029907 0.4772678017616272 0.709595263004303 -5.331139087677002 1.8663533329963684 6.131328105926514 3.039463644253493 0.1596059948205948
Car -1 -1 -0.67 13.998461723327637 192.94773864746094 301.627703666687 365.72003173828125 1.708936095237732 1.6346274614334106 4.015170574188232 -3.053966760635376 1.6552582383155823 2.4920494556427 -1.5581075587815523 0.15939262509346008
Van -1 -1 1.55 636.7037353515625 168.41075134277344 670.0423583984375 197.40762329101562 2.2699437141418457 2.018723249435425 5.733633041381836 3.394519090652466 1.9241287112236023 53.37628936767578 1.6134025151583185 0.1565449833869934
Car -1 -1 2.59 3.8738019466400146 159.337158203125 115.89861273765564 357.350830078125 1.6569247245788574 1.681383490562439 4.28606653213501 -4.056605815887451 1.6128595471382141 2.6104934215545654 1.5877464009900493 0.15316155552864075
Pedestrian -1 -1 -2.78 26.02623176574707 192.93324279785156 74.01371955871582 336.34326171875 1.68682861328125 0.45127612352371216 0.6664813160896301 -5.129631996154785 1.8276653289794922 5.927088260650635 2.79171285417039 0.14557813107967377
Car -1 -1 -1.29 26.02623176574707 192.93324279785156 74.01371955871582 336.34326171875 1.6381052732467651 1.5070370435714722 3.7978038787841797 -4.836866855621338 1.7157052159309387 3.7062301635742188 -2.2083944986464275 0.14237883687019348
Car -1 -1 -1.59 1014.8167724609375 385.2674255371094 1165.7296142578125 512.3092041015625 1.4438462257385254 1.6341731548309326 3.940272331237793 2.8340203762054443 2.9393157958984375 4.414300441741943 -1.0241621776295435 0.13620968163013458
Car -1 -1 1.58 7.1550068855285645 247.632568359375 82.01309251785278 359.5404052734375 1.2225297689437866 1.606066346168518 3.7709875106811523 -3.5579445362091064 1.4545609951019287 2.183988094329834 0.5549843192110218 0.12017080187797546