Car -1 -1 1.82 403.4194641113281 181.55459594726562 483.0243835449219 233.04620361328125 1.456889271736145 1.5583386421203613 3.643892526626587 -5.160450458526611 1.7493208050727844 22.593769073486328 1.593174896276457 0.8939508199691772
Car -1 -1 -1.77 718.9820556640625 179.4520721435547 823.5885620117188 250.94317626953125 1.4315695762634277 1.634630560874939 3.9426252841949463 3.629544496536255 1.6466274857521057 17.03195571899414 -1.557895604991641 0.8921149373054504
Car -1 -1 -2.06 853.5994873046875 194.4646759033203 1238.8087158203125 369.4554748535156 1.4483331441879272 1.5929999351501465 3.9754269123077393 3.39597749710083 1.6527928113937378 5.90033483505249 -1.5381602337688909 0.8814862370491028
Car -1 -1 -1.85 765.6931762695312 182.512939453125 951.16650390625 299.9026184082031 1.4438327550888062 1.6071686744689941 3.8289620876312256 3.598984479904175 1.6501290202140808 11.288328170776367 -1.5402596096582926 0.8810207843780518
Car -1 -1 1.77 445.6319274902344 177.95042419433594 511.266845703125 221.60174560546875 1.4539968967437744 1.585201621055603 4.0459136962890625 -4.930929183959961 1.70575749874115 27.34059715270996 1.5911564305353094 0.8793507814407349
Car -1 -1 -1.69 705.1478881835938 178.20152282714844 769.5159912109375 227.28013610839844 1.4676878452301025 1.6054198741912842 3.906463146209717 4.0239081382751465 1.6566568613052368 23.362899780273438 -1.5144795861836862 0.8389261364936829
Car -1 -1 2.31 -1.5904887914657593 197.20138549804688 242.58642160892487 375.18731689453125 1.445485234260559 1.6789313554763794 4.525585174560547 -4.9958672523498535 1.7020342350006104 5.780713081359863 1.5952502258556258 0.827637791633606
Car -1 -1 -3.05 558.4828491210938 174.4537811279297 598.1932373046875 190.3488311767578 1.5390859842300415 1.5285884141921997 3.943345308303833 -3.0606510639190674 1.690803050994873 69.5206527709961 -3.098334472578358 0.6788622736930847
Car -1 -1 -3.1 561.7285766601562 175.2781524658203 599.3704833984375 192.6571044921875 1.5756632089614868 1.565413475036621 4.152024745941162 -2.826446056365967 1.7641923427581787 68.97870635986328 -3.1415283266315104 0.4903598427772522
Car -1 -1 -2.97 637.2691650390625 172.97329711914062 673.1885375976562 190.88043212890625 1.483915090560913 1.5352991819381714 3.9186079502105713 4.651758670806885 1.4841751456260681 68.37158203125 -2.9041098042626947 0.393145352602005
Car -1 -1 -1.76 702.9658203125 179.0308074951172 792.1990966796875 238.72512817382812 1.4538120031356812 1.562920331954956 3.8621599674224854 3.8718056678771973 1.6794825792312622 21.85947608947754 -1.5826973188218147 0.36166277527809143
Car -1 -1 -1.75 711.3660278320312 178.48202514648438 806.5794677734375 244.268798828125 1.4373564720153809 1.679100751876831 3.98514986038208 3.5552186965942383 1.6085981130599976 17.20882225036621 -1.5508035638868432 0.3286589980125427
Car -1 -1 -1.78 720.494384765625 181.08670043945312 847.60498046875 257.9607849121094 1.4689531326293945 1.6040847301483154 3.9115703105926514 3.7131638526916504 1.6869059205055237 17.329383850097656 -1.57301232221214 0.32696107029914856
Car -1 -1 1.79 421.651123046875 179.0557861328125 497.7932434082031 227.59339904785156 1.449639081954956 1.5817701816558838 3.8525919914245605 -5.041018962860107 1.731778860092163 26.392894744873047 1.599175303624011 0.22978156805038452
Car -1 -1 -1.69 708.0137329101562 177.0744171142578 783.7435913085938 231.2602996826172 1.4031816720962524 1.6079902648925781 3.7755753993988037 4.188438892364502 1.6202583312988281 23.060588836669922 -1.5105039836375624 0.19473516941070557
Car -1 -1 -2.94 647.2363891601562 172.63275146484375 674.8804321289062 192.977294921875 1.5875965356826782 1.5748178958892822 3.8531224727630615 4.7773661613464355 1.5196990966796875 68.05547332763672 -2.8707035391109255 0.19141028821468353
Car -1 -1 -1.73 707.1611938476562 170.1671905517578 738.888916015625 197.56724548339844 1.444334864616394 1.5984220504760742 4.146790027618408 8.858328819274902 1.5311370491981506 55.56639099121094 -1.5764352983331316 0.18919596076011658
Car -1 -1 -1.79 700.031982421875 173.4872283935547 725.9522094726562 202.9591064453125 1.3902329206466675 1.561431884765625 3.87304425239563 6.950736999511719 1.7847325205802917 49.0585823059082 -1.653070132532985 0.1683415174484253
Car -1 -1 -1.69 705.3605346679688 173.33889770507812 752.5123291015625 211.27359008789062 1.452755331993103 1.5609416961669922 3.9661881923675537 7.789745330810547 1.6956823468208313 48.058448791503906 -1.5250854944524495 0.16733646392822266
Car -1 -1 -1.66 702.0076293945312 174.8494415283203 742.7903442382812 209.2996368408203 1.4322534799575806 1.5183991193771362 3.878753900527954 6.431236743927002 1.7403917908668518 42.05405044555664 -1.5097009634762069 0.16174055635929108
Car -1 -1 1.93 -0.07922248542308807 205.6852569580078 15.944140627980232 249.1688690185547 1.4785676002502441 1.5490942001342773 3.7320995330810547 -19.672672271728516 2.39981746673584 21.6674861907959 1.188329255630471 0.14265559613704681
Car -1 -1 1.05 0.5834811329841614 205.64964294433594 21.12101584672928 251.8915557861328 1.4356731176376343 1.5186854600906372 3.6255412101745605 -18.7996826171875 2.315817892551422 20.57681655883789 0.3128241632272051 0.14218957722187042
Car -1 -1 -1.69 704.544189453125 171.4328155517578 737.4281005859375 202.01722717285156 1.356055498123169 1.6012378931045532 3.9043219089508057 7.8277058601379395 1.5581486225128174 51.22913360595703 -1.5375758334330607 0.10765884071588516