Car -1 -1 -1.81 739.81640625 173.98031616210938 983.8096923828125 340.9236755371094 1.5761797428131104 1.6783665418624878 4.24709939956665 2.745112419128418 1.6036620736122131 8.82165813446045 -1.5070039747743174 0.892535388469696
Car -1 -1 -2.75 235.59584045410156 169.9353790283203 430.013671875 261.9776306152344 1.871700644493103 1.729042649269104 3.9117391109466553 -6.194979667663574 1.8468589186668396 16.331974029541016 -3.1116177601166166 0.8750152587890625
Car -1 -1 1.68 546.6807861328125 175.3444366455078 576.788330078125 198.19200134277344 1.5462573766708374 1.6447724103927612 3.5048606395721436 -3.3101189136505127 1.690560221672058 49.90741729736328 1.6138616792571767 0.7930907011032104
Pedestrian -1 -1 -2.51 30.809953689575195 194.9427032470703 190.33563423156738 376.4936828613281 1.6286784410476685 0.6217910051345825 0.3997814953327179 -3.6319775581359863 1.7843072414398193 5.142299652099609 -3.1210085433593022 0.7254878282546997
Car -1 -1 1.62 581.1238403320312 170.7752685546875 607.6954345703125 193.39974975585938 1.6846115589141846 1.6080938577651978 3.693451404571533 -1.163661241531372 1.5165202021598816 54.54859161376953 1.6022044783369482 0.6995000243186951
Cyclist -1 -1 1.73 -0.47429195046424866 196.43309020996094 181.1770599782467 373.2342224121094 1.6409953832626343 0.5718693733215332 1.6959346532821655 -3.854365348815918 1.7887904047966003 5.256385326385498 1.1007291547776061 0.6832132935523987
Car -1 -1 -1.71 667.1177978515625 162.48870849609375 738.2332763671875 225.96266174316406 1.794458270072937 1.6902246475219727 4.28131628036499 2.73266863822937 1.5080856680870056 22.565587997436523 -1.591567591175573 0.6636296510696411
Car -1 -1 -1.72 669.1691284179688 159.69366455078125 756.1482543945312 229.83714294433594 1.7581263780593872 1.6679840087890625 4.006711959838867 2.82442569732666 1.5011282563209534 21.88135528564453 -1.5952830721160307 0.5576305389404297
Car -1 -1 -1.79 702.9815673828125 157.85574340820312 823.4608154296875 255.3475799560547 1.7007062435150146 1.6885106563568115 4.265631198883057 3.001990556716919 1.5107322931289673 15.751509666442871 -1.5968043135855439 0.4423525631427765
Car -1 -1 1.6 649.0745239257812 169.9647674560547 680.6406860351562 199.37550354003906 1.5634268522262573 1.58274507522583 3.6032869815826416 3.343474864959717 1.4789609909057617 43.39496612548828 1.6755836632789975 0.4341141879558563
Car -1 -1 -1.66 664.2416381835938 162.13839721679688 723.54736328125 221.721923828125 1.7613574266433716 1.723745584487915 4.121795177459717 2.8154006004333496 1.4807115197181702 24.40148162841797 -1.5437520810598002 0.41539373993873596
Car -1 -1 -1.4 659.7896118164062 165.54238891601562 711.1015014648438 214.45098876953125 1.6049531698226929 1.6540714502334595 4.26024055480957 3.168621063232422 1.475336492061615 30.63872528076172 -1.3004677513109826 0.3984176218509674
Car -1 -1 -1.63 707.0087280273438 153.9676513671875 844.8543701171875 244.35879516601562 1.6879470348358154 1.779010534286499 4.410102367401123 3.281613349914551 1.4966034293174744 16.261260986328125 -1.4315357958896104 0.39646774530410767
Truck -1 -1 -1.67 692.7763061523438 117.78533172607422 829.6259765625 251.77754974365234 3.143867254257202 2.40472149848938 7.054893970489502 3.3665966987609863 1.743908852338791 18.91282844543457 -1.496842019252111 0.3935214877128601
Pedestrian -1 -1 0.74 3.280893564224243 197.3944091796875 176.46334290504456 366.1475830078125 1.5447927713394165 0.6100465655326843 0.5551331639289856 -4.032825946807861 1.8356370329856873 5.5844573974609375 0.1192697256041737 0.3807549774646759
Car -1 -1 -1.73 675.0864868164062 139.93179321289062 773.5985717773438 237.005615234375 1.9048740863800049 1.7057651281356812 4.235345363616943 2.89892840385437 1.445061206817627 21.06894302368164 -1.5907633315646628 0.3719780445098877
Van -1 -1 -2.67 235.8817901611328 169.2938690185547 433.8122863769531 261.6709899902344 1.8513120412826538 1.8009521961212158 4.258551120758057 -6.124314785003662 1.8323513865470886 16.365285873413086 -3.0281439767243787 0.3677534759044647
Van -1 -1 -1.6 696.4005737304688 114.66056060791016 848.2377319335938 247.59830474853516 2.299494504928589 2.0149855613708496 5.494164943695068 3.1461479663848877 1.4507701396942139 15.39609146118164 -1.3951028212971153 0.3650263249874115
Car -1 -1 -1.65 695.52880859375 126.9046630859375 844.9896850585938 257.6183166503906 2.093421697616577 1.8139703273773193 4.5389885902404785 3.0238499641418457 1.4542859196662903 15.126472473144531 -1.448401468880328 0.35688796639442444
Car -1 -1 -2.89 656.74072265625 170.9513702392578 694.5982055664062 209.2440948486328 1.607287883758545 1.5423473119735718 3.5325586795806885 3.0754172801971436 1.6712412238121033 35.45986557006836 -2.7994697089810643 0.3474828898906708
Pedestrian -1 -1 -1.68 60.92681121826172 204.5277099609375 190.90727996826172 367.86077880859375 1.480701208114624 0.5720905661582947 0.6732231974601746 -3.6890571117401123 1.7423968315124512 5.388382911682129 -2.2771574046156697 0.33754411339759827
Car -1 -1 0.85 659.66748046875 167.22235107421875 702.7054443359375 208.55227661132812 1.5430150032043457 1.5986214876174927 4.11683988571167 3.1026933193206787 1.4787110090255737 33.67311096191406 0.9408816105491331 0.33655333518981934
Pedestrian -1 -1 1.81 698.4596557617188 154.9021453857422 828.2152709960938 252.28309631347656 1.8608778715133667 0.6202950477600098 0.9474773406982422 2.536668300628662 1.525955080986023 12.487770080566406 2.014178696503506 0.33202511072158813
Car -1 -1 -1.67 686.2344970703125 139.59259033203125 818.7030639648438 251.43682861328125 1.9488093852996826 1.7960010766983032 4.535973072052002 2.8608620166778564 1.502323567867279 16.622844696044922 -1.50018368881529 0.3292548656463623
Cyclist -1 -1 1.83 -0.8027732968330383 206.30198669433594 139.5754310488701 368.0505676269531 1.6867235898971558 0.6075945496559143 1.622125506401062 -3.8030943870544434 1.8261482119560242 4.967910289764404 1.180803618427559 0.3203863501548767
Pedestrian -1 -1 2.05 696.2924194335938 124.74917602539062 822.926025390625 252.0261993408203 1.9996132850646973 0.6608099341392517 0.9749807119369507 2.6461145877838135 1.4878933727741241 12.703051567077637 2.2523563628178564 0.31650179624557495
Van -1 -1 -1.68 664.9188842773438 159.71043395996094 742.0866088867188 226.82688903808594 1.902335524559021 1.7702763080596924 4.748417854309082 2.908277988433838 1.5773736834526062 22.718114852905273 -1.5477401117906293 0.30592015385627747
Cyclist -1 -1 -1.89 694.5556030273438 123.05455017089844 824.8651733398438 253.36715698242188 1.9255200624465942 0.5505512952804565 1.9468542337417603 2.3941845893859863 1.3914270997047424 12.872476577758789 -1.7094074511167374 0.304054856300354
Car -1 -1 -0.7 7.336790561676025 196.90379333496094 176.42341470718384 370.9974060058594 1.4577000141143799 1.5346828699111938 3.5699946880340576 -4.726248264312744 1.8645989894866943 5.874474048614502 -1.3735198943700526 0.30207836627960205
Car -1 -1 -1.6 690.3845825195312 155.595458984375 809.6619262695312 242.12265014648438 1.6491155624389648 1.7654304504394531 4.250944137573242 3.1983304023742676 1.473610520362854 17.389259338378906 -1.4202464935540462 0.29678621888160706
Pedestrian -1 -1 -2.52 84.28009796142578 221.4730682373047 178.08847045898438 368.480712890625 1.3317261934280396 0.4620663523674011 0.706342339515686 -4.255795955657959 1.868372619152069 6.259333610534668 -3.1194973212835695 0.29486319422721863
Cyclist -1 -1 1.42 41.396358489990234 202.0992431640625 191.9333610534668 371.6973571777344 1.5992428064346313 0.5928778648376465 1.7231942415237427 -3.8781235218048096 1.7871854901313782 5.539928913116455 0.8114252882957884 0.2748357951641083
Van -1 -1 -1.66 668.113037109375 163.33811950683594 727.6538696289062 225.42477416992188 1.9856427907943726 1.7675729990005493 4.784712791442871 3.060821294784546 1.6083893775939941 24.427898406982422 -1.5313081654788876 0.27401214838027954
Cyclist -1 -1 -1.73 698.4596557617188 154.9021453857422 828.2152709960938 252.28309631347656 1.8013582229614258 0.5644424557685852 1.854108452796936 2.5683772563934326 1.4833365082740784 12.7451810836792 -1.5297204633737138 0.2722569704055786
Car -1 -1 2.03 653.7360229492188 171.95703125 687.7811279296875 204.15631103515625 1.5547736883163452 1.5407673120498657 3.7542343139648438 3.4845194816589355 1.6457597613334656 39.45757293701172 2.1175541244805265 0.2687426805496216
Pedestrian -1 -1 2.06 712.62353515625 151.62176513671875 812.8294067382812 256.326171875 1.8269619941711426 0.6632633805274963 0.9266679883003235 2.6230976581573486 1.5103570222854614 12.805652618408203 2.2643238241910897 0.26851874589920044
Van -1 -1 -1.69 675.0864868164062 139.93179321289062 773.5985717773438 237.005615234375 2.0699644088745117 1.8625768423080444 5.0124592781066895 2.9726979732513428 1.4922078549861908 20.686626434326172 -1.5430738613409716 0.257583886384964
Car -1 -1 -1.62 710.7679443359375 136.21023559570312 861.375 254.9871826171875 1.9027445316314697 1.7821379899978638 4.386963844299316 3.5475664138793945 1.5016722679138184 15.040616035461426 -1.3925471909459022 0.24773050844669342
Van -1 -1 -1.67 670.461669921875 146.39234924316406 758.7056274414062 231.8135528564453 2.006542921066284 1.835273265838623 4.9880571365356445 3.150217056274414 1.5391435027122498 22.553346633911133 -1.5361388159287168 0.24361172318458557
Pedestrian -1 -1 2.6 23.678516387939453 174.26283264160156 206.26352310180664 360.7244873046875 1.8107191324234009 0.6991639733314514 0.812873363494873 -3.6310112476348877 1.791188657283783 5.320221424102783 2.0002466769685885 0.24160510301589966
Van -1 -1 -1.69 688.9908447265625 136.22210693359375 802.3424072265625 250.56639099121094 1.982662558555603 1.877830982208252 5.0048933029174805 3.1714437007904053 1.5203993916511536 17.206514358520508 -1.5037553753708952 0.23372645676136017
Van -1 -1 -1.75 705.660400390625 134.22434997558594 849.8994750976562 257.80841064453125 2.0920586585998535 1.8897819519042969 5.062557220458984 3.129573106765747 1.458661526441574 14.902814865112305 -1.5459653501127253 0.23336397111415863
Pedestrian -1 -1 2.13 670.896728515625 160.016357421875 736.6526489257812 228.3856201171875 1.8680641651153564 0.6707453727722168 0.8539288640022278 2.5223588943481445 1.4994983673095703 18.783119201660156 2.263835238075279 0.2287895381450653
Cyclist -1 -1 -1.91 665.8660888671875 160.65219116210938 742.34521484375 226.7770538330078 1.764100193977356 0.5712818503379822 1.8082506656646729 2.3026137351989746 1.441978931427002 17.88334083557129 -1.7829384916541402 0.22273749113082886
Car -1 -1 -1.7 672.3414306640625 152.37948608398438 745.432373046875 227.72860717773438 1.8279783725738525 1.7231980562210083 4.028965950012207 2.902100086212158 1.4406278133392334 22.5317440032959 -1.5699018388426902 0.21686232089996338
Car -1 -1 -1.85 721.5559692382812 165.41546630859375 947.5234375 307.7183837890625 1.6420660018920898 1.666658878326416 4.1868109703063965 2.6986889839172363 1.5450642704963684 8.657608985900879 -1.5443967468100332 0.21652725338935852
Car -1 -1 -3.1 658.5333862304688 173.69619750976562 703.57373046875 216.7454071044922 1.5999096632003784 1.5732691287994385 3.744786024093628 3.139700174331665 1.7031328082084656 34.3222541809082 -3.013574242028584 0.21643893420696259
Car -1 -1 -1.72 683.2510986328125 153.611328125 788.3926391601562 247.8915557861328 1.7009581327438354 1.7141526937484741 4.292861461639404 3.0257699489593506 1.5349835753440857 17.65560531616211 -1.5536685418973635 0.21176892518997192
Truck -1 -1 -1.69 701.2431640625 134.9574737548828 817.8638305664062 253.44064331054688 2.941934585571289 2.3221681118011475 6.921545028686523 3.290830135345459 1.8475219011306763 17.827972412109375 -1.5028284674034458 0.21063077449798584
Pedestrian -1 -1 1.99 692.365966796875 161.39068603515625 802.0198364257812 246.65133666992188 1.7841966152191162 0.6194851398468018 0.9313405752182007 2.386582612991333 1.5012327432632446 12.818787574768066 2.1722689369306316 0.21039587259292603
Car -1 -1 -1.77 712.2323608398438 165.23626708984375 834.0509033203125 262.7067565917969 1.557256817817688 1.6953800916671753 4.15962028503418 3.1663808822631836 1.5003188252449036 15.626229286193848 -1.5742075386202465 0.20898564159870148
Pedestrian -1 -1 2.24 711.2884521484375 133.4327392578125 832.2188110351562 246.43768310546875 1.9497919082641602 0.6903275847434998 0.9797022342681885 2.8485026359558105 1.5442015528678894 12.465765953063965 2.4685743254213914 0.20831580460071564
Car -1 -1 -1.61 682.5178833007812 159.89068603515625 767.9615478515625 230.6467742919922 1.6556627750396729 1.7352254390716553 4.196402549743652 2.9767534732818604 1.4599586129188538 20.429428100585938 -1.4647280259011968 0.20661771297454834
Car -1 -1 -1.71 714.3174438476562 149.4464874267578 868.6871337890625 268.5819396972656 1.743849515914917 1.710184931755066 4.253598690032959 3.79463791847229 1.6038782000541687 14.423857688903809 -1.4536538274445858 0.2024773359298706
Car -1 -1 -1.7 717.698486328125 148.12069702148438 830.871337890625 251.6715850830078 1.6778370141983032 1.7165806293487549 4.514092445373535 3.1092233657836914 1.4705052971839905 15.173888206481934 -1.502650783744297 0.20004123449325562
Car -1 -1 -1.59 680.2191162109375 166.67269897460938 742.2496948242188 229.3884735107422 1.5720733404159546 1.6561428308486938 4.217296600341797 3.062664270401001 1.5261110663414001 22.965476989746094 -1.4560658672297837 0.19564522802829742
Truck -1 -1 -2.15 705.7196044921875 109.0843276977539 859.923583984375 249.7049331665039 3.279198169708252 2.4542853832244873 7.029603958129883 4.628865718841553 1.6917017214000225 21.12207794189453 -1.9370213658286382 0.19469395279884338
Car -1 -1 1.68 551.7346801757812 172.6698760986328 586.415771484375 197.82452392578125 1.5759468078613281 1.6544313430786133 3.8633241653442383 -3.2237985134124756 1.6656737923622131 48.52722930908203 1.6168412997942587 0.18078449368476868
Cyclist -1 -1 -1.58 678.9793090820312 146.33416748046875 782.5154418945312 242.39527893066406 1.918444275856018 0.6138002872467041 1.9421406984329224 2.1871414184570312 1.492453932762146 12.864062309265137 -1.4085507350202793 0.17467030882835388
Car -1 -1 -1.38 1222.1171875 200.41856384277344 1241.099365234375 363.1640625 1.5480422973632812 1.5018348693847656 3.4502816200256348 4.591769695281982 1.6838135719299316 2.9002726078033447 -0.3680678617335089 0.17073498666286469
Car -1 -1 -1.73 696.4292602539062 130.3802947998047 818.8634643554688 233.6955108642578 1.919563889503479 1.6799741983413696 4.187894344329834 2.90010404586792 1.3766621053218842 17.300987243652344 -1.563069764565837 0.16471561789512634
Truck -1 -1 2.35 0.8421248197555542 197.58523559570312 170.1143263578415 366.88763427734375 3.1209959983825684 2.589869260787964 8.957655906677246 -5.75739860534668 2.7565982341766357 7.348501682281494 1.6886158965183453 0.15973323583602905
Car -1 -1 1.58 656.2421264648438 162.7156982421875 699.7151489257812 204.27545166015625 1.710066556930542 1.6662733554840088 4.116720199584961 3.365295171737671 1.3696299195289612 37.66090393066406 1.6665595223428946 0.14249204099178314
Pedestrian -1 -1 2.07 680.566162109375 160.96621704101562 785.732177734375 240.57864379882812 1.7743459939956665 0.6482303142547607 0.8611378073692322 2.4355897903442383 1.544253647327423 14.325927734375 2.2424252860866805 0.13277320563793182
Car -1 -1 -2.56 1223.495361328125 233.81277465820312 1239.937744140625 350.5906982421875 1.6090357303619385 1.6652445793151855 4.01477575302124 2.521035671234131 1.3276397585868835 1.5544979572296143 -1.5422258008670884 0.1242297887802124