Car -1 -1 1.87 245.39306640625 189.93936157226562 457.8286437988281 338.8163757324219 1.442077875137329 1.5918084383010864 3.7767670154571533 -3.1752426624298096 1.7239162921905518 9.561368942260742 1.5445883448295312 0.9044607281684875
Car -1 -1 -2.06 856.4413452148438 196.27395629882812 1239.1573486328125 374.0085754394531 1.4107158184051514 1.5720093250274658 3.6947803497314453 3.6789069175720215 1.6455636620521545 6.737545013427734 -1.5568366608917295 0.8792499303817749
Car -1 -1 -1.82 743.149658203125 172.0175323486328 902.2894287109375 292.4668884277344 1.665673851966858 1.5699083805084229 3.43086314201355 3.268956184387207 1.6951793432235718 11.871156692504883 -1.5539786944563367 0.8769873380661011
Car -1 -1 -1.72 707.14404296875 175.55223083496094 824.3231811523438 251.63882446289062 1.5732520818710327 1.6395890712738037 4.0791473388671875 3.4540562629699707 1.6586524844169617 16.84170150756836 -1.5128668247723 0.8416560292243958
Car -1 -1 -1.41 679.3853149414062 178.28683471679688 748.3881225585938 227.74267578125 1.4419952630996704 1.5958653688430786 3.8673267364501953 3.333138942718506 1.654784619808197 23.785757064819336 -1.2731696541557547 0.8367562890052795
Car -1 -1 2.32 -0.9497162699699402 212.53746032714844 277.80928641557693 374.05413818359375 1.443060278892517 1.6283878087997437 3.865478038787842 -3.172065258026123 1.7312241196632385 3.1925082206726074 1.5386829003674176 0.8342652320861816
Van -1 -1 1.65 465.3067321777344 166.02281188964844 551.0269775390625 239.48123168945312 1.9497085809707642 1.7844253778457642 4.312075614929199 -2.8628089427948 1.7600957751274109 20.955381393432617 1.5111169828581374 0.8208609819412231
Car -1 -1 1.67 547.4332275390625 175.9412078857422 580.1932983398438 203.25210571289062 1.5178169012069702 1.5920053720474243 3.9842002391815186 -2.6436381340026855 1.7326449155807495 42.049659729003906 1.6117633626167684 0.7698488831520081
Car -1 -1 2.23 467.1281433105469 165.65628051757812 551.8721313476562 239.6495361328125 1.9202885627746582 1.6972241401672363 4.129743576049805 -2.658980131149292 1.717615783214569 20.029319763183594 2.094943656683591 0.7081179022789001
Car -1 -1 -2.59 1111.726318359375 219.47055053710938 1245.3790283203125 376.35455322265625 1.4624123573303223 1.6063824892044067 3.651928424835205 3.4344966411590576 1.640273630619049 1.9000866413116455 -1.526264696695062 0.7008910179138184
Car -1 -1 -1.7 662.0364379882812 175.70401000976562 706.0130615234375 209.33958435058594 1.473353385925293 1.5823748111724854 3.9807519912719727 3.535829782485962 1.7084539532661438 36.11051559448242 -1.6011621164912277 0.692337691783905
Car -1 -1 -1.68 658.2876586914062 175.25396728515625 697.3248291015625 206.1476593017578 1.46528959274292 1.5534796714782715 3.8920304775238037 3.3566644191741943 1.6747127175331116 38.877784729003906 -1.5937597604437421 0.5618558526039124
Car -1 -1 -1.65 652.1187744140625 175.04046630859375 687.9640502929688 203.6774444580078 1.5194804668426514 1.58425772190094 4.004151821136475 3.322720766067505 1.6967941522598267 40.238433837890625 -1.5639710026563556 0.5547612309455872
Car -1 -1 -1.69 671.3960571289062 177.526123046875 723.4662475585938 218.16470336914062 1.5014417171478271 1.5359470844268799 3.8979926109313965 3.3265750408172607 1.7389175295829773 33.02150344848633 -1.5867532880215718 0.4131476879119873
Car -1 -1 -1.76 707.6354370117188 177.82142639160156 798.6823120117188 245.1291046142578 1.5214028358459473 1.5801204442977905 3.632981777191162 3.414335250854492 1.6505228877067566 17.54656982421875 -1.5674334456504324 0.40882211923599243
Car -1 -1 -1.66 669.0792236328125 177.77249145507812 712.9652099609375 213.28282165527344 1.4622464179992676 1.581516146659851 3.860379219055176 3.4744067192077637 1.6883724331855774 33.75856018066406 -1.561623195300477 0.39092183113098145
Car -1 -1 -2.54 1139.009521484375 208.0991668701172 1246.8089599609375 380.1883239746094 1.4483957290649414 1.562182068824768 3.6705236434936523 3.3257267475128174 1.5604527592658997 1.9121911525726318 -1.492811079575361 0.35203224420547485
Car -1 -1 -1.71 718.2424926757812 175.10983276367188 858.2733154296875 266.80499267578125 1.5761165618896484 1.598919153213501 3.8035566806793213 3.5133614540100098 1.7042344808578491 15.668437004089355 -1.490209370360824 0.3450257182121277
Car -1 -1 0.32 674.479736328125 177.89694213867188 738.1712646484375 221.520751953125 1.4923253059387207 1.5981792211532593 3.887209177017212 3.3968043327331543 1.6430675983428955 24.635068893432617 0.45720106857870624 0.317302942276001
Car -1 -1 -2.65 1113.483642578125 250.7852325439453 1235.2685546875 379.8646240234375 1.4048081636428833 1.66387140750885 4.031221389770508 3.9467461109161377 1.7680004239082336 2.669990062713623 -1.6777951520196064 0.3024000823497772
Car -1 -1 -2.62 1124.56689453125 208.53135681152344 1234.8912353515625 369.786376953125 1.4808893203735352 1.5641025304794312 3.9185869693756104 3.2502260208129883 1.5000597834587097 1.7652223110198975 -1.549409562637031 0.274305522441864
Car -1 -1 -0.44 686.4017944335938 180.784912109375 757.2711791992188 230.35646057128906 1.4984179735183716 1.580033540725708 3.8406004905700684 3.430532932281494 1.6772646307945251 23.418485641479492 -0.2895668040305952 0.2688162326812744
Car -1 -1 -1.75 700.507568359375 181.05360412597656 774.9152221679688 239.19989013671875 1.4460341930389404 1.5918598175048828 3.6133246421813965 3.3539462089538574 1.6572790145874023 19.63942527770996 -1.5819842789860283 0.25334590673446655
Car -1 -1 -1.93 954.8135375976562 207.7432098388672 1227.24365234375 369.0458984375 1.483973503112793 1.6095573902130127 3.8697361946105957 4.871790409088135 2.0183660984039307 7.300866603851318 -1.3394207059428052 0.25033801794052124
Car -1 -1 -1.64 655.0219116210938 176.40518188476562 690.5498046875 206.74424743652344 1.4910389184951782 1.5700258016586304 3.952138662338257 3.278423547744751 1.7287779450416565 37.993980407714844 -1.5576599675513645 0.23948243260383606
Van -1 -1 -2.59 1114.4932861328125 248.11756896972656 1232.47119140625 383.25531005859375 1.5725994110107422 1.8772112131118774 3.5361011028289795 4.936875343322754 1.8458493947982788 3.6199862957000732 -1.6492939111388205 0.23590238392353058
Car -1 -1 -1.84 718.031005859375 184.2054443359375 825.9112548828125 260.69024658203125 1.482680320739746 1.6189532279968262 3.863619327545166 3.533064603805542 1.7263007760047913 17.04253387451172 -1.6378570335756253 0.22371764481067657
Car -1 -1 -1.97 696.753662109375 178.62071228027344 767.0479736328125 230.8246612548828 1.4777626991271973 1.5592901706695557 3.654391288757324 3.464073657989502 1.6196072697639465 21.25835418701172 -1.8053941861822942 0.2173105776309967
Car -1 -1 -2.52 1119.1378173828125 179.94309997558594 1242.409912109375 376.1632385253906 1.5986279249191284 1.6640058755874634 4.068257808685303 2.9994912147521973 1.4284021258354187 2.0262279510498047 -1.5438403519112827 0.21277306973934174
Car -1 -1 1.65 557.2669067382812 176.5664520263672 584.2643432617188 199.51502990722656 1.442458987236023 1.5811797380447388 3.9575283527374268 -2.6185762882232666 1.8116046786308289 48.14385223388672 1.591933601368357 0.21010150015354156
Car -1 -1 -1.55 667.44482421875 173.9722900390625 707.6681518554688 204.88075256347656 1.4926552772521973 1.5980197191238403 3.86152720451355 3.8959131240844727 1.6209720373153687 36.323822021484375 -1.4464602612237778 0.20218566060066223
Car -1 -1 2.41 27.0223445892334 182.70761108398438 292.37225914001465 358.7324523925781 1.5459553003311157 1.628640055656433 3.9561519622802734 -2.682863712310791 1.4769809246063232 3.067720651626587 1.6882116204097812 0.20214608311653137
Car -1 -1 1.92 202.92588806152344 207.0150909423828 441.2225036621094 341.99517822265625 1.4320086240768433 1.5483723878860474 3.6355443000793457 -3.423226833343506 1.9708319306373596 9.569042205810547 1.5774445450296417 0.19961363077163696
Pedestrian -1 -1 2.22 665.3429565429688 175.85182189941406 706.9547729492188 210.19190979003906 1.8177878856658936 0.6547647714614868 0.8294273614883423 2.9916863441467285 1.6605873107910156 27.390758514404297 2.3336109367959326 0.1966157704591751
Car -1 -1 2.3 504.1013488769531 178.47933959960938 556.4293212890625 227.40411376953125 1.4114197492599487 1.5767873525619507 3.8152754306793213 -2.866520404815674 1.7447523474693298 26.562705993652344 2.1892965539560727 0.19647204875946045
Car -1 -1 -2.6 1152.4674072265625 189.2983856201172 1239.515380859375 381.4210205078125 1.5884835720062256 1.5806548595428467 3.7025837898254395 2.7943782806396484 1.4724975228309631 1.6735953092575073 -1.5704517138716447 0.19569607079029083
Pedestrian -1 -1 0.69 1224.3031005859375 118.60877990722656 1239.97021484375 234.3031768798828 1.8425496816635132 0.6544894576072693 0.623429536819458 9.944238662719727 1.0452836453914642 11.234681129455566 1.4190170583798896 0.19274847209453583
Car -1 -1 -1.82 735.5228881835938 180.93377685546875 873.7880249023438 281.7786560058594 1.4587796926498413 1.5673253536224365 3.5779805183410645 3.446406602859497 1.6750442385673523 13.571707725524902 -1.5716634710768131 0.1910291165113449
Car -1 -1 -1.48 676.4439086914062 175.44815063476562 721.3707275390625 212.10086059570312 1.474514365196228 1.638053297996521 3.8535802364349365 3.8941650390625 1.6398013234138489 32.260162353515625 -1.3571540519927954 0.18919607996940613
Car -1 -1 -2.57 1068.669189453125 208.9077911376953 1248.2288818359375 374.2919921875 1.4791861772537231 1.6118402481079102 3.743405818939209 3.0983517169952393 1.5982503294944763 1.9312604665756226 -1.556212221824186 0.18439649045467377
Car -1 -1 -2.43 1007.064208984375 218.7313232421875 1231.1224365234375 371.5181884765625 1.477848768234253 1.6331934928894043 3.9935011863708496 3.5773892402648926 1.648623287677765 3.3245601654052734 -1.6098923724892593 0.17509090900421143
Car -1 -1 2.9 695.4779052734375 180.17274475097656 783.6284790039062 246.8908233642578 1.4636955261230469 1.5934888124465942 3.895765542984009 3.484668493270874 1.7437615394592285 22.05191993713379 3.0572559345254824 0.1681966632604599
Car -1 -1 -2.56 1156.062744140625 212.39450073242188 1243.31005859375 353.2431640625 1.6489968299865723 1.5923348665237427 3.7568037509918213 3.0536863803863525 1.5241013765335083 2.2343475818634033 -1.6235108383027397 0.16218581795692444
Car -1 -1 -2.49 1167.5533447265625 194.3934783935547 1249.4683837890625 334.3399353027344 1.692846655845642 1.5842325687408447 3.770214080810547 3.481550455093384 1.513166606426239 2.6120705604553223 -1.563810431211965 0.13920363783836365