Car -1 -1 -1.55 572.6372680664062 177.26853942871094 621.81201171875 221.67507934570312 1.568223476409912 1.6911052465438843 4.067790508270264 -0.40311235189437866 1.2829828262329102 27.486143112182617 -1.5694160615081518 0.8802659511566162
Car -1 -1 -1.38 376.05615234375 166.9764404296875 473.2933349609375 245.9667205810547 1.8022817373275757 1.7105200290679932 4.447466850280762 -4.598851680755615 1.3720195293426514 18.63015365600586 -1.6221508929723383 0.8679156303405762
Car -1 -1 -1.42 468.0907287597656 179.85116577148438 517.0004272460938 217.04779052734375 1.450990080833435 1.6460461616516113 4.213397026062012 -5.098491668701172 1.2875378727912903 32.47760009765625 -1.5729636633010147 0.8634898066520691
Car -1 -1 -0.81 204.0845947265625 183.2664794921875 336.90374755859375 249.64268493652344 1.479295253753662 1.6264667510986328 3.72259521484375 -8.336923599243164 1.4530709981918335 18.094608306884766 -1.2451346599803061 0.8132612109184265
Van -1 -1 -0.89 4.104438304901123 58.76643753051758 286.77683210372925 377.3092231750488 2.3656654357910156 1.9904814958572388 5.302906036376953 -4.218739986419678 1.6535001993179321 4.628128528594971 -1.6251004308703196 0.8067848682403564
Car -1 -1 -1.53 362.9501037597656 181.56939697265625 423.5688171386719 220.45938110351562 1.4603307247161865 1.6767820119857788 4.058006286621094 -8.694533348083496 1.36543470621109 29.68556022644043 -1.819836075244468 0.7146396636962891
Van -1 -1 -1.43 501.2442932128906 160.39230346679688 544.2105712890625 206.41786193847656 2.4886579513549805 2.0018577575683594 5.614424705505371 -5.291884899139404 1.1627511158585548 45.593528747558594 -1.5442608968797868 0.7078291177749634
Van -1 -1 -1.37 375.969970703125 169.23049926757812 478.1200866699219 247.10174560546875 1.8781179189682007 1.7668744325637817 4.524571418762207 -4.692739486694336 1.4701313972473145 19.26308250427246 -1.6112903981072595 0.5989630818367004
Car -1 -1 1.68 283.4397888183594 179.0955810546875 354.0443115234375 216.3203125 1.5994371175765991 1.5928237438201904 3.6067068576812744 -12.953988075256348 1.3451790809631348 32.41294479370117 1.3045667530404046 0.5777096748352051
Van -1 -1 1.63 508.513671875 165.8411407470703 547.4476928710938 202.82431030273438 2.339979887008667 1.9850250482559204 5.658430576324463 -5.270947456359863 1.082518219947815 50.21839141845703 1.5269150434377199 0.45077353715896606
Car -1 -1 -1.78 183.79022216796875 176.991455078125 328.8812561035156 260.80914306640625 1.5086755752563477 1.6239078044891357 3.8806073665618896 -8.149557113647461 1.5514371395111084 18.206768035888672 -2.198980834493801 0.44738855957984924
Van -1 -1 -1.0 17.749059677124023 116.2895736694336 282.3897457122803 361.58968353271484 2.1173596382141113 1.8308653831481934 4.816213607788086 -3.838453769683838 1.5860189199447632 4.670283317565918 -1.6836766038673323 0.4038473665714264
Car -1 -1 -1.5 504.65753173828125 167.93907165527344 545.364501953125 206.264404296875 1.9283021688461304 1.7331185340881348 4.281839370727539 -4.862072944641113 1.2234885096549988 43.77619934082031 -1.615507145716391 0.40162134170532227
Car -1 -1 -1.39 371.6478576660156 171.6670684814453 443.475830078125 230.9346466064453 1.7302683591842651 1.7029500007629395 4.179920196533203 -7.141551494598389 1.456807255744934 26.13153839111328 -1.6551859938349338 0.3928054869174957
Car -1 -1 -2.9 365.78314208984375 174.05821228027344 436.0966796875 226.6497039794922 1.6133383512496948 1.6358301639556885 4.061197280883789 -8.188155174255371 1.3293617963790894 28.136035919189453 3.1023121017444826 0.38248544931411743
Car -1 -1 -1.23 372.6131286621094 172.77806091308594 459.7359619140625 240.298095703125 1.687558650970459 1.7253531217575073 4.195882797241211 -4.9139814376831055 1.4289739727973938 19.02234649658203 -1.4796707941963385 0.37109482288360596
Car -1 -1 -2.11 151.19190979003906 169.34298706054688 310.30877685546875 263.94219970703125 1.451864242553711 1.6303774118423462 3.7646172046661377 -8.529301643371582 1.5434038639068604 18.251636505126953 -2.54689010287111 0.3671729564666748
Van -1 -1 -1.03 25.118349075317383 83.7800064086914 278.53299140930176 330.32999420166016 2.322866916656494 1.9221203327178955 5.3586907386779785 -4.22695779800415 1.4688544869422913 5.08938455581665 -1.7238071630093703 0.36253929138183594
Truck -1 -1 -1.45 3.561352252960205 34.8905029296875 274.9450192451477 374.77288818359375 3.2241692543029785 2.3634033203125 7.316961765289307 -4.655357837677002 1.838214248418808 5.2993974685668945 -2.1729047088091624 0.3492520749568939
Car -1 -1 -0.98 478.34393310546875 175.8351593017578 526.1991577148438 212.9495391845703 1.5948469638824463 1.6235641241073608 4.117067337036133 -5.032299518585205 1.341939389705658 32.03362274169922 -1.1338250730123551 0.3205784559249878
Car -1 -1 2.12 266.7649841308594 183.31863403320312 350.2602844238281 221.3517608642578 1.530985713005066 1.550293207168579 3.345790147781372 -12.456692695617676 1.38885498046875 30.523942947387695 1.7321349242322395 0.30761227011680603
Car -1 -1 -1.56 572.23974609375 177.01181030273438 613.0817260742188 217.4216766357422 1.632612705230713 1.6602550745010376 3.9431967735290527 -0.43731454014778137 1.2764584720134735 27.467992782592773 -1.5739974027624086 0.3025217056274414
Car -1 -1 2.12 172.3638458251953 189.39959716796875 284.92236328125 239.91244506835938 1.4445171356201172 1.6179158687591553 4.032142162322998 -10.747976303100586 1.4226549863815308 20.78205108642578 1.6437906874429675 0.2943548262119293
Van -1 -1 1.58 513.8746948242188 168.10330200195312 549.8590698242188 205.28578186035156 2.2832021713256836 1.974678874015808 5.539605617523193 -5.345178127288818 1.1534912111237645 51.32720947265625 1.474864706364217 0.2895181179046631
Car -1 -1 1.52 183.31317138671875 185.43324279785156 309.4881896972656 248.37680053710938 1.4473180770874023 1.6569815874099731 4.001988410949707 -8.647941589355469 1.4799296855926514 18.242868423461914 1.07290426972824 0.2880793809890747
Car -1 -1 -1.12 240.79913330078125 182.9190673828125 346.27081298828125 235.11453247070312 1.4992420673370361 1.5937334299087524 3.3987772464752197 -8.324914932250977 1.4127767086029053 18.743656158447266 -1.5332660019110111 0.2753758132457733
Car -1 -1 -0.29 367.26971435546875 177.02720642089844 427.3088073730469 222.8667755126953 1.595954418182373 1.6861902475357056 3.9208736419677734 -8.381359100341797 1.3848090767860413 28.691131591796875 -0.5708313785549919 0.2742977738380432
Car -1 -1 -0.93 5.859306335449219 75.72998809814453 280.47753143310547 385.29834747314453 1.9837242364883423 1.7237098217010498 4.77977991104126 -4.4626240730285645 1.6007983684539795 4.977197170257568 -1.6566480482657102 0.2712897062301636
Truck -1 -1 -1.52 502.9197082519531 159.427734375 543.8300170898438 205.67408752441406 3.3093204498291016 2.4778811931610107 8.15248966217041 -5.47955322265625 1.412104919552803 47.470985412597656 -1.6310150171676492 0.2709175646305084
Car -1 -1 1.59 527.1415405273438 174.54855346679688 553.2865600585938 200.4957733154297 1.7560299634933472 1.6986236572265625 4.189835071563721 -4.918429851531982 1.0503476113080978 52.406410217285156 1.495374130688691 0.269111692905426
Car -1 -1 2.11 531.6546020507812 175.39950561523438 555.65771484375 200.0569305419922 1.6497820615768433 1.604731559753418 3.9327101707458496 -4.7076897621154785 1.076760083436966 52.91038513183594 2.023710663943767 0.2642732262611389
Van -1 -1 -2.41 522.457763671875 169.46197509765625 554.4395751953125 202.22593688964844 2.15077805519104 1.9121956825256348 5.294478416442871 -5.240353584289551 1.055296478793025 53.558475494384766 -2.5113603622017706 0.2552480101585388
Van -1 -1 -2.28 0.6344857811927795 34.80802917480469 264.96010833978653 320.22398376464844 2.4633355140686035 2.0959954261779785 5.737339973449707 -3.6636745929718018 1.4684904515743256 3.8757333755493164 -3.038972645520916 0.2551579773426056
Car -1 -1 1.64 513.8746948242188 168.10330200195312 549.8590698242188 205.28578186035156 1.9297767877578735 1.6988505125045776 4.302886486053467 -5.0208635330200195 1.123238205909729 50.225807189941406 1.5383127930040503 0.2520448863506317
Car -1 -1 -1.4 395.2748718261719 175.05709838867188 478.33587646484375 240.64295959472656 1.5984958410263062 1.6970784664154053 4.52850866317749 -4.757345676422119 1.39540433883667 20.406597137451172 -1.6325145037672488 0.25123143196105957
Cyclist -1 -1 -1.5 502.8609313964844 160.0500946044922 543.0905151367188 205.53872680664062 1.8592020273208618 0.5397062301635742 1.8316338062286377 -4.202329635620117 1.0758312493562698 36.3018913269043 -1.617277015912796 0.2429916262626648
Van -1 -1 -1.39 9.811511993408203 112.23635864257812 231.87109756469727 324.80633544921875 2.297234058380127 2.076071262359619 5.319145679473877 -4.043873310089111 1.5992823243141174 4.87762975692749 -2.082228454081841 0.24140189588069916
Pedestrian -1 -1 1.31 501.8445739746094 160.36489868164062 543.0023803710938 206.3102264404297 1.9414639472961426 0.6594260931015015 0.9080241918563843 -4.216881275177002 1.1377300918102264 36.551734924316406 1.197740399842484 0.23777897655963898
Car -1 -1 -1.64 522.2988891601562 172.6166534423828 552.9824829101562 202.7566680908203 1.7081174850463867 1.6612929105758667 3.96454119682312 -5.1478166580200195 1.1404511630535126 54.572242736816406 -1.7364948421700142 0.23603859543800354
Van -1 -1 -0.87 372.6131286621094 172.77806091308594 459.7359619140625 240.298095703125 1.85678231716156 1.779468059539795 4.6455769538879395 -5.56191349029541 1.4697695970535278 21.252559661865234 -1.1259818151318388 0.22796155512332916
Van -1 -1 -1.03 73.07059478759766 115.60482788085938 282.92176055908203 309.0556945800781 2.121131420135498 1.8136307001113892 4.968736171722412 -5.219505310058594 1.4733723104000092 7.191731929779053 -1.6625499512910311 0.22465366125106812
Car -1 -1 1.42 149.71136474609375 185.3743896484375 266.7998046875 252.1828155517578 1.409011960029602 1.565977931022644 3.2450058460235596 -9.522951126098633 1.4411162734031677 17.540918350219727 0.919065073506613 0.22197432816028595
Car -1 -1 -1.43 573.1152954101562 175.98489379882812 608.2188720703125 212.44688415527344 1.6363847255706787 1.659166693687439 4.048036575317383 -0.6983301639556885 1.2302964627742767 35.44974899291992 -1.4508989004811337 0.2168746143579483
Car -1 -1 2.67 166.09486389160156 197.4504852294922 275.11468505859375 248.8671112060547 1.3927280902862549 1.59933602809906 3.8815877437591553 -10.321687698364258 1.486661970615387 19.218420028686523 2.179454416563572 0.21461468935012817
Car -1 -1 -1.31 114.43004608154297 148.38157653808594 286.9264144897461 281.36767578125 1.4562010765075684 1.5386977195739746 3.727747678756714 -9.93339729309082 1.7271363735198975 17.402360916137695 -1.8275880025591213 0.19956178963184357
Car -1 -1 2.09 156.35107421875 190.61236572265625 261.3081970214844 234.8042449951172 1.463331699371338 1.5089004039764404 3.7894608974456787 -12.558549880981445 1.4299796223640442 23.1120662689209 1.5937683572484111 0.1978210061788559
Van -1 -1 -1.36 99.56996154785156 142.65219116210938 284.9874572753906 284.7320861816406 2.046412706375122 1.6689547300338745 4.612877368927002 -6.5573344230651855 1.5526995658874512 10.731459617614746 -1.911522395961872 0.19634568691253662
Van -1 -1 -1.61 504.65753173828125 167.93907165527344 545.364501953125 206.264404296875 2.339203119277954 1.9684767723083496 5.4387125968933105 -5.2564544677734375 1.264067530632019 46.333274841308594 -1.719078286574864 0.19606582820415497
Car -1 -1 -0.37 487.6101989746094 170.02102661132812 533.1880493164062 210.15853881835938 1.7972112894058228 1.6175651550292969 4.128140449523926 -5.143587112426758 1.3380946516990662 34.34721374511719 -0.5138114144142127 0.1949414312839508
Car -1 -1 -0.77 359.27264404296875 179.1845245361328 435.0568542480469 233.6071319580078 1.4914685487747192 1.6852842569351196 4.020386695861816 -8.093786239624023 1.4511592388153076 27.70659637451172 -1.0553170775719112 0.18358556926250458
Cyclist -1 -1 -3.03 13.192816734313965 86.14588165283203 283.6702947616577 381.5763931274414 1.8590455055236816 0.620591402053833 1.9485666751861572 -2.8069798946380615 1.4678000807762146 3.730379343032837 2.611600921320843 0.1683555245399475
Car -1 -1 2.07 133.87371826171875 194.4971466064453 252.9501190185547 245.18994140625 1.4372973442077637 1.5380182266235352 3.8464958667755127 -12.607625961303711 1.477551281452179 22.464282989501953 1.5592156007184812 0.16510330140590668
Van -1 -1 1.54 528.1266479492188 164.94796752929688 555.6737670898438 195.9224853515625 2.3573081493377686 1.9719423055648804 5.765215873718262 -4.99627685546875 0.8689224720001221 52.170413970947266 1.4408325214954978 0.12498290836811066
Car -1 -1 -1.1 57.11149215698242 131.61270141601562 279.3523826599121 338.8370666503906 1.6423856019973755 1.618241548538208 3.9533045291900635 -5.604723930358887 1.743338167667389 7.6543684005737305 -1.7272652814262388 0.11954936385154724
Car -1 -1 -1.32 98.68409729003906 131.4536590576172 289.4603576660156 297.8847351074219 1.4841020107269287 1.5634571313858032 3.8739516735076904 -9.595658302307129 1.7145509719848633 16.479249954223633 -1.8499010632869979 0.11197175830602646