Car -1 -1 1.72 475.7040710449219 177.5257110595703 539.121826171875 227.90040588378906 1.5295666456222534 1.5919145345687866 3.8406310081481934 -3.32602858543396 1.670559287071228 24.034914016723633 1.5866608205771016 0.8904668688774109
Car -1 -1 2.01 121.01909637451172 182.1607208251953 460.6559371948242 373.2803649902344 1.5275105237960815 1.6339603662490845 4.0248494148254395 -3.027559280395508 1.674676239490509 7.844624996185303 1.6391097848185732 0.8827700018882751
Car -1 -1 -1.93 762.8787841796875 191.6611785888672 1048.1591796875 370.325927734375 1.4628106355667114 1.5909191370010376 3.8322715759277344 2.9232614040374756 1.735020101070404 8.042332649230957 -1.5858699837549919 0.8788918256759644
Car -1 -1 1.36 700.4846801757812 188.7290496826172 829.8418579101562 282.82177734375 1.4478073120117188 1.5887203216552734 3.7848434448242188 2.8112781047821045 1.779679536819458 13.554702758789062 1.5622174545589953 0.8718407154083252
Car -1 -1 1.45 670.8278198242188 181.025634765625 719.11474609375 220.9317626953125 1.4357655048370361 1.558185338973999 3.7791624069213867 3.4134628772735596 1.788536548614502 28.889293670654297 1.5672657311491376 0.8545918464660645
Car -1 -1 1.68 514.5140991210938 177.92526245117188 562.974365234375 213.05642700195312 1.4726301431655884 1.626292109489441 4.11614990234375 -3.1342434883117676 1.6631352305412292 32.00996017456055 1.5787783790335164 0.852523684501648
Car -1 -1 1.81 377.9236755371094 173.704833984375 500.2222595214844 266.74493408203125 1.7328579425811768 1.6284838914871216 3.9258058071136475 -3.3650288581848145 1.743096947669983 14.713050842285156 1.5868194147887396 0.8320267796516418
Car -1 -1 0.6 1052.5572509765625 199.54783630371094 1242.4066162109375 365.4649353027344 1.6304172277450562 1.6103339195251465 3.7973599433898926 3.2631072998046875 1.7510055303573608 2.0987157821655273 1.601433217457914 0.8056098222732544
Car -1 -1 1.46 648.008056640625 174.50428771972656 675.6126708984375 199.0618438720703 1.5995712280273438 1.6294113397598267 3.8687386512756348 3.54891300201416 1.7177807092666626 49.44270324707031 1.535858740205727 0.6894726753234863
Car -1 -1 1.52 644.9111938476562 169.78457641601562 673.6419067382812 197.9387664794922 1.678383469581604 1.6257553100585938 3.8219003677368164 3.489447593688965 1.6952531337738037 49.30619430541992 1.5918344352958522 0.4295823872089386
Van -1 -1 1.62 643.3829345703125 166.18226623535156 672.2119140625 195.5521697998047 2.3394851684570312 1.9954577684402466 5.340484142303467 3.877528667449951 1.6579846143722534 58.832218170166016 1.681384544014433 0.3585393726825714
Car -1 -1 1.81 364.7837219238281 181.48828125 495.5596923828125 279.6864929199219 1.4617983102798462 1.5515849590301514 3.786302089691162 -3.290651321411133 1.701479732990265 14.414044380187988 1.5856681869584985 0.34451034665107727
Car -1 -1 0.63 1005.1314086914062 211.6165008544922 1233.8515625 366.3767395019531 1.44797682762146 1.6454308032989502 4.166729927062988 2.176898717880249 1.2557156085968018 1.7009674310684204 1.538111732408126 0.3321737051010132
Car -1 -1 1.67 503.67620849609375 177.2551727294922 556.6395874023438 216.55165100097656 1.504043698310852 1.5389753580093384 3.9908313751220703 -3.0734944343566895 1.7554745078086853 32.503944396972656 1.5734707867016091 0.3109140396118164
Car -1 -1 1.68 488.2230529785156 177.00753784179688 546.40771484375 225.72732543945312 1.526794672012329 1.6101548671722412 3.710672378540039 -3.1883535385131836 1.6755725741386414 24.0406494140625 1.5472156522129685 0.3020605742931366
Car -1 -1 1.63 572.0349731445312 173.74453735351562 592.626708984375 190.28811645507812 1.5187045335769653 1.6965488195419312 4.221730709075928 -2.6564319133758545 1.5434154868125916 70.52483367919922 1.5883624638546596 0.2977866232395172
Van -1 -1 1.7 645.232666015625 169.52499389648438 675.9566040039062 198.05519104003906 2.137235641479492 1.9300425052642822 4.9433817863464355 3.9774169921875 1.7607384324073792 57.00693893432617 1.766465108356699 0.2967630624771118
Car -1 -1 1.48 665.6937866210938 180.7554473876953 712.5655517578125 217.72067260742188 1.5132004022598267 1.5522884130477905 3.581134557723999 3.4480860233306885 1.8258528113365173 29.52242660522461 1.5961216697704383 0.2700645923614502
Van -1 -1 1.82 370.24432373046875 172.90016174316406 499.0048522949219 271.0543518066406 1.8261994123458862 1.7239701747894287 4.267325401306152 -3.3688442707061768 1.8204473853111267 14.765767097473145 1.5999501087052774 0.23233184218406677
Car -1 -1 1.72 494.7915344238281 177.65521240234375 554.484375 220.30804443359375 1.5033783912658691 1.559944748878479 4.0751190185546875 -3.3426270484924316 1.729766309261322 33.25910568237305 1.6229008451725395 0.22585967183113098
Van -1 -1 0.5 1069.09716796875 217.2830047607422 1235.0147705078125 375.9595031738281 1.510337471961975 1.7326372861862183 4.16066312789917 2.9108338356018066 1.3985794186592102 2.1373488903045654 1.4389186050498868 0.22163508832454681
Car -1 -1 1.57 574.8114013671875 172.39915466308594 594.078369140625 189.15940856933594 1.5664523839950562 1.7632440328598022 4.253815174102783 -2.458733320236206 1.6100985407829285 71.66680908203125 1.5403351420954383 0.21810144186019897
Car -1 -1 1.83 334.0550537109375 182.94593811035156 492.85186767578125 298.6569519042969 1.520949363708496 1.5795422792434692 3.878378391265869 -3.2444205284118652 1.7953603267669678 13.927755355834961 1.6003647042005111 0.2072162628173828
Car -1 -1 1.8 399.1711120605469 173.2694091796875 498.2765197753906 254.77249145507812 1.6397312879562378 1.6158007383346558 3.9301517009735107 -3.5523834228515625 1.6646451354026794 15.786270141601562 1.5788497737708136 0.2050185650587082
Car -1 -1 1.91 170.4227294921875 185.60919189453125 444.6151123046875 359.56036376953125 1.459743857383728 1.5870189666748047 3.9189019203186035 -3.6063826084136963 1.747963011264801 9.5452880859375 1.5521304138169016 0.20412077009677887
Car -1 -1 2.3 650.883056640625 170.6809844970703 677.390625 196.4690399169922 1.498407244682312 1.6267542839050293 3.7491707801818848 3.7451295852661133 1.5456185340881348 49.53400802612305 2.373297478275191 0.197776660323143
Car -1 -1 1.7 513.6177368164062 180.71441650390625 558.21728515625 216.8978729248047 1.4690922498703003 1.582364797592163 3.911068916320801 -3.2605032920837402 1.8081014752388 32.41440963745117 1.5970700093337626 0.19389037787914276
Car -1 -1 0.72 953.1854248046875 212.47291564941406 1215.9744873046875 357.4791564941406 1.398394227027893 1.7229377031326294 4.041620254516602 2.9029643535614014 1.4556081891059875 2.8344597816467285 1.521687712908725 0.18510469794273376
Car -1 -1 0.59 1092.9429931640625 215.0767364501953 1240.7413330078125 357.327880859375 1.545262336730957 1.5772126913070679 3.609084129333496 3.3609254360198975 1.6009216904640198 2.541533946990967 1.5134035725959318 0.17884144186973572
Car -1 -1 0.85 952.06494140625 194.7576446533203 1199.620361328125 341.91436767578125 1.5534844398498535 1.6962687969207764 4.223146915435791 3.6504263877868652 1.6751407384872437 3.9319872856140137 1.6018615614342524 0.1614859253168106
Car -1 -1 0.63 1064.6412353515625 210.91798400878906 1199.697509765625 360.8516845703125 1.4583083391189575 1.5683518648147583 3.785378932952881 3.6132755279541016 1.614945113658905 3.099626302719116 1.491273453646813 0.1596461534500122
Car -1 -1 1.53 648.742919921875 176.55413818359375 680.3160400390625 204.36270141601562 1.6306052207946777 1.5219961404800415 3.732077121734619 3.6867430210113525 1.6830627918243408 49.49102020263672 1.6076834786190846 0.14113354682922363
Car -1 -1 1.5 662.3580932617188 178.56988525390625 704.4348754882812 212.9218292236328 1.6049355268478394 1.5774120092391968 3.669532299041748 3.4083943367004395 1.8844922184944153 30.33872413635254 1.609601051654617 0.13439662754535675
Car -1 -1 0.49 1070.7498779296875 234.9142608642578 1195.8531494140625 371.0646057128906 1.3651084899902344 1.6075760126113892 3.8987200260162354 3.43182635307312 1.66108638048172 2.3937156200408936 1.4499969739320528 0.12550495564937592