Car -1 -1 -1.48 492.7689208984375 165.3614959716797 570.4816284179688 228.5269775390625 1.5859549045562744 1.6857620477676392 4.05217170715332 -2.050520896911621 1.3900689482688904 20.037330627441406 -1.5797728759273824 0.8852816224098206
Car -1 -1 -1.78 688.13623046875 166.48724365234375 784.4661865234375 231.54930114746094 1.5297794342041016 1.5952110290527344 3.612229108810425 3.201490879058838 1.3970253467559814 19.20627784729004 -1.6178078507001672 0.8811591267585754
Car -1 -1 -1.94 777.8632202148438 162.93150329589844 1165.9276123046875 375.5186462402344 1.5726450681686401 1.631213903427124 3.9202797412872314 2.858325481414795 1.5543979406356812 6.729975700378418 -1.543137421868657 0.8787456154823303
Car -1 -1 -2.51 6.344314098358154 179.83497619628906 178.84748792648315 290.29425048828125 1.4743825197219849 1.570790410041809 3.6365954875946045 -8.815333366394043 1.6228877902030945 10.977604866027832 3.0969830697555647 0.8726397752761841
Car -1 -1 -1.47 547.0051879882812 168.59742736816406 591.310791015625 203.94573974609375 1.4528292417526245 1.6045145988464355 3.7396721839904785 -1.7772005796432495 1.316733479499817 32.89640426635742 -1.5289413848610502 0.8137838244438171
Car -1 -1 -1.67 663.2058715820312 162.20584106445312 707.5956420898438 200.06234741210938 1.7691035270690918 1.6923085451126099 4.138838291168213 3.4821109771728516 1.2321204245090485 34.40296936035156 -1.564410184708672 0.796654224395752
Car -1 -1 -1.68 676.4028930664062 167.98529052734375 740.746337890625 214.88356018066406 1.5003414154052734 1.6202839612960815 3.8128039836883545 3.1738126277923584 1.30849689245224 24.515613555908203 -1.5530227093023257 0.7686018347740173
Car -1 -1 -1.75 682.8370361328125 167.36111450195312 766.677978515625 225.2255859375 1.5040380954742432 1.5981626510620117 3.5687239170074463 3.214230537414551 1.3462862968444824 21.625228881835938 -1.6018710476925104 0.5381497740745544
Car -1 -1 -1.67 666.745849609375 164.2896270751953 715.1304931640625 206.3661651611328 1.684768557548523 1.618139624595642 3.8664557933807373 3.480024576187134 1.2420794665813446 33.35499954223633 -1.5618828104116496 0.5127187967300415
Car -1 -1 -1.68 672.60009765625 166.0172576904297 725.5780639648438 211.4910125732422 1.5928775072097778 1.5976635217666626 3.577916383743286 3.1002695560455322 1.2620407044887543 25.39626693725586 -1.5540758272633202 0.4826078712940216
Car -1 -1 -1.62 657.9881591796875 162.08924865722656 694.859375 195.23316955566406 1.7235918045043945 1.6383764743804932 4.148913860321045 3.759310007095337 1.2057518362998962 41.54119873046875 -1.5253304130319263 0.41435903310775757
Van -1 -1 -1.67 666.5475463867188 162.38352966308594 705.87841796875 200.36984252929688 1.8403059244155884 1.6950892210006714 4.65673303604126 3.908982038497925 1.2642337679862976 38.41525650024414 -1.5640394079201165 0.37935104966163635
Car -1 -1 -1.71 679.1826782226562 168.4453887939453 753.0349731445312 219.54238891601562 1.4541027545928955 1.579799771308899 3.616955280303955 3.2225077152252197 1.328707993030548 24.15007781982422 -1.574681046311703 0.37415921688079834
Car -1 -1 -1.54 508.2657775878906 163.46083068847656 570.1732177734375 218.96311950683594 1.6743098497390747 1.6849613189697266 4.02094030380249 -2.2032153606414795 1.4491071701049805 24.024070739746094 -1.632833203555454 0.36833930015563965
Car -1 -1 -1.65 666.5885620117188 166.2111358642578 706.527587890625 203.49180603027344 1.673769235610962 1.6178064346313477 3.910189390182495 3.5438482761383057 1.3201710879802704 34.79269027709961 -1.5476516293937985 0.30935603380203247
Car -1 -1 -1.52 541.4617309570312 170.34849548339844 584.44921875 208.29296875 1.5584218502044678 1.6248184442520142 4.008024215698242 -1.977532148361206 1.4510654211044312 33.91860580444336 -1.5818498649433064 0.2706328332424164
Car -1 -1 -1.71 674.104736328125 165.5365753173828 718.9566040039062 205.43008422851562 1.619049310684204 1.5741593837738037 3.540677070617676 3.661327362060547 1.3583102822303772 32.370792388916016 -1.5998582920200057 0.2623942792415619
Car -1 -1 -1.51 533.5020141601562 168.83123779296875 590.3507080078125 209.87149047851562 1.4990664720535278 1.5607836246490479 3.86820650100708 -1.8392552137374878 1.346339762210846 31.995601654052734 -1.5639759390878902 0.25940802693367004
Car -1 -1 -1.61 651.5917358398438 164.03895568847656 671.90625 185.83047485351562 1.5729552507400513 1.5910415649414062 3.8875715732574463 3.960188388824463 0.9331108182668686 54.68947982788086 -1.5371114948098157 0.24779313802719116
Car -1 -1 -1.69 654.8847045898438 164.2343292236328 680.7544555664062 189.78260803222656 1.5232388973236084 1.575339913368225 3.9111974239349365 4.127087116241455 1.146763175725937 51.97764205932617 -1.6064937227551646 0.24146133661270142
Pedestrian -1 -1 2.03 666.5475463867188 162.38352966308594 705.87841796875 200.36984252929688 1.7293293476104736 0.6667202711105347 0.8719537854194641 2.9893429279327393 1.1286402642726898 29.30014419555664 2.136549727599059 0.23793035745620728
Van -1 -1 -1.63 662.500732421875 160.97589111328125 700.19677734375 195.48129272460938 2.1300439834594727 1.8220977783203125 5.096940517425537 4.35454797744751 1.0262487642467022 49.84535598754883 -1.5469531052093224 0.2289084792137146
Car -1 -1 -1.64 656.4907836914062 164.15780639648438 688.3593139648438 194.04359436035156 1.6302891969680786 1.5914273262023926 3.9757840633392334 3.8611502647399902 1.169386237859726 47.19635009765625 -1.5629703054330504 0.21276028454303741
Van -1 -1 -1.68 678.1724853515625 167.82032775878906 738.5775756835938 215.4661102294922 1.7397509813308716 1.5955678224563599 4.270326137542725 3.5774917602539062 1.4040075540542603 27.55255699157715 -1.550805065737162 0.20690055191516876
Car -1 -1 -1.53 523.1984252929688 169.62307739257812 571.03076171875 219.14707946777344 1.4930627346038818 1.6300774812698364 3.818901777267456 -2.0941922664642334 1.4038090109825134 24.49482536315918 -1.6105468739194722 0.20598968863487244
Van -1 -1 -1.66 667.2083129882812 165.5906982421875 708.6604614257812 205.47662353515625 1.8688981533050537 1.7239903211593628 4.534544467926025 3.953676223754883 1.3659351766109467 38.06685256958008 -1.5555766037914598 0.2059280276298523
Van -1 -1 -1.64 654.8847045898438 164.2343292236328 680.7544555664062 189.78260803222656 2.0660922527313232 1.8622857332229614 5.025407791137695 4.37809419631958 1.0331825779867359 55.163330078125 -1.556705517354679 0.20360036194324493
Car -1 -1 -1.51 512.9163208007812 168.93309020996094 573.039794921875 224.71246337890625 1.5236579179763794 1.6369307041168213 4.040040016174316 -2.1334714889526367 1.4919729232788086 23.222448348999023 -1.6029073896747796 0.19361574947834015
Car -1 -1 -2.7 1211.3946533203125 214.26156616210938 1240.6651611328125 379.5245666503906 1.488237738609314 1.6572736501693726 3.811389684677124 2.1324872970581055 1.300120770931244 1.0582988262176514 -1.5854468175616283 0.18465755879878998
Car -1 -1 2.33 1.8766494989395142 185.2135772705078 35.45090639591217 266.6307678222656 1.4424704313278198 1.5844998359680176 3.436533212661743 -11.922269821166992 1.632573127746582 12.664396286010742 1.5706105413525036 0.17529575526714325
Car -1 -1 -2.64 1206.18505859375 179.064208984375 1236.44140625 375.5344543457031 1.6117945909500122 1.6125380992889404 4.02472448348999 2.6558799743652344 1.496821105480194 1.2393898963928223 -1.5047802974405577 0.1651238650083542
Car -1 -1 -1.69 662.500732421875 160.97589111328125 700.19677734375 195.48129272460938 1.649005651473999 1.5425448417663574 4.04428768157959 3.8664326667785645 1.0277569890022278 45.65360641479492 -1.6082734622761228 0.13404616713523865
Car -1 -1 -2.68 1215.2279052734375 206.3384552001953 1237.7686767578125 374.72259521484375 1.5416593551635742 1.607027292251587 3.823617696762085 1.9198824167251587 1.241028219461441 1.0510774850845337 -1.6067247506461513 0.13171498477458954