Car -1 -1 -1.57 585.164794921875 179.2484588623047 623.3646850585938 215.6265869140625 1.5627557039260864 1.6608017683029175 3.870600700378418 -0.27446165680885315 1.9178194403648376 33.820804595947266 -1.5792005165972594 0.8725242018699646
Car -1 -1 -1.54 535.3836669921875 180.29718017578125 567.3333129882812 208.4912109375 1.52666437625885 1.6615424156188965 4.245626926422119 -3.3070313930511475 1.977703034877777 41.23590087890625 -1.6156183767705006 0.8466009497642517
Car -1 -1 -1.66 590.5612182617188 180.49314880371094 626.1947631835938 212.1592254638672 1.56095552444458 1.6182568073272705 4.166079044342041 -0.22590002417564392 2.008022665977478 34.331336975097656 -1.665023542399033 0.3916670083999634
Van -1 -1 0.86 609.1368408203125 169.72764587402344 632.811767578125 197.39744567871094 2.4386961460113525 2.0782058238983154 5.667906761169434 1.1001367568969727 2.195368766784668 69.91349029541016 0.8795655300669942 0.38243812322616577
Car -1 -1 1.69 609.348876953125 174.37693786621094 631.9650268554688 197.6262664794922 1.6651161909103394 1.7268109321594238 4.229983806610107 1.3332487344741821 2.200196325778961 62.38429641723633 1.7139515775090102 0.2678413391113281
Van -1 -1 0.63 605.338623046875 172.1107940673828 629.9510498046875 200.13272094726562 2.3712637424468994 1.9374725818634033 5.532726287841797 0.953380823135376 2.255053758621216 67.66049194335938 0.6446863466076413 0.2020634412765503
Car -1 -1 2.05 603.1380004882812 175.48240661621094 631.0263671875 201.5500946044922 1.6269468069076538 1.644330620765686 4.060154914855957 1.141822338104248 2.1873502135276794 60.56905746459961 2.066144295462898 0.19263048470020294
Car -1 -1 -2.66 599.208740234375 175.8255615234375 628.23388671875 204.06524658203125 1.611971378326416 1.6539920568466187 4.130712509155273 0.03659692406654358 2.108227014541626 43.099430084228516 -2.6546840442466513 0.19096620380878448
Car -1 -1 -0.91 611.1171264648438 171.2405548095703 634.120361328125 197.65577697753906 1.785399079322815 1.7246181964874268 4.238590717315674 1.2151576280593872 2.081844985485077 64.54838562011719 -0.888577102303147 0.17878521978855133
Car -1 -1 1.49 611.2233276367188 176.6205596923828 634.7904052734375 199.52638244628906 1.6691128015518188 1.647029161453247 4.02805233001709 1.5706934928894043 2.238141357898712 65.26793670654297 1.5090941479526947 0.1710337996482849
Car -1 -1 -0.1 605.338623046875 172.1107940673828 629.9510498046875 200.13272094726562 1.7149180173873901 1.5918774604797363 4.120328903198242 0.4980270266532898 2.0796236395835876 59.437225341796875 -0.0950499897517405 0.15870575606822968
Van -1 -1 1.57 611.2233276367188 176.6205596923828 634.7904052734375 199.52638244628906 2.4025585651397705 1.9055466651916504 5.389463424682617 1.344303846359253 2.435937285423279 70.46878814697266 1.5875290275650915 0.1547933667898178