Car -1 -1 -1.67 581.6935424804688 164.49314880371094 626.0906982421875 198.9239959716797 1.6098705530166626 1.6802003383636475 4.1221394538879395 -0.23689891397953033 0.5969844162464142 36.21548080444336 -1.6764563166571511 0.8817020654678345
Car -1 -1 -1.6 511.88739013671875 167.77499389648438 547.2302856445312 200.11740112304688 1.4937951564788818 1.648305058479309 3.8895740509033203 -3.8376550674438477 0.6368092149496078 35.49658966064453 -1.7097894480214935 0.8513540625572205
Car -1 -1 -1.62 505.6761474609375 165.31053161621094 531.2390747070312 191.06808471679688 1.4875856637954712 1.6146042346954346 4.280886650085449 -5.986575126647949 0.29831552505493164 48.14667892456055 -1.7477698679412708 0.5641357898712158
Car -1 -1 -1.64 509.5881652832031 166.10235595703125 543.2601318359375 197.3696746826172 1.4737292528152466 1.602718710899353 4.110012531280518 -3.9826323986053467 0.5800306648015976 35.86062240600586 -1.7466106991265518 0.5029734373092651
Car -1 -1 -1.62 507.8723449707031 166.08380126953125 536.9754638671875 193.2415008544922 1.4954867362976074 1.6068428754806519 4.096099853515625 -4.689537048339844 0.49205753207206726 40.057865142822266 -1.7393880838266078 0.4669559597969055
Car -1 -1 -1.55 540.9132080078125 162.95826721191406 562.55810546875 178.66287231445312 1.4861986637115479 1.7437013387680054 4.333778381347656 -5.487030982971191 -0.6089129447937012 71.44916534423828 -1.6307729523908723 0.45959699153900146
Car -1 -1 -1.62 504.2391052246094 164.38290405273438 527.7145385742188 188.76820373535156 1.5033442974090576 1.6560442447662354 4.419339179992676 -5.991714954376221 0.22559583187103271 48.36787033081055 -1.7481546955614142 0.38447192311286926
Car -1 -1 -1.58 542.5072021484375 161.8210906982422 564.4735717773438 177.4609832763672 1.5142664909362793 1.7444806098937988 4.462305545806885 -5.329896926879883 -0.8086823225021362 71.84075164794922 -1.6521639313338827 0.29089295864105225
Car -1 -1 -1.96 538.9336547851562 163.72520446777344 562.141845703125 181.69351196289062 1.4760738611221313 1.7622417211532593 4.360743522644043 -5.130199432373047 -0.4690191149711609 66.15608978271484 -2.0349852729817144 0.24982662498950958
Car -1 -1 -1.69 520.4947509765625 164.79354858398438 553.9428100585938 193.98849487304688 1.5462682247161865 1.7103732824325562 4.015510082244873 -3.856912136077881 0.6287332028150558 35.49767303466797 -1.7996339252740619 0.2131265252828598
Car -1 -1 2.23 -2.446380138397217 219.37831115722656 47.041122913360596 353.5220642089844 1.7915847301483154 1.6790355443954468 4.153130054473877 -3.616931438446045 1.6935706734657288 2.4470396041870117 1.255214373979829 0.15388067066669464
Car -1 -1 -2.21 537.0467529296875 164.8974609375 559.6619262695312 182.3997344970703 1.4816539287567139 1.6390879154205322 4.380761623382568 -4.996545314788818 -0.3275160789489746 66.12834167480469 -2.284713477303452 0.12994591891765594
Car -1 -1 -1.55 530.701171875 164.75416564941406 558.70751953125 184.80142211914062 1.5684010982513428 1.6824698448181152 4.362191200256348 -5.596944808959961 -0.4498981237411499 67.77767181396484 -1.6373834598949024 0.07828886806964874