Car -1 -1 -1.25 289.01422119140625 178.5048828125 448.5561218261719 289.19415283203125 1.6457111835479736 1.613145112991333 3.8438689708709717 -4.119795322418213 1.7648370265960693 13.015544891357422 -1.5526934810536277 0.899737536907196
Car -1 -1 -1.81 747.630615234375 181.88743591308594 962.6592407226562 338.697021484375 1.4759225845336914 1.55161452293396 3.326016664505005 2.7672924995422363 1.6350668668746948 8.845511436462402 -1.5022611714562508 0.8905871510505676
Car -1 -1 1.77 450.0084228515625 182.8905029296875 511.5677795410156 228.1502685546875 1.4753072261810303 1.5480437278747559 3.5904250144958496 -4.626483917236328 1.8492701053619385 26.260765075683594 1.598751186928034 0.885409951210022
Car -1 -1 -1.64 662.772216796875 174.9479522705078 722.6705932617188 226.63784790039062 1.567108392715454 1.6180912256240845 3.541048526763916 2.7113585472106934 1.6558433771133423 24.27887535095215 -1.5270325724084435 0.8734784722328186
Car -1 -1 -0.87 2.5150318145751953 217.9498748779297 244.23956489562988 374.85845947265625 1.3941614627838135 1.5581291913986206 3.3216774463653564 -3.692641019821167 1.6205631494522095 4.17547082901001 -1.5917990559370159 0.7715523838996887
Pedestrian -1 -1 -3.04 102.20370483398438 174.27847290039062 179.85777282714844 322.2826232910156 1.5662044286727905 0.5552923679351807 0.37464359402656555 -5.125534534454346 1.5503796935081482 7.892063617706299 2.662402618931517 0.7478135824203491
Car -1 -1 1.7 507.4144592285156 181.33384704589844 543.5813598632812 208.460205078125 1.4553797245025635 1.5726102590560913 3.5416595935821533 -4.818081378936768 1.9749915599822998 41.604000091552734 1.580136429581251 0.7470727562904358
Pedestrian -1 -1 3.1 36.845394134521484 193.82855224609375 124.07322311401367 340.5667419433594 1.5255063772201538 0.587820291519165 0.46488896012306213 -5.508130073547363 1.6164970397949219 7.186065196990967 2.44853279625118 0.6860023140907288
Pedestrian -1 -1 1.11 81.35112762451172 173.87460327148438 194.25701904296875 333.7777404785156 1.6739462614059448 0.6331086158752441 0.5252358913421631 -4.915008068084717 1.6047466397285461 7.4701128005981445 0.524987122171197 0.6407777667045593
Pedestrian -1 -1 0.48 43.415428161621094 179.31687927246094 214.18669891357422 365.3157958984375 1.764482021331787 0.6246163249015808 0.5196274518966675 -4.552943229675293 1.792164921760559 6.763829231262207 -0.11701556924643741 0.5589675903320312
Pedestrian -1 -1 -2.97 38.33498001098633 190.8379364013672 99.41095733642578 333.5057373046875 1.464431643486023 0.4892871677875519 0.4866156280040741 -6.1356282234191895 1.6860392093658447 8.117486953735352 2.6611487173237283 0.5250524282455444
Pedestrian -1 -1 1.19 28.782432556152344 198.90782165527344 109.98269653320312 347.33343505859375 1.5794419050216675 0.6017573475837708 0.3935382068157196 -5.619975566864014 1.6518128514289856 7.3161091804504395 0.5320667203309561 0.5090184807777405
Pedestrian -1 -1 -0.47 11.683426856994629 202.9464569091797 221.05146884918213 374.4537658691406 1.617173433303833 0.6410783529281616 0.5012253522872925 -3.491417407989502 1.6884708404541016 4.751424789428711 -1.1071495957121877 0.5052075386047363
Car -1 -1 -0.87 26.39904022216797 192.4605255126953 217.21935272216797 374.2442626953125 1.3915019035339355 1.4891960620880127 3.0909688472747803 -2.99188494682312 1.4781612157821655 3.6457724571228027 -1.5534872510823385 0.4686467945575714
Pedestrian -1 -1 -2.61 25.614078521728516 195.2367401123047 151.26713943481445 347.3101501464844 1.5078935623168945 0.6310369372367859 0.5036892294883728 -5.3619489669799805 1.6693537831306458 7.028018474578857 3.0260219533093506 0.4609329402446747
Pedestrian -1 -1 2.59 61.61393356323242 187.5528564453125 202.75054550170898 349.6215515136719 1.736859679222107 0.6409631371498108 0.5258771777153015 -5.111630916595459 1.7781145572662354 7.718414783477783 2.000795849838701 0.4455738067626953
Pedestrian -1 -1 -0.13 19.51692008972168 199.94863891601562 180.5864086151123 358.6585693359375 1.4798176288604736 0.5881862640380859 0.5519196391105652 -3.9446310997009277 1.6030137538909912 5.281354904174805 -0.7675776032156234 0.39390313625335693
Pedestrian -1 -1 -1.59 49.085777282714844 187.52536010742188 178.91634368896484 356.5106506347656 1.5272666215896606 0.5416876673698425 0.5609318017959595 -3.7682387828826904 1.490388810634613 5.3667216300964355 -2.199870707748625 0.3760106563568115
Cyclist -1 -1 -0.28 9.364288330078125 214.5624237060547 240.85284423828125 379.25592041015625 1.6516350507736206 0.5582019686698914 1.6065973043441772 -3.3409225940704346 1.702542006969452 4.587278366088867 -0.9089869260678229 0.36539798974990845
Pedestrian -1 -1 2.51 115.2739028930664 177.71810913085938 165.00694274902344 313.4136047363281 1.500747799873352 0.5032739639282227 0.36698734760284424 -5.625239372253418 1.5953777432441711 8.610739707946777 1.9274073194090438 0.36131390929222107
Cyclist -1 -1 -0.14 48.1664924621582 190.9276123046875 206.94174575805664 347.8058776855469 1.5959362983703613 0.607728123664856 1.7106046676635742 -3.5732076168060303 1.5534760355949402 5.212973594665527 -0.7417296340867203 0.3280304968357086
Car -1 -1 -2.66 1207.7349853515625 186.01182556152344 1241.9732666015625 383.0640869140625 1.6265177726745605 1.6372435092926025 3.759538173675537 2.8719255924224854 1.484416663646698 1.4628243446350098 -1.5573127466969643 0.2997477650642395
Car -1 -1 -1.97 757.6419677734375 182.1016387939453 938.876708984375 313.3548889160156 1.4644533395767212 1.5270277261734009 3.2817165851593018 3.0218758583068848 1.5646634697914124 9.487430572509766 -1.6621126900635552 0.28315669298171997
Cyclist -1 -1 -1.73 26.39904022216797 192.4605255126953 217.21935272216797 374.2442626953125 1.5476332902908325 0.5741929411888123 1.4375604391098022 -2.8952443599700928 1.531701147556305 4.092506408691406 -2.342138437392606 0.28002816438674927
Pedestrian -1 -1 -0.23 1.7046838998794556 211.87847900390625 152.8870416879654 365.9451599121094 1.5755183696746826 0.6081231832504272 0.6017002463340759 -5.372528076171875 1.8976809978485107 6.995142459869385 -0.8818702578941151 0.2788098156452179
Car -1 -1 -2.62 1160.825439453125 181.09559631347656 1233.759521484375 374.4306335449219 1.7208861112594604 1.5950697660446167 3.7205049991607666 2.408266544342041 1.5040411949157715 1.3333029747009277 -1.5578797305134637 0.2765718996524811
Car -1 -1 -2.69 1192.60009765625 189.90963745117188 1240.7178955078125 380.8419494628906 1.5191540718078613 1.6053868532180786 3.8342626094818115 2.8761448860168457 1.4429681301116943 1.3959383964538574 -1.570814226670989 0.2675527334213257
Pedestrian -1 -1 -2.67 69.97138214111328 182.34202575683594 157.001953125 344.2148742675781 1.5530712604522705 0.5985397696495056 0.5571935176849365 -4.4522223472595215 1.4970895051956177 6.44675874710083 3.0114914427968973 0.26534903049468994
Pedestrian -1 -1 -1.79 15.122570037841797 199.37164306640625 99.87139511108398 344.4526062011719 1.7126424312591553 0.5960983037948608 0.5326127409934998 -5.580677509307861 1.807476282119751 7.116800308227539 -2.450643798109625 0.26259398460388184
Car -1 -1 -1.22 23.347190856933594 201.71481323242188 120.87439727783203 347.7646179199219 1.3942333459854126 1.4614430665969849 3.1193771362304688 -6.023364543914795 1.6338873505592346 7.031263828277588 -1.930946816059758 0.25795450806617737
Car -1 -1 -1.1 47.077938079833984 183.4500274658203 206.7413444519043 349.94293212890625 1.3854190111160278 1.4730280637741089 3.1398046016693115 -5.2211761474609375 1.6821267008781433 6.72489070892334 -1.7560179512923284 0.25618433952331543
Pedestrian -1 -1 0.34 675.1959228515625 166.0805206298828 688.0225830078125 200.77223205566406 1.8751112222671509 0.7126538157463074 0.9017751216888428 3.7293922901153564 1.5478665232658386 37.00994110107422 0.4395399338746797 0.25595173239707947
Pedestrian -1 -1 1.99 27.544151306152344 177.67962646484375 133.91104125976562 339.93426513671875 1.571634292602539 0.6053334474563599 0.6669219136238098 -5.089524745941162 1.596130907535553 6.732671737670898 1.3424858208955488 0.2519719898700714
Pedestrian -1 -1 -3.11 77.75712585449219 186.94442749023438 173.8770751953125 340.32904052734375 1.5727359056472778 0.61024409532547 0.5763850808143616 -4.59614372253418 1.5991560220718384 6.737322807312012 2.57720413014387 0.2513004243373871
Car -1 -1 -0.95 19.51692008972168 199.94863891601562 180.5864086151123 358.6585693359375 1.3578734397888184 1.4950282573699951 3.1170501708984375 -3.5879268646240234 1.422763168811798 4.0471272468566895 -1.6704756899901776 0.23857435584068298
Cyclist -1 -1 2.36 19.51692008972168 199.94863891601562 180.5864086151123 358.6585693359375 1.557616114616394 0.5262309908866882 1.4797638654708862 -3.6755709648132324 1.6021994352340698 4.833703517913818 1.705873129787184 0.23522403836250305
Pedestrian -1 -1 -2.81 61.50502014160156 188.54611206054688 140.29197692871094 342.5367736816406 1.4626373052597046 0.5243721604347229 0.5468107461929321 -4.258615016937256 1.4353910684585571 5.9914326667785645 2.8548702549699776 0.2238026261329651
Pedestrian -1 -1 2.86 25.225502014160156 203.67823791503906 89.76384735107422 336.10662841796875 1.3172348737716675 0.39863333106040955 0.6885759234428406 -6.002848148345947 1.6707046627998352 7.731160640716553 2.2017071790746874 0.2236448973417282
Car -1 -1 -2.7 1170.36279296875 197.64393615722656 1240.3994140625 375.2044982910156 1.5147132873535156 1.6504948139190674 3.9924519062042236 2.5240368843078613 1.3538373708724976 1.2157559394836426 -1.5738576272826394 0.21686439216136932
Cyclist -1 -1 0.3 23.347190856933594 201.71481323242188 120.87439727783203 347.7646179199219 1.4616988897323608 0.5924170613288879 1.4701387882232666 -5.858609676361084 1.7051002979278564 7.408897399902344 -0.3642384288812459 0.2132408618927002
Pedestrian -1 -1 2.95 19.94976234436035 221.49880981445312 95.96883583068848 350.12811279296875 1.4283407926559448 0.5178099274635315 0.7245136499404907 -5.641551494598389 1.898109495639801 7.153811931610107 2.286490450002111 0.2054217904806137
Car -1 -1 -2.55 1177.8472900390625 200.85458374023438 1239.51220703125 348.9870300292969 1.7551912069320679 1.615029215812683 3.845083236694336 2.257991075515747 1.4105930924415588 1.5118467807769775 -1.5715322323555885 0.20528644323349
Pedestrian -1 -1 -0.35 30.39314079284668 179.6062774658203 186.27961540222168 344.2830505371094 1.567969560623169 0.626028835773468 0.6037791967391968 -4.13328218460083 1.6757407188415527 5.736287593841553 -0.9777939224848673 0.20493681728839874
Cyclist -1 -1 0.25 75.68885803222656 177.00509643554688 194.87991333007812 336.6319274902344 1.516546607017517 0.6124849319458008 1.651507019996643 -5.774899482727051 1.6179591417312622 8.786233901977539 -0.33549857590771825 0.201927050948143
Pedestrian -1 -1 2.99 23.59209632873535 183.03468322753906 102.97171974182129 320.1302185058594 1.5934605598449707 0.5598951578140259 0.620086669921875 -5.757533073425293 1.588379979133606 7.2532548904418945 2.3183987683202094 0.19889546930789948
Pedestrian -1 -1 1.13 673.284912109375 168.14541625976562 686.5331420898438 200.83648681640625 1.885352373123169 0.6422814726829529 0.832525372505188 3.447673797607422 1.6099214553833008 35.76397705078125 1.2281192877838247 0.19618089497089386
Car -1 -1 -2.68 1201.6920166015625 192.79161071777344 1238.9566650390625 376.2922668457031 1.5482330322265625 1.603073000907898 3.821622610092163 3.0134694576263428 1.537131905555725 1.4678593873977661 -1.5627297910345392 0.19395087659358978
Pedestrian -1 -1 -2.6 50.14228439331055 200.0863800048828 118.99583053588867 337.2303771972656 1.2694592475891113 0.43189436197280884 0.6522160172462463 -5.415838718414307 1.5963048934936523 7.254479885101318 3.037096935625412 0.19364215433597565
Cyclist -1 -1 1.87 25.614078521728516 195.2367401123047 151.26713943481445 347.3101501464844 1.5909255743026733 0.5692493319511414 1.5497822761535645 -4.557713985443115 1.64950692653656 5.901358127593994 1.2075024866649082 0.19260677695274353
Car -1 -1 -2.67 1182.5655517578125 180.90208435058594 1237.3431396484375 376.2351989746094 1.6161003112792969 1.613625407218933 3.944133996963501 3.056016445159912 1.4882364869117737 1.507724642753601 -1.561205796273077 0.1913430094718933
Pedestrian -1 -1 -1.28 2.840810537338257 211.39476013183594 99.76856017112732 364.0647888183594 1.6019225120544434 0.5983582139015198 0.5783947110176086 -5.29065465927124 1.8553794622421265 6.6036858558654785 -1.954532947932103 0.1879280060529709
Car -1 -1 -1.69 664.311767578125 174.3603515625 708.9498291015625 215.6264190673828 1.5848766565322876 1.5980949401855469 3.6337504386901855 2.6799728870391846 1.632548987865448 24.60105323791504 -1.585206459016126 0.1837104856967926
Car -1 -1 0.89 1084.265380859375 22.475711822509766 1140.9405517578125 55.913455963134766 1.5725679397583008 1.5955188274383545 4.406732559204102 29.60867691040039 -7.198370456695557 42.58755111694336 1.492580322712616 0.16845843195915222
Car -1 -1 1.4 1063.820556640625 89.8582763671875 1100.4788818359375 106.95804595947266 1.413124680519104 1.45050847530365 3.3369650840759277 30.187490463256836 -3.732818305492401 45.85513687133789 1.9837031951928124 0.168246790766716
Car -1 -1 -2.5 1184.36669921875 186.3389434814453 1244.364501953125 329.8764343261719 1.7292050123214722 1.5777621269226074 3.7852275371551514 2.6918375492095947 1.4135696291923523 1.9104337692260742 -1.5435981435360144 0.16095878183841705
Truck -1 -1 1.46 39.552982330322266 188.85389709472656 212.4310188293457 369.6898498535156 3.3548619747161865 2.7281265258789062 8.725099563598633 -8.666130065917969 3.1789649724960327 12.171194076538086 0.8382500206275552 0.0839562937617302