Car -1 -1 -1.89 589.5314331054688 192.2358856201172 750.0905151367188 284.14837646484375 1.3578782081604004 1.5820235013961792 3.866788148880005 0.8069069385528564 1.7020068168640137 12.758009910583496 -1.8258106165069226 0.8904334902763367
Car -1 -1 -1.71 489.43707275390625 184.12350463867188 546.9525756835938 224.6239471435547 1.3997083902359009 1.6116766929626465 3.892915725708008 -3.576650381088257 1.830653965473175 27.122148513793945 -1.8386887452350065 0.875541090965271
Car -1 -1 1.87 32.39357376098633 207.68209838867188 223.70990371704102 321.325927734375 1.3844213485717773 1.5387163162231445 3.549330949783325 -7.295359134674072 1.9762182235717773 11.166303634643555 1.2945621332708974 0.8690103888511658
Car -1 -1 1.76 309.2532043457031 185.9767608642578 354.30914306640625 217.83200073242188 1.5368651151657104 1.6174378395080566 4.059586524963379 -14.700700759887695 2.2684139609336853 38.129981994628906 1.388476754650135 0.8433554768562317
Car -1 -1 2.09 -2.344758987426758 217.63937377929688 142.4780559539795 370.72119140625 1.3825868368148804 1.5142948627471924 3.244788408279419 -5.812043190002441 1.842924177646637 6.514308929443359 1.366171704664608 0.8413296341896057
Car -1 -1 -1.65 477.83624267578125 182.60374450683594 519.5493774414062 217.9486541748047 1.466650128364563 1.605344295501709 4.135092258453369 -5.295693874359131 1.9829575419425964 33.7806510925293 -1.801329765710319 0.8027083873748779
Van -1 -1 -2.24 781.3085327148438 100.18773651123047 1227.26708984375 376.57335662841797 2.1011712551116943 1.8082247972488403 4.370476245880127 3.0810256004333496 1.5904081463813782 5.5901360511779785 -1.7402906092659354 0.7739068269729614
Car -1 -1 3.07 670.3189086914062 168.9995574951172 776.7037963867188 210.8521270751953 1.6167839765548706 1.6816368103027344 4.082152366638184 4.519863605499268 1.4470277428627014 29.08486557006836 -3.060369357615505 0.760498046875
Car -1 -1 0.65 96.8892822265625 192.33786010742188 182.03762817382812 225.47630310058594 1.676003098487854 1.6022663116455078 3.7089991569519043 -22.77739906311035 2.504336416721344 34.923179626464844 0.07690304848398055 0.7063325643539429
Car -1 -1 -1.53 464.4958801269531 178.5913543701172 489.2448425292969 200.43472290039062 1.6925956010818481 1.6933507919311523 4.481235980987549 -10.33980655670166 2.097765266895294 56.013980865478516 -1.7156785767941605 0.6587916016578674
Car -1 -1 -2.28 766.5935668945312 128.02801513671875 1227.796875 375.3571472167969 1.6821585893630981 1.6771384477615356 3.999255895614624 3.044236898422241 1.4950662851333618 5.470358371734619 -1.7680140390842087 0.607750415802002
Car -1 -1 -1.69 482.7841491699219 182.17181396484375 536.8812255859375 221.92845153808594 1.5057252645492554 1.6097476482391357 4.277352809906006 -5.472311019897461 1.9778921008110046 34.642826080322266 -1.8437105669408727 0.5830363631248474
Car -1 -1 0.27 96.07732391357422 188.11851501464844 191.35194396972656 222.76345825195312 1.6043286323547363 1.5939245223999023 3.912628173828125 -24.289945602416992 2.5450289249420166 37.44659423828125 -0.30533765758647524 0.5487646460533142
Car -1 -1 2.16 8.579180717468262 214.90890502929688 173.12971782684326 359.60009765625 1.4326497316360474 1.5533181428909302 3.579665422439575 -5.588188171386719 1.8671521544456482 6.58430814743042 1.4581915304953936 0.5486619472503662
Car -1 -1 1.71 344.13006591796875 186.79159545898438 374.89215087890625 208.12274169921875 1.3839746713638306 1.490491509437561 3.842663049697876 -17.17127799987793 2.369487226009369 49.065250396728516 1.3704894293483623 0.5463834404945374
Car -1 -1 2.65 616.9541625976562 174.38583374023438 704.2950439453125 208.732666015625 1.5317878723144531 1.5820502042770386 4.061822891235352 2.399418592453003 1.6544488668441772 33.85762405395508 2.7236459041801657 0.5365438461303711
Car -1 -1 1.95 17.009313583374023 211.51170349121094 205.57721519470215 337.37420654296875 1.4223237037658691 1.5156326293945312 3.568539619445801 -7.750677585601807 2.034754514694214 11.802370071411133 1.3663964307778933 0.5126950740814209
Car -1 -1 2.78 662.067626953125 172.66485595703125 768.5191650390625 214.96676635742188 1.536303997039795 1.6311008930206299 4.139594554901123 4.4291791915893555 1.4966933131217957 28.79522132873535 2.9365469938600395 0.3777606785297394
Car -1 -1 1.74 321.1611328125 186.11143493652344 361.0450134277344 214.4893341064453 1.4832950830459595 1.5799200534820557 4.160495281219482 -16.23189353942871 2.3545270562171936 44.452064514160156 1.389069120635341 0.37628623843193054
Car -1 -1 1.73 332.34991455078125 185.6865692138672 371.5595703125 210.3600616455078 1.4344007968902588 1.5704758167266846 4.132804870605469 -16.74856948852539 2.3276753425598145 47.30424499511719 1.3931913196673804 0.37616491317749023
Car -1 -1 -1.87 602.436767578125 186.12396240234375 762.6156005859375 274.78985595703125 1.461799144744873 1.6178829669952393 3.902461051940918 0.9975144267082214 1.672260582447052 12.972895622253418 -1.797294609297328 0.33964425325393677
Van -1 -1 -2.23 757.0989990234375 132.7632598876953 1172.173583984375 379.07470703125 1.9083046913146973 1.8297269344329834 4.2315897941589355 3.0464510917663574 1.5865617990493774 6.048367023468018 -1.7613602815406075 0.3242420256137848
Pedestrian -1 -1 1.09 1201.64892578125 156.00067138671875 1241.09228515625 378.39520263671875 1.6562222242355347 0.7350263595581055 0.5980908274650574 2.723069429397583 1.5209744572639465 2.637460708618164 1.8907669833883851 0.2799396216869354
Car -1 -1 -2.64 1209.5650634765625 216.3346405029297 1241.6712646484375 373.9691162109375 1.558018684387207 1.5750105381011963 3.298351287841797 0.958745539188385 1.004785805940628 0.5520913004875183 -1.5872054020354316 0.2774747312068939
Car -1 -1 -2.64 1107.9439697265625 172.57171630859375 1234.3841552734375 373.1885986328125 1.5858169794082642 1.5962167978286743 3.858358383178711 1.8128656148910522 1.290335088968277 0.9345802664756775 -1.5451683310658382 0.2742771506309509
Car -1 -1 -1.47 467.3221740722656 180.04684448242188 494.89691162109375 203.8599090576172 1.5828611850738525 1.5884066820144653 4.248180866241455 -10.327665328979492 2.146204113960266 56.097557067871094 -1.6567981568359134 0.2630189061164856
Car -1 -1 1.69 392.3710632324219 181.67996215820312 414.4848937988281 197.79544067382812 1.632804036140442 1.6731843948364258 4.162951946258545 -20.803144454956055 2.4179609417915344 72.84535217285156 1.4110386181939791 0.2591889500617981
Van -1 -1 2.19 -0.40155547857284546 219.8247833251953 137.85474640130997 364.46826171875 1.7915575504302979 1.6371461153030396 4.362454414367676 -7.133233070373535 2.3168224096298218 8.244181632995605 1.4774376248870924 0.250630646944046
Car -1 -1 -2.58 1214.930419921875 206.0137176513672 1241.33056640625 367.2677917480469 1.5396126508712769 1.5774414539337158 3.3104352951049805 0.9287493228912354 0.9762595444917679 0.5436749458312988 -1.5400566246143086 0.23841288685798645
Pedestrian -1 -1 1.63 1187.0362548828125 179.5795135498047 1241.981201171875 378.3685302734375 1.755332589149475 0.6949069499969482 0.4625905752182007 2.942819356918335 1.8696316480636597 2.870590925216675 2.431274659568343 0.23411323130130768
Car -1 -1 -2.6 1138.4678955078125 178.47543334960938 1232.870849609375 368.6884460449219 1.7120492458343506 1.5310232639312744 3.5123941898345947 1.4728842973709106 1.2828287482261658 0.8222510814666748 -1.5396252633165552 0.23120811581611633
Van -1 -1 -0.2 96.89720153808594 188.1400604248047 192.7769012451172 222.43690490722656 2.0046939849853516 1.9307067394256592 4.435656547546387 -25.657381057739258 2.6838135719299316 39.8631706237793 -0.7711237176691927 0.22638042271137238
Car -1 -1 -2.72 1199.850341796875 226.3979949951172 1243.2548828125 377.0376892089844 1.5370899438858032 1.56787109375 3.4928581714630127 1.5811222791671753 1.1734265685081482 0.8296480774879456 -1.629184709544024 0.22276902198791504
Car -1 -1 1.73 338.36383056640625 187.36236572265625 374.908447265625 211.54339599609375 1.4013807773590088 1.5532846450805664 3.9555177688598633 -16.987205505371094 2.3165242671966553 48.463016510009766 1.389266402993421 0.21500800549983978
Car -1 -1 -1.5 469.46026611328125 181.0705108642578 498.8534240722656 204.999267578125 1.561374545097351 1.616105318069458 4.233950138092041 -10.157841682434082 2.1475561261177063 55.72201156616211 -1.6850547440808352 0.21268954873085022
Car -1 -1 -2.59 1204.4666748046875 186.2097930908203 1240.770263671875 379.47967529296875 1.5495309829711914 1.6035094261169434 3.4819700717926025 1.3409931659698486 1.0758575797080994 0.6773890852928162 -1.485201260895515 0.20898956060409546
Car -1 -1 2.18 -3.6931700706481934 210.47891235351562 146.4628357887268 338.1318359375 1.3521032333374023 1.5244255065917969 3.456707715988159 -5.810521125793457 1.7585557699203491 6.689682483673096 1.4615117661528032 0.20812755823135376
Van -1 -1 3.01 671.8544921875 169.40090942382812 771.9166870117188 210.49020385742188 1.8660755157470703 1.8000433444976807 4.18742036819458 4.485751152038574 1.516548216342926 30.700878143310547 -3.1304221753683192 0.2058313488960266
Pedestrian -1 -1 1.62 1197.7635498046875 191.03648376464844 1238.4786376953125 383.2265625 1.5989556312561035 0.7294339537620544 0.39908093214035034 2.875107765197754 1.6797538995742798 2.6980226039886475 2.4369354860871937 0.1989106684923172
Car -1 -1 1.73 739.4310302734375 49.87468338012695 1289.6845703125 431.47136306762695 1.7610033750534058 1.6450471878051758 4.492053031921387 2.8724069595336914 1.5045985579490662 5.028265953063965 2.2460141523649186 0.19816045463085175
Car -1 -1 1.71 348.4167785644531 185.56813049316406 375.9293212890625 206.707275390625 1.4107534885406494 1.5427391529083252 3.7384445667266846 -17.48430633544922 2.448914051055908 50.67054748535156 1.3826296027955145 0.19098640978336334
Pedestrian -1 -1 1.67 1205.8160400390625 236.71694946289062 1243.193603515625 375.0419006347656 1.7196590900421143 0.6990519762039185 0.36424145102500916 4.523900985717773 2.2579458951950073 4.6453142166137695 2.438342274609358 0.1902872622013092
Van -1 -1 -2.85 122.82083892822266 183.12522888183594 212.3498992919922 221.8491668701172 2.128891944885254 2.003389596939087 5.148669719696045 -26.22840690612793 2.639882445335388 42.179317474365234 2.8729094157018418 0.1878068596124649
Car -1 -1 -2.65 1064.349365234375 182.28927612304688 1247.4864501953125 370.2936096191406 1.5205302238464355 1.5487140417099 3.835587501525879 2.3876256942749023 1.420573651790619 1.3760836124420166 -1.6049384119983259 0.1876918226480484
Car -1 -1 -1.88 117.2804183959961 185.03329467773438 209.13499450683594 222.7522430419922 1.665979027748108 1.5873584747314453 4.261559963226318 -24.04453468322754 2.4743734002113342 38.56218338012695 -2.4398995404480734 0.18750612437725067
Car -1 -1 -2.68 1207.0506591796875 255.1374969482422 1240.0711669921875 374.9037780761719 1.5706464052200317 1.5600709915161133 3.2959067821502686 1.42717707157135 1.1462261080741882 0.8754308223724365 -1.6577829834358448 0.18590526282787323
Car -1 -1 1.01 82.58346557617188 192.07933044433594 187.55111694335938 245.96640014648438 1.4084833860397339 1.5347214937210083 3.4934067726135254 -21.529993057250977 2.5651920437812805 32.62831115722656 0.4313215743496852 0.18447823822498322
Car -1 -1 -2.02 747.40185546875 135.28475952148438 1131.394775390625 350.5948486328125 1.6946563720703125 1.4144585132598877 4.431987285614014 3.3154454231262207 1.727954626083374 6.15444803237915 -1.5214661143694101 0.18251223862171173
Pedestrian -1 -1 -0.14 1209.0126953125 141.1866912841797 1241.0069580078125 363.77911376953125 1.6654549837112427 0.6917903423309326 0.7909592986106873 3.085738182067871 1.4692835807800293 3.0808939933776855 0.6433667929506708 0.17737379670143127
Car -1 -1 -3.09 645.4650268554688 173.71337890625 767.9005737304688 222.34341430664062 1.4948740005493164 1.6803752183914185 4.082099437713623 3.6899526119232178 1.5490184426307678 28.412443161010742 -2.9574245669283705 0.15956002473831177
Car -1 -1 -2.66 1195.712646484375 188.36602783203125 1243.5528564453125 380.1671447753906 1.5113773345947266 1.5845897197723389 3.692066192626953 1.988047480583191 1.234541803598404 0.9217175841331482 -1.523623392901957 0.15894420444965363
Car -1 -1 -2.71 1184.588134765625 217.879150390625 1240.5626220703125 377.6116943359375 1.52998685836792 1.5841820240020752 3.6040191650390625 1.459376573562622 1.136325865983963 0.7471083402633667 -1.610109145455743 0.15891052782535553
Car -1 -1 -2.7 1209.0126953125 141.1866912841797 1241.0069580078125 363.77911376953125 1.6428117752075195 1.6772135496139526 3.849295139312744 1.676766037940979 1.1475707590579987 0.9238121509552002 -1.635942733981726 0.15751506388187408
Car -1 -1 -2.96 623.229736328125 177.0821075439453 768.0478515625 244.8406982421875 1.5151046514511108 1.6349235773086548 4.012826919555664 3.534660816192627 1.562532365322113 27.569650650024414 -2.834002126841055 0.15297254920005798
Car -1 -1 -2.35 607.3682861328125 182.11599731445312 731.650634765625 249.79116821289062 1.3501631021499634 1.613955020904541 3.880575656890869 1.3053162097930908 1.715558111667633 20.216264724731445 -2.286170869830835 0.1424603909254074
Car -1 -1 -2.67 1182.699462890625 181.09487915039062 1242.6767578125 372.7141418457031 1.4964876174926758 1.5949221849441528 3.7289211750030518 1.644729733467102 1.1145642399787903 0.7774508595466614 -1.5413537220564537 0.1423770785331726
Car -1 -1 -2.58 1204.684814453125 292.2254943847656 1242.4100341796875 361.83868408203125 1.2539231777191162 1.4779163599014282 3.138716459274292 1.0142347812652588 0.9094705283641815 0.7402858734130859 -1.6365313136157935 0.14195513725280762
Car -1 -1 0.68 615.93798828125 179.6094512939453 762.4248657226562 259.0831604003906 1.4634895324707031 1.6744903326034546 4.192266464233398 3.3818728923797607 1.5013571977615356 29.418092727661133 0.7921597763319657 0.1403546780347824
Car -1 -1 2.95 1225.1339111328125 138.5087890625 1242.561279296875 210.20033264160156 1.593334674835205 1.6740226745605469 3.6787972450256348 12.46275520324707 0.9669033586978912 11.430187225341797 -2.5072797978849843 0.1340445578098297
Car -1 -1 -2.57 1223.0322265625 216.1011505126953 1241.24462890625 354.0513610839844 1.525781512260437 1.5731712579727173 3.4234390258789062 1.1598867177963257 1.0059298425912857 0.7457957863807678 -1.5660965918632677 0.13046810030937195
Car -1 -1 2.34 1216.7796630859375 134.987060546875 1241.87109375 214.35768127441406 1.5550873279571533 1.630086064338684 3.6200127601623535 12.877205848693848 0.9961531013250351 11.970309257507324 -3.1173210986800406 0.13031166791915894
Car -1 -1 -2.45 1220.566650390625 195.4176788330078 1240.8177490234375 353.3182373046875 1.5550140142440796 1.5639480352401733 3.3645551204681396 0.9103695154190063 0.9598386287689209 0.5512548685073853 -1.4262282195918443 0.12643010914325714
Car -1 -1 -2.58 1198.2940673828125 297.62530517578125 1238.747314453125 366.9669189453125 1.247474193572998 1.4651914834976196 3.2387452125549316 0.8034048676490784 0.8602669686079025 0.594977617263794 -1.6474576466081592 0.12501265108585358
Car -1 -1 -1.61 470.7730407714844 180.4253692626953 509.71478271484375 212.1402130126953 1.5759834051132202 1.6213252544403076 4.184927463531494 -8.43651294708252 2.1748812794685364 49.49631881713867 -1.777149309584824 0.11842717975378036