Car -1 -1 1.87 319.2658386230469 179.9142608642578 502.4996643066406 301.875732421875 1.528280258178711 1.6869503259658813 4.331035137176514 -3.0124449729919434 1.713515043258667 11.58212661743164 1.6121901564782988 0.8896144032478333
Car -1 -1 1.4 688.518310546875 188.47279357910156 779.681884765625 256.4466857910156 1.4117348194122314 1.5929858684539795 3.849606513977051 2.914206027984619 1.8356125354766846 17.399202346801758 1.5614125307347324 0.8738417029380798
Car -1 -1 -1.82 724.4795532226562 188.74673461914062 896.396484375 302.9660339355469 1.5072925090789795 1.6171636581420898 3.924689292907715 2.9631524085998535 1.78390371799469 11.66416072845459 -1.573943881006869 0.8736546039581299
Car -1 -1 1.74 434.1686706542969 173.96080017089844 526.776611328125 247.98077392578125 1.7321280241012573 1.677933931350708 4.3263983726501465 -3.277916669845581 1.7428039908409119 18.678586959838867 1.5618021727138354 0.8715004920959473
Car -1 -1 1.71 500.8443298339844 179.68014526367188 554.009765625 222.34739685058594 1.5522626638412476 1.590245008468628 3.832235813140869 -3.161290407180786 1.7995219826698303 27.902936935424805 1.5947049310517212 0.8561741709709167
Car -1 -1 1.03 836.0467529296875 175.25315856933594 1248.877197265625 372.0569763183594 1.6904399394989014 1.6676923036575317 3.9826178550720215 3.085224151611328 1.7605834007263184 4.982486724853516 1.5870211631267095 0.8283154368400574
Car -1 -1 1.45 667.303466796875 183.05706787109375 707.596923828125 217.41238403320312 1.4454253911972046 1.509080171585083 3.482717514038086 3.58014178276062 1.9265184998512268 32.924800872802734 1.5614907193890515 0.8114699125289917
Car -1 -1 1.66 531.49462890625 178.6467742919922 571.53515625 210.2506103515625 1.4941139221191406 1.5970373153686523 3.897982120513916 -2.9060094356536865 1.8046183586120605 36.306732177734375 1.5760923743267359 0.7944774627685547
Car -1 -1 1.69 508.86602783203125 179.05592346191406 560.4049682617188 220.30099487304688 1.5328423976898193 1.5761077404022217 3.809528350830078 -2.9994449615478516 1.801844596862793 27.850202560424805 1.5874730025822208 0.5227110981941223
Car -1 -1 1.51 648.4107055664062 173.34446716308594 675.3692016601562 198.97586059570312 1.7338624000549316 1.7064372301101685 3.927781581878662 3.795137882232666 1.8656760454177856 52.25415802001953 1.5855678729449796 0.39473918080329895
Car -1 -1 1.46 661.7708740234375 180.02114868164062 698.6614990234375 212.46835327148438 1.57655668258667 1.499411702156067 3.4734439849853516 3.5803816318511963 1.9322973489761353 33.1690788269043 1.5673233878201254 0.39444923400878906
Car -1 -1 1.64 515.0006103515625 178.75990295410156 562.2435913085938 214.7659454345703 1.5090384483337402 1.561892032623291 3.9618442058563232 -2.825564384460449 1.8193100690841675 35.09843444824219 1.5615242845555448 0.3915030360221863
Van -1 -1 1.51 645.109130859375 169.66983032226562 672.9657592773438 197.21173095703125 2.3021318912506104 1.8894160985946655 5.261545181274414 4.058566570281982 1.9353768825531006 60.173194885253906 1.5767750817343726 0.3717144727706909
Van -1 -1 1.77 436.6122741699219 174.6496124267578 525.1630859375 248.7010040283203 1.8842350244522095 1.7374513149261475 4.416430473327637 -3.3150856494903564 1.917530596256256 19.345945358276367 1.6020028961786634 0.23989197611808777
Van -1 -1 1.49 647.3131713867188 172.89114379882812 674.8359375 198.5657196044922 2.0911123752593994 1.8031243085861206 4.930823802947998 4.244775772094727 1.979017198085785 59.78609085083008 1.5595167858601577 0.23810115456581116
Car -1 -1 1.62 431.7055969238281 182.04283142089844 520.2542114257812 255.45335388183594 1.4228253364562988 1.613732933998108 3.6459732055664062 -3.1786961555480957 1.7698723077774048 17.884994506835938 1.448519846208681 0.23111750185489655
Car -1 -1 1.6 579.3805541992188 175.07252502441406 599.9171142578125 190.58921813964844 1.4798561334609985 1.663708209991455 4.1422648429870605 -2.036689281463623 1.7758365273475647 73.45664978027344 1.575354651709139 0.21889594197273254
Car -1 -1 1.11 830.7125854492188 193.7271728515625 1079.7315673828125 366.68524169921875 1.5712004899978638 1.5777173042297363 3.5574991703033447 3.3310399055480957 1.7731562852859497 5.714486122131348 1.6371571636405315 0.21392101049423218
Car -1 -1 1.44 651.1574096679688 176.8369140625 679.4630126953125 200.46734619140625 1.5616731643676758 1.6128417253494263 3.4828860759735107 4.003768444061279 1.9799072742462158 52.56883239746094 1.5198122028425818 0.20836812257766724
Car -1 -1 1.11 929.9961547851562 176.9009246826172 1247.7474365234375 342.2633361816406 1.5629414319992065 1.5939676761627197 3.6711342334747314 4.534749984741211 1.773288607597351 6.459400653839111 1.7202630367705511 0.19872979819774628
Car -1 -1 1.72 489.0662536621094 180.08126831054688 545.0087280273438 224.2252655029297 1.5171905755996704 1.5777689218521118 4.047159194946289 -3.3306074142456055 1.7542133927345276 27.02540397644043 1.5962772439072017 0.19754377007484436
Car -1 -1 1.7 521.27099609375 181.8828887939453 566.6553344726562 217.33436584472656 1.5009738206863403 1.5929934978485107 3.9218761920928955 -3.035454750061035 1.9261497855186462 35.57143020629883 1.6103813617410712 0.19229437410831451
Car -1 -1 0.51 348.2078857421875 182.27395629882812 473.6746826171875 271.8167724609375 1.554383635520935 1.6076205968856812 4.178991317749023 -5.02800178527832 1.9061828255653381 18.5422420501709 0.24179085487721785 0.1906231939792633
Car -1 -1 1.46 654.005859375 176.94309997558594 688.6951904296875 208.19407653808594 1.555242896080017 1.561557412147522 3.564460277557373 3.467036247253418 1.9678791165351868 35.32294845581055 1.5570849789853796 0.18982788920402527
Car -1 -1 1.59 688.1129760742188 192.16368103027344 794.398193359375 266.4069519042969 1.4419652223587036 1.573000431060791 3.9967713356018066 3.001690626144409 1.9324994683265686 17.104726791381836 1.763244422112228 0.18935756385326385
Car -1 -1 1.73 484.1183166503906 181.79043579101562 548.3184814453125 233.51144409179688 1.5243853330612183 1.584856629371643 3.8941562175750732 -3.5182995796203613 1.9217717051506042 28.84739112854004 1.607179175608465 0.18805165588855743
Car -1 -1 0.97 941.5852661132812 179.1084747314453 1268.591796875 398.70452880859375 1.5617848634719849 1.7105292081832886 5.038572788238525 2.8629980087280273 1.5547785758972168 4.382540225982666 1.5467147571873028 0.1776895374059677
Van -1 -1 1.58 644.0214233398438 166.6798095703125 670.7939453125 194.45773315429688 2.3336780071258545 1.9412097930908203 5.4286580085754395 3.9993419647216797 1.72630774974823 61.7452507019043 1.6421919579715398 0.1763220578432083
Car -1 -1 1.46 653.769775390625 177.94029235839844 682.3849487304688 203.94064331054688 1.599010705947876 1.5800859928131104 3.7529773712158203 4.293883800506592 2.0266404151916504 49.61211013793945 1.5421009645591752 0.11807585507631302