Car -1 -1 1.73 457.65728759765625 178.32659912109375 541.1090698242188 242.10218811035156 1.4978973865509033 1.6257176399230957 3.963801383972168 -2.9637084007263184 1.6851303577423096 19.855546951293945 1.5792324570405363 0.8973960280418396
Car -1 -1 -1.73 661.2182006835938 175.50494384765625 729.056396484375 222.90142822265625 1.421693205833435 1.6097559928894043 4.05914306640625 2.7768468856811523 1.5329307913780212 24.545841217041016 -1.6204776185281764 0.8860834836959839
Car -1 -1 -2.07 538.1027221679688 173.94065856933594 572.4619750976562 205.07286071777344 1.5170085430145264 1.6343566179275513 3.8584344387054443 -2.852046251296997 1.6159815192222595 38.20826721191406 -2.1486262154741116 0.7864344120025635
Car -1 -1 -1.72 645.4531860351562 170.31454467773438 690.4066772460938 207.39849853515625 1.689517855644226 1.6339514255523682 4.06693696975708 2.646892547607422 1.5480489134788513 33.96160888671875 -1.645074590223727 0.7720313668251038
Car -1 -1 2.71 479.3021240234375 176.2507781982422 547.0479736328125 229.15126037597656 1.5455435514450073 1.6295008659362793 4.072693347930908 -3.267058849334717 1.7070066928863525 24.98769187927246 2.5816394985564983 0.5028952956199646
Car -1 -1 -2.4 489.76251220703125 178.35494995117188 546.3530883789062 225.24630737304688 1.5299524068832397 1.606899380683899 3.90104603767395 -3.2211029529571533 1.6859797239303589 25.576858520507812 -2.529261528912711 0.3968963325023651
Car -1 -1 1.66 540.9344482421875 173.59228515625 575.5635375976562 201.54058837890625 1.5281800031661987 1.597019076347351 4.166409969329834 -2.8101003170013428 1.7012799978256226 40.75351333618164 1.590126674250624 0.37918856739997864
Car -1 -1 -1.78 649.07763671875 173.5464630126953 697.4635009765625 210.38641357421875 1.5178616046905518 1.5903031826019287 3.7430214881896973 2.651797294616699 1.542663037776947 32.47372055053711 -1.696027525183161 0.3715388774871826
Car -1 -1 -1.83 650.9784545898438 174.84742736816406 710.5331420898438 217.20254516601562 1.5569185018539429 1.521680474281311 3.836419105529785 2.7493979930877686 1.6107155680656433 29.876686096191406 -1.7353412999873754 0.33125782012939453
Car -1 -1 1.58 550.7562866210938 173.7462158203125 580.0562133789062 197.39491271972656 1.5638326406478882 1.68044912815094 4.084953308105469 -2.7656686305999756 1.5647998452186584 50.33708190917969 1.5274599589840134 0.3163171410560608
Van -1 -1 -1.63 646.698974609375 169.48802185058594 685.54345703125 206.2652130126953 2.0140302181243896 1.6415798664093018 4.364745140075684 2.933577537536621 1.6843629479408264 37.74315643310547 -1.5476117106887006 0.28960976004600525
Car -1 -1 -1.63 641.041015625 170.29135131835938 682.0496826171875 206.35667419433594 1.5811538696289062 1.630436658859253 4.021422863006592 2.5904927253723145 1.534866988658905 36.271968841552734 -1.555819853278181 0.24734002351760864
Car -1 -1 -1.11 631.37255859375 171.96755981445312 653.6779174804688 190.617919921875 1.584132432937622 1.665165901184082 4.132903575897217 2.7936201095581055 1.4439141154289246 61.903564453125 -1.065924946567022 0.23572584986686707
Car -1 -1 1.94 474.93780517578125 181.81063842773438 544.5873413085938 237.71083068847656 1.489033818244934 1.6271708011627197 3.8720786571502686 -2.8952901363372803 1.7177134156227112 20.629161834716797 1.8032285880826668 0.23019129037857056
Car -1 -1 0.78 470.39093017578125 177.42477416992188 540.1400146484375 231.81143188476562 1.5218665599822998 1.6282124519348145 3.9451229572296143 -2.9521467685699463 1.6062108874320984 20.695846557617188 0.6377129891557392 0.22541287541389465
Car -1 -1 -1.71 660.89501953125 173.939208984375 719.7339477539062 217.7555389404297 1.4959917068481445 1.5866376161575317 3.9737534523010254 2.688953161239624 1.5157735347747803 24.8682804107666 -1.6043866373263302 0.22126230597496033
Car -1 -1 1.55 556.1970825195312 173.88426208496094 582.1087036132812 196.47508239746094 1.5983060598373413 1.658286213874817 4.10795783996582 -2.801039934158325 1.5812397599220276 52.3893928527832 1.4962224822852335 0.22109325230121613
Car -1 -1 -1.58 535.900146484375 176.64004516601562 570.639404296875 208.33993530273438 1.524653434753418 1.5738664865493774 3.891655206680298 -2.8040895462036133 1.7039002180099487 37.75627899169922 -1.6517816434389951 0.2085341364145279
Car -1 -1 -0.15 630.26171875 171.07066345214844 649.5926513671875 189.67320251464844 1.5962848663330078 1.626654028892517 3.6466243267059326 2.751000165939331 1.4927823543548584 64.71295928955078 -0.11074138225026342 0.20133309066295624
Van -1 -1 1.58 630.0234985351562 170.5635528564453 649.2913818359375 189.1337127685547 2.138219118118286 1.7583849430084229 5.09952974319458 3.2983949184417725 1.6578145027160645 69.26005554199219 1.6247537116455728 0.18311665952205658