Car -1 -1 -1.49 459.60589599609375 179.83815002441406 539.5303344726562 243.75497436523438 1.5215824842453003 1.6921075582504272 4.542236804962158 -2.9805967807769775 1.7695870995521545 19.93183135986328 -1.6367114866103547 0.8997365832328796
Car -1 -1 2.16 66.65725708007812 199.35032653808594 255.8043670654297 274.9545593261719 1.4767876863479614 1.5941606760025024 3.91331148147583 -9.906983375549316 2.092425286769867 16.272037506103516 1.609830248984279 0.8751421570777893
Car -1 -1 1.86 322.5864562988281 189.0806427001953 377.72607421875 220.5029296875 1.5053117275238037 1.6228324174880981 4.152276992797852 -13.310338973999023 2.316478133201599 36.885528564453125 1.5121643985817403 0.835918128490448
Car -1 -1 -1.58 583.8170776367188 176.6412811279297 611.0806884765625 203.1278533935547 1.5743077993392944 1.6734122037887573 4.168074131011963 -0.8322503566741943 1.8912315964698792 46.727699279785156 -1.5958145273430828 0.7966508269309998
Cyclist -1 -1 -0.79 658.1860961914062 167.0530242919922 697.9318237304688 217.99681091308594 1.7670519351959229 0.608832061290741 1.9519773721694946 2.527157783508301 1.6562725901603699 27.65475845336914 -0.6999529979052799 0.7451518774032593
Cyclist -1 -1 -1.33 651.9927368164062 168.52734375 688.6630859375 216.27987670898438 1.8081095218658447 0.5912297368049622 1.842523455619812 2.361879825592041 1.6462624669075012 28.99942398071289 -1.2535026015096893 0.5589174032211304
Cyclist -1 -1 -1.94 664.0161743164062 167.43177795410156 691.510009765625 218.38339233398438 1.84102463722229 0.5857688784599304 1.9561536312103271 2.5859713554382324 1.6609885692596436 27.50718116760254 -1.842650331758671 0.5575013756752014
Pedestrian -1 -1 1.72 652.1795043945312 170.6409454345703 671.5530395507812 216.16558837890625 1.8011740446090698 0.6583454012870789 0.8806229829788208 2.0362889766693115 1.7204763293266296 28.936809539794922 1.78553702333015 0.4674570560455322
Pedestrian -1 -1 2.1 645.9464721679688 171.8186492919922 663.1843872070312 216.77342224121094 1.705204963684082 0.6423034071922302 0.6833934783935547 1.7945151329040527 1.7337198853492737 29.51999282836914 2.1631322869674854 0.43514537811279297
Cyclist -1 -1 -1.93 653.1838989257812 170.4605712890625 677.9702758789062 215.4487762451172 1.8030544519424438 0.5668649077415466 1.914372205734253 2.410795211791992 1.7596848607063293 28.29688262939453 -1.8443421539824776 0.4126577377319336
Pedestrian -1 -1 2.55 664.486572265625 167.4332733154297 693.4349365234375 217.78012084960938 1.9460457563400269 0.65120530128479 1.05616295337677 2.5712239742279053 1.7277502417564392 27.00865364074707 2.6447954159124603 0.40720894932746887
Cyclist -1 -1 -2.91 644.2025756835938 174.12966918945312 664.6301879882812 214.92193603515625 1.7715232372283936 0.5786459445953369 1.9112510681152344 2.094438314437866 1.7453578114509583 29.863056182861328 -2.8368258590309807 0.3941013514995575
Cyclist -1 -1 -2.24 643.197265625 172.60568237304688 660.828369140625 213.84312438964844 1.7218883037567139 0.5790891051292419 1.8567134141921997 1.8273546695709229 1.7798750400543213 30.716161727905273 -2.1838179662855524 0.37523189187049866
Cyclist -1 -1 -1.66 657.8821411132812 168.1378173828125 685.473876953125 215.9870147705078 1.8360425233840942 0.5971738696098328 1.8248926401138306 2.3910598754882812 1.639858603477478 29.009462356567383 -1.5738670912459982 0.37163498997688293
Van -1 -1 -1.45 459.1271057128906 178.73829650878906 538.7687377929688 242.80941772460938 1.7967677116394043 1.7213236093521118 4.250895977020264 -3.0357489585876465 1.9009696245193481 20.69133758544922 -1.5928736518318907 0.3503856956958771
Pedestrian -1 -1 2.51 662.7130737304688 166.95285034179688 687.41162109375 215.62115478515625 1.9171043634414673 0.6785376667976379 0.9417566657066345 2.3824002742767334 1.6916001439094543 26.757022857666016 2.600310751603497 0.3419385850429535
Pedestrian -1 -1 2.24 655.1193237304688 169.31748962402344 674.3128662109375 215.21231079101562 1.8392605781555176 0.6671188473701477 0.8902266621589661 2.188490152359009 1.7123336791992188 28.83632469177246 2.31109255088064 0.3301056921482086
Cyclist -1 -1 -1.06 646.0374145507812 170.0164794921875 672.3627319335938 214.8872528076172 1.7755147218704224 0.5801434516906738 1.8870905637741089 2.040846347808838 1.7207075357437134 29.533447265625 -0.9868185371028568 0.31221699714660645
Pedestrian -1 -1 1.73 656.4566650390625 168.20684814453125 686.0288696289062 217.48947143554688 1.8000179529190063 0.6395053863525391 0.8861156702041626 2.2721078395843506 1.6259872913360596 27.198436737060547 1.81007560113951 0.30707910656929016
Cyclist -1 -1 -2.18 650.8834228515625 169.67222595214844 673.5711669921875 216.90237426757812 1.7734233140945435 0.5908109545707703 1.8334628343582153 2.446408748626709 1.7138473391532898 29.447818756103516 -2.0926698632202516 0.30161648988723755
Car -1 -1 -1.27 142.7074432373047 171.9260711669922 222.00733947753906 224.1576690673828 1.8571919202804565 1.6526612043380737 4.251122951507568 -21.047489166259766 2.364051878452301 35.66587448120117 -1.8056883012208562 0.2624119222164154
Pedestrian -1 -1 1.29 646.0374145507812 170.0164794921875 672.3627319335938 214.8872528076172 1.7786709070205688 0.6474752426147461 0.8689383268356323 1.9441505670547485 1.7045979499816895 28.833881378173828 1.3563510466930566 0.21658021211624146
Car -1 -1 -1.29 150.9737548828125 178.79544067382812 229.63665771484375 225.59658813476562 1.6336278915405273 1.5883150100708008 4.037836074829102 -20.0242977142334 2.416011691093445 34.50127029418945 -1.8163109950954368 0.17351165413856506