Car -1 -1 -1.55 1075.9952392578125 167.8501739501953 1230.57177734375 286.2113037109375 1.5045061111450195 1.667999267578125 4.046764850616455 8.55112361907959 1.4541978240013123 11.372838020324707 -0.9067439877390564 0.8715808391571045
Car -1 -1 -2.23 302.0798034667969 219.9516143798828 607.1504516601562 375.46868896484375 1.4266266822814941 1.4908607006072998 3.1918392181396484 -1.9321616888046265 2.002116322517395 8.303030967712402 -2.4592827867732368 0.8699291944503784
Car -1 -1 -2.0 173.4869842529297 231.22427368164062 407.06719970703125 352.48895263671875 1.3328806161880493 1.577791690826416 3.778486967086792 -5.122960090637207 2.3112016320228577 11.000937461853027 -2.435741042466523 0.8652025461196899
Car -1 -1 -1.87 87.18983459472656 232.2222900390625 244.9534912109375 322.55706787109375 1.4273747205734253 1.4945744276046753 3.0228915214538574 -8.589491844177246 2.603283941745758 13.90282917022705 -2.422553518693973 0.852855920791626
Car -1 -1 -1.83 11.794374465942383 222.01113891601562 136.13397407531738 308.9473876953125 1.683610439300537 1.5877114534378052 3.374169111251831 -12.39026927947998 2.9014387130737305 16.369281768798828 -2.482556328914023 0.8518844246864319
Car -1 -1 -1.8 3.7406201362609863 227.72344970703125 109.37994050979614 303.7127990722656 1.5200015306472778 1.6162012815475464 3.5860939025878906 -12.776697158813477 2.7867420315742493 16.299318313598633 -2.465026789632777 0.32607319951057434
Car -1 -1 -2.14 1183.2996826171875 160.222412109375 1230.7777099609375 268.5558776855469 1.6478108167648315 1.7567973136901855 4.530986309051514 10.706823348999023 1.5061838030815125 11.030336380004883 -1.372460178471112 0.29790958762168884
Car -1 -1 -1.59 164.955078125 235.85459899902344 467.1241149902344 357.6470642089844 1.345841646194458 1.5802651643753052 3.3973822593688965 -4.801727771759033 2.2188732624053955 10.559182167053223 -2.0130090442851234 0.2809775471687317
Car -1 -1 -2.4 201.59524536132812 225.49813842773438 532.6566162109375 360.3994445800781 1.2577064037322998 1.422457218170166 3.3684287071228027 -4.420924186706543 2.052872657775879 10.000783920288086 -2.8117289845248736 0.2417123019695282
Car -1 -1 -1.36 53.596988677978516 231.29290771484375 220.80200576782227 316.0872497558594 1.4166733026504517 1.529833197593689 3.2495522499084473 -9.153340339660645 2.761198103427887 14.537586212158203 -1.918200297535357 0.2304503321647644
Car -1 -1 -0.94 -0.14342686533927917 225.6779327392578 70.38206294178963 301.18780517578125 1.4627015590667725 1.6438177824020386 3.592792510986328 -14.882960319519043 2.803913950920105 17.111026763916016 -1.6568306289618864 0.2225925326347351
Car -1 -1 -2.15 1172.2135009765625 165.66098022460938 1233.82470703125 263.488037109375 1.5827771425247192 1.6668212413787842 4.311923503875732 11.036285400390625 1.477954626083374 12.07024097442627 -1.4134173702475863 0.2142447680234909
Car -1 -1 -2.22 1195.2120361328125 153.3578643798828 1230.6279296875 263.3211975097656 1.7207722663879395 1.7025585174560547 4.401424884796143 12.370888710021973 1.5773215889930725 12.219625473022461 -1.4286979622160274 0.207370325922966
Car -1 -1 -2.05 1210.178466796875 159.09486389160156 1239.032470703125 281.5913391113281 1.6500308513641357 1.750563621520996 4.403384685516357 10.415966033935547 1.631568431854248 9.293754577636719 -1.20877690753227 0.20658576488494873
Car -1 -1 -1.57 1085.547119140625 164.2006072998047 1220.1689453125 257.86993408203125 1.5463484525680542 1.6412873268127441 3.861077070236206 8.699082374572754 1.4012157320976257 11.503482818603516 -0.9247288614674218 0.2048463076353073
Car -1 -1 -0.88 1.3697463274002075 225.1353759765625 54.129218220710754 305.10430908203125 1.5070264339447021 1.6559962034225464 3.8531675338745117 -15.447479248046875 2.8845869302749634 17.152387619018555 -1.6113970074320783 0.20366019010543823
Car -1 -1 -1.29 86.6761474609375 228.81581115722656 280.50146484375 327.8385925292969 1.3882977962493896 1.5334643125534058 3.4336464405059814 -8.709041595458984 2.6091811656951904 14.264338493347168 -1.838553938372228 0.20062199234962463
Car -1 -1 -1.76 5.646627902984619 232.15005493164062 87.51444101333618 303.89349365234375 1.474454641342163 1.5820658206939697 3.725485324859619 -13.831299781799316 2.873456835746765 16.787687301635742 -2.4521263452798276 0.19452866911888123
Car -1 -1 -2.21 256.6703186035156 227.22247314453125 574.2197875976562 359.8995056152344 1.2897809743881226 1.53842031955719 3.4457647800445557 -2.353142499923706 1.9203014969825745 8.631019592285156 -2.479031729837814 0.19245611131191254
Car -1 -1 -2.26 1203.0537109375 152.61732482910156 1233.9293212890625 267.5307922363281 1.678120493888855 1.74455988407135 4.273740291595459 11.595588684082031 1.6589283347129822 11.338075637817383 -1.467262495139921 0.1720374971628189
Car -1 -1 -1.95 1216.0841064453125 169.83547973632812 1237.4122314453125 294.1390380859375 1.616368293762207 1.7391676902770996 4.214489459991455 9.53915023803711 1.6481834650039673 8.26744270324707 -1.0965372269181088 0.15097525715827942
Car -1 -1 -0.91 2.8587636947631836 229.3005828857422 47.239169120788574 312.4255065917969 1.534765362739563 1.624576449394226 3.801011800765991 -15.151593208312988 3.0101972222328186 16.588024139404297 -1.650603197703954 0.14298278093338013