Cyclist -1 -1 1.03 752.8842163085938 148.49420166015625 813.408203125 255.98329162597656 1.8527560234069824 0.5530992746353149 1.8697888851165771 3.235356569290161 1.4655945301055908 13.631879806518555 1.2585172316033386 0.8378714323043823
Car -1 -1 -1.61 585.4110107421875 175.1146240234375 612.367431640625 200.09194946289062 1.5938650369644165 1.6621041297912598 4.2718987464904785 -0.759976327419281 1.7721480131149292 47.92962646484375 -1.6242987927213237 0.8246555924415588
Truck -1 -1 2.42 -2.466442584991455 126.85298919677734 290.7443423271179 242.57286071777344 3.3264591693878174 2.6132802963256836 11.876049041748047 -16.27982521057129 2.0098974108695984 24.384742736816406 1.834225006079068 0.6649569272994995
Van -1 -1 2.39 1.184295892715454 123.16638946533203 299.6885988712311 245.1411590576172 2.9020581245422363 1.9766325950622559 7.312922954559326 -14.608892440795898 1.7486859858036041 22.00900650024414 1.8060850286978027 0.5193802118301392
Car -1 -1 1.71 454.4877624511719 176.84405517578125 481.78338623046875 197.76925659179688 1.7130731344223022 1.6174449920654297 3.9874722957611084 -11.945995330810547 2.0555965304374695 60.70388412475586 1.5164075103699899 0.48949745297431946
Car -1 -1 1.69 482.8677673339844 178.38330078125 508.1419372558594 197.14784240722656 1.4382433891296387 1.5255335569381714 3.5859177112579346 -9.297980308532715 1.9285969734191895 58.62209701538086 1.532859436701517 0.47406572103500366
Truck -1 -1 2.32 -15.099987983703613 106.25052642822266 285.24089336395264 261.1611099243164 3.637615442276001 2.6647469997406006 12.7261323928833 -16.03876495361328 1.9206460490822792 23.622682571411133 1.7248138706935823 0.2661154866218567
Pedestrian -1 -1 -0.83 757.7730102539062 146.52371215820312 811.9364624023438 256.564208984375 1.915372610092163 0.627162754535675 1.0578224658966064 3.4622762203216553 1.5089231729507446 14.41604995727539 -0.5984685353312078 0.26496511697769165
Truck -1 -1 2.53 -11.326272010803223 130.4633331298828 227.0510778427124 248.17239379882812 3.2075109481811523 2.5825536251068115 10.166577339172363 -16.22063636779785 2.04409396648407 22.429616928100586 1.9052827514115878 0.2608923017978668
Car -1 -1 1.71 478.5350036621094 177.49366760253906 502.9090881347656 196.4866943359375 1.4777905941009521 1.4216879606246948 3.702765464782715 -9.824385643005371 1.9935094118118286 60.17918014526367 1.5474255071083451 0.2469075471162796
Van -1 -1 2.49 -15.099987983703613 106.25052642822266 285.24089336395264 261.1611099243164 2.898817300796509 2.051461696624756 7.50668478012085 -13.511795997619629 1.8360964059829712 19.46364402770996 1.8837066875727269 0.2348335236310959
Car -1 -1 1.67 479.32373046875 179.07110595703125 506.4413146972656 198.34068298339844 1.4681040048599243 1.5683037042617798 3.8878655433654785 -9.440003395080566 1.9052334427833557 59.05340576171875 1.5068644509325777 0.18491493165493011
Car -1 -1 1.52 655.6959228515625 31.818002700805664 734.5051879882812 77.5478458404541 1.5563353300094604 1.544772982597351 4.029063701629639 4.360161781311035 -5.582199156284332 36.99530792236328 1.64065755815599 0.1808301955461502
Truck -1 -1 2.37 -1.5263041257858276 124.79383087158203 270.02334797382355 285.48938751220703 3.548109531402588 2.5151333808898926 12.602133750915527 -16.459692001342773 1.9854195713996887 24.15723419189453 1.7680401195424187 0.15418601036071777