Car -1 -1 -0.89 666.8597412109375 191.57061767578125 751.4156494140625 231.3037109375 1.5619616508483887 1.6024281978607178 3.7690112590789795 4.148236274719238 2.354854941368103 29.418964385986328 -0.7521645655912685 0.8443253040313721
Van -1 -1 -1.65 566.9038696289062 171.6205596923828 623.5878295898438 226.5476531982422 2.1012539863586426 1.8318947553634644 4.7010817527771 -0.6672108769416809 2.060270667076111 29.81226921081543 -1.6735927372706731 0.8257477283477783
Car -1 -1 2.59 1046.923828125 169.01600646972656 1237.728759765625 256.9362487792969 1.526300072669983 1.6060680150985718 4.175314903259277 10.664701461791992 1.4876614212989807 13.42723274230957 -3.02396627415035 0.7868552803993225
Van -1 -1 1.69 472.388427734375 167.80030822753906 510.4458312988281 206.38192749023438 2.2952919006347656 2.0416276454925537 5.56471586227417 -7.824342727661133 2.002312660217285 47.23402786254883 1.5219348824131522 0.7641628980636597
Car -1 -1 0.82 -2.084834575653076 219.89773559570312 109.13566255569458 293.1083984375 1.5326941013336182 1.6379754543304443 4.068301677703857 -14.55929946899414 2.6928579807281494 17.639509201049805 0.13098001138881088 0.7197107076644897
Car -1 -1 1.04 13.596229553222656 229.50628662109375 109.15830993652344 288.1104736328125 1.4605025053024292 1.5334911346435547 3.6800594329833984 -15.282215118408203 2.929296910762787 19.03953742980957 0.3642576803879045 0.6604551672935486
Car -1 -1 -1.65 567.206787109375 172.53665161132812 622.8334350585938 226.05929565429688 1.9537938833236694 1.7198636531829834 4.260617256164551 -0.6221105456352234 1.9598833918571472 27.61682891845703 -1.6719952018203985 0.6278267502784729
Car -1 -1 0.85 2.0151970386505127 215.92501831054688 93.64699482917786 299.7822265625 1.5716016292572021 1.5912907123565674 3.7471678256988525 -14.800640106201172 2.6274267435073853 16.976364135742188 0.1297756731158195 0.34563103318214417
Van -1 -1 0.83 -2.1736202239990234 186.47802734375 95.2186450958252 299.3598937988281 2.142801284790039 1.8896135091781616 5.070460319519043 -13.427019119262695 2.4505168199539185 14.896759986877441 0.09368710186434015 0.26818835735321045
Car -1 -1 1.67 471.8597412109375 168.50025939941406 510.03045654296875 206.06541442871094 2.064434051513672 1.8419208526611328 4.376077175140381 -7.220543384552002 1.8994229435920715 44.13680648803711 1.5115328712718545 0.24790029227733612
Car -1 -1 0.79 -2.1736202239990234 186.47802734375 95.2186450958252 299.3598937988281 1.7714848518371582 1.680572748184204 4.148852348327637 -13.680279731750488 2.4386335611343384 15.28934097290039 0.05826346933016957 0.2378070205450058
Van -1 -1 0.9 -1.1851428747177124 211.20957946777344 105.30866205692291 293.268310546875 1.964998483657837 1.825154185295105 4.932438850402832 -14.848295211791992 2.7325949668884277 17.232303619384766 0.1853861827942609 0.22870244085788727
Truck -1 -1 0.77 -4.149859428405762 183.622314453125 100.83411884307861 297.3562316894531 3.09669828414917 2.5107839107513428 7.352081298828125 -14.603442192077637 2.78556489944458 16.03343391418457 0.03300912570709613 0.18831022083759308
Car -1 -1 0.65 7.9044389724731445 213.05352783203125 126.03522968292236 296.8126525878906 1.412582278251648 1.5764926671981812 4.011579513549805 -14.090584754943848 2.5481324791908264 16.45081329345703 -0.05859306594983327 0.1840449720621109
Car -1 -1 0.95 -0.17717786133289337 215.00753784179688 70.34309343993664 309.081787109375 1.5677120685577393 1.5713881254196167 3.638444662094116 -14.954961776733398 2.635604500770569 16.353891372680664 0.20800691437623087 0.17618602514266968
Car -1 -1 0.84 -7.439682483673096 220.44607543945312 72.5698618888855 286.89056396484375 1.4957785606384277 1.4860881567001343 3.7714641094207764 -11.586663246154785 2.2705479860305786 13.021561622619629 0.11168852324416356 0.16921991109848022
Car -1 -1 0.9 -4.091598987579346 228.47740173339844 66.13989210128784 295.0754699707031 1.4944047927856445 1.5176032781600952 3.7856297492980957 -12.425985336303711 2.46335506439209 13.769262313842773 0.16918544933402657 0.15628346800804138
Car -1 -1 0.81 -10.947482109069824 204.25604248046875 71.74736499786377 275.5143737792969 1.5271044969558716 1.5257654190063477 3.590773820877075 -10.856831550598145 2.069359600543976 12.078675270080566 0.07449749579943798 0.13255652785301208