Car -1 -1 -0.64 357.7643737792969 170.71624755859375 489.8469543457031 225.42320251464844 1.5631603002548218 1.6578857898712158 3.7978780269622803 -5.56667423248291 1.2669884860515594 22.532196044921875 -0.8824351969979363 0.8249162435531616
Car -1 -1 -1.5 544.4918823242188 173.26104736328125 576.061767578125 199.55296325683594 1.4458087682724 1.6226729154586792 3.7904715538024902 -2.4836835861206055 1.0199289321899414 43.437191009521484 -1.5558027553158498 0.8019218444824219
Car -1 -1 2.15 331.83251953125 173.6856689453125 401.05780029296875 206.107421875 1.6048723459243774 1.6002521514892578 4.083808422088623 -12.775874137878418 1.2434948980808258 39.22479248046875 1.8391836215449704 0.6339777708053589
Van -1 -1 -0.43 358.8631286621094 171.9324188232422 488.892578125 224.18983459472656 1.704291820526123 1.7310692071914673 3.891606092453003 -5.760019302368164 1.3614668250083923 23.592456817626953 -0.6698401664523517 0.43913546204566956
Car -1 -1 2.39 342.1017761230469 174.25637817382812 414.00067138671875 206.9040985107422 1.5041159391403198 1.6046998500823975 4.183918476104736 -12.778616905212402 1.298573613166809 41.19968795776367 2.087449528611537 0.3363150656223297
Pedestrian -1 -1 -1.29 342.73138427734375 174.02406311035156 413.3568115234375 207.29034423828125 1.7684813737869263 0.6528083086013794 0.8197484016418457 -10.004318237304688 1.2794517278671265 33.25946807861328 -1.5864869174646508 0.2730351984500885
Car -1 -1 2.56 331.3738708496094 174.74957275390625 422.95208740234375 209.9603729248047 1.4926543235778809 1.6406219005584717 4.057130336761475 -12.062342643737793 1.2037130296230316 37.77588653564453 2.246177575588481 0.26793941855430603
Pedestrian -1 -1 -1.31 331.3292236328125 174.05030822753906 405.8418273925781 205.81695556640625 1.8661890029907227 0.6614437103271484 0.9262408018112183 -10.320525169372559 1.2896421551704407 32.610958099365234 -1.6134959898683388 0.22101132571697235
Car -1 -1 -0.35 353.0704040527344 174.17898559570312 466.5706787109375 224.11465454101562 1.5052088499069214 1.6692594289779663 4.082215785980225 -6.602169990539551 1.3301687240600586 25.382564544677734 -0.6014816985245495 0.2128748893737793
Van -1 -1 2.28 332.1828918457031 174.683349609375 406.6460876464844 205.89967346191406 1.9844688177108765 1.7667875289916992 4.8105316162109375 -13.78567123413086 1.4023757576942444 42.781036376953125 1.9681168609958624 0.2077818065881729
Cyclist -1 -1 2.42 331.3292236328125 174.05030822753906 405.8418273925781 205.81695556640625 1.8305257558822632 0.6905919313430786 1.8569144010543823 -10.31486701965332 1.2232576310634613 31.918455123901367 2.1089058200562034 0.19369971752166748
Cyclist -1 -1 2.83 342.73138427734375 174.02406311035156 413.3568115234375 207.29034423828125 1.799903154373169 0.6697456240653992 1.8821760416030884 -10.143431663513184 1.254999190568924 32.738712310791016 2.5285183410068655 0.18478462100028992
Car -1 -1 -0.57 348.0210266113281 174.87803649902344 452.103759765625 218.23196411132812 1.53032386302948 1.6413179636001587 3.8352153301239014 -7.6772847175598145 1.274802029132843 28.099687576293945 -0.8336044135346978 0.18199703097343445