Car -1 -1 -1.41 427.61090087890625 178.1336212158203 522.2572021484375 252.83184814453125 1.5122886896133423 1.609043002128601 3.592081308364868 -3.086212158203125 1.7046441435813904 17.154142379760742 -1.587073649413112 0.9026187062263489
Car -1 -1 -1.75 680.9761352539062 177.35797119140625 770.654541015625 243.12545776367188 1.493261694908142 1.624658226966858 4.05268669128418 2.9187638759613037 1.64637953042984 19.04068946838379 -1.5958377495232785 0.89924156665802
Car -1 -1 -1.95 787.4437255859375 183.73220825195312 1070.521728515625 354.7961120605469 1.4834744930267334 1.5732553005218506 3.595623254776001 3.2032394409179688 1.6192649006843567 8.049138069152832 -1.5681987696105786 0.8828072547912598
Car -1 -1 -1.74 721.7047119140625 172.1332244873047 837.8052368164062 265.31427001953125 1.6377121210098267 1.634453296661377 3.659790277481079 3.2635791301727295 1.6442288160324097 14.579408645629883 -1.5241569887068165 0.8781226873397827
Car -1 -1 -1.6 651.8458862304688 177.13433837890625 691.114501953125 210.8032989501953 1.4503451585769653 1.558159351348877 3.4194400310516357 2.6939408779144287 1.6369224190711975 32.05003356933594 -1.5164215895899087 0.8490723371505737
Van -1 -1 1.69 481.09014892578125 142.7938995361328 556.3002319335938 222.8617401123047 2.530094623565674 2.0644960403442383 5.989273548126221 -3.33833646774292 1.6076136529445648 26.81279754638672 1.5618299232848925 0.8210326433181763
Car -1 -1 -1.67 619.1394653320312 169.33291625976562 647.161865234375 195.45614624023438 1.7716401815414429 1.6763856410980225 4.011835098266602 1.6558001041412354 1.5764551758766174 51.378173828125 -1.6382926603513042 0.689209520816803
Truck -1 -1 1.69 481.1951599121094 141.1332550048828 554.4650268554688 221.80081176757812 3.181302547454834 2.34326171875 7.380983352661133 -3.688718318939209 1.905595451593399 29.74394989013672 1.5628406986184613 0.5277735590934753
Car -1 -1 -1.77 708.63623046875 176.349853515625 821.9148559570312 259.373046875 1.5941157341003418 1.5952680110931396 3.623675584793091 3.2263588905334473 1.6439077854156494 14.661393165588379 -1.5537240022679537 0.40481701493263245
Van -1 -1 -1.68 619.4225463867188 168.11305236816406 646.9780883789062 195.11831665039062 2.098904848098755 1.844695806503296 4.897280216217041 1.8102251291275024 1.7789104580879211 58.73810577392578 -1.652023256249307 0.3828447759151459
Car -1 -1 0.62 481.45977783203125 152.41110229492188 555.5614013671875 223.42152404785156 1.908789873123169 1.7168943881988525 4.398327827453613 -3.0914437770843506 1.6190499067306519 24.72633934020996 0.49371170710572443 0.29342779517173767
Car -1 -1 -0.7 481.9056701660156 166.9192352294922 550.67138671875 225.17123413085938 1.6137666702270508 1.6574560403823853 4.253715991973877 -3.150099754333496 1.6171899437904358 25.20115852355957 -0.8198118073204412 0.27236345410346985
Car -1 -1 -1.59 437.7928161621094 167.7335205078125 529.4508666992188 247.64173889160156 1.6008763313293457 1.7096803188323975 4.011889934539795 -2.8543224334716797 1.5893484950065613 16.942913055419922 -1.7555506699597592 0.24596844613552094
Car -1 -1 0.64 560.6070556640625 175.45399475097656 578.1814575195312 191.06668090820312 1.5022555589675903 1.6800743341445923 4.255579471588135 -4.224075794219971 1.8775389790534973 74.62422180175781 0.5856054855372825 0.23460653424263
Van -1 -1 1.94 476.1597900390625 150.29791259765625 547.7528686523438 226.8780975341797 2.3542914390563965 1.9594480991363525 5.5845184326171875 -3.3858108520507812 1.7688179016113281 27.433137893676758 1.8182282090302424 0.20389898121356964
Car -1 -1 -0.56 -0.5076722502708435 212.27767944335938 37.62818819284439 379.09527587890625 1.6247117519378662 1.6344482898712158 3.7903478145599365 -2.10506010055542 1.3320809602737427 0.9557845592498779 -1.7021102288531083 0.20031660795211792
Car -1 -1 -0.66 1.2649120092391968 233.3541259765625 26.653196692466736 376.8712158203125 1.5489360094070435 1.609033226966858 3.631345272064209 -1.7419787645339966 1.1937859654426575 0.9437475800514221 -1.7367069398828798 0.18491438031196594
Car -1 -1 1.55 554.2362670898438 174.40142822265625 576.0701904296875 190.70726013183594 1.5480443239212036 1.6623743772506714 4.567421913146973 -4.207677841186523 1.6266368627548218 69.67439270019531 1.494213541701365 0.1771233230829239
Van -1 -1 -1.01 429.2833251953125 169.9112548828125 530.2183227539062 250.5833282470703 2.1361820697784424 1.8650401830673218 4.9395928382873535 -3.508845090866089 1.768231213092804 21.712078094482422 -1.1732051532224332 0.1623811423778534
Car -1 -1 -0.57 1.3201494216918945 252.11680603027344 79.03537464141846 360.1899719238281 1.2529646158218384 1.5490031242370605 3.6096248626708984 -1.3860334157943726 1.0481692850589752 0.9344754815101624 -1.5467922832317207 0.16112391650676727
Car -1 -1 -0.58 -2.156467914581299 253.20550537109375 62.6631121635437 359.3651123046875 1.2819929122924805 1.5712206363677979 3.438847303390503 -1.2773162126541138 1.0108073949813843 0.8274444937705994 -1.5779587627499474 0.15639382600784302
Car -1 -1 -0.69 0.8086114525794983 232.36373901367188 20.103067934513092 363.57098388671875 1.5755242109298706 1.5986814498901367 3.704256057739258 -1.6232649087905884 1.1556957066059113 0.9566951990127563 -1.7313768702938743 0.1331755816936493
Car -1 -1 -0.63 0.0021588525269180536 237.13125610351562 61.12422916502692 344.9607849121094 1.4008944034576416 1.5351907014846802 3.39095401763916 -2.0076587200164795 1.2534744143486023 1.420188546180725 -1.5815265526338615 0.12152371555566788
Car -1 -1 -0.58 3.978868007659912 245.0133056640625 90.28956747055054 349.8836669921875 1.3539025783538818 1.4797794818878174 3.6425609588623047 -1.6307129859924316 1.199808955192566 1.2530325651168823 -1.4980737905657984 0.11685097217559814
Car -1 -1 -0.57 1.4338712692260742 266.87359619140625 47.36316204071045 367.7868347167969 1.5333908796310425 1.5500984191894531 3.510159969329834 -0.8891687393188477 1.0431734323501587 0.6261585354804993 -1.5281054922604387 0.11585427075624466
Car -1 -1 -0.55 -0.5579344630241394 275.45538330078125 36.974688827991486 372.5340881347656 1.535328984260559 1.5151115655899048 3.489274740219116 -1.0276435613632202 1.087202250957489 0.7053148746490479 -1.5239873610217591 0.10837596654891968
Car -1 -1 -0.55 7.66111946105957 262.3377380371094 88.52131843566895 365.8279724121094 1.2418171167373657 1.4865036010742188 3.575352191925049 -1.3620903491973877 1.0655238032341003 0.965279757976532 -1.5087623722906311 0.10776063054800034
Car -1 -1 -0.49 5.31226110458374 268.4716796875 78.86449956893921 377.12969970703125 1.5046805143356323 1.5955973863601685 3.416930913925171 -0.5541922450065613 0.9565442651510239 0.38079604506492615 -1.4538737464850042 0.0981028750538826
Car -1 -1 -0.5 0.31080323457717896 268.17724609375 56.95558625459671 377.7967529296875 1.5528720617294312 1.5776405334472656 3.5010337829589844 -0.5474781394004822 0.9572020620107651 0.3338622748851776 -1.5266336816519512 0.09473703056573868
Car -1 -1 -0.57 8.038667678833008 252.94232177734375 102.79284858703613 357.5728759765625 1.3060047626495361 1.513595461845398 3.651602268218994 -1.6173813343048096 1.2085630893707275 1.2849442958831787 -1.4739454537317425 0.08837912976741791