Car -1 -1 -1.73 677.0904541015625 183.61680603027344 759.2481079101562 242.93942260742188 1.4323259592056274 1.5857402086257935 3.537198066711426 2.8447344303131104 1.7453123927116394 19.579591751098633 -1.5874867014685208 0.885631263256073
Car -1 -1 -1.97 772.61865234375 192.82675170898438 1088.6175537109375 374.1300048828125 1.4601155519485474 1.5350958108901978 3.3391594886779785 2.8225271701812744 1.6951072216033936 7.224218845367432 -1.6011913877614594 0.8807371854782104
Car -1 -1 -1.69 650.1101684570312 175.177001953125 700.9601440429688 217.7039337158203 1.6648708581924438 1.6329292058944702 3.7204275131225586 2.625666856765747 1.7894241213798523 29.82924461364746 -1.59774673357607 0.8532437682151794
Car -1 -1 -2.79 340.2172546386719 168.83734130859375 483.2810363769531 227.71592712402344 1.7026687860488892 1.6991170644760132 3.9316422939300537 -6.04697322845459 1.6386604309082031 22.41848373413086 -3.0561321221933913 0.8200348019599915
Car -1 -1 0.4 239.90945434570312 175.7184600830078 448.8447265625 244.25791931152344 1.5262112617492676 1.6238620281219482 4.0361552238464355 -6.195431232452393 1.612843930721283 17.339679718017578 0.05555099884980885 0.816912055015564
Car -1 -1 -2.68 5.919482707977295 170.23110961914062 351.27858304977417 305.7543640136719 1.5675290822982788 1.6062664985656738 4.168612480163574 -6.078986644744873 1.5582519173622131 9.965314865112305 3.058128595999862 0.7707606554031372
Car -1 -1 0.65 -7.760363578796387 171.3986358642578 254.41315937042236 343.6808166503906 1.6326158046722412 1.5938832759857178 3.9982433319091797 -6.254720687866211 1.660421073436737 7.781592845916748 -0.02371673207046987 0.7436452507972717
Car -1 -1 -2.57 1022.6304321289062 218.64031982421875 1234.165771484375 378.6507873535156 1.4620976448059082 1.5911885499954224 3.802100419998169 3.0877580642700195 1.669216275215149 1.870805025100708 -1.5456211259328994 0.7250086069107056
Car -1 -1 -2.9 410.5122985839844 177.40809631347656 518.6884765625 216.5764923095703 1.5870250463485718 1.7133140563964844 4.057717800140381 -6.037632942199707 1.72808176279068 29.46748161315918 -3.103362098070507 0.7169106006622314
Car -1 -1 -2.34 -0.7094824910163879 168.6168975830078 105.5045754313469 384.2215881347656 1.4830472469329834 1.580665946006775 3.9106853008270264 -6.466357231140137 1.5525847673416138 5.540593147277832 3.082976271502437 0.7048273682594299
Car -1 -1 -2.83 447.6884765625 179.64129638671875 525.6842041015625 210.39573669433594 1.4800783395767212 1.58944571018219 4.116317272186279 -6.141300201416016 1.7997720837593079 36.11197280883789 -2.9994996983962103 0.596362292766571
Car -1 -1 -2.87 433.2652587890625 179.9358367919922 521.3411865234375 212.42787170410156 1.4738689661026 1.5950677394866943 4.093190670013428 -6.174912452697754 1.7822216153144836 34.509952545166016 -3.0470251798770835 0.5652301907539368
Car -1 -1 -2.38 -4.166399955749512 175.76339721679688 299.84293842315674 323.32098388671875 1.5295628309249878 1.6064198017120361 4.055838108062744 -5.748682498931885 1.5434876680374146 8.134247779846191 -2.994368738251649 0.5641281008720398
Car -1 -1 0.82 -5.725882053375244 174.20106506347656 171.935311794281 361.8616638183594 1.6507835388183594 1.6451822519302368 4.043500900268555 -6.686469078063965 1.6427381038665771 7.243227005004883 0.07549936041777272 0.5087348222732544
Car -1 -1 -2.83 -9.742254257202148 170.73678588867188 126.95774269104004 373.59857177734375 1.6670808792114258 1.6383733749389648 4.023332595825195 -6.1048970222473145 1.5326794981956482 5.58642578125 2.6249169592033237 0.5005619525909424
Car -1 -1 -2.91 470.8781433105469 176.4298095703125 543.335205078125 206.18450927734375 1.5840786695480347 1.6900888681411743 4.21968412399292 -5.900373458862305 1.800233781337738 40.53293228149414 -3.058310494722134 0.4966164231300354
Car -1 -1 -2.81 388.0535888671875 171.95135498046875 499.0330810546875 220.35736083984375 1.5770416259765625 1.6844161748886108 4.210651874542236 -6.068598747253418 1.6318829655647278 26.075233459472656 -3.0422042583712274 0.45708316564559937
Car -1 -1 -1.68 645.4551391601562 175.4240264892578 693.1060791015625 213.84718322753906 1.5724202394485474 1.5988777875900269 3.5307798385620117 2.6486971378326416 1.7326944470405579 30.159563064575195 -1.5962106832068343 0.45592910051345825
Car -1 -1 -2.81 458.2608642578125 176.5286102294922 534.0748901367188 208.44171142578125 1.5441163778305054 1.641167402267456 4.14511251449585 -5.87937593460083 1.7567757964134216 39.28118133544922 -2.960027520034881 0.418193519115448
Car -1 -1 -2.89 363.6979064941406 169.9869842529297 500.4739990234375 222.72933959960938 1.5751254558563232 1.6239804029464722 4.089707851409912 -5.858753204345703 1.6894716620445251 27.464866638183594 -3.1039450171324434 0.39709189534187317
Car -1 -1 -2.77 84.73955535888672 177.80638122558594 355.16902923583984 279.7524719238281 1.4656317234039307 1.5808407068252563 3.958482265472412 -6.747852325439453 1.5773518681526184 13.004399299621582 3.039105463300279 0.39024925231933594
Car -1 -1 -2.15 316.3747253417969 170.99925231933594 473.468017578125 231.56295776367188 1.5891273021697998 1.6629681587219238 4.010175704956055 -5.821427822113037 1.5546831488609314 19.720977783203125 -2.4403024038911605 0.37678971886634827
Car -1 -1 -1.92 261.4112854003906 171.635986328125 460.0511779785156 235.84397888183594 1.5591124296188354 1.6108115911483765 3.912938356399536 -5.896065711975098 1.633408546447754 18.12640953063965 -2.2387153029563844 0.36844512820243835
Car -1 -1 -2.82 135.7098388671875 181.3052520751953 360.3316650390625 266.41064453125 1.4892606735229492 1.5700784921646118 3.8833043575286865 -6.799549579620361 1.5763074159622192 13.248894691467285 2.99211128752194 0.351594477891922
Car -1 -1 -2.66 1035.204833984375 211.9862060546875 1203.11181640625 371.67578125 1.4829661846160889 1.6047248840332031 3.7638754844665527 3.027092695236206 1.5836455821990967 1.7850075960159302 -1.6205590824607592 0.35061052441596985
Car -1 -1 2.85 499.9096984863281 175.32525634765625 562.9553833007812 200.3512420654297 1.6394593715667725 1.6833146810531616 4.371746063232422 -5.490241527557373 1.7902745008468628 49.39201354980469 2.74280976523149 0.3335125744342804
Car -1 -1 -2.64 1066.42626953125 222.34432983398438 1240.5458984375 372.1216735839844 1.443665623664856 1.5594772100448608 3.7027878761291504 2.686612367630005 1.4887343049049377 1.6855087280273438 -1.6329293846308977 0.3217274248600006
Car -1 -1 -1.65 637.9669189453125 176.2003173828125 677.4588012695312 208.61073303222656 1.5198034048080444 1.5989903211593628 3.780076265335083 2.6108055114746094 1.7481980323791504 39.76642990112305 -1.582515888309592 0.30084457993507385
Car -1 -1 -2.9 481.9204406738281 174.7252960205078 549.9152221679688 204.380615234375 1.700706124305725 1.7001677751541138 4.252312183380127 -5.6607561111450195 1.836306631565094 42.98540115356445 -3.0270322397202314 0.29959917068481445
Car -1 -1 2.34 4.694416046142578 160.5233612060547 73.90149307250977 271.8788146972656 1.4556764364242554 1.4680103063583374 3.169912099838257 -9.813261985778809 1.3997420072555542 10.285737991333008 1.5775685844307095 0.29944491386413574
Car -1 -1 -2.28 -0.459437757730484 205.19178771972656 115.15173014998436 375.35369873046875 1.4322426319122314 1.5689572095870972 3.808103322982788 -6.384413242340088 1.7464052438735962 5.61212158203125 -3.127271213238968 0.29132646322250366
Van -1 -1 -2.86 341.67559814453125 167.4349822998047 490.9338073730469 226.56581115722656 1.8989431858062744 1.67104172706604 4.5078444480896 -6.358628749847412 1.7532581090927124 23.80108070373535 -3.120062457637821 0.2721714377403259
Car -1 -1 -2.8 478.13385009765625 172.334228515625 541.889404296875 202.24557495117188 1.6204254627227783 1.6739885807037354 4.213895320892334 -5.789554595947266 1.6860883235931396 41.66395950317383 -2.941767721514209 0.2683817446231842
Car -1 -1 -2.56 1099.1788330078125 210.79681396484375 1237.431640625 379.4158020019531 1.5217046737670898 1.601885199546814 3.682889699935913 3.074979066848755 1.5831754803657532 1.986672043800354 -1.5666607814418692 0.2664915919303894
Car -1 -1 -2.93 492.0605163574219 174.88812255859375 557.1094360351562 202.4937286376953 1.654754877090454 1.6677987575531006 4.2777557373046875 -5.55678129196167 1.8400605916976929 47.488685607910156 -3.050187789632263 0.2634526789188385
Car -1 -1 -2.27 -0.8125072121620178 197.5844268798828 154.21959728002548 368.3562927246094 1.438430666923523 1.5914018154144287 3.950793743133545 -5.773603439331055 1.5989145040512085 5.198095321655273 -3.111705651396761 0.2629753649234772
Car -1 -1 -2.42 0.5141007304191589 162.01626586914062 82.34798592329025 377.2313537597656 1.5403625965118408 1.650808572769165 3.8863749504089355 -6.254075050354004 1.53091961145401 5.357718467712402 3.0013056941822747 0.2499261051416397
Car -1 -1 -2.12 173.25376892089844 179.3024139404297 378.489990234375 257.5354309082031 1.5117461681365967 1.6317976713180542 3.8507754802703857 -6.464436054229736 1.6617050766944885 14.820367813110352 -2.529829296404168 0.24058328568935394
Car -1 -1 0.04 274.5255432128906 164.2970733642578 490.50335693359375 236.7858123779297 1.454848289489746 1.5892757177352905 4.451882839202881 -5.807915687561035 1.6078734993934631 18.308589935302734 -0.26851029023196293 0.23614533245563507
Car -1 -1 -2.35 -10.023459434509277 159.17715454101562 98.17522525787354 361.3556213378906 1.6569433212280273 1.6670398712158203 4.049279689788818 -6.251193523406982 1.5882124304771423 5.550328731536865 3.087480653984727 0.23585860431194305
Car -1 -1 -2.4 1.9542604684829712 180.8306427001953 89.74301779270172 346.00970458984375 1.5323032140731812 1.5633577108383179 3.6874818801879883 -5.648319721221924 1.5127551555633545 5.215435028076172 3.0546054141833325 0.23239950835704803
Car -1 -1 0.39 215.0863800048828 176.27894592285156 419.4893493652344 248.34019470214844 1.509096622467041 1.6277971267700195 3.914762020111084 -6.213631629943848 1.5900224447250366 16.90923309326172 0.0412062860515614 0.22390639781951904
Car -1 -1 -2.42 4.703526973724365 222.19117736816406 84.69288396835327 360.5892639160156 1.616199254989624 1.606576919555664 3.956275701522827 -5.823502540588379 1.7865368127822876 5.448366641998291 3.0484049967819713 0.2211931347846985
Car -1 -1 -1.61 645.0722045898438 180.0436248779297 681.7298583984375 212.58721923828125 1.4757331609725952 1.5798680782318115 3.6321187019348145 2.6670806407928467 1.8272221684455872 35.400184631347656 -1.537839409972701 0.2188161164522171
Car -1 -1 -1.65 644.9562377929688 180.22677612304688 689.7565307617188 217.6240692138672 1.4750887155532837 1.565786600112915 3.8581297397613525 2.4654176235198975 1.7595812678337097 30.623037338256836 -1.5735132873166133 0.2134542167186737
Car -1 -1 -2.64 -22.329490661621094 146.3390350341797 301.59986114501953 350.65557861328125 1.5354822874069214 1.547851800918579 4.163800239562988 -6.319248676300049 1.5248850584030151 9.293821334838867 3.0492491226486322 0.21039949357509613
Car -1 -1 2.39 3.209836959838867 148.1769256591797 41.732778549194336 236.4455108642578 1.43958580493927 1.5515397787094116 3.8682973384857178 -13.808154106140137 1.1137013733386993 14.375665664672852 1.6277936320366049 0.20753566920757294
Car -1 -1 -1.7 653.9808349609375 178.1714630126953 709.1300659179688 223.515869140625 1.542165756225586 1.6069260835647583 3.706538438796997 2.6511495113372803 1.8110966682434082 29.56499481201172 -1.606486273829388 0.20704297721385956
Car -1 -1 -2.08 969.4904174804688 228.13880920410156 1225.0125732421875 385.71917724609375 1.454968810081482 1.6308152675628662 4.018462657928467 2.5932750701904297 1.4318406581878662 2.3044140338897705 -1.2384629728867846 0.20432059466838837
Van -1 -1 -2.6 1027.5775146484375 221.04100036621094 1242.011962890625 384.6824951171875 1.8485935926437378 1.7627745866775513 3.914233922958374 3.3976335525512695 1.7633827924728394 2.564018726348877 -1.6712836573775167 0.19634860754013062
Car -1 -1 -2.47 48.820709228515625 168.74258422851562 334.6029357910156 278.4147033691406 1.5611673593521118 1.6341865062713623 4.110290050506592 -5.897117614746094 1.5010279417037964 10.482629776000977 -2.9828846931793915 0.19504639506340027
Car -1 -1 -2.79 106.71135711669922 172.65293884277344 344.48213958740234 268.3045349121094 1.566138505935669 1.6076360940933228 3.9939818382263184 -6.7293701171875 1.5956838130950928 13.353559494018555 3.0235667311771675 0.18826986849308014
Car -1 -1 0.91 2.4412760734558105 166.30398559570312 244.96681928634644 299.9670715332031 1.4128674268722534 1.5751358270645142 3.840803861618042 -6.2814412117004395 1.3962265253067017 8.16104793548584 0.24955951543369537 0.18703323602676392
Van -1 -1 -2.37 -0.22742657363414764 188.4903564453125 108.42999072372913 381.81414794921875 1.8274545669555664 1.7309114933013916 4.316848278045654 -7.245576858520508 1.950331211090088 6.812786102294922 3.0974717998366206 0.18576113879680634
Car -1 -1 2.31 0.441469669342041 164.8227996826172 87.40824365615845 282.8819274902344 1.5637916326522827 1.5207244157791138 3.2620620727539062 -9.271663665771484 1.536767601966858 9.843576431274414 1.5542539293382074 0.1794264167547226
Car -1 -1 0.81 -9.162575721740723 164.27719116210938 204.9441900253296 333.6372375488281 1.5689033269882202 1.6591885089874268 4.028301239013672 -5.809521198272705 1.5182839632034302 6.550140857696533 0.08830705350292867 0.17443321645259857
Car -1 -1 -2.38 1099.5048828125 267.62506103515625 1237.6893310546875 397.6492614746094 1.5459667444229126 1.6644339561462402 4.4164557456970215 2.26104998588562 1.466512382030487 2.227555751800537 -1.583765106830774 0.17326119542121887
Car -1 -1 -2.59 979.8834228515625 215.6018829345703 1200.35009765625 365.1476135253906 1.459581971168518 1.5608328580856323 3.5305745601654053 2.4872021675109863 1.5151015520095825 2.1977570056915283 -1.7425275427557345 0.1631140112876892
Car -1 -1 2.4 9.469033241271973 157.69784545898438 53.377678871154785 273.0486145019531 1.5821601152420044 1.5695558786392212 3.7267701625823975 -10.300240516662598 1.4614222049713135 10.51596736907959 1.6247637747848112 0.15996398031711578
Car -1 -1 -2.36 1035.712890625 231.64523315429688 1248.0272216796875 403.51171875 1.5466669797897339 1.6587300300598145 4.246657848358154 2.815574884414673 1.6333308815956116 2.532757520675659 -1.5190526879265285 0.15971209108829498
Car -1 -1 2.56 7.587479591369629 165.1616973876953 45.64120960235596 280.4399108886719 1.49032723903656 1.5376989841461182 3.772145986557007 -10.899702072143555 1.5470981001853943 11.076825141906738 1.7847313733857453 0.1581093668937683
Car -1 -1 -2.75 -2.2096128463745117 152.40150451660156 72.51444721221924 341.5574951171875 1.5499299764633179 1.6237597465515137 3.8785746097564697 -6.6272454261779785 1.4532729387283325 6.032615661621094 2.7046045125196887 0.15313157439231873