Car -1 -1 -0.8 3.259618043899536 199.14706420898438 295.90744519233704 366.4757080078125 1.5502536296844482 1.6219730377197266 3.916123151779175 -3.28415584564209 1.675698161125183 3.584122896194458 -1.546264576595096 0.8114326000213623
Car -1 -1 1.75 446.7999572753906 173.8296356201172 479.4115295410156 195.7888641357422 1.4845539331436157 1.6525039672851562 3.912994623184204 -9.908487319946289 1.0396749675273895 49.90733337402344 1.553419077249731 0.7937579154968262
Pedestrian -1 -1 1.43 1004.377197265625 150.11012268066406 1023.498046875 214.1517333984375 1.802775502204895 0.6312369108200073 0.7599787712097168 11.63475227355957 0.9532937780022621 20.01605796813965 1.9554670883502023 0.5469164848327637
Pedestrian -1 -1 2.76 1014.6137084960938 150.74771118164062 1036.6453857421875 215.58509826660156 1.7784717082977295 0.6401530504226685 0.8718599081039429 11.5783109664917 0.9732710793614388 19.605588912963867 -2.9896455512624893 0.5061413049697876
Pedestrian -1 -1 2.18 1007.0203857421875 150.46788024902344 1027.6663818359375 214.86257934570312 1.7960649728775024 0.6474966406822205 0.824090301990509 11.595614433288574 0.9678208827972412 19.924020767211914 2.707215917811439 0.49217379093170166
Pedestrian -1 -1 -2.58 1015.2947998046875 151.71975708007812 1042.0567626953125 225.96881103515625 1.7719579935073853 0.6321778297424316 0.9865666031837463 11.059173583984375 1.0360064208507538 18.66079330444336 -2.0495184092421663 0.4262532591819763
Pedestrian -1 -1 2.89 1012.146484375 155.14218139648438 1039.4229736328125 209.50357055664062 1.7753275632858276 0.6354239583015442 0.7203511595726013 12.157842636108398 0.9863265082240105 20.612873077392578 -2.859621811475556 0.3955080211162567
Pedestrian -1 -1 0.68 518.2164916992188 172.3288116455078 528.664794921875 198.9529571533203 1.7074531316757202 0.6276595592498779 0.7570511698722839 -4.545548915863037 1.1585403978824615 39.92121505737305 0.5702319452657179 0.3687913119792938
Pedestrian -1 -1 -2.35 1010.6944580078125 149.90875244140625 1034.24560546875 214.47393798828125 1.8971025943756104 0.5928251147270203 1.1352522373199463 12.014161109924316 0.9315050356090069 20.41683578491211 -1.817355890657506 0.36169785261154175
Pedestrian -1 -1 1.62 1007.2581787109375 155.64208984375 1035.85888671875 212.63446044921875 1.7791523933410645 0.6217536330223083 0.7552993297576904 12.068490982055664 0.9905690848827362 20.639379501342773 2.148575000797023 0.34471240639686584
Pedestrian -1 -1 2.34 880.8982543945312 153.3188934326172 899.5782470703125 195.31114196777344 1.83817458152771 0.6104937195777893 0.9769797325134277 12.638673782348633 0.6543742120265961 31.276187896728516 2.7218543325206284 0.3389095962047577
Car -1 -1 1.83 438.90435791015625 174.50393676757812 472.7589111328125 192.37188720703125 1.4691126346588135 1.6549255847930908 4.066547393798828 -12.971882820129395 0.9054064154624939 61.46894073486328 1.6231626811047555 0.31921151280403137
Pedestrian -1 -1 -2.52 1016.2725219726562 153.1080322265625 1040.1317138671875 205.73902893066406 1.8343076705932617 0.6216034293174744 0.7787742018699646 13.082478523254395 0.9553493447601795 21.966007232666016 -1.9782475234593644 0.26277709007263184
Cyclist -1 -1 2.53 1012.146484375 155.14218139648438 1039.4229736328125 209.50357055664062 1.812334656715393 0.6265013217926025 1.8717275857925415 12.892928123474121 0.9954290986061096 21.86895179748535 3.0671416457914944 0.2526807487010956
Pedestrian -1 -1 0.57 1004.0413208007812 155.5511016845703 1029.060302734375 212.2492218017578 1.7643322944641113 0.6103194355964661 0.7744119167327881 12.139782905578613 0.9826782494783401 20.81328582763672 1.0969672462127669 0.24788793921470642
Pedestrian -1 -1 -2.33 1006.5377197265625 149.33335876464844 1031.9930419921875 219.66375732421875 1.83802330493927 0.6486498117446899 1.0834516286849976 11.550308227539062 1.0245613381266594 19.5675048828125 -1.7982907471999923 0.24083830416202545
Cyclist -1 -1 2.81 1002.869873046875 151.80303955078125 1034.9656982421875 212.5186767578125 1.702097773551941 0.5761284828186035 1.7447072267532349 12.274833679199219 0.9830923825502396 21.0173397064209 -2.9443382680915935 0.2278459668159485
Cyclist -1 -1 -0.94 518.2164916992188 172.3288116455078 528.664794921875 198.9529571533203 1.662574052810669 0.5233206152915955 1.6986262798309326 -4.539865016937256 1.0954480469226837 40.08562469482422 -1.0537402546199193 0.22020097076892853
Cyclist -1 -1 2.19 1002.0717163085938 153.94577026367188 1043.1754150390625 213.77247619628906 1.7095967531204224 0.6023900508880615 1.8337061405181885 12.232449531555176 0.9900425672531128 20.686138153076172 2.726644730563521 0.21171355247497559
Pedestrian -1 -1 -3.01 1003.9088134765625 152.37820434570312 1042.1597900390625 214.94061279296875 1.8278437852859497 0.6206105947494507 0.7044957876205444 11.66983413696289 1.081880047917366 19.688589096069336 -2.471050097011754 0.1979609727859497
Cyclist -1 -1 2.68 1016.2725219726562 153.1080322265625 1040.1317138671875 205.73902893066406 1.8558670282363892 0.673428475856781 1.907150387763977 14.221549034118652 0.9476076252758503 23.9559326171875 -3.0683566684705372 0.18994776904582977
Cyclist -1 -1 1.45 517.3948364257812 172.83718872070312 532.2864990234375 197.9046173095703 1.7262595891952515 0.5695117712020874 1.7543185949325562 -4.38165807723999 1.0333077907562256 38.40769577026367 1.3387970633967576 0.1863345503807068