Car -1 -1 -1.25 323.42901611328125 182.4303436279297 453.0282897949219 259.5024108886719 1.4213005304336548 1.639578938484192 4.03818941116333 -4.785852432250977 1.4444089531898499 16.29564094543457 -1.5307745000348012 0.8814631104469299
Car -1 -1 -1.4 442.7601623535156 181.00714111328125 502.7171630859375 224.34681701660156 1.4052947759628296 1.6266909837722778 4.085784912109375 -4.7867913246154785 1.3366506099700928 26.056720733642578 -1.5797503649712175 0.8780798316001892
Car -1 -1 -1.55 573.7417602539062 174.74411010742188 612.0833740234375 209.12838745117188 1.638460636138916 1.691709280014038 4.071007251739502 -0.7304567098617554 1.1335187256336212 35.477298736572266 -1.5711827162252465 0.8706276416778564
Car -1 -1 -1.14 283.4636535644531 183.13510131835938 371.6800537109375 230.5459442138672 1.445346474647522 1.5953388214111328 3.637741804122925 -9.203282356262207 1.4135828614234924 23.953990936279297 -1.5111959063773748 0.8457619547843933
Car -1 -1 -0.91 -1.2347509860992432 196.7336883544922 295.45592284202576 373.17999267578125 1.4772288799285889 1.5756397247314453 3.3037781715393066 -4.187836647033691 1.6127343773841858 6.099186420440674 -1.5139305481380614 0.805335283279419
Van -1 -1 -1.4 505.54315185546875 163.7008819580078 547.0098876953125 204.3451385498047 2.291640520095825 1.9487508535385132 5.3837504386901855 -4.955757141113281 1.0908011458814144 45.089271545410156 -1.5080966767209016 0.7908701300621033
Car -1 -1 1.65 43.321353912353516 179.65562438964844 271.964298248291 274.3527526855469 1.457007646560669 1.6508026123046875 4.166838645935059 -8.646181106567383 1.3780431747436523 14.011783599853516 1.0931212686909495 0.7687512636184692
Car -1 -1 2.39 176.6619415283203 175.79629516601562 293.5368347167969 224.8740997314453 1.7043137550354004 1.6388520002365112 3.7537386417388916 -13.329824447631836 1.3895729184150696 25.783048629760742 1.9155070668905196 0.6876000761985779
Car -1 -1 -2.58 57.0507698059082 179.8916015625 250.4672737121582 261.8524169921875 1.553169846534729 1.6419931650161743 3.7660038471221924 -9.80502986907959 1.4537888765335083 15.978888511657715 -3.1323441162894046 0.6225037574768066
Car -1 -1 -1.89 815.4734497070312 211.67193603515625 1208.216552734375 373.0804138183594 1.5723711252212524 1.529821515083313 4.224730014801025 1.8250737190246582 1.6184839606285095 2.58022141456604 -1.2793477337734807 0.5327847599983215
Car -1 -1 -2.37 757.1564331054688 194.25320434570312 1227.2822265625 379.6671447753906 1.4977452754974365 1.6881697177886963 4.299858093261719 1.7478476762771606 1.6157797574996948 2.7685587406158447 -1.8046242269423685 0.515031099319458
Car -1 -1 1.74 26.564489364624023 182.49972534179688 273.7477779388428 300.1721496582031 1.47367262840271 1.5897514820098877 3.8223111629486084 -9.075143814086914 1.4585363864898682 14.52392578125 1.1766621632923044 0.3918108344078064
Car -1 -1 -1.23 306.6268310546875 183.12864685058594 439.9127197265625 251.35633850097656 1.4938836097717285 1.6316187381744385 3.9505693912506104 -4.910820484161377 1.5004870891571045 16.283212661743164 -1.5277402298344507 0.38111618161201477
Car -1 -1 -1.42 5.700141906738281 183.5699462890625 294.04129791259766 334.3629455566406 1.4776251316070557 1.6004821062088013 3.8835620880126953 -9.659361839294434 1.5143583416938782 15.216623306274414 -1.9895033741705639 0.37577736377716064
Car -1 -1 -1.53 456.8895263671875 179.0166015625 508.5916442871094 219.50128173828125 1.4703532457351685 1.6433638334274292 4.159482479095459 -5.137551784515381 1.247028410434723 31.64234733581543 -1.693491347108596 0.32940828800201416
Car -1 -1 -1.35 506.0891418457031 164.0075225830078 546.5078125 204.15533447265625 2.251798391342163 1.8593862056732178 4.661474227905273 -4.664021015167236 1.0834487862884998 41.97187042236328 -1.4588685267949302 0.32343098521232605
Car -1 -1 -1.44 470.4248962402344 178.82923889160156 510.5405578613281 215.01840209960938 1.4142752885818481 1.6059374809265137 4.0347113609313965 -5.3593220710754395 1.2500123977661133 32.592681884765625 -1.5996692291348023 0.30064645409584045
Car -1 -1 -1.42 440.2442932128906 177.9462127685547 498.00482177734375 219.8997802734375 1.4636958837509155 1.623677372932434 3.9863157272338867 -4.9275970458984375 1.270642340183258 26.254594802856445 -1.6017181952882238 0.29416394233703613
Car -1 -1 -1.06 294.8019714355469 185.14907836914062 395.14398193359375 235.29714965820312 1.4634299278259277 1.6260372400283813 3.817615032196045 -8.968684196472168 1.4522756338119507 23.954673767089844 -1.4216157898656236 0.28547561168670654
Van -1 -1 0.95 727.0988159179688 175.72491455078125 1209.922607421875 378.2536926269531 1.9856716394424438 1.7754348516464233 4.564935684204102 1.7286217212677002 1.7619051933288574 3.149932861328125 1.4477265469362814 0.23869292438030243
Truck -1 -1 2.06 760.07421875 172.5029754638672 1220.420654296875 380.97283935546875 3.273486375808716 2.503802537918091 7.397586345672607 2.2922582626342773 2.0226097404956818 3.097970962524414 2.693716427794448 0.22848190367221832
Van -1 -1 -2.61 0.06269016116857529 154.47975158691406 67.97255649417639 231.80381774902344 2.3616976737976074 2.1081786155700684 5.107197284698486 -20.670135498046875 1.3302961140871048 23.319360733032227 2.9447801215729434 0.21817122399806976
Car -1 -1 1.11 888.731689453125 220.8759002685547 1221.662841796875 373.7189025878906 1.5849173069000244 1.586568832397461 4.1089067459106445 2.230241537094116 1.5559558272361755 2.404141902923584 1.8606189411687817 0.21626891195774078
Car -1 -1 -1.56 573.9029541015625 173.36956787109375 605.4784545898438 204.03250122070312 1.6792453527450562 1.6974190473556519 4.101090908050537 -0.8048629760742188 1.0897885859012604 38.048458099365234 -1.5847568318592629 0.21442262828350067
Truck -1 -1 -2.38 800.7234497070312 63.55073547363281 1151.456298828125 305.8578796386719 3.3896288871765137 2.4670393466949463 7.212919235229492 3.278042793273926 1.7560925483703613 4.224281311035156 -1.7221137871415513 0.20786282420158386
Car -1 -1 -1.11 303.8652038574219 185.7595672607422 414.0249938964844 242.07472229003906 1.4725486040115356 1.6447100639343262 3.8634045124053955 -7.665835857391357 1.4790383577346802 21.827455520629883 -1.4437214409257795 0.20689375698566437
Car -1 -1 1.72 720.9943237304688 176.79629516601562 1139.6683349609375 364.1339416503906 1.797833800315857 1.5428847074508667 3.880892038345337 1.4824460744857788 1.6927295923233032 2.829364776611328 2.1992952169232582 0.20657925307750702
Car -1 -1 0.04 140.88058471679688 178.318115234375 286.6207580566406 236.05819702148438 1.5960948467254639 1.667181134223938 4.135148525238037 -13.324665069580078 1.408119261264801 24.78111457824707 -0.45549137061066736 0.19173350930213928
Truck -1 -1 0.94 728.9876098632812 124.9632568359375 1181.36328125 370.0837097167969 3.2965075969696045 2.405637502670288 6.6826558113098145 2.6083593368530273 2.0386999249458313 5.155674457550049 1.4101385689669996 0.18942449986934662
Van -1 -1 1.09 707.210693359375 86.74214935302734 1225.1361083984375 375.2245101928711 1.7184468507766724 1.741590976715088 5.242449760437012 1.9833743572235107 1.3517878353595734 4.575603008270264 1.4941737368353172 0.18734775483608246
Car -1 -1 -1.13 159.29269409179688 179.207763671875 282.5107116699219 228.86289978027344 1.5175466537475586 1.6111863851547241 3.902980089187622 -13.164700508117676 1.3485054969787598 25.173622131347656 -1.6108677222352243 0.18639475107192993
Car -1 -1 -2.57 88.30762481689453 180.41607666015625 258.2720718383789 254.9251251220703 1.604325532913208 1.619477391242981 3.8095266819000244 -9.942293167114258 1.4340991973876953 16.051897048950195 -3.1270842692903056 0.18451008200645447
Van -1 -1 0.61 743.7442016601562 111.4912338256836 1134.7159423828125 366.2679672241211 1.8579411506652832 1.7425116300582886 5.032991886138916 1.7739602327346802 1.3583343625068665 3.387747049331665 1.0933879549759915 0.18449553847312927
Car -1 -1 0.82 677.2919311523438 112.16341400146484 1221.59716796875 409.7500228881836 1.3352423906326294 1.7406977415084839 4.5196099281311035 2.0407447814941406 1.5287275314331055 5.0831298828125 1.2060550015012517 0.1821509152650833
Car -1 -1 0.61 721.839111328125 149.1477813720703 1187.686767578125 401.3317565917969 1.3682730197906494 1.7366974353790283 4.861771583557129 2.058871030807495 1.4033146500587463 4.036623477935791 1.080168816078757 0.18025361001491547
Car -1 -1 -1.34 435.816162109375 174.76185607910156 492.3807373046875 212.06199645996094 1.4475511312484741 1.648607850074768 4.0765461921691895 -6.061291217803955 1.1914235055446625 31.699493408203125 -1.5253150352499238 0.15932461619377136
Car -1 -1 1.0 964.3533325195312 171.7402801513672 1275.6436767578125 405.5040283203125 1.5269922018051147 1.791007399559021 5.206724166870117 2.3891968727111816 1.4357165098190308 3.512990951538086 1.5922674476520493 0.15813015401363373
Car -1 -1 -2.51 1210.326171875 328.36114501953125 1237.7918701171875 379.7808837890625 1.3225433826446533 1.4627996683120728 3.4936115741729736 3.057067632675171 1.5241128206253052 2.3820369243621826 -1.6019558495960062 0.11741837859153748
Car -1 -1 2.16 15.719239234924316 177.84449768066406 181.309983253479 281.294677734375 1.3741134405136108 1.5741249322891235 3.9549174308776855 -11.233047485351562 1.442039966583252 15.038752555847168 1.5164772912947813 0.1123126745223999