Car -1 -1 1.91 199.76087951660156 193.09703063964844 451.726806640625 363.29461669921875 1.4608819484710693 1.5630987882614136 3.581299304962158 -2.978773355484009 1.710669755935669 8.279582023620605 1.5679234234668638 0.8927932381629944
Car -1 -1 -1.86 762.0337524414062 175.44346618652344 948.4144287109375 309.3802185058594 1.6805278062820435 1.5881026983261108 3.4402196407318115 3.385218381881714 1.7042461037635803 10.649927139282227 -1.5490057882229795 0.8816804885864258
Car -1 -1 -2.17 904.9244995117188 206.04261779785156 1241.800537109375 374.740478515625 1.3756422996520996 1.5730239152908325 3.884370803833008 3.717864990234375 1.6602806448936462 5.230795383453369 -1.5482299747872075 0.8530657291412354
Car -1 -1 -1.7 692.6544189453125 180.62416076660156 761.5505981445312 231.83641052246094 1.4659814834594727 1.5741530656814575 3.8069519996643066 3.5284368991851807 1.7428723573684692 22.5209903717041 -1.541662201241941 0.8411067724227905
Car -1 -1 -1.75 721.2365112304688 177.75006103515625 827.3665161132812 254.2974090576172 1.6346416473388672 1.5524927377700806 3.3508901596069336 3.649550676345825 1.7458728551864624 16.67416000366211 -1.530525596629162 0.827042818069458
Van -1 -1 0.97 464.2040100097656 164.80471801757812 555.5689697265625 243.66978454589844 2.0358619689941406 1.8221627473831177 4.35766077041626 -2.6605007648468018 1.7971511483192444 19.985347747802734 0.8356416807047617 0.8172639012336731
Car -1 -1 2.45 2.306208610534668 215.43643188476562 204.67666149139404 375.4859619140625 1.514037013053894 1.5946253538131714 3.7700514793395996 -3.1705918312072754 1.7648065686225891 2.339928388595581 1.5145834609177111 0.8033321499824524
Car -1 -1 1.65 552.3428344726562 178.17445373535156 585.6969604492188 205.960205078125 1.4492535591125488 1.643872857093811 4.167366981506348 -2.303269624710083 1.8062487840652466 41.39372634887695 1.5930904807170148 0.782507061958313
Car -1 -1 -1.76 719.6710205078125 175.8184356689453 850.182373046875 261.30975341796875 1.6099377870559692 1.6273976564407349 4.087504863739014 3.5594093799591064 1.7165426015853882 15.704039573669434 -1.5407471018387842 0.7435987591743469
Car -1 -1 1.76 465.6377868652344 165.83213806152344 556.776123046875 243.6700439453125 1.9494668245315552 1.710982084274292 4.282232284545898 -2.521951675415039 1.7509289979934692 19.266172409057617 1.6256658553317465 0.6915283799171448
Car -1 -1 -1.67 677.480224609375 178.113525390625 718.8352661132812 214.187744140625 1.5334841012954712 1.5622316598892212 3.844146728515625 3.9395394325256348 1.8021822571754456 32.9255256652832 -1.5462466849850234 0.5935083031654358
Car -1 -1 -1.66 662.0443115234375 176.71630859375 697.5722045898438 206.83692932128906 1.5387827157974243 1.585736870765686 3.880462408065796 3.766587972640991 1.802940547466278 38.925880432128906 -1.5631871874288157 0.5110269784927368
Car -1 -1 -1.62 666.5510864257812 177.2764434814453 708.7037353515625 209.5921173095703 1.4537315368652344 1.4976619482040405 3.599925994873047 3.7255356311798096 1.8102647066116333 37.44268035888672 -1.5232690957694608 0.46401721239089966
Car -1 -1 2.32 679.8926391601562 180.07322692871094 727.9735717773438 216.5683135986328 1.4614089727401733 1.5823255777359009 3.7598929405212402 4.054874897003174 1.7921037077903748 31.551660537719727 2.447275596155823 0.4309441149234772
Car -1 -1 -1.53 682.9660034179688 179.2802734375 746.33984375 228.4983367919922 1.4818449020385742 1.5865168571472168 3.8935554027557373 3.434009313583374 1.6976750493049622 22.41904640197754 -1.3736621260869057 0.394162654876709
Car -1 -1 -1.76 734.477294921875 179.74261474609375 886.7731323242188 274.9055480957031 1.4684125185012817 1.6079288721084595 3.7190961837768555 3.711982488632202 1.730476200580597 15.820021629333496 -1.528812454876359 0.3852129280567169
Car -1 -1 1.4 672.2021484375 178.6485595703125 715.7808227539062 211.1866455078125 1.4946130514144897 1.5677831172943115 3.7775840759277344 4.152389049530029 1.8151479363441467 34.96350860595703 1.513812130539927 0.3723083436489105
Car -1 -1 2.01 683.785888671875 180.53526306152344 735.3466186523438 219.3408966064453 1.4434423446655273 1.6043813228607178 3.837702989578247 3.9255595207214355 1.7523812055587769 29.41248321533203 2.1445629174822045 0.3693222999572754
Car -1 -1 -1.72 749.5411376953125 177.85528564453125 927.7406005859375 292.531005859375 1.5657570362091064 1.6225312948226929 3.6087260246276855 3.2700109481811523 1.6362558007240295 11.381309509277344 -1.4443684413200053 0.3350517749786377
Car -1 -1 -1.66 744.5864868164062 184.17189025878906 870.4366455078125 261.2574157714844 1.454289197921753 1.6088818311691284 3.5929393768310547 4.017241954803467 1.7213968634605408 16.16093635559082 -1.4145085723402238 0.28875675797462463
Car -1 -1 -1.72 715.7891845703125 180.9022674560547 809.2588500976562 250.21112060546875 1.4471877813339233 1.5612678527832031 3.752836227416992 3.689608097076416 1.7022642493247986 18.1726016998291 -1.5213968334794732 0.28777948021888733
Pedestrian -1 -1 2.39 733.8082275390625 182.35061645507812 825.7109375 268.8921813964844 1.6494319438934326 0.6013142466545105 0.7684147953987122 2.9270315170288086 1.7312966585159302 12.396395683288574 2.6191891431659444 0.270475298166275
Car -1 -1 -1.72 733.8082275390625 182.35061645507812 825.7109375 268.8921813964844 1.4980098009109497 1.5978422164916992 3.899415969848633 3.765716791152954 1.8229053616523743 16.620758056640625 -1.4955762188814203 0.2594551742076874
Car -1 -1 2.46 25.050683975219727 185.89913940429688 232.53818702697754 359.5452880859375 1.5104669332504272 1.652997374534607 4.173114776611328 -3.0047554969787598 1.4122994542121887 2.3919849395751953 1.5620038707055741 0.2544618546962738
Car -1 -1 1.98 696.1797485351562 183.05429077148438 777.4640502929688 238.0057830810547 1.4765856266021729 1.5673269033432007 3.7700717449188232 3.638861656188965 1.8206658363342285 22.84335708618164 2.141587735818142 0.24079014360904694
Car -1 -1 2.44 669.145751953125 181.6509246826172 707.1480102539062 212.2824249267578 1.4581990242004395 1.6011695861816406 3.8600096702575684 3.8220059871673584 1.8872278928756714 35.6329231262207 2.550816017033812 0.2179417908191681
Car -1 -1 -1.76 732.1160888671875 183.3896484375 849.3901977539062 272.87176513671875 1.4326488971710205 1.629425048828125 3.7364590167999268 3.8001201152801514 1.7857528924942017 15.331741333007812 -1.519744253622589 0.2155601978302002
Car -1 -1 -1.53 656.9681396484375 178.46083068847656 692.7322998046875 207.29847717285156 1.57184636592865 1.5075112581253052 3.5059967041015625 3.714747905731201 1.8543192744255066 39.63508987426758 -1.4361923911443837 0.1977628767490387
Cyclist -1 -1 -1.89 725.7326049804688 179.97018432617188 832.6571655273438 261.83782958984375 1.7377030849456787 0.5578855276107788 1.7488609552383423 3.0636072158813477 1.7127445936203003 13.2545166015625 -1.6626179225103748 0.19748333096504211
Car -1 -1 -1.63 665.5868530273438 175.57054138183594 704.2145385742188 204.99806213378906 1.49003267288208 1.604878306388855 4.108712673187256 3.905904769897461 1.6617733240127563 39.94585037231445 -1.5292708188983468 0.184917151927948
Pedestrian -1 -1 -1.45 1205.73046875 193.193115234375 1237.8740234375 357.4128723144531 1.6331324577331543 0.6455264091491699 0.6043332815170288 5.792172431945801 1.7531455159187317 6.314854621887207 -0.7043771138822263 0.1831560730934143
Pedestrian -1 -1 2.28 677.480224609375 178.113525390625 718.8352661132812 214.187744140625 1.8177083730697632 0.6425747871398926 0.7882319688796997 3.292410135269165 1.712840497493744 26.35251235961914 2.4090521702114156 0.1828116625547409
Car -1 -1 1.7 682.8074951171875 177.5032958984375 729.99609375 212.17503356933594 1.4290423393249512 1.596221685409546 3.826885461807251 4.297964572906494 1.6951678395271301 33.57194900512695 1.829501060127133 0.1808139532804489
Car -1 -1 2.2 682.4219970703125 184.458251953125 728.3974609375 223.1603240966797 1.347731113433838 1.5468401908874512 3.7286806106567383 3.949070453643799 1.8922617435455322 31.211135864257812 2.32149260366388 0.17766745388507843
Pedestrian -1 -1 -1.07 1172.0863037109375 195.34988403320312 1242.777587890625 357.3912353515625 1.5708613395690918 0.5810889601707458 0.5883232355117798 6.008606433868408 1.7807822227478027 6.76106595993042 -0.34826614664706357 0.17385683953762054
Car -1 -1 -1.77 688.370361328125 176.84698486328125 749.869140625 223.0821990966797 1.4932509660720825 1.5879548788070679 3.6585559844970703 3.7243072986602783 1.677832007408142 24.590085983276367 -1.6225045255283908 0.16395767033100128