Car -1 -1 1.72 625.14453125 183.50819396972656 677.8261108398438 221.3293914794922 1.5456714630126953 1.6603227853775024 4.336996078491211 1.937988042831421 2.0468525886535645 32.72759246826172 1.7836954829382083 0.872810423374176
Car -1 -1 1.45 769.7803344726562 181.80459594726562 807.9974365234375 211.43527221679688 1.5775136947631836 1.660534381866455 4.010382175445557 9.787789344787598 2.0392558574676514 39.36799240112305 1.694936866858848 0.8239399790763855
Car -1 -1 -1.69 803.1384887695312 181.1024627685547 946.8108520507812 312.8061218261719 1.6863442659378052 1.5736056566238403 3.227499485015869 3.8757171630859375 1.8163633942604065 10.931575775146484 -1.3460705758984348 0.8193073868751526
Car -1 -1 1.69 676.3975219726562 182.8313751220703 709.624755859375 207.41847229003906 1.4869378805160522 1.6797864437103271 4.053858280181885 5.47277307510376 2.161287844181061 47.264808654785156 1.8038002321182205 0.8061472773551941
Car -1 -1 -1.74 820.8467407226562 204.73516845703125 1032.23681640625 366.2143859863281 1.4514187574386597 1.5818076133728027 3.5119030475616455 3.309603452682495 1.7278890013694763 8.171915054321289 -1.3586516984040573 0.7663614153862
Car -1 -1 -1.66 799.9228515625 178.81289672851562 982.15771484375 333.1647033691406 1.6767847537994385 1.5512638092041016 3.294999122619629 3.611006259918213 1.7583720684051514 10.036170959472656 -1.3107162191895672 0.6748923659324646
Car -1 -1 -1.33 807.7698364257812 183.54769897460938 1013.9494018554688 355.9280090332031 1.610210657119751 1.558763027191162 3.4061946868896484 3.4129655361175537 1.7474502325057983 9.425317764282227 -0.9779663985171876 0.6422148942947388
Car -1 -1 -1.62 804.0005493164062 180.31048583984375 926.5028686523438 295.8334655761719 1.5194227695465088 1.5891242027282715 3.511462450027466 4.067591667175293 1.757936954498291 11.828998565673828 -1.289226187365391 0.3539654314517975
Car -1 -1 -2.73 1064.670654296875 222.04876708984375 1241.7933349609375 373.598876953125 1.510326862335205 1.6740094423294067 3.994055986404419 1.9412055015563965 1.327738642692566 0.8843737244606018 -1.582700302855935 0.34095457196235657
Car -1 -1 -2.7 1172.9742431640625 259.1482238769531 1243.8798828125 368.9154357910156 1.5591282844543457 1.5542010068893433 3.4421164989471436 1.2305628061294556 1.1242431998252869 0.6801762580871582 -1.635575782227976 0.33435148000717163
Car -1 -1 -2.71 1136.639404296875 260.3066101074219 1242.718017578125 368.35687255859375 1.5726711750030518 1.5705764293670654 3.6188251972198486 1.61367928981781 1.2456518113613129 0.917522132396698 -1.660969797346521 0.30955982208251953
Car -1 -1 -2.73 1109.160888671875 215.262939453125 1242.165283203125 379.1078796386719 1.5269873142242432 1.6728917360305786 3.980013608932495 1.717065453529358 1.263482928276062 0.7429746985435486 -1.5708743393222457 0.3092353343963623
Car -1 -1 -2.69 1181.8551025390625 217.5074462890625 1243.6322021484375 374.6214294433594 1.5344997644424438 1.5940245389938354 3.7359437942504883 1.6080938577651978 1.1831409931182861 0.7014148235321045 -1.533171019755037 0.2876538038253784
Car -1 -1 -2.7 1191.4974365234375 240.03067016601562 1242.9287109375 375.1356506347656 1.5359618663787842 1.5834579467773438 3.6143734455108643 1.2706046104431152 1.102792888879776 0.5979897975921631 -1.5680649163867315 0.2770041525363922
Car -1 -1 -2.73 1100.9512939453125 245.07313537597656 1240.5625 374.3633117675781 1.4312689304351807 1.6574093103408813 3.92470645904541 1.5177043676376343 1.1764340102672577 0.7492411136627197 -1.6176226197182295 0.2737472951412201
Car -1 -1 -2.73 1148.9984130859375 236.84693908691406 1245.9923095703125 371.8464660644531 1.5209252834320068 1.6157760620117188 3.837038278579712 1.474705696105957 1.1581830084323883 0.6264868974685669 -1.5617644603479865 0.267713725566864
Pedestrian -1 -1 2.97 817.0848388671875 181.1169891357422 1028.3604736328125 368.963134765625 1.6663954257965088 0.5941903591156006 0.7823989987373352 2.6972455978393555 1.6570338606834412 6.476858139038086 -2.915539933558656 0.25532588362693787
Car -1 -1 -2.71 1039.2158203125 232.177978515625 1226.4720458984375 369.6137390136719 1.4482033252716064 1.6590044498443604 3.888076066970825 2.0621120929718018 1.3639532923698425 1.019796371459961 -1.6018403534308483 0.25471484661102295
Pedestrian -1 -1 2.09 800.5261840820312 177.42636108398438 978.083984375 326.6912841796875 1.7476489543914795 0.6428696513175964 0.7642357349395752 2.8967525959014893 1.712652862071991 7.991666793823242 2.4342119463020806 0.24942995607852936
Car -1 -1 -2.33 793.2988891601562 191.52175903320312 893.9270629882812 274.1847839355469 1.4470419883728027 1.5642750263214111 3.2610208988189697 4.9847259521484375 1.8937501907348633 15.721668243408203 -2.0212484767231 0.24910803139209747
Car -1 -1 -2.64 1203.9970703125 236.15248107910156 1241.6015625 377.0388488769531 1.5592858791351318 1.5772252082824707 3.4226558208465576 0.8720628619194031 0.995281994342804 0.4515646994113922 -1.5508042377291318 0.2422519028186798
Car -1 -1 -2.72 1135.7564697265625 223.93826293945312 1241.8106689453125 381.6940612792969 1.4765207767486572 1.6446919441223145 3.944620132446289 1.2900803089141846 1.1188338100910187 0.5595189929008484 -1.5616054150501677 0.2380465716123581
Cyclist -1 -1 -1.97 818.5126342773438 182.1017608642578 1008.32080078125 359.1783142089844 1.7647932767868042 0.597418487071991 1.6960583925247192 2.861912250518799 1.7587018013000488 7.364142894744873 -1.602387435811723 0.22349146008491516
Car -1 -1 -2.72 1155.6051025390625 275.91387939453125 1241.2421875 370.4421081542969 1.5158671140670776 1.6100401878356934 3.722015142440796 1.6889134645462036 1.2355234920978546 0.9400644898414612 -1.6551506479896325 0.22016938030719757
Car -1 -1 -1.61 803.4251708984375 186.24124145507812 909.3600463867188 279.09185791015625 1.4684919118881226 1.5658024549484253 3.358830690383911 4.717721462249756 1.8167330622673035 14.662343978881836 -1.2948664851556178 0.21323159337043762
Car -1 -1 -1.67 824.0772094726562 188.45175170898438 997.6841430664062 330.44036865234375 1.4838931560516357 1.5916653871536255 3.5360426902770996 3.5909759998321533 1.699165403842926 9.154057502746582 -1.2996140969485728 0.21160630881786346
Pedestrian -1 -1 2.31 810.1088256835938 186.9732208251953 992.9326171875 350.9450988769531 1.6859432458877563 0.5968292951583862 0.7635815143585205 3.14542818069458 1.8033587336540222 8.23443603515625 2.6783108181451363 0.21130797266960144
Cyclist -1 -1 -2.03 803.9631958007812 180.56631469726562 974.9028930664062 327.2166442871094 1.6912808418273926 0.5838001370429993 1.6574342250823975 3.1744205951690674 1.7205608487129211 8.694672584533691 -1.679639366253797 0.20995663106441498
Car -1 -1 -2.82 1087.9783935546875 200.8973388671875 1238.26513671875 385.776123046875 1.6198631525039673 1.6125677824020386 3.9192512035369873 1.7369526624679565 1.375831961631775 0.6891704797744751 -1.6304421993273088 0.20090347528457642
Car -1 -1 -1.67 804.4064331054688 193.9571075439453 905.3436279296875 297.6423645019531 1.4580787420272827 1.5696290731430054 3.4297916889190674 3.737673759460449 1.6994481682777405 10.868786811828613 -1.3429347071403388 0.19852998852729797
Car -1 -1 -2.71 1168.506103515625 222.90000915527344 1242.3353271484375 383.35650634765625 1.4987558126449585 1.6311439275741577 3.899883985519409 1.200615644454956 1.0997437834739685 0.5280519127845764 -1.5533037293212182 0.19824902713298798
Car -1 -1 -2.57 1199.4388427734375 289.7615966796875 1243.751220703125 365.0424499511719 1.255774736404419 1.5053932666778564 3.2105801105499268 0.48748311400413513 0.7640446573495865 0.33329111337661743 -1.598751410981869 0.19761423766613007
Truck -1 -1 -0.9 467.51336669921875 19.170011520385742 574.6663208007812 78.79205894470215 2.6383302211761475 2.461916923522949 8.563048362731934 -6.0300612449646 -5.485053181648254 40.532020568847656 -1.0456388268695465 0.1950545310974121
Van -1 -1 -1.63 804.1881713867188 177.53468322753906 956.510986328125 318.7273254394531 1.938410758972168 1.674691081047058 4.277653694152832 4.035651683807373 1.9947082996368408 11.112101554870605 -1.278293793098415 0.19431526958942413
Car -1 -1 -2.57 1205.495361328125 306.5649108886719 1241.909423828125 370.6172790527344 1.266366958618164 1.4883242845535278 3.131150722503662 0.2756126821041107 0.7140649855136871 0.199566051363945 -1.621752222762673 0.19196343421936035
Car -1 -1 -2.62 1186.7066650390625 296.99298095703125 1233.568115234375 369.6086120605469 1.5413674116134644 1.6601923704147339 3.503779888153076 0.14951419830322266 0.8196232430636883 0.10000000149011612 -1.6394536923005258 0.19055218994617462
Car -1 -1 -2.65 1193.4903564453125 209.08506774902344 1239.6949462890625 377.24493408203125 1.5923055410385132 1.6051870584487915 3.587932825088501 1.542924404144287 1.1756259202957153 0.6965972185134888 -1.5039704688275712 0.18869951367378235
Car -1 -1 -2.56 1196.9417724609375 301.1324462890625 1239.49658203125 366.0957946777344 1.2742505073547363 1.5216814279556274 3.2701869010925293 0.19829978048801422 0.6965365260839462 0.14664961397647858 -1.623064280660004 0.1886119544506073
Car -1 -1 -2.73 1177.628662109375 197.93724060058594 1239.0911865234375 383.3763122558594 1.5485278367996216 1.6586575508117676 3.9762089252471924 1.7829607725143433 1.2748920917510986 0.6993024945259094 -1.5341497865855729 0.18500080704689026
Truck -1 -1 -0.73 470.979736328125 16.413103103637695 568.2199096679688 69.88143348693848 2.585425615310669 2.4095466136932373 8.90201473236084 -6.443826675415039 -6.394340872764587 44.12748718261719 -0.8713306239961378 0.18470358848571777
Car -1 -1 -2.6 1201.9400634765625 307.6172180175781 1235.8988037109375 369.7047119140625 1.551649570465088 1.5738894939422607 3.348836660385132 0.13659334182739258 0.8203785829246044 0.10000000149011612 -1.6585185230920585 0.18460330367088318
Car -1 -1 -2.6 1215.69970703125 308.31365966796875 1242.212158203125 368.3743591308594 1.5512008666992188 1.502132773399353 3.297719955444336 0.19493556022644043 0.8384078145027161 0.14353767037391663 -1.6650018030224176 0.1806945502758026
Car -1 -1 -2.62 1193.7803955078125 307.7015380859375 1230.9937744140625 369.3245544433594 1.5549906492233276 1.5922449827194214 3.3766608238220215 0.13563387095928192 0.8221106827259064 0.10000000149011612 -1.6795335171401566 0.1785714030265808
Car -1 -1 -2.64 1179.81005859375 283.41510009765625 1236.2576904296875 369.9110107421875 1.5604292154312134 1.7006536722183228 3.5828394889831543 0.16135762631893158 0.8328422419726849 0.10000000149011612 -1.623316442108031 0.1762131154537201
Car -1 -1 -2.64 1204.1644287109375 263.6019287109375 1238.759765625 381.1836853027344 1.550320029258728 1.5800659656524658 3.471834897994995 1.0938993692398071 1.0516496300697327 0.5694400668144226 -1.5445408494414732 0.17568540573120117
Car -1 -1 -2.68 1183.840576171875 262.8343811035156 1236.217041015625 372.17913818359375 1.5303850173950195 1.6103028059005737 3.7768614292144775 1.354561686515808 1.1677487194538116 0.7889416813850403 -1.6373604333035665 0.17493045330047607
Car -1 -1 -2.73 1052.9053955078125 251.1186065673828 1237.9298095703125 375.0775451660156 1.5047082901000977 1.550261378288269 3.7295048236846924 1.728438377380371 1.3290171027183533 0.9270427823066711 -1.651360823455672 0.17489753663539886
Car -1 -1 -2.69 1121.6539306640625 258.1020202636719 1237.2835693359375 383.09942626953125 1.4117577075958252 1.6024644374847412 3.83793044090271 1.4423911571502686 1.1744979918003082 0.7145650386810303 -1.5815995096812632 0.1737862229347229
Car -1 -1 -2.7 1192.58642578125 275.4455871582031 1240.7584228515625 373.1806945800781 1.496511459350586 1.5650136470794678 3.469695806503296 1.8285878896713257 1.2492806911468506 1.0331212282180786 -1.6478055948101744 0.17035694420337677
Car -1 -1 -2.65 1170.845947265625 297.6251220703125 1222.8016357421875 368.1528015136719 1.5621901750564575 1.6682274341583252 3.471301794052124 0.14684037864208221 0.8297676742076874 0.10000000149011612 -1.6768875541319108 0.16708821058273315
Car -1 -1 -2.73 1169.7130126953125 279.7841796875 1240.8455810546875 377.949462890625 1.5069795846939087 1.5631691217422485 3.6444499492645264 1.5452959537506104 1.1965512335300446 0.8165711164474487 -1.641644933152433 0.16518831253051758
Car -1 -1 -2.63 1176.7325439453125 290.7454833984375 1229.9796142578125 365.5539855957031 1.5493470430374146 1.6766899824142456 3.5675196647644043 0.14761541783809662 0.8224617056548595 0.10000000149011612 -1.6510209578910446 0.16410832107067108
Car -1 -1 -2.69 1105.828369140625 264.74090576171875 1230.119873046875 370.3851623535156 1.3991502523422241 1.662488579750061 3.933196783065796 2.0593745708465576 1.3155040740966797 1.2289565801620483 -1.659903667976801 0.15972620248794556
Car -1 -1 -2.73 1129.80126953125 277.3980407714844 1240.50341796875 380.5238342285156 1.488069772720337 1.6008245944976807 3.825289487838745 1.8532719612121582 1.2925379276275635 1.013088345527649 -1.6561749624596542 0.15476912260055542
Car -1 -1 -2.57 1190.0948486328125 283.18060302734375 1240.429443359375 359.3387145996094 1.253205418586731 1.5497437715530396 3.374159812927246 0.5631484389305115 0.7869902104139328 0.3940727710723877 -1.6090985908049378 0.1543152928352356
Car -1 -1 -2.69 1142.47119140625 239.36642456054688 1233.3021240234375 392.1811218261719 1.4321765899658203 1.6236199140548706 3.929469347000122 1.4233728647232056 1.162986934185028 0.6108084917068481 -1.5246714897871865 0.15284617245197296
Car -1 -1 -2.63 1186.9248046875 308.0701599121094 1225.9769287109375 368.2734680175781 1.5584263801574707 1.5856393575668335 3.3503429889678955 0.24242638051509857 0.8592273890972137 0.17985393106937408 -1.6954826004715233 0.15108880400657654
Car -1 -1 -2.61 -0.051411181688308716 222.706787109375 48.95424982905388 353.99664306640625 1.7437139749526978 1.6445242166519165 4.131751537322998 -3.7879581451416016 1.703322947025299 2.739626884460449 2.7268102576645212 0.1458437442779541
Car -1 -1 -2.65 1160.6370849609375 284.7398376464844 1225.9400634765625 368.2554931640625 1.567466378211975 1.7181729078292847 3.575942039489746 0.15882153809070587 0.8363784961402416 0.10000000149011612 -1.6396733013586342 0.14295494556427002
Car -1 -1 -2.57 1178.242431640625 266.818359375 1241.568359375 357.08111572265625 1.279100775718689 1.5306073427200317 3.542719841003418 0.6774356365203857 0.8246298730373383 0.4413624405860901 -1.5717648351784321 0.14072659611701965
Car -1 -1 -2.51 1.1429083347320557 205.18795776367188 21.487228631973267 383.46826171875 1.593044400215149 1.6174589395523071 4.104190826416016 -4.811921119689941 1.7847888469696045 2.900796890258789 2.746096107261753 0.1371050924062729
Car -1 -1 -2.62 1180.5068359375 304.4479064941406 1227.277587890625 372.9413146972656 1.5887947082519531 1.6381356716156006 3.3688642978668213 0.14662809669971466 0.8440527208149433 0.10000000149011612 -1.6526934235837478 0.13695484399795532
Car -1 -1 -2.58 1167.7230224609375 274.88134765625 1236.9638671875 362.9525451660156 1.267125129699707 1.5419750213623047 3.445598602294922 0.3738757371902466 0.7442520335316658 0.24892869591712952 -1.5962716926426088 0.13655401766300201
Car -1 -1 -2.56 1208.80322265625 227.6772003173828 1243.8145751953125 366.9898986816406 1.5734249353408813 1.590842843055725 3.449063539505005 0.8487967848777771 0.9899715930223465 0.49456608295440674 -1.5193725857290952 0.1356896460056305
Car -1 -1 -2.64 1149.7623291015625 268.1101379394531 1225.029296875 368.0433654785156 1.5701141357421875 1.6907248497009277 3.5355119705200195 0.1711069643497467 0.8398024514317513 0.10000000149011612 -1.5962458112908582 0.13412068784236908
Car -1 -1 -2.62 1221.4765625 309.4299621582031 1244.076904296875 367.1093444824219 1.5597355365753174 1.4822804927825928 3.3139562606811523 0.6080394387245178 0.9755627363920212 0.45509669184684753 -1.6893011755613685 0.13356062769889832
Car -1 -1 -2.57 1212.36767578125 313.3943786621094 1242.37548828125 374.3269958496094 1.2662047147750854 1.5013827085494995 3.035524368286133 0.6058210730552673 0.8091869801282883 0.4431059658527374 -1.6322551903447629 0.13326606154441833
Car -1 -1 -2.56 1179.7777099609375 247.9046173095703 1244.11474609375 353.08734130859375 1.3291845321655273 1.4977763891220093 3.44460129737854 1.7392812967300415 1.1059001088142395 1.0858001708984375 -1.5436258528936158 0.13239441812038422
Car -1 -1 -2.54 1207.0975341796875 284.897216796875 1245.32421875 358.94158935546875 1.2772886753082275 1.501423954963684 3.157696008682251 1.1735429763793945 0.9471112787723541 0.8224109411239624 -1.582717711374837 0.13152164220809937
Car -1 -1 -2.74 1092.591064453125 263.14349365234375 1240.4600830078125 392.457763671875 1.4714325666427612 1.5730665922164917 3.865222930908203 1.8299766778945923 1.3117077946662903 0.9157904982566833 -1.6288184120703972 0.13072648644447327
Car -1 -1 -2.54 1211.4593505859375 302.14874267578125 1244.2203369140625 365.11871337890625 1.3026942014694214 1.4939042329788208 3.045116424560547 0.5833982229232788 0.8128621280193329 0.4289666712284088 -1.6050377962143063 0.1286017894744873
Car -1 -1 -2.73 1144.983154296875 267.05389404296875 1241.52587890625 387.6534423828125 1.492510199546814 1.5718750953674316 3.864285945892334 1.5106950998306274 1.1868248879909515 0.698080837726593 -1.5925766268859114 0.12717515230178833
Car -1 -1 -2.64 1177.9840087890625 302.01580810546875 1221.526123046875 363.9980163574219 1.5620408058166504 1.6437854766845703 3.4702823162078857 0.4823426604270935 0.9380273222923279 0.3572828769683838 -1.7113498888233725 0.12390342354774475
Car -1 -1 -2.57 1205.283447265625 318.99853515625 1237.1151123046875 374.55230712890625 1.224158525466919 1.450148582458496 3.2217085361480713 0.7179917693138123 0.8325434625148773 0.550926148891449 -1.6555374638981348 0.12011999636888504
Car -1 -1 -2.63 1140.5697021484375 278.6335754394531 1214.169189453125 372.1562194824219 1.6029553413391113 1.6880624294281006 3.536754846572876 0.16823486983776093 0.857587855309248 0.10000000149011612 -1.5965414660236945 0.1132531687617302
Car -1 -1 -2.62 1138.978515625 258.23529052734375 1218.093994140625 359.7798767089844 1.551016092300415 1.6485151052474976 3.5366382598876953 0.4445963501930237 0.915359616279602 0.2715182304382324 -1.59409886660608 0.11323995888233185
Car -1 -1 -2.59 1152.431884765625 248.38571166992188 1235.20068359375 353.864990234375 1.336242437362671 1.5286865234375 3.6474802494049072 1.6802431344985962 1.135750412940979 1.1076781749725342 -1.5997626331592905 0.11284638196229935
Car -1 -1 -2.62 1128.0374755859375 268.8193664550781 1208.667236328125 364.60089111328125 1.5601930618286133 1.6818747520446777 3.514040470123291 0.16302083432674408 0.8335794508457184 0.10000000149011612 -1.5994313545504726 0.11186859756708145
Car -1 -1 -2.6 1207.449951171875 297.11102294921875 1240.51806640625 360.50787353515625 1.5714081525802612 1.5352003574371338 3.423865795135498 0.3613366484642029 0.8995261266827583 0.26805150508880615 -1.6632333498060339 0.11106014996767044
Car -1 -1 -2.65 1212.4903564453125 285.8596496582031 1246.8504638671875 367.23797607421875 1.5500462055206299 1.5827561616897583 3.470391035079956 0.15732073783874512 0.8250037841498852 0.10000000149011612 -1.6450862151554713 0.1109393909573555
Car -1 -1 -2.67 1155.2022705078125 297.53570556640625 1210.020751953125 366.5081481933594 1.5678454637527466 1.6436294317245483 3.4404637813568115 0.1439836323261261 0.8318312242627144 0.10000000149011612 -1.7078744727788022 0.10926691442728043
Car -1 -1 -2.58 1113.9359130859375 257.83984375 1202.1353759765625 357.7843017578125 1.5385507345199585 1.6420420408248901 3.5358803272247314 0.6348649263381958 0.9746898859739304 0.41224855184555054 -1.5858409598866157 0.10173303633928299
Car -1 -1 -2.65 1208.450927734375 301.6668701171875 1243.1658935546875 379.0819396972656 1.613507628440857 1.5840531587600708 3.4537410736083984 0.16337160766124725 0.8605979979038239 0.10000000149011612 -1.6299364133739278 0.09891854971647263
Car -1 -1 -0.36 11.778960227966309 19.40460968017578 103.79623317718506 83.1521987915039 1.6655497550964355 1.8286844491958618 4.743896961212158 -33.036739349365234 -5.3218982219696045 38.893497467041016 -1.0621413614402027 0.09467774629592896