Car -1 -1 -1.7 700.4031982421875 166.1926727294922 792.5440063476562 246.55496215820312 1.7516814470291138 1.6754056215286255 3.9788384437561035 3.161888599395752 1.570786714553833 17.16616439819336 -1.5183791710791699 0.9041910767555237
Car -1 -1 1.76 468.6806640625 164.0111846923828 566.1884765625 243.47439575195312 1.7551206350326538 1.6545255184173584 3.9613635540008545 -2.234015941619873 1.5663139820098877 18.11958885192871 1.6386949075899686 0.8966540694236755
Car -1 -1 -2.73 219.74354553222656 173.5265350341797 437.3718566894531 250.10443115234375 1.4841409921646118 1.6527231931686401 4.473540782928467 -5.831149578094482 1.5822871327400208 15.550009727478027 -3.0933312350703526 0.8378676772117615
Car -1 -1 1.69 539.1266479492188 172.24554443359375 596.532470703125 218.42262268066406 1.450677752494812 1.571982979774475 3.667982339859009 -1.4624667167663574 1.460764229297638 25.49125099182129 1.6324731280412772 0.8315079212188721
Car -1 -1 1.11 602.9583129882812 168.84156799316406 645.6287841796875 192.2229766845703 1.484354019165039 1.6618386507034302 3.61954927444458 0.8682007193565369 1.2511265277862549 46.56051254272461 1.1248415558879126 0.761181652545929
Car -1 -1 1.74 561.7195434570312 168.2082977294922 614.0555419921875 204.96070861816406 1.56989586353302 1.6183878183364868 4.053577423095703 -0.984546422958374 1.3935129046440125 34.01148223876953 1.715268606804635 0.7256811857223511
Car -1 -1 1.71 546.7556762695312 172.01602172851562 599.92529296875 214.20394897460938 1.489807367324829 1.5561766624450684 3.4897706508636475 -1.3853446245193481 1.455234706401825 25.72123908996582 1.657539946507569 0.6086967587471008
Car -1 -1 1.71 555.3900146484375 169.6200408935547 608.57080078125 208.259033203125 1.5347909927368164 1.5662785768508911 3.8551228046417236 -1.0996770858764648 1.4556475281715393 31.547672271728516 1.6711387691669302 0.5840653777122498
Car -1 -1 1.74 570.243896484375 167.81719970703125 617.8622436523438 203.29266357421875 1.6087605953216553 1.6419258117675781 4.06947660446167 -0.8793188333511353 1.3933019638061523 35.97000503540039 1.718660440679015 0.4413033723831177
Car -1 -1 1.8 590.5621948242188 167.79661560058594 638.143798828125 194.38143920898438 1.5425288677215576 1.6475037336349487 3.9429543018341064 0.08940347284078598 1.3165146112442017 41.76248550415039 1.8050449406749607 0.2706841826438904
Car -1 -1 1.68 689.8555908203125 162.86631774902344 713.2359619140625 177.7708282470703 1.6185956001281738 1.7151036262512207 4.407188892364502 9.896485328674316 0.5777789056301117 78.05287170410156 1.8100958607294757 0.23549380898475647
Van -1 -1 -1.7 699.8602905273438 167.86770629882812 792.4447021484375 245.5621337890625 1.8595203161239624 1.689691424369812 4.150515556335449 3.265509843826294 1.695172905921936 17.78372573852539 -1.5139817019959967 0.2101445347070694
Car -1 -1 1.78 570.2078857421875 164.43812561035156 621.3504028320312 197.50096130371094 1.546238660812378 1.6334199905395508 4.039187431335449 -0.7964252829551697 1.246059387922287 34.5143928527832 1.7576885027829388 0.18577592074871063
Car -1 -1 -3.06 285.7932434082031 178.23886108398438 447.19464111328125 240.11294555664062 1.450971245765686 1.6664271354675293 4.461273193359375 -6.403711318969727 1.6167240738868713 18.87616539001465 2.9008296533189597 0.18186526000499725