Car -1 -1 1.81 419.6956481933594 184.87722778320312 509.67962646484375 245.82215881347656 1.5507595539093018 1.5927579402923584 3.882685661315918 -4.083780288696289 1.9224169254302979 20.57141876220703 1.6137645292599352 0.8925602436065674
Car -1 -1 -2.07 874.0810546875 191.46279907226562 1238.0029296875 373.7928161621094 1.449110746383667 1.58590829372406 3.900527000427246 3.489412307739258 1.6109248399734497 5.723069190979004 -1.5268776516630025 0.8841018676757812
Car -1 -1 1.86 337.8058776855469 186.91348266601562 468.326171875 272.4971923828125 1.5605876445770264 1.5703481435775757 3.544807195663452 -4.277796745300293 1.8911983966827393 15.358983993530273 1.5834380632937055 0.8778737187385559
Car -1 -1 -1.64 697.7015380859375 174.85145568847656 743.4422607421875 214.2977752685547 1.7250175476074219 1.7579805850982666 4.596812725067139 5.086552619934082 1.8170788288116455 33.61211013793945 -1.4866669628471731 0.8588414788246155
Car -1 -1 1.74 472.70660400390625 188.63597106933594 532.734619140625 232.82435607910156 1.431799054145813 1.5400891304016113 3.5935721397399902 -3.857239007949829 2.0283064246177673 26.1357364654541 1.5953848952955179 0.8573233485221863
Car -1 -1 1.74 500.3186340332031 184.8592529296875 551.3546142578125 222.86239624023438 1.4977022409439087 1.567318320274353 3.7871968746185303 -3.5912740230560303 2.06462424993515 31.18602180480957 1.6275228974733542 0.85679030418396
Car -1 -1 0.61 1.1745184659957886 190.67025756835938 162.95207583904266 251.97314453125 1.5678774118423462 1.6571500301361084 4.433185577392578 -15.630901336669922 2.1242557168006897 21.12620735168457 -0.029054005596381494 0.7907363176345825
Car -1 -1 1.75 583.5609130859375 180.54913330078125 613.845703125 201.68235778808594 1.4937429428100586 1.589731216430664 4.205740451812744 -0.8711024522781372 2.151241660118103 56.16535186767578 1.7389811770775072 0.7493922114372253
Car -1 -1 0.6 241.237548828125 180.7783660888672 337.3738098144531 218.95706176757812 1.5513396263122559 1.6490566730499268 4.056625843048096 -14.361303329467773 1.9781399965286255 32.29964828491211 0.1829290953310192 0.7153237462043762
Car -1 -1 1.72 627.6740112304688 178.4226837158203 649.0713500976562 192.47149658203125 1.4950745105743408 1.630242943763733 4.023492336273193 2.965782403945923 2.0947108268737793 77.54398345947266 1.7612472886744142 0.3247693181037903
Car -1 -1 1.75 482.2029113769531 186.92889404296875 540.1753540039062 227.6387939453125 1.436873435974121 1.539730191230774 3.6319994926452637 -3.7490155696868896 1.9382317066192627 26.876829147338867 1.6087428934957355 0.27231237292289734
Car -1 -1 1.75 492.9707946777344 188.0084228515625 545.6004638671875 226.45513916015625 1.464462399482727 1.5537182092666626 3.688936710357666 -3.737470865249634 2.1267109513282776 30.943384170532227 1.6302765714995235 0.23974549770355225
Car -1 -1 1.74 589.7850341796875 180.39952087402344 618.45703125 199.71240234375 1.5072312355041504 1.6073328256607056 4.067914962768555 -0.8822332620620728 2.1883013248443604 56.210121154785156 1.7207350234645586 0.2235385626554489
Car -1 -1 1.88 390.23291015625 185.61224365234375 498.9512634277344 255.030029296875 1.5430736541748047 1.5795522928237915 3.7936623096466064 -4.34004545211792 1.9106472730636597 20.64618682861328 1.6714373128242288 0.22174488008022308
Van -1 -1 0.6 -1.249457597732544 187.87261962890625 160.44696879386902 249.80149841308594 1.9178715944290161 1.8567523956298828 4.396626949310303 -16.050840377807617 2.1625061631202698 20.734582901000977 -0.056296533318518804 0.21483847498893738
Van -1 -1 -1.58 695.3652954101562 176.0397186279297 744.21630859375 215.36436462402344 1.861953616142273 1.81257164478302 4.630130767822266 5.126696586608887 1.9562107920646667 34.02338409423828 -1.4339114031262667 0.2000850886106491
Car -1 -1 1.76 436.6734619140625 186.30496215820312 515.8206176757812 240.79141235351562 1.5240398645401 1.5803778171539307 3.6712255477905273 -3.920309066772461 1.8945391774177551 21.034526824951172 1.5750988161107946 0.1885884702205658
Car -1 -1 -1.31 691.5238647460938 178.1444091796875 724.8277587890625 205.0590362548828 1.5541367530822754 1.6688120365142822 4.395925521850586 6.034884929656982 1.9225425720214844 43.62689971923828 -1.176107316379703 0.17821232974529266
Car -1 -1 -2.55 1205.4876708984375 244.0208740234375 1241.232666015625 380.0433349609375 1.4907941818237305 1.6760287284851074 3.6423072814941406 2.092022657394409 1.2705478072166443 1.2569106817245483 -1.5213285181779685 0.1531066596508026