Pedestrian -1 -1 1.5 633.216064453125 166.60302734375 707.3041381835938 344.5675354003906 1.7043355703353882 0.6220738887786865 0.8192242383956909 0.6479023098945618 1.5513099431991577 7.401247024536133 1.5850611305930773 0.8391903638839722
Cyclist -1 -1 1.89 335.20977783203125 169.82118225097656 435.2700500488281 327.1638488769531 1.7376105785369873 0.6115432381629944 1.772658109664917 -2.6086864471435547 1.584779977798462 8.759574890136719 1.6009603643709882 0.8377560377120972
Pedestrian -1 -1 1.65 200.92288208007812 158.67507934570312 265.13983154296875 345.8585510253906 1.8294486999511719 0.6339974403381348 0.709291934967041 -3.8257246017456055 1.6333949565887451 7.464200019836426 1.18010909229071 0.8079089522361755
Pedestrian -1 -1 1.95 5.818638324737549 185.63670349121094 217.49058961868286 376.7007141113281 1.7244495153427124 0.6615090370178223 0.7674800753593445 -2.3428165912628174 1.6838397979736328 3.4268622398376465 1.3547837443012156 0.7500050067901611
Pedestrian -1 -1 1.67 687.7046508789062 160.93150329589844 763.7535400390625 345.4910888671875 1.7704617977142334 0.6426682472229004 0.842581033706665 1.2880300283432007 1.5660440325737 7.4013142585754395 1.8446622486027433 0.7315773963928223
Car -1 -1 -1.43 501.36065673828125 170.71209716796875 548.5455932617188 209.61578369140625 1.8546230792999268 1.7696961164474487 4.467286109924316 -3.622194290161133 1.3635753095149994 35.667236328125 -1.526378683257846 0.6304476857185364
Van -1 -1 -1.49 502.8109436035156 170.5146026611328 550.8411865234375 209.05564880371094 1.9987300634384155 1.857657790184021 4.922469139099121 -4.027535915374756 1.47504523396492 39.95458984375 -1.5866362323678809 0.6059277057647705
Cyclist -1 -1 1.87 818.2188720703125 173.64218139648438 1008.9927368164062 373.2585144042969 1.6830780506134033 0.6583297848701477 1.7672832012176514 2.7495899200439453 1.602436602115631 6.399673938751221 2.277503123693318 0.603253960609436
Cyclist -1 -1 2.08 391.9908752441406 172.67416381835938 441.5243835449219 239.35142517089844 1.7206896543502808 0.6150355339050293 1.6939959526062012 -5.006189346313477 1.509851336479187 19.579269409179688 1.8308334450861494 0.5624958872795105
Cyclist -1 -1 -2.29 751.7962036132812 159.19480895996094 854.2771606445312 331.2046813964844 1.7615242004394531 0.606482207775116 1.7140522003173828 2.192410469055176 1.4935301542282104 8.043439865112305 -2.0281844962052826 0.5513650178909302
Cyclist -1 -1 -0.3 727.825439453125 160.49212646484375 845.90966796875 337.2387390136719 1.7258200645446777 0.608805239200592 1.6936726570129395 2.1137585639953613 1.523145318031311 7.998944282531738 -0.043379228003747716 0.5377529263496399
Cyclist -1 -1 1.28 401.80023193359375 174.77032470703125 434.4483337402344 236.1961212158203 1.6539764404296875 0.644576370716095 1.7062585353851318 -5.073468208312988 1.5281654000282288 20.212993621826172 1.0338012313806288 0.4797089695930481
Pedestrian -1 -1 2.1 -7.087002277374268 187.50637817382812 131.11899137496948 371.7909851074219 1.629036545753479 0.634539783000946 0.6673921346664429 -3.101033926010132 1.6532041430473328 3.8943355083465576 1.4265443592902498 0.4700159728527069
Pedestrian -1 -1 2.16 -5.668852806091309 186.00830078125 172.84678745269775 377.94451904296875 1.6210424900054932 0.5910490155220032 0.7642804980278015 -2.5957283973693848 1.5956053733825684 3.4319121837615967 1.5077368714906951 0.4639740586280823
Cyclist -1 -1 -2.89 786.666259765625 166.8366241455078 835.2201538085938 248.32296752929688 1.6683034896850586 0.5711352229118347 1.6477159261703491 4.862074375152588 1.3771136403083801 16.507719039916992 -2.604917643317009 0.4590425193309784
Pedestrian -1 -1 1.86 753.3781127929688 161.07017517089844 782.674560546875 237.29217529296875 1.7724041938781738 0.6149441003799438 0.5014597773551941 4.086736679077148 1.3473016619682312 17.642911911010742 2.0848969716174777 0.45296257734298706
Car -1 -1 -2.73 1113.06689453125 214.911865234375 1243.4395751953125 371.2621765136719 1.4719432592391968 1.7499185800552368 4.109976768493652 2.559011459350586 1.4101482033729553 1.181199312210083 -1.589172894406186 0.4518323838710785
Pedestrian -1 -1 1.85 654.9884033203125 158.67031860351562 729.2403564453125 342.41302490234375 1.7392159700393677 0.6293697953224182 0.9143801331520081 0.8880870342254639 1.5373438000679016 7.443948268890381 1.9725272898429447 0.4491347074508667
Cyclist -1 -1 -2.23 6.552944660186768 178.52645874023438 205.62762117385864 377.5394592285156 1.677401065826416 0.5003781914710999 1.6512646675109863 -2.663351058959961 1.7236814498901367 3.688227891921997 -2.8584366126882257 0.44886818528175354
Pedestrian -1 -1 2.21 751.7962036132812 159.19480895996094 854.2771606445312 331.2046813964844 1.8331462144851685 0.6654723286628723 0.8275487422943115 2.218273639678955 1.5674700736999512 7.85543966293335 2.488706448613156 0.4056510627269745
Pedestrian -1 -1 1.58 639.5972900390625 164.43040466308594 722.0447387695312 354.29840087890625 1.7099472284317017 0.6656506657600403 0.8848022222518921 0.7710414528846741 1.5323304533958435 7.183382987976074 1.6842639621988145 0.39418134093284607
Pedestrian -1 -1 0.78 799.6019287109375 165.7678680419922 833.4117431640625 244.9853515625 1.6394867897033691 0.585639476776123 0.6420223116874695 4.759163856506348 1.3252509832382202 15.77331256866455 1.0748632739475639 0.379669725894928
Pedestrian -1 -1 1.45 787.4700927734375 160.25201416015625 832.2953491210938 261.4966735839844 1.8425302505493164 0.6767565011978149 0.6268607974052429 4.509436130523682 1.4381279945373535 15.298853874206543 1.7405331876705086 0.3749111294746399
Pedestrian -1 -1 2.28 -3.903444290161133 177.47747802734375 96.90292167663574 369.9390869140625 1.6635297536849976 0.6624510288238525 0.6585603952407837 -3.2859878540039062 1.6385669708251953 4.0291948318481445 1.5922100518516613 0.369014710187912
Car -1 -1 -2.7 1146.114990234375 200.2611541748047 1241.152099609375 374.7882995605469 1.5347362756729126 1.7472290992736816 4.1012864112854 2.50575852394104 1.4080593585968018 1.1722017526626587 -1.5713345896687292 0.36770814657211304
Pedestrian -1 -1 1.58 669.5518798828125 167.35018920898438 739.8915405273438 340.81134033203125 1.6289454698562622 0.5969650745391846 0.8001300692558289 1.025983452796936 1.5368172526359558 7.461106777191162 1.7147335591803214 0.36346524953842163
Pedestrian -1 -1 1.6 209.31898498535156 154.31300354003906 275.9767761230469 350.4384460449219 1.7898585796356201 0.6575918793678284 0.8243419528007507 -3.554425001144409 1.7154829502105713 7.229177474975586 1.1388849126601848 0.35614344477653503
Pedestrian -1 -1 1.51 706.6936645507812 167.99609375 784.8251953125 337.91107177734375 1.746497631072998 0.656495213508606 0.7702277898788452 1.518947958946228 1.5421053767204285 7.4886298179626465 1.7138836896516905 0.35452979803085327
Cyclist -1 -1 1.82 347.8027648925781 165.82411193847656 430.3003234863281 308.39410400390625 1.8105251789093018 0.6607956886291504 1.755563497543335 -2.695988178253174 1.5889562368392944 9.248682975769043 1.5373915539948904 0.3500305116176605
Cyclist -1 -1 -2.06 745.954833984375 158.19602966308594 788.219970703125 244.3722686767578 1.7492893934249878 0.5785999298095703 1.7354201078414917 3.872303009033203 1.3153033554553986 17.343181610107422 -1.8404857505024017 0.34234899282455444
Car -1 -1 -2.76 1171.64697265625 184.88693237304688 1236.9730224609375 374.327392578125 1.577700138092041 1.6500842571258545 4.022128105163574 2.34914231300354 1.3364747762680054 1.0104680061340332 -1.5951954812611957 0.33481094241142273
Pedestrian -1 -1 1.68 702.7429809570312 159.64337158203125 765.1505737304688 332.5601501464844 1.6579736471176147 0.6621440649032593 0.8206444382667542 1.2849851846694946 1.472187876701355 7.337081432342529 1.853876089116567 0.32864323258399963
Cyclist -1 -1 -0.83 758.2064208984375 155.5598602294922 842.3443603515625 300.5916442871094 1.7773040533065796 0.6219196319580078 1.6907672882080078 2.2341668605804443 1.4382743835449219 8.388232231140137 -0.5695955652244704 0.32420557737350464
Cyclist -1 -1 -2.08 799.3773193359375 162.93426513671875 833.9994506835938 244.906494140625 1.6666455268859863 0.5466336011886597 1.7106846570968628 5.177730560302734 1.3574856519699097 17.172164916992188 -1.7830096120659604 0.3225325345993042
Cyclist -1 -1 -0.95 715.1771850585938 159.6584930419922 818.3095092773438 339.4648742675781 1.7786297798156738 0.6077742576599121 1.7017428874969482 1.7938952445983887 1.521220624446869 7.972206115722656 -0.7313841316804024 0.319545179605484
Pedestrian -1 -1 -2.86 333.5685729980469 164.3609619140625 431.9002685546875 330.8055725097656 1.7561198472976685 0.6577998399734497 0.7872598767280579 -2.71701717376709 1.613833487033844 8.83409309387207 3.12422846781309 0.3189462423324585
Cyclist -1 -1 -2.06 793.4840087890625 159.78778076171875 832.7772827148438 252.5186004638672 1.7038156986236572 0.5975222587585449 1.7295105457305908 5.353287696838379 1.2452762424945831 17.810522079467773 -1.7662416250424027 0.3158703148365021
Cyclist -1 -1 0.52 372.509765625 172.5576934814453 418.1021728515625 247.90724182128906 1.7682033777236938 0.6368973255157471 1.7540556192398071 -5.233949661254883 1.5747950077056885 18.6423397064209 0.24714880770943282 0.31536179780960083
Pedestrian -1 -1 0.83 35.00776290893555 192.13221740722656 209.15713119506836 364.0823669433594 1.4784656763076782 0.5953444838523865 0.6424275040626526 -2.313089609146118 1.4530839920043945 3.4254655838012695 0.24052006621773359 0.31474897265434265
Car -1 -1 -2.72 1092.1009521484375 221.62625122070312 1231.1798095703125 369.2662048339844 1.4678713083267212 1.709040880203247 4.092243194580078 2.446021318435669 1.389521598815918 1.1985816955566406 -1.601141623049795 0.31299325823783875
Pedestrian -1 -1 1.55 728.7578735351562 162.21502685546875 839.2340087890625 339.09527587890625 1.7754262685775757 0.6492167711257935 0.7651633024215698 2.009406328201294 1.567651391029358 7.607239723205566 1.8056413520735477 0.3100525438785553
Pedestrian -1 -1 -2.95 -1.9524827003479004 182.02296447753906 59.607152462005615 372.4828796386719 1.581007957458496 0.6781712770462036 0.7325470447540283 -3.6896097660064697 1.5963470339775085 4.352066993713379 2.6309254915715865 0.30186527967453003
Pedestrian -1 -1 1.46 192.10401916503906 167.27301025390625 275.9970703125 345.1417541503906 1.7844854593276978 0.6548961400985718 0.7549640536308289 -3.4768214225769043 1.6910743713378906 7.009954452514648 0.9985716891515874 0.30076301097869873
Cyclist -1 -1 0.33 389.1580505371094 173.57723999023438 427.3987121582031 239.4259033203125 1.7213921546936035 0.640703022480011 1.711348533630371 -5.336400985717773 1.5699294209480286 19.935916900634766 0.06476548642487145 0.2959696650505066
Car -1 -1 -2.75 1188.1767578125 182.8318328857422 1235.6558837890625 380.1177978515625 1.5894111394882202 1.705012321472168 3.9717540740966797 2.568812370300293 1.4488335251808167 1.1583747863769531 -1.6008718625311946 0.2886165380477905
Cyclist -1 -1 1.62 398.7623596191406 177.96791076660156 429.1305847167969 238.81529235839844 1.6319242715835571 0.6221488118171692 1.65666925907135 -5.394458770751953 1.5859793424606323 20.784221649169922 1.3621775767567925 0.28678783774375916
Cyclist -1 -1 -2.54 776.2938232421875 155.70184326171875 833.8027954101562 280.4549560546875 1.731448769569397 0.5792290568351746 1.6680941581726074 2.8130648136138916 1.3581411838531494 9.89301872253418 -2.2651121732185597 0.2853652834892273
Cyclist -1 -1 -2.26 785.6541137695312 156.4954833984375 834.019775390625 266.8677978515625 1.6716878414154053 0.5980365872383118 1.74107027053833 3.9215335845947266 1.3555222153663635 13.272697448730469 -1.974031011388231 0.2849760055541992
Pedestrian -1 -1 2.37 3.6335508823394775 194.12684631347656 51.25861573219299 371.2250061035156 1.4507167339324951 0.5639156699180603 0.6737328171730042 -3.5520548820495605 1.5568084716796875 4.278905391693115 1.6724998776263886 0.2804518938064575
Pedestrian -1 -1 1.49 650.3753662109375 167.08279418945312 717.3684692382812 331.7281494140625 1.6193033456802368 0.606798529624939 0.8130163550376892 0.8024672269821167 1.4795985221862793 7.30907678604126 1.597748533725512 0.27649959921836853
Pedestrian -1 -1 2.31 1.1522798538208008 195.6211395263672 73.37714099884033 373.63201904296875 1.435637354850769 0.5796202421188354 0.6668825745582581 -3.5345475673675537 1.5761697888374329 4.280330657958984 1.622788988115837 0.2750449776649475
Cyclist -1 -1 2.36 750.679931640625 163.35604858398438 793.5918579101562 231.20785522460938 1.6482118368148804 0.5990078449249268 1.6582562923431396 4.081228256225586 1.2185659408569336 17.593748092651367 2.5929277229671044 0.27439072728157043
Pedestrian -1 -1 1.87 711.0499877929688 161.2335205078125 812.5224609375 341.7711486816406 1.7379356622695923 0.6363549828529358 0.7879921793937683 1.703749418258667 1.556770384311676 7.549537658691406 2.0947081981076314 0.27202412486076355
Cyclist -1 -1 -1.3 687.6508178710938 157.11456298828125 770.6804809570312 342.9913024902344 1.7549265623092651 0.6199610829353333 1.7734413146972656 1.283800482749939 1.4950590133666992 7.527993202209473 -1.1327911335365153 0.2704406678676605
Cyclist -1 -1 -0.64 706.6936645507812 167.99609375 784.8251953125 337.91107177734375 1.777711033821106 0.6298336982727051 1.7275669574737549 1.6153030395507812 1.510526955127716 7.834808349609375 -0.43205345486393654 0.2693031132221222
Car -1 -1 1.77 333.68560791015625 167.3247833251953 434.1885986328125 322.72259521484375 1.6145652532577515 1.573410987854004 3.54840350151062 -3.0966238975524902 1.5405868291854858 10.069000244140625 1.4679684528613173 0.26460540294647217
Pedestrian -1 -1 -2.71 765.2981567382812 172.3783416748047 1014.1236572265625 364.432861328125 1.5969158411026 0.5438883304595947 0.7388381958007812 1.8676036596298218 1.4468945264816284 5.185968399047852 -2.3603040202977716 0.26419052481651306
Pedestrian -1 -1 1.27 64.87091064453125 161.01376342773438 237.79705810546875 369.2014465332031 1.6989209651947021 0.6612387299537659 0.8638584017753601 -2.7206835746765137 1.6474213004112244 4.43261194229126 0.7177671119084934 0.2597180902957916
Pedestrian -1 -1 1.69 750.3836059570312 157.18209838867188 786.5928955078125 245.56655883789062 1.799213171005249 0.613219678401947 0.5761736631393433 3.9729702472686768 1.3947805166244507 17.182153701782227 1.9164468247814845 0.25753355026245117
Cyclist -1 -1 -2.72 -6.665808200836182 176.3892822265625 140.22741079330444 371.5187683105469 1.802618384361267 0.5799610018730164 1.7670210599899292 -3.005326271057129 1.693297564983368 3.6707382202148438 2.872947009384843 0.2572310268878937
Pedestrian -1 -1 2.65 738.6770629882812 163.7801055908203 966.5462036132812 355.2131042480469 1.6572109460830688 0.5566180348396301 0.7686019539833069 1.739437460899353 1.4925295114517212 5.953917503356934 2.937180260831428 0.25689923763275146
Cyclist -1 -1 2.39 1190.3551025390625 158.65078735351562 1236.533447265625 364.72271728515625 1.5741392374038696 0.652900755405426 1.6784361600875854 3.4392733573913574 1.5977916717529297 2.5418734550476074 -2.958649207936693 0.2556302845478058
Pedestrian -1 -1 2.05 735.8710327148438 170.32374572753906 824.022705078125 336.12176513671875 1.7142924070358276 0.6095195412635803 0.8026499152183533 1.8658547401428223 1.5952565670013428 7.651731967926025 2.2880843777826447 0.2550269663333893
Pedestrian -1 -1 2.51 7.028767108917236 198.53929138183594 62.63713884353638 366.7992858886719 1.450301170349121 0.5843308568000793 0.6562464833259583 -3.6353535652160645 1.5435535311698914 4.355352401733398 1.8166432405348916 0.2525402009487152
Car -1 -1 -2.72 1131.8721923828125 176.4842529296875 1236.4532470703125 379.17559814453125 1.647895097732544 1.656295895576477 4.158603668212891 2.4288651943206787 1.4954000115394592 0.9770943522453308 -1.5353536828778163 0.2510872185230255
Car -1 -1 -2.71 1084.514892578125 199.71060180664062 1239.38916015625 376.9048767089844 1.5553889274597168 1.6342418193817139 4.169927597045898 2.6141817569732666 1.548423707485199 1.1323010921478271 -1.5475473460792877 0.24332968890666962
Car -1 -1 -2.74 1197.4698486328125 153.09088134765625 1236.12548828125 357.26458740234375 1.8154734373092651 1.6708952188491821 3.910822629928589 2.2489371299743652 1.3637256026268005 1.0892153978347778 -1.6207441060743566 0.24226847290992737
Pedestrian -1 -1 1.76 759.6094360351562 162.75160217285156 783.6917724609375 231.0325927734375 1.7206716537475586 0.5902149081230164 0.5650140643119812 4.358499050140381 1.2595743536949158 18.2862606048584 1.9967232302323552 0.24067604541778564
Cyclist -1 -1 0.05 751.5234375 162.26866149902344 784.4064331054688 238.5259552001953 1.706959843635559 0.6047659516334534 1.772715449333191 4.2131524085998535 1.2988031804561615 18.39667320251465 0.2711102190967374 0.24055857956409454
Pedestrian -1 -1 2.2 1169.0621337890625 165.72872924804688 1234.3017578125 368.4984436035156 1.9785808324813843 0.7510553002357483 0.5720608830451965 3.7202301025390625 2.074268877506256 3.503901481628418 3.0145423917097762 0.2387610673904419
Pedestrian -1 -1 1.81 183.60879516601562 163.39981079101562 261.23358154296875 346.02655029296875 1.6798670291900635 0.6235628128051758 0.8583872318267822 -3.5887932777404785 1.834182620048523 6.952125549316406 1.3304272930279666 0.23657085001468658
Van -1 -1 1.68 333.5685729980469 164.3609619140625 431.9002685546875 330.8055725097656 1.9201786518096924 1.6890500783920288 4.132843494415283 -3.1426279544830322 1.7507123351097107 10.841830253601074 1.399865501846147 0.23631499707698822
Car -1 -1 -1.4 1.9639196395874023 184.80984497070312 212.3960943222046 379.4457702636719 1.628569483757019 1.5395472049713135 4.058627128601074 -2.957676410675049 1.9480686783790588 3.61605167388916 -2.0905731003169095 0.2359163761138916
Pedestrian -1 -1 2.37 1188.76708984375 161.7383270263672 1236.94921875 368.3320007324219 1.8821501731872559 0.7953192591667175 0.5040982365608215 3.497741460800171 1.8217463493347168 3.2352089881896973 -3.0930888720368515 0.22917909920215607
Cyclist -1 -1 2.89 -11.472648620605469 175.28240966796875 102.68086242675781 368.7810363769531 1.7700659036636353 0.6035113334655762 1.7449558973312378 -3.766552686691284 1.7033092379570007 4.299161911010742 2.169053455802107 0.22877641022205353
Cyclist -1 -1 0.94 356.7127685546875 173.1167755126953 418.0065612792969 252.06358337402344 1.823108434677124 0.6409871578216553 1.7637035846710205 -4.967563629150391 1.57463139295578 16.47028350830078 0.6490052709287344 0.22789670526981354
Cyclist -1 -1 0.97 735.09765625 154.8097381591797 822.5383911132812 330.72222900390625 1.7242951393127441 0.6882851719856262 1.7871934175491333 2.080639600753784 1.4725366830825806 8.257659912109375 1.2175127652080562 0.2276545763015747
Cyclist -1 -1 1.84 1165.1019287109375 174.5028533935547 1236.24560546875 369.1844482421875 1.5565122365951538 0.7664465308189392 1.6055724620819092 3.2217581272125244 1.662505865097046 2.3405444622039795 2.781926074055031 0.22733797132968903
Cyclist -1 -1 1.21 407.0655212402344 175.094970703125 439.1549377441406 235.30052185058594 1.651052713394165 0.588979184627533 1.6755739450454712 -5.065739631652832 1.5518754720687866 20.337276458740234 0.9683901244561319 0.22623953223228455
Car -1 -1 -2.69 1153.6839599609375 156.84230041503906 1234.037841796875 372.1917419433594 1.635144591331482 1.7615690231323242 4.182464599609375 2.121997594833374 1.3187130689620972 1.0061850547790527 -1.5586379318673336 0.2260468453168869
Pedestrian -1 -1 1.99 709.7406616210938 153.8811798095703 900.088623046875 345.04107666015625 1.6573594808578491 0.5733729600906372 0.8055376410484314 1.6713403463363647 1.5058282017707825 6.546543598175049 2.2447535369120857 0.22404424846172333
Pedestrian -1 -1 1.59 684.6329956054688 167.87713623046875 743.1514892578125 331.30364990234375 1.6361594200134277 0.614387571811676 0.7751944661140442 1.1450101137161255 1.501757025718689 7.5539655685424805 1.7442797237096554 0.22233454883098602
Pedestrian -1 -1 1.82 202.5330352783203 157.31338500976562 290.1745300292969 344.7514343261719 1.814868450164795 0.6916032433509827 0.9075601100921631 -3.8055872917175293 1.6200016736984253 7.553352355957031 1.3486251603534214 0.22176289558410645
Pedestrian -1 -1 1.34 101.32058715820312 163.6865234375 256.75531005859375 362.4859619140625 1.7452170848846436 0.6618423461914062 0.8376843929290771 -2.797670841217041 1.7637746334075928 4.938747882843018 0.8256604839653576 0.2212032526731491
Car -1 -1 -2.58 1175.0225830078125 214.63604736328125 1239.0670166015625 349.439697265625 1.753106713294983 1.6715980768203735 3.9714605808258057 2.4837658405303955 1.4779292941093445 1.558699369430542 -1.5650659853462612 0.22100120782852173
Cyclist -1 -1 -1.51 627.2066650390625 167.3048095703125 713.7825927734375 350.32952880859375 1.7336326837539673 0.5822698473930359 1.67389976978302 0.7427936792373657 1.504904568195343 7.511931896209717 -1.411947524082235 0.2185603529214859
Cyclist -1 -1 1.8 370.33001708984375 170.44845581054688 434.2950744628906 289.27020263671875 1.7628529071807861 0.6005594730377197 1.683085560798645 -2.676757335662842 1.515164315700531 9.596765518188477 1.5302221278830217 0.2180469036102295
Car -1 -1 -2.64 1122.6800537109375 201.10902404785156 1228.1995849609375 368.47979736328125 1.4447892904281616 1.6848158836364746 3.9436750411987305 1.996924877166748 1.2289857864379883 1.0799920558929443 -1.568859001969992 0.21499650180339813
Cyclist -1 -1 -0.6 746.8453369140625 155.64036560058594 833.69775390625 312.10601806640625 1.7463297843933105 0.6024711728096008 1.7133893966674805 2.1744415760040283 1.425680935382843 8.236150741577148 -0.34039948570067 0.214806467294693
Car -1 -1 -2.76 1175.041015625 160.13095092773438 1232.99267578125 360.8081359863281 1.7013123035430908 1.6419600248336792 3.988535165786743 2.7243900299072266 1.4417268633842468 1.2199461460113525 -1.605786081920999 0.2145370990037918
Cyclist -1 -1 2.37 1202.8057861328125 151.5597381591797 1238.1566162109375 367.3199157714844 1.7420011758804321 0.6571816802024841 1.7551884651184082 3.3894593715667725 1.6499558687210083 2.5216116905212402 -2.98644871704548 0.21411754190921783
Pedestrian -1 -1 2.08 723.1010131835938 179.50779724121094 807.4008178710938 344.42108154296875 1.6951335668563843 0.6124506592750549 0.7951796054840088 1.7237842082977295 1.6249998211860657 7.352172374725342 2.306962552202762 0.2139846533536911
Pedestrian -1 -1 1.36 682.5481567382812 158.5370635986328 769.3768310546875 316.6122131347656 1.7632864713668823 0.687510073184967 0.8954891562461853 1.3077244758605957 1.4672362804412842 7.534048080444336 1.532905908163971 0.21101655066013336
Car -1 -1 -2.75 1205.4837646484375 176.3595733642578 1235.788818359375 381.9879455566406 1.6384702920913696 1.677282452583313 3.8497493267059326 2.567329168319702 1.4617021679878235 1.207958698272705 -1.615905044402428 0.2084578573703766
Pedestrian -1 -1 2.32 401.2325134277344 176.31942749023438 435.05401611328125 237.37081909179688 1.6640169620513916 0.5649299621582031 0.5378841161727905 -5.018929958343506 1.593312680721283 19.899517059326172 2.069717498064538 0.20795758068561554
Car -1 -1 -2.75 1203.567626953125 167.78717041015625 1233.389892578125 347.4211730957031 1.709843635559082 1.6660335063934326 3.797697067260742 1.8817827701568604 1.218779593706131 1.0145699977874756 -1.6689762613372725 0.20659860968589783
Truck -1 -1 1.75 334.4231872558594 167.8265838623047 434.7412414550781 330.239013671875 3.040308713912964 2.3510007858276367 6.596860408782959 -3.672337532043457 2.1983304619789124 12.103667259216309 1.4556278093309851 0.20543044805526733
Cyclist -1 -1 1.8 387.207275390625 178.54690551757812 422.1551513671875 243.03131103515625 1.6556371450424194 0.6082285642623901 1.6105587482452393 -5.6661858558654785 1.5822014212608337 20.835006713867188 1.5318088719913412 0.2003401517868042
Pedestrian -1 -1 1.9 724.6426391601562 176.40109252929688 791.7406005859375 331.31561279296875 1.5263577699661255 0.5783400535583496 0.7562745809555054 1.579184651374817 1.4813026189804077 7.555295944213867 2.1021088321816492 0.19782675802707672
Cyclist -1 -1 -0.18 1.9401917457580566 168.93194580078125 155.17049264907837 347.2466735839844 1.667689323425293 0.5288463830947876 1.6914994716644287 -2.83020281791687 1.3904008865356445 3.427433729171753 -0.8669120734247056 0.19701248407363892
Pedestrian -1 -1 1.58 644.7982177734375 167.28082275390625 701.579345703125 322.20208740234375 1.6702123880386353 0.6686891913414001 0.8015560507774353 0.7343433499336243 1.4258771538734436 7.316898345947266 1.6817884472137186 0.19397522509098053
Cyclist -1 -1 2.82 -10.220331192016602 158.99078369140625 211.3109645843506 400.0826110839844 1.8982291221618652 0.5573578476905823 1.8224345445632935 -2.967048406600952 1.632599651813507 3.5442540645599365 2.125251810564464 0.1930447220802307
Car -1 -1 -2.69 1205.07080078125 193.19496154785156 1238.4456787109375 353.90496826171875 1.6293672323226929 1.6020615100860596 3.7345476150512695 1.3353773355484009 1.0813909471035004 0.7172730565071106 -1.6115579555606079 0.19225826859474182
Pedestrian -1 -1 1.75 777.6055297851562 166.17152404785156 799.6727905273438 225.65390014648438 1.6280356645584106 0.5464973449707031 0.5794858336448669 5.676313877105713 1.268803060054779 22.034502029418945 2.0053563471001548 0.19186893105506897
Pedestrian -1 -1 2.1 1197.4698486328125 153.09088134765625 1236.12548828125 357.26458740234375 1.9273959398269653 0.7997034192085266 0.6032224893569946 3.436591625213623 1.720655381679535 3.274557590484619 2.908064472245263 0.1904924511909485
Pedestrian -1 -1 0.72 48.1593017578125 178.54336547851562 276.8147277832031 363.2876892089844 1.6147887706756592 0.5050603151321411 0.788744330406189 -2.5459108352661133 1.5196977853775024 4.491098880767822 0.20722996197302734 0.18990761041641235
Pedestrian -1 -1 2.06 1148.477294921875 170.99212646484375 1233.4197998046875 361.21087646484375 1.938739538192749 0.7130498290061951 0.7415744066238403 3.652606248855591 2.1026211977005005 3.593008518218994 2.855475033016532 0.18885613977909088
Cyclist -1 -1 2.02 763.3187866210938 164.32913208007812 802.3907470703125 223.20985412597656 1.624807596206665 0.6122912168502808 1.630873680114746 5.824865818023682 1.1959818303585052 23.212778091430664 2.2619719283149653 0.18742328882217407
Pedestrian -1 -1 -0.44 107.54857635498047 169.297119140625 296.31847381591797 344.2359924316406 1.6312893629074097 0.5597060322761536 0.7631214261054993 -3.319413185119629 1.558666706085205 6.631479263305664 -0.9090421498988794 0.18733470141887665
Pedestrian -1 -1 2.26 774.3750610351562 163.55892944335938 794.727294921875 222.97662353515625 1.7036224603652954 0.5745452046394348 0.5263679027557373 5.59315299987793 1.2435816824436188 21.938020706176758 2.504830532908083 0.18729116022586823
Pedestrian -1 -1 1.66 777.2214965820312 157.84906005859375 836.3709716796875 283.7515563964844 1.805227518081665 0.6683034896850586 0.7253364324569702 3.4881110191345215 1.5104678869247437 12.035903930664062 1.9439816873401448 0.18574480712413788
Pedestrian -1 -1 1.27 698.3272705078125 159.07823181152344 776.564697265625 314.9776611328125 1.7165340185165405 0.7338793873786926 0.897163450717926 1.7102680206298828 1.460094690322876 8.953048706054688 1.4569475259809774 0.18343988060951233
Car -1 -1 -2.76 1188.42431640625 171.95013427734375 1230.0340576171875 351.1986389160156 1.580796480178833 1.6386406421661377 4.001931667327881 2.6151657104492188 1.3457563519477844 1.3206552267074585 -1.654530217423689 0.1828853189945221
Pedestrian -1 -1 1.46 1.9401917457580566 168.93194580078125 155.17049264907837 347.2466735839844 1.7017767429351807 0.6327625513076782 0.7473905682563782 -2.5480704307556152 1.3145349025726318 3.0761563777923584 0.7635249857224888 0.18188318610191345
Pedestrian -1 -1 1.65 134.37852478027344 170.3201141357422 255.9359893798828 358.81536865234375 1.6541287899017334 0.6513112187385559 0.8717504739761353 -2.9230458736419678 1.5732343792915344 4.623542308807373 1.0887393574351023 0.18046487867832184
Car -1 -1 1.82 785.9956665039062 63.31064987182617 815.34912109375 80.57493591308594 1.4692788124084473 1.6581112146377563 3.704888343811035 14.556644439697266 -7.267802953720093 55.055572509765625 2.0807741740578365 0.1802830845117569
Cyclist -1 -1 1.25 390.203125 176.91329956054688 421.727294921875 232.4991912841797 1.6742295026779175 0.6116711497306824 1.6579433679580688 -6.09385347366333 1.5170695185661316 22.395116806030273 0.9830227434282222 0.1802699714899063
Car -1 -1 -2.79 1167.1693115234375 214.45864868164062 1227.2459716796875 377.0708312988281 1.566720962524414 1.5669564008712769 3.950730323791504 1.6385090351104736 1.2648982405662537 0.7500855326652527 -1.6506376794357953 0.17835083603858948
Car -1 -1 -2.32 1184.354736328125 178.03314208984375 1238.9786376953125 323.9949951171875 1.7753897905349731 1.6332987546920776 3.8211722373962402 3.0572140216827393 1.4693739414215088 2.0794382095336914 -1.3443540499585502 0.17770659923553467
Car -1 -1 -2.7 1199.351318359375 180.01785278320312 1241.9647216796875 369.4853210449219 1.6421418190002441 1.6499953269958496 3.827901840209961 2.3829894065856934 1.3765019178390503 1.2264163494110107 -1.6050449320032776 0.1709323227405548
Cyclist -1 -1 1.43 388.23583984375 171.04037475585938 437.1560363769531 257.9060363769531 1.6845314502716064 0.6395098567008972 1.6486625671386719 -3.73030948638916 1.4830819964408875 14.165884017944336 1.173343897179116 0.16927127540111542
Cyclist -1 -1 2.03 16.774866104125977 208.62599182128906 195.5681095123291 406.2903747558594 1.393518328666687 0.6615304350852966 1.6838865280151367 -1.9989972114562988 1.4099403619766235 2.6896328926086426 1.3894606630375144 0.16387276351451874
Cyclist -1 -1 0.99 29.32341957092285 161.17324829101562 242.32004737854004 381.1137390136719 1.8087623119354248 0.5355542898178101 1.6844680309295654 -2.9223861694335938 1.5673229694366455 4.617192268371582 0.4279993408731215 0.1595449000597
Pedestrian -1 -1 -2.76 16.774866104125977 208.62599182128906 195.5681095123291 406.2903747558594 1.7629215717315674 0.512800931930542 0.6735366582870483 -1.651225209236145 1.5024702548980713 2.312436103820801 2.9041424370413127 0.15895073115825653
Cyclist -1 -1 1.48 720.7867431640625 156.2268829345703 791.4337768554688 301.21087646484375 1.796557068824768 0.6701324582099915 1.7853249311447144 2.3249268531799316 1.4856678247451782 10.747661590576172 1.6910117756780902 0.1546972244977951
Car -1 -1 -2.75 1200.75537109375 208.92698669433594 1237.196533203125 372.2916259765625 1.569103717803955 1.635582447052002 3.882568597793579 2.3528125286102295 1.3557409644126892 1.2321048974990845 -1.6646672139996008 0.15443940460681915
Cyclist -1 -1 2.46 756.9361572265625 157.50978088378906 820.3731079101562 286.2398986816406 1.750896692276001 0.5700012445449829 1.7010772228240967 2.4541797637939453 1.3260347843170166 9.40417194366455 2.712028004871355 0.15058304369449615
Car -1 -1 -2.72 1186.412353515625 221.15664672851562 1240.0068359375 372.8501892089844 1.5967837572097778 1.629473090171814 3.8618688583374023 1.4620426893234253 1.1272857189178467 0.7235027551651001 -1.6137049306471054 0.1466216742992401
Car -1 -1 -2.64 1159.2283935546875 198.37850952148438 1228.2587890625 356.8304748535156 1.469681978225708 1.5555545091629028 3.9327950477600098 1.6824983358383179 1.1316522359848022 0.8911491632461548 -1.559373580946792 0.14549574255943298
Truck -1 -1 -1.98 16.774866104125977 208.62599182128906 195.5681095123291 406.2903747558594 3.6235108375549316 2.963024854660034 8.813455581665039 -3.200739860534668 2.710681736469269 3.950545310974121 -2.665155944058699 0.14333030581474304
Cyclist -1 -1 1.04 379.83404541015625 172.05551147460938 441.93768310546875 267.9308166503906 1.704953908920288 0.6233842372894287 1.7716361284255981 -3.0351614952087402 1.4575111269950867 10.88929557800293 0.7726446606289685 0.13270077109336853
Car -1 -1 -2.7 1206.70751953125 146.4117889404297 1238.388671875 339.437255859375 1.8637560606002808 1.645450234413147 3.9326331615448 2.7376153469085693 1.431152105331421 1.496769905090332 -1.6286441740024307 0.13222819566726685
Car -1 -1 -2.6 1095.987548828125 199.96817016601562 1212.817138671875 357.4014587402344 1.41917884349823 1.6567081212997437 3.8668503761291504 1.7649297714233398 1.147970736026764 1.1121177673339844 -1.5962076955923754 0.12305384874343872
Car -1 -1 -2.64 1216.9683837890625 182.02474975585938 1236.7769775390625 331.21270751953125 1.6416491270065308 1.6074434518814087 3.7092833518981934 1.632796049118042 1.1159886419773102 0.9447579979896545 -1.5920102391707749 0.12061519175767899
Car -1 -1 -2.63 1162.0245361328125 244.13668823242188 1229.0457763671875 344.2799987792969 1.5328214168548584 1.6981995105743408 3.701148271560669 1.0336111783981323 1.0577678978443146 0.630088746547699 -1.603580945044616 0.10747829079627991
Car -1 -1 -2.64 1154.0902099609375 233.28842163085938 1221.8668212890625 341.2122497558594 1.5550271272659302 1.6686934232711792 3.6365888118743896 1.2278856039047241 1.1179219186306 0.7956907153129578 -1.6453293754156064 0.10203438997268677
Car -1 -1 -2.6 1141.0411376953125 245.56385803222656 1217.2933349609375 343.9903869628906 1.541824221611023 1.6456949710845947 3.6009089946746826 1.2653207778930664 1.1320427656173706 0.8342456817626953 -1.614876666425273 0.09600759297609329