Car -1 -1 2.03 83.07454681396484 193.5472412109375 321.8521957397461 315.11297607421875 1.596221685409546 1.6542257070541382 4.1943135261535645 -6.416738986968994 1.993236780166626 11.812238693237305 1.5311200607981386 0.8637253046035767
Car -1 -1 1.69 469.7229919433594 187.56947326660156 530.6941528320312 230.84852600097656 1.4646919965744019 1.6126184463500977 3.827998161315918 -4.029436111450195 2.04905503988266 26.727521896362305 1.5362016529268585 0.8581421971321106
Car -1 -1 1.82 355.04071044921875 195.26718139648438 432.423583984375 241.97654724121094 1.3586598634719849 1.537767767906189 3.6403565406799316 -7.096226692199707 2.1142494082450867 23.862863540649414 1.5343709499385776 0.8478254675865173
Car -1 -1 -3.09 708.90625 168.87217712402344 805.2525634765625 203.7410888671875 1.6718459129333496 1.805576205253601 4.319607734680176 7.246662616729736 1.5299695134162903 35.962989807128906 -2.895913330381429 0.826452374458313
Car -1 -1 2.41 -1.0488834381103516 189.46539306640625 102.27316093444824 373.40643310546875 1.6842751502990723 1.6942414045333862 4.502254486083984 -5.96282958984375 1.8609514236450195 5.09395170211792 1.5465864672509584 0.8178833723068237
Car -1 -1 -1.51 629.964599609375 182.33753967285156 661.5226440429688 207.3337860107422 1.4341679811477661 1.6007031202316284 3.01552677154541 2.124950647354126 2.0012765526771545 44.46395492553711 -1.463606704654958 0.7980788946151733
Car -1 -1 1.71 503.8464050292969 185.9110870361328 548.281494140625 217.39242553710938 1.418197751045227 1.5709728002548218 3.8839285373687744 -4.230993747711182 2.138999283313751 36.518104553222656 1.5923768826231042 0.7315024137496948
Car -1 -1 1.84 451.81134033203125 189.4331512451172 502.6382751464844 220.03472900390625 1.458362102508545 1.5657979249954224 4.085406303405762 -6.661172389984131 2.2926909923553467 36.59159469604492 1.6613752698705317 0.7087867856025696
Car -1 -1 2.53 1148.275634765625 152.02694702148438 1241.35302734375 212.45755004882812 1.514172911643982 1.5406296253204346 3.572908401489258 16.542285919189453 0.9773374646902084 18.985078811645508 -3.037413469687568 0.5963351726531982
Car -1 -1 1.82 459.9892578125 188.3818817138672 518.738037109375 226.1311492919922 1.5479353666305542 1.611313819885254 3.9987432956695557 -5.760298728942871 2.2414475083351135 33.79197692871094 1.6484960307520424 0.46119681000709534
Pedestrian -1 -1 -0.84 1158.4246826171875 215.43313598632812 1231.2659912109375 377.2998046875 1.4489314556121826 0.4732653796672821 0.42894408106803894 3.3963496685028076 1.6670465469360352 3.745593786239624 -0.10290574786802598 0.42302098870277405
Car -1 -1 -0.66 1154.30615234375 169.85218811035156 1238.2979736328125 371.62310791015625 1.6018561124801636 1.6533045768737793 3.8423500061035156 3.916914463043213 1.7121350765228271 2.6317009925842285 0.3216794912950016 0.40195080637931824
Car -1 -1 -2.18 1168.9874267578125 151.5450439453125 1233.4644775390625 212.3534393310547 1.4230420589447021 1.5454416275024414 3.3742706775665283 15.274715423583984 0.8574474006891251 17.41495704650879 -1.4605410671753996 0.3740195631980896
Cyclist -1 -1 1.53 1157.226806640625 179.17588806152344 1237.8746337890625 373.4627685546875 1.8418729305267334 0.6252337098121643 1.7742294073104858 3.0822694301605225 1.6560872197151184 2.9300386905670166 2.338027483894294 0.36870062351226807
Car -1 -1 1.7 480.7152099609375 187.0934295654297 535.7587890625 226.1035614013672 1.4824304580688477 1.6256093978881836 4.096525192260742 -4.01492977142334 2.023082733154297 28.59933090209961 1.5609676078922767 0.340304970741272
Pedestrian -1 -1 -0.88 1150.916748046875 173.0332794189453 1240.384033203125 373.91961669921875 1.6251249313354492 0.5652469396591187 0.6866657733917236 3.413191795349121 1.6826306581497192 3.56540846824646 -0.11204784739308371 0.3270260691642761
Car -1 -1 0.76 491.2465515136719 187.3687744140625 544.666015625 222.1271514892578 1.4569737911224365 1.5792787075042725 4.084066390991211 -4.316327095031738 2.210078477859497 36.814605712890625 0.6391688151416322 0.2822076678276062
Pedestrian -1 -1 -0.61 1192.55419921875 188.41629028320312 1240.7540283203125 367.86944580078125 1.5319106578826904 0.6853068470954895 0.5656532645225525 3.283987522125244 1.5358470678329468 3.3762950897216797 0.15737548502718646 0.27862879633903503
Van -1 -1 -0.04 1163.009033203125 197.13577270507812 1236.86962890625 376.4535217285156 1.7241730690002441 1.7822787761688232 4.0468597412109375 6.447276592254639 1.9296561479568481 4.987904071807861 0.8732846318990664 0.2603520452976227
Van -1 -1 2.46 3.2424802780151367 219.91204833984375 100.73800945281982 363.9382019042969 1.6602689027786255 1.7111608982086182 4.6615824699401855 -7.108752727508545 2.037681519985199 6.4629387855529785 1.6311706135136985 0.2564625144004822
Car -1 -1 2.37 3.4384937286376953 219.0607147216797 102.08338356018066 343.3318786621094 1.44121515750885 1.6827327013015747 4.373802661895752 -6.000535488128662 1.8383474946022034 5.730592250823975 1.557037130310741 0.2536810338497162
Car -1 -1 -0.57 1127.9287109375 163.0947265625 1241.0206298828125 369.81280517578125 1.5446808338165283 1.700864553451538 4.116140365600586 4.063724994659424 1.690726399421692 2.4745442867279053 0.45800356692447686 0.2379787266254425
Car -1 -1 2.44 1.2939406633377075 200.23158264160156 85.5526534318924 333.91473388671875 1.6212962865829468 1.5664438009262085 3.9018394947052 -5.652366638183594 1.7230249047279358 5.479308605194092 1.6401534195819298 0.22960904240608215
Car -1 -1 -1.33 1225.2327880859375 157.57627868652344 1244.5665283203125 213.38877868652344 1.4227380752563477 1.5398445129394531 3.5403873920440674 14.431754112243652 1.0728751122951508 15.153741836547852 -0.5687992277751563 0.22852535545825958
Cyclist -1 -1 1.98 1173.41064453125 208.312255859375 1229.6978759765625 356.2121276855469 1.8553365468978882 0.5892677307128906 1.8690398931503296 3.9636752605438232 1.8044654726982117 3.998746871948242 2.7638973204682937 0.22307267785072327
Cyclist -1 -1 2.66 1155.1522216796875 152.3949432373047 1237.67919921875 216.87060546875 1.6336243152618408 0.5989962816238403 1.701664924621582 12.968954086303711 1.0008932501077652 15.603473663330078 -2.9338164819532278 0.21412479877471924
Car -1 -1 0.01 1164.5137939453125 199.1805877685547 1235.44921875 370.31304931640625 1.5280901193618774 1.5566095113754272 3.972165584564209 4.297807216644287 1.7354996800422668 3.094756603240967 0.9537527240044499 0.21392257511615753
Van -1 -1 2.77 705.3551635742188 169.4911651611328 799.7522583007812 203.0991668701172 1.7912185192108154 1.7364753484725952 4.186196804046631 7.509247779846191 1.5682121515274048 38.108375549316406 2.9690102168762973 0.20929014682769775
Car -1 -1 1.67 461.9255676269531 189.6431121826172 514.0731201171875 220.93797302246094 1.4057397842407227 1.5485693216323853 3.8265554904937744 -4.551835536956787 2.0384645462036133 28.394712448120117 1.51027577085397 0.20530620217323303
Car -1 -1 -2.59 1179.5809326171875 150.52610778808594 1240.35205078125 215.3058624267578 1.5207939147949219 1.6430799961090088 3.727997303009033 16.034629821777344 0.9355807453393936 16.95156478881836 -1.8323621945582147 0.20489369332790375
Car -1 -1 2.96 1193.3583984375 175.44183349609375 1240.784912109375 367.739501953125 1.5648773908615112 1.6243499517440796 3.776174783706665 3.8104851245880127 1.4988921880722046 2.446701765060425 -2.326000374085984 0.20189176499843597
Pedestrian -1 -1 -0.52 1168.2606201171875 197.13821411132812 1232.5811767578125 350.51141357421875 1.6999295949935913 0.4627717137336731 0.7725796699523926 3.50246524810791 1.6022287011146545 3.6251609325408936 0.24691767117946029 0.19979898631572723
Car -1 -1 2.43 8.126462936401367 212.3725128173828 82.75332450866699 352.9855651855469 1.683465838432312 1.6325836181640625 3.9324069023132324 -5.656028747558594 1.8395388722419739 5.408633708953857 1.6236270547941931 0.1924511194229126
Car -1 -1 -1.17 1168.839111328125 185.44630432128906 1237.1181640625 338.59783935546875 1.6101820468902588 1.5935159921646118 3.809800863265991 3.649649143218994 1.531836211681366 2.821929693222046 -0.25607771914546573 0.18705694377422333
Car -1 -1 1.81 456.2268371582031 189.95497131347656 508.68353271484375 224.53408813476562 1.448670506477356 1.5738626718521118 3.965451955795288 -6.4283766746521 2.3566372990608215 36.882137298583984 1.6344181966466707 0.18399690091609955
Car -1 -1 -1.15 1222.00537109375 154.38441467285156 1241.6947021484375 218.1410675048828 1.4253231287002563 1.5423165559768677 3.58522891998291 14.581825256347656 1.0585816502571106 14.398218154907227 -0.3618406788846813 0.17734967172145844
Car -1 -1 1.97 50.13838577270508 194.8503875732422 290.088077545166 337.42901611328125 1.5389548540115356 1.6114577054977417 4.277667999267578 -6.68266487121582 2.007286012172699 11.799277305603027 1.4545557575743224 0.17421820759773254
Car -1 -1 -2.28 1195.0548095703125 148.94418334960938 1239.7791748046875 218.86143493652344 1.5090352296829224 1.6606190204620361 3.7552711963653564 16.284189224243164 0.974537655711174 16.75962257385254 -1.508379441616115 0.17154145240783691
Car -1 -1 -1.58 1215.3299560546875 154.8524169921875 1243.3031005859375 216.55368041992188 1.4301722049713135 1.5393308401107788 3.4625375270843506 14.461310386657715 1.0294508337974548 15.218839645385742 -0.8219295122709527 0.16878800094127655
Pedestrian -1 -1 0.13 1171.0948486328125 164.42987060546875 1238.0006103515625 377.65338134765625 1.5609362125396729 0.6688619256019592 0.6843202114105225 3.151552438735962 1.4728235006332397 3.2262377738952637 0.9065707759772081 0.16831669211387634
Car -1 -1 -2.16 1205.366943359375 151.26670837402344 1237.091552734375 220.45822143554688 1.4751538038253784 1.5981357097625732 3.7233314514160156 14.103822708129883 1.0291001796722412 14.3264799118042 -1.3834090772658776 0.16450032591819763
Car -1 -1 -2.42 1179.62744140625 155.7405242919922 1240.5723876953125 369.2615661621094 1.5603711605072021 1.6665081977844238 4.180610656738281 4.2971296310424805 1.5330458283424377 2.7876009941101074 -1.4267148759670052 0.1639603078365326
Car -1 -1 -1.92 1212.816650390625 150.78453063964844 1239.1568603515625 221.51148986816406 1.4550890922546387 1.5846459865570068 3.708089828491211 14.195396423339844 1.0501816868782043 14.120454788208008 -1.1319043471754702 0.15733923017978668
Pedestrian -1 -1 -1.96 1196.2469482421875 162.0420379638672 1241.2891845703125 350.2266540527344 1.720771074295044 0.6695563793182373 0.7592841982841492 4.0101752281188965 1.5295368432998657 4.218217849731445 -1.2031508488627694 0.1430579274892807
Pedestrian -1 -1 -0.63 1127.9287109375 163.0947265625 1241.0206298828125 369.81280517578125 1.6528151035308838 0.638063371181488 0.7721134424209595 3.7589926719665527 1.6971741914749146 4.0670695304870605 0.12104583984462769 0.13383269309997559
Car -1 -1 -1.43 1174.63427734375 171.0299530029297 1244.9957275390625 312.35760498046875 1.561794638633728 1.551954746246338 3.7399940490722656 3.62420916557312 1.3555768132209778 2.925849676132202 -0.5344376373162021 0.11449660360813141