Car -1 -1 -1.76 688.3428344726562 166.2216796875 796.1218872070312 256.50128173828125 1.8697906732559204 1.661644458770752 3.7962660789489746 2.7356748580932617 1.6708136200904846 15.770992279052734 -1.589255895176663 0.8858233094215393
Car -1 -1 -1.7 653.2584228515625 174.96632385253906 700.541259765625 211.01763916015625 1.446549892425537 1.578024983406067 3.5140926837921143 2.797511100769043 1.562347650527954 30.773862838745117 -1.612706700975707 0.867569625377655
Car -1 -1 -2.04 772.5657958984375 186.6674346923828 1181.7633056640625 374.60882568359375 1.5114701986312866 1.5891644954681396 3.7518622875213623 2.7845447063446045 1.6406261920928955 6.539573669433594 -1.635198610483803 0.86592698097229
Car -1 -1 -2.73 256.9747619628906 162.71981811523438 441.47869873046875 239.92237854003906 1.5947200059890747 1.6045293807983398 3.5822105407714844 -5.742494583129883 1.4229033589363098 16.161516189575195 -3.067885458212606 0.7544592022895813
Car -1 -1 -2.96 431.7228088378906 167.66616821289062 523.5040893554688 204.35752868652344 1.591489315032959 1.6770358085632324 4.210544109344482 -6.080591201782227 1.4428218603134155 33.29460144042969 3.1411588383856834 0.7414721250534058
Car -1 -1 -2.9 395.0252380371094 170.81996154785156 513.3406982421875 211.55636596679688 1.5147581100463867 1.578096866607666 3.9519855976104736 -5.8734450340271 1.4620287418365479 26.95042610168457 -3.11402760121622 0.7300602197647095
Car -1 -1 -0.55 348.02838134765625 169.28253173828125 490.63677978515625 221.34805297851562 1.5665265321731567 1.5835312604904175 3.8950867652893066 -5.918670654296875 1.4817113280296326 22.969066619873047 -0.8059999722446207 0.6829434037208557
Car -1 -1 -1.5 198.40252685546875 171.96710205078125 424.3911437988281 257.0065002441406 1.5161268711090088 1.6074453592300415 3.7331910133361816 -5.596677780151367 1.5014389753341675 13.811593055725098 -1.8871951719770506 0.6828964352607727
Car -1 -1 -1.71 656.6744995117188 172.41131591796875 704.5220947265625 207.58197021484375 1.5283925533294678 1.5899497270584106 3.577728509902954 2.807363748550415 1.5546380877494812 30.73406982421875 -1.6170421860777715 0.5488193035125732
Car -1 -1 -2.84 92.82081604003906 168.0925750732422 377.40455627441406 286.9798278808594 1.6007575988769531 1.6757276058197021 3.9214956760406494 -5.295427322387695 1.5373305082321167 10.797813415527344 2.9900793355222923 0.5425055623054504
Car -1 -1 -2.74 228.23968505859375 171.21420288085938 436.21771240234375 246.27525329589844 1.5820744037628174 1.6429673433303833 3.8670778274536133 -5.786552906036377 1.53534996509552 16.845821380615234 -3.071164824533829 0.5310704708099365
Car -1 -1 -2.93 375.5858459472656 170.0687255859375 507.9078369140625 215.0208740234375 1.5750069618225098 1.6660280227661133 4.121540069580078 -6.005776882171631 1.496975600719452 26.59147071838379 3.1273148776226805 0.5227228999137878
Car -1 -1 -3.01 120.75389099121094 169.95126342773438 404.09275817871094 276.76953125 1.5834726095199585 1.6749300956726074 3.9221878051757812 -5.752382755279541 1.5716310143470764 12.969371795654297 2.857828069580359 0.515643298625946
Car -1 -1 -2.9 417.3790588378906 169.683837890625 513.5165405273438 208.88772583007812 1.6255186796188354 1.66315495967865 3.8597679138183594 -5.814288139343262 1.5264406204223633 29.27387237548828 -3.099974581586535 0.432426393032074
Car -1 -1 -2.84 318.43218994140625 167.70925903320312 475.9678039550781 225.75538635253906 1.6115212440490723 1.5984971523284912 3.958409309387207 -5.897004127502441 1.4592857360839844 22.006942749023438 -3.09994096393914 0.41338926553726196
Car -1 -1 -1.63 625.2667236328125 170.0187225341797 647.8573608398438 188.1660614013672 1.4398561716079712 1.6539020538330078 3.8470754623413086 2.265814781188965 1.2628892064094543 60.800514221191406 -1.5898730773577423 0.3982374370098114
Van -1 -1 -1.8 687.5350341796875 164.74107360839844 796.2317504882812 257.0908203125 1.9445284605026245 1.7422747611999512 4.478764533996582 2.8835864067077637 1.8139869570732117 16.759479522705078 -1.6341656651607899 0.37223589420318604
Car -1 -1 -2.78 195.48272705078125 175.16957092285156 397.0063781738281 268.7976379394531 1.502313494682312 1.574932336807251 3.405855178833008 -5.645386219024658 1.6072493195533752 13.858190536499023 3.1124851091134698 0.36422452330589294
Car -1 -1 -2.56 163.2069549560547 170.72348022460938 368.203369140625 282.62530517578125 1.4616589546203613 1.534428596496582 3.121896743774414 -5.055025577545166 1.5862589478492737 10.157011032104492 -3.02639366014785 0.31560733914375305
Car -1 -1 -0.74 -1.5216755867004395 159.09974670410156 171.7710337638855 293.6846618652344 1.5990928411483765 1.6164246797561646 4.013501167297363 -7.459654331207275 1.4843516945838928 9.14590072631836 -1.4277370592610694 0.3079390823841095
Car -1 -1 -2.79 458.1966857910156 167.211181640625 527.0946044921875 201.30105590820312 1.5918660163879395 1.6570583581924438 4.267186641693115 -6.070947647094727 1.362015962600708 37.89860534667969 -2.9468280850740456 0.285190612077713
Car -1 -1 -2.29 155.1843719482422 170.49571228027344 431.06846618652344 264.7312316894531 1.5660173892974854 1.532704472541809 3.7887682914733887 -5.567302703857422 1.578576385974884 12.817374229431152 -2.696584006349097 0.2782231867313385
Car -1 -1 -2.98 443.86767578125 164.4945068359375 528.4780883789062 200.06260681152344 1.6991575956344604 1.7071893215179443 4.166127681732178 -6.101363658905029 1.3549688458442688 35.777435302734375 3.132312457588167 0.2710064649581909
Car -1 -1 -1.68 670.8238525390625 168.3522491455078 714.7089233398438 203.8095245361328 1.5303853750228882 1.584021806716919 3.775984287261963 3.684868335723877 1.4802851676940918 33.40785217285156 -1.570965499256233 0.2685600221157074
Car -1 -1 -2.8 281.4453125 168.14190673828125 451.79254150390625 234.0149688720703 1.5705175399780273 1.5868756771087646 3.802948236465454 -6.186337471008301 1.5108136534690857 19.50855255126953 -3.1117744718286637 0.25864869356155396
Car -1 -1 -1.75 684.8016967773438 169.75669860839844 778.07568359375 252.28663635253906 1.79920494556427 1.6562036275863647 3.81166410446167 2.871079206466675 1.7074175477027893 17.323305130004883 -1.5807672589619415 0.24706093966960907
Car -1 -1 -2.3 0.1817592829465866 154.72586059570312 136.3708461970091 297.7932434082031 1.4855693578720093 1.5513643026351929 3.5609359741210938 -7.753764629364014 1.4022189378738403 9.025760650634766 -3.0139089559452152 0.24623103439807892
Van -1 -1 -2.93 439.99273681640625 166.8026580810547 524.2054443359375 203.21945190429688 1.83676278591156 1.763309121131897 4.235752582550049 -6.719738960266113 1.5737111568450928 37.594478607177734 -3.1081634532538676 0.24302524328231812
Pedestrian -1 -1 -2.55 1.4194889068603516 159.93588256835938 146.34617042541504 292.5113220214844 1.7753798961639404 0.6386986374855042 0.7174625396728516 -6.09524393081665 1.4950644373893738 8.068702697753906 3.08399812587201 0.23107600212097168
Car -1 -1 -1.95 52.023983001708984 165.52508544921875 316.8136558532715 290.4529724121094 1.556767225265503 1.619674563407898 4.177046298980713 -5.929085731506348 1.4449382424354553 10.567161560058594 -2.4654816215141437 0.22161193192005157
Van -1 -1 -2.68 262.7042236328125 159.0133056640625 439.58941650390625 244.07125854492188 1.8469719886779785 1.7660683393478394 4.169772148132324 -6.095776081085205 1.5565024018287659 16.986438751220703 -3.026960102935883 0.218118816614151
Car -1 -1 -1.58 662.4528198242188 168.49493408203125 706.7822265625 202.1751251220703 1.5662034749984741 1.6383280754089355 3.6632707118988037 3.470637083053589 1.4691253900527954 36.02526092529297 -1.485353405527893 0.21087594330310822
Car -1 -1 -2.98 237.10232543945312 176.08584594726562 416.66485595703125 263.0457458496094 1.4940557479858398 1.5895220041275024 3.6549997329711914 -5.404506683349609 1.6074568033218384 14.049951553344727 2.9359638895119673 0.20685994625091553
Van -1 -1 -2.93 424.49591064453125 167.08987426757812 519.8619384765625 205.8555450439453 1.702485203742981 1.6051284074783325 4.032486915588379 -6.408096790313721 1.5376096367835999 35.39398956298828 -3.1096215609525943 0.19592860341072083
Pedestrian -1 -1 3.0 123.42434692382812 169.4379425048828 383.77838134765625 288.942626953125 1.7530392408370972 0.5654175281524658 0.7800315022468567 -4.33860445022583 1.5616331100463867 8.763395309448242 2.535798179095327 0.1832120269536972
Car -1 -1 3.09 410.2435302734375 171.02626037597656 525.7718505859375 215.30307006835938 1.5356109142303467 1.6290680170059204 4.235147476196289 -5.854663372039795 1.4154200553894043 29.26791000366211 2.8940704326725513 0.173360213637352