Car -1 -1 1.68 561.9595947265625 181.3690643310547 602.7948608398438 214.12661743164062 1.452616572380066 1.658907175064087 4.22122049331665 -0.8831712007522583 1.4894799590110779 36.4212646484375 1.6531870214087814 0.8566776514053345
Pedestrian -1 -1 1.62 437.2050476074219 171.771240234375 468.5309753417969 256.0267028808594 1.711836576461792 0.6172286868095398 0.5054066777229309 -3.0584423542022705 1.5167863368988037 14.874948501586914 1.421681084531036 0.8184527158737183
Pedestrian -1 -1 1.3 687.5980224609375 172.30213928222656 730.4712524414062 285.5928955078125 1.747153639793396 0.6284482479095459 0.8177626729011536 1.6655540466308594 1.5854662656784058 11.260537147521973 1.4469394116671301 0.8077998161315918
Pedestrian -1 -1 1.09 819.2193603515625 168.87001037597656 849.4719848632812 250.354248046875 1.7473626136779785 0.6346073150634766 0.5395936369895935 5.057173252105713 1.4719854593276978 15.722729682922363 1.4011668134034885 0.8050279021263123
Pedestrian -1 -1 1.66 716.3099975585938 174.54763793945312 758.7893676757812 283.4201354980469 1.6932588815689087 0.6235014200210571 0.7831181287765503 2.2075705528259277 1.5950254797935486 11.580255508422852 1.846443364175152 0.7743620872497559
Pedestrian -1 -1 1.68 776.2498779296875 162.45468139648438 806.1870727539062 248.68807983398438 1.8636341094970703 0.649955153465271 0.7416087985038757 4.427303314208984 1.5139233469963074 16.632360458374023 1.938112000104228 0.7363221049308777
Pedestrian -1 -1 2.53 643.025390625 173.6079559326172 668.9196166992188 238.8804473876953 1.7244341373443604 0.6294107437133789 0.8718481659889221 1.428826093673706 1.5025021433830261 19.139881134033203 2.608426164679658 0.7178647518157959
Pedestrian -1 -1 1.16 391.8262634277344 172.40830993652344 425.91015625 261.2842712402344 1.6587384939193726 0.5777345299720764 0.43741393089294434 -3.588622808456421 1.501189649105072 13.542640686035156 0.90517716691663 0.7029348015785217
Pedestrian -1 -1 1.29 752.4894409179688 168.5761260986328 784.7443237304688 252.8156280517578 1.756673812866211 0.6644591689109802 0.788094162940979 3.541459560394287 1.5077970623970032 15.22746467590332 1.5199003761738696 0.6472357511520386
Pedestrian -1 -1 2.13 6.398757457733154 175.28395080566406 112.71631574630737 368.8317565917969 1.7500896453857422 0.6484631299972534 0.4699666202068329 -3.8459527492523193 1.7240785956382751 4.9103240966796875 1.4625116607964435 0.5730281472206116
Pedestrian -1 -1 0.83 4.433175563812256 190.76100158691406 176.4642424583435 369.5837097167969 1.6031852960586548 0.6570117473602295 0.6764718294143677 -2.833724021911621 1.5913594365119934 3.8148396015167236 0.19335035895575903 0.5450445413589478
Pedestrian -1 -1 0.97 -0.6482688188552856 179.8256072998047 143.5226753950119 370.00830078125 1.6551827192306519 0.6562701463699341 0.49943506717681885 -3.137007236480713 1.6554609537124634 4.191333770751953 0.3321297105536871 0.5241062045097351
Pedestrian -1 -1 1.41 698.1868286132812 171.04263305664062 744.59033203125 289.3354187011719 1.711647868156433 0.6358827352523804 0.9367340207099915 1.8890396356582642 1.5746471881866455 11.169017791748047 1.5793854845191087 0.5193843841552734
Cyclist -1 -1 1.32 864.298828125 205.7942352294922 1037.080810546875 358.67156982421875 1.6072592735290527 0.5674610733985901 1.634680986404419 2.7208054065704346 1.664858102798462 5.443502902984619 1.7877856291691625 0.5097500681877136
Pedestrian -1 -1 1.42 769.1195678710938 162.81451416015625 803.5182495117188 251.56878662109375 1.8511825799942017 0.6143743991851807 0.878652036190033 4.195042133331299 1.5428172945976257 16.19507598876953 1.6766445878663694 0.46028709411621094
Pedestrian -1 -1 1.79 757.486083984375 167.4282684326172 792.1689453125 250.07669067382812 1.7880921363830566 0.6257514357566833 0.8506820797920227 3.849686861038208 1.5036031603813171 15.90606689453125 2.027335099351645 0.44195878505706787
Pedestrian -1 -1 2.1 650.1803588867188 174.08946228027344 677.6264038085938 241.37364196777344 1.7691106796264648 0.6423462629318237 0.9192929863929749 1.6489171981811523 1.5324097871780396 18.54366683959961 2.1861404324944163 0.4413692057132721
Pedestrian -1 -1 1.54 725.4325561523438 169.19583129882812 765.3970947265625 266.5062255859375 1.7496273517608643 0.7051717638969421 0.8791605830192566 2.6774611473083496 1.5240758061408997 12.817333221435547 1.7504506167267575 0.4353000521659851
Cyclist -1 -1 -1.99 1.1515923738479614 192.69973754882812 185.50344479084015 369.8835754394531 1.6746772527694702 0.575200617313385 1.5768208503723145 -2.83065128326416 1.6161326169967651 3.7088558673858643 -2.6376771962073953 0.42010289430618286
Pedestrian -1 -1 1.74 3.8374078273773193 174.86859130859375 89.37733244895935 378.5191345214844 1.7278980016708374 0.6520618796348572 0.6576964855194092 -3.4055917263031006 1.6158936023712158 4.303258895874023 1.0676315656992728 0.41929396986961365
Pedestrian -1 -1 1.64 720.2550048828125 170.87510681152344 757.3345336914062 264.5898742675781 1.8077102899551392 0.6657695174217224 0.7902652621269226 2.586531162261963 1.5478094220161438 13.49890422821045 1.833386706312817 0.41525042057037354
Pedestrian -1 -1 1.69 746.8458862304688 171.61636352539062 780.7975463867188 260.6192626953125 1.7551331520080566 0.628950834274292 0.7072908878326416 3.5227067470550537 1.5690231323242188 15.387554168701172 1.919096863077141 0.4002976715564728
Pedestrian -1 -1 1.63 704.8535766601562 168.7617950439453 750.5926513671875 283.07525634765625 1.7361831665039062 0.6630033850669861 0.8457582592964172 2.0339066982269287 1.54446679353714 11.314546585083008 1.8120356485543683 0.3906184732913971
Cyclist -1 -1 2.17 389.5586853027344 173.95924377441406 428.9879455566406 261.0920715332031 1.628038763999939 0.5821347832679749 1.667080044746399 -3.8441991806030273 1.5131435990333557 14.628007888793945 1.9085053967904928 0.38831639289855957
Pedestrian -1 -1 0.26 2.452857255935669 198.96644592285156 225.9864571094513 374.2559509277344 1.5637516975402832 0.5652749538421631 0.6143917441368103 -2.8895320892333984 1.6044433116912842 4.041103363037109 -0.36323553709994627 0.3691486120223999
Pedestrian -1 -1 1.92 4.136776924133301 180.14219665527344 71.62600421905518 372.07635498046875 1.6100553274154663 0.6428017616271973 0.6796070337295532 -3.549348831176758 1.5491744875907898 4.351714611053467 1.2405267103084636 0.360904723405838
Pedestrian -1 -1 1.85 682.0827026367188 168.3815155029297 725.7653198242188 279.0389404296875 1.7677491903305054 0.7465354204177856 0.9781904816627502 1.6660258769989014 1.55630624294281 11.474929809570312 1.9954577706748164 0.3589392602443695
Pedestrian -1 -1 2.0 656.883056640625 174.445556640625 683.5142822265625 242.41053771972656 1.643132209777832 0.6917086243629456 0.8895487189292908 1.7114498615264893 1.5179172158241272 18.966899871826172 2.085072841165619 0.35312697291374207
Pedestrian -1 -1 2.64 647.0643310546875 172.7684326171875 674.0865478515625 244.62362670898438 1.7099889516830444 0.6667690873146057 0.7271257042884827 1.55171537399292 1.5056040287017822 18.954408645629883 2.7167916419696274 0.3519373834133148
Pedestrian -1 -1 1.78 4.860906600952148 176.29527282714844 55.17097282409668 369.3507080078125 1.7179033756256104 0.6391276121139526 0.6272416710853577 -3.4885635375976562 1.6019967794418335 4.316722393035889 1.0963254325842797 0.3497009575366974
Pedestrian -1 -1 1.74 741.4396362304688 171.1207733154297 778.197021484375 268.5068359375 1.7778217792510986 0.6319805383682251 0.8493894934654236 3.43180251121521 1.6738271117210388 15.254785537719727 1.9634114604861788 0.33187684416770935
Pedestrian -1 -1 1.76 692.0842895507812 170.8318634033203 735.3712158203125 276.1458435058594 1.7455812692642212 0.7139877080917358 0.9567834734916687 1.9089832305908203 1.534263253211975 11.720768928527832 1.9259607721790157 0.32839447259902954
Pedestrian -1 -1 1.65 731.4016723632812 170.98419189453125 772.2236328125 269.9197692871094 1.753749132156372 0.664347767829895 0.8344276547431946 3.2027761936187744 1.5741783380508423 14.444417953491211 1.871462049604486 0.3283681273460388
Cyclist -1 -1 0.18 -8.484466552734375 192.90049743652344 235.405029296875 375.552490234375 1.6103633642196655 0.5262985229492188 1.5693243741989136 -2.8426284790039062 1.668030858039856 3.815329074859619 -0.46268609135078487 0.2889786660671234
Pedestrian -1 -1 1.31 813.041259765625 170.21420288085938 847.6304931640625 247.3000030517578 1.7540287971496582 0.6334561705589294 0.7651284337043762 5.097570419311523 1.4957905411720276 16.115089416503906 1.61768929256891 0.2815699875354767
Pedestrian -1 -1 1.57 7.923900127410889 172.75344848632812 46.04379987716675 368.2838134765625 1.7394897937774658 0.6927549242973328 0.63518226146698 -3.6390626430511475 1.6331392526626587 4.432976722717285 0.8787426792013839 0.2802589237689972
Pedestrian -1 -1 1.89 867.4732055664062 205.3190460205078 1038.697998046875 356.6897888183594 1.5111541748046875 0.5546080470085144 0.64158695936203 2.6981940269470215 1.5676048398017883 5.443576335906982 2.3514077900435773 0.27261391282081604
Pedestrian -1 -1 1.57 739.2438354492188 173.19573974609375 771.3316040039062 259.6457214355469 1.6710447072982788 0.6329752802848816 0.8259690999984741 3.3444182872772217 1.527083158493042 15.2880859375 1.7825144415045129 0.2714862525463104
Cyclist -1 -1 3.13 436.8020324707031 171.6401824951172 468.6092529296875 256.69390869140625 1.6220568418502808 0.5364571213722229 1.646789312362671 -3.1003365516662598 1.4774690866470337 15.377965927124023 2.9271216740910067 0.2688252031803131
Cyclist -1 -1 -1.59 718.3240356445312 173.1361541748047 761.6099243164062 283.835205078125 1.692188024520874 0.5393794178962708 1.6359316110610962 2.201085329055786 1.563953936100006 11.673376083374023 -1.4014037580964338 0.26843392848968506
Pedestrian -1 -1 1.32 29.052553176879883 215.96792602539062 167.56424140930176 366.273193359375 1.3337687253952026 0.5369325876235962 0.5522648096084595 -2.9882678985595703 1.5100318789482117 4.189617156982422 0.7033545314207341 0.26690948009490967
Pedestrian -1 -1 1.97 7.4467082023620605 171.0791778564453 63.36957502365112 354.3343811035156 1.6972925662994385 0.7125976085662842 0.7385320663452148 -3.7860207557678223 1.5557786226272583 4.674543857574463 1.285738706283997 0.2586769163608551
Pedestrian -1 -1 1.44 681.3214721679688 171.15660095214844 715.125 272.635498046875 1.6589866876602173 0.6443250179290771 0.8627148866653442 1.6907246112823486 1.4755337834358215 12.190119743347168 1.5741330445197619 0.25815677642822266
Pedestrian -1 -1 1.55 734.3607177734375 178.11001586914062 763.115478515625 257.72314453125 1.6049028635025024 0.5656408667564392 0.7545389533042908 3.234755277633667 1.517333447933197 15.542221069335938 1.7514771250202852 0.25270193815231323
Cyclist -1 -1 -1.81 645.2151489257812 173.19960021972656 669.868408203125 242.85791015625 1.7032864093780518 0.5465193390846252 1.7284666299819946 1.5612027645111084 1.5123614072799683 19.571704864501953 -1.7319201162358446 0.2526695430278778
Pedestrian -1 -1 2.11 709.7594604492188 160.66729736328125 758.4708251953125 287.39532470703125 1.7542556524276733 0.6607158780097961 0.8584088683128357 2.0697684288024902 1.5178555250167847 11.213595390319824 2.2885697300237045 0.25205862522125244
Pedestrian -1 -1 1.09 1.94319748878479 166.6214141845703 197.4266722202301 358.52508544921875 1.7220243215560913 0.6478321552276611 0.7613529562950134 -2.93556809425354 1.6237653493881226 3.976743698120117 0.4578569372135717 0.2514299750328064
Pedestrian -1 -1 1.25 759.4385375976562 170.21815490722656 798.2551879882812 263.6363220214844 1.822468876838684 0.6587411165237427 0.7793991565704346 3.9421164989471436 1.5261224508285522 15.403523445129395 1.4994050494812017 0.24351108074188232
Cyclist -1 -1 -1.52 682.1387939453125 174.97006225585938 727.9661254882812 286.0235290527344 1.7141624689102173 0.5418311953544617 1.6983237266540527 1.7259799242019653 1.5644775032997131 11.584680557250977 -1.3698464735618616 0.23790352046489716
Pedestrian -1 -1 1.38 782.5426025390625 164.9581298828125 815.8126220703125 246.7720184326172 1.740037441253662 0.6107668876647949 0.7770954370498657 4.573545932769775 1.430932879447937 16.236038208007812 1.6520472322504363 0.23632122576236725
Pedestrian -1 -1 1.43 772.904052734375 171.1090087890625 810.4197998046875 255.60166931152344 1.8113112449645996 0.6610133647918701 0.8014006018638611 4.312380790710449 1.500899314880371 16.174747467041016 1.692597979096977 0.22780780494213104
Cyclist -1 -1 -1.81 816.0966186523438 167.67471313476562 849.7176513671875 248.52670288085938 1.7387988567352295 0.5481357574462891 1.7159703969955444 5.260422706604004 1.444977343082428 16.319149017333984 -1.4941609659506963 0.2253570556640625
Cyclist -1 -1 1.85 -3.921173572540283 166.71005249023438 199.97074842453003 360.08636474609375 1.7466508150100708 0.679892361164093 1.740375280380249 -3.0667879581451416 1.6556869149208069 4.158872127532959 1.21925536187144 0.22427672147750854
Pedestrian -1 -1 1.49 763.8352661132812 166.06988525390625 797.5658569335938 247.9302215576172 1.8582342863082886 0.655858039855957 0.8504670262336731 4.134203910827637 1.5162829756736755 16.232765197753906 1.7352293321575258 0.22368919849395752
Pedestrian -1 -1 1.76 745.0947875976562 178.56390380859375 770.5633544921875 254.66468811035156 1.5683715343475342 0.5570577383041382 0.790594756603241 3.3920207023620605 1.4974657893180847 15.533651351928711 1.9740856733757095 0.22299574315547943
Pedestrian -1 -1 2.08 750.2091674804688 176.1846160888672 778.7579956054688 255.30889892578125 1.6200910806655884 0.5793100595474243 0.7980261445045471 3.423297166824341 1.527976632118225 15.26292896270752 2.3043550927383265 0.22212456166744232
Pedestrian -1 -1 1.56 773.0625610351562 167.68887329101562 801.998779296875 244.8048553466797 1.6939224004745483 0.5790812969207764 0.8295369744300842 4.229883193969727 1.4488557577133179 16.588851928710938 1.8145671959391771 0.2206367701292038
Pedestrian -1 -1 1.18 673.966064453125 171.5098419189453 707.8121337890625 265.046142578125 1.7531282901763916 0.7456716299057007 0.9029090404510498 1.6328322887420654 1.5160323977470398 12.688375473022461 1.3036553694764486 0.21986933052539825
Cyclist -1 -1 2.04 392.270263671875 170.22061157226562 422.4943542480469 260.6746826171875 1.644063115119934 0.6153398156166077 1.7039813995361328 -3.8148369789123535 1.533309519290924 14.164758682250977 1.7727739414729724 0.21835529804229736
Pedestrian -1 -1 2.33 5.29849910736084 205.6588592529297 124.51920986175537 375.03387451171875 1.450953483581543 0.5699443221092224 0.6099497675895691 -3.5437092781066895 1.6334519386291504 4.646858215332031 1.682973762841863 0.21765486896038055
Pedestrian -1 -1 1.12 785.1180419921875 164.20179748535156 823.6079711914062 245.34800720214844 1.7581279277801514 0.6263210773468018 0.7796704769134521 4.710357666015625 1.4405484795570374 16.11405372619629 1.4085781375953381 0.21605226397514343
Pedestrian -1 -1 1.96 685.9484252929688 166.49685668945312 739.0250244140625 291.7685546875 1.763242483139038 0.6539618968963623 0.8749992251396179 1.7216331958770752 1.481701672077179 10.945699691772461 2.1130209773676656 0.2160298079252243
Pedestrian -1 -1 1.04 824.7877807617188 171.2839813232422 852.6655883789062 247.52198791503906 1.6235499382019043 0.574798583984375 0.610266923904419 5.362368106842041 1.453187108039856 16.31759262084961 1.361957176517529 0.2155572772026062
Cyclist -1 -1 0.54 5.972966194152832 201.89208984375 282.8436326980591 370.9043884277344 1.522126317024231 0.5815919637680054 1.6858445405960083 -2.7036046981811523 1.5069558024406433 3.7365562915802 -0.08707781298265571 0.21276076138019562
Pedestrian -1 -1 2.07 11.297747611999512 171.8074188232422 81.54133892059326 355.6867980957031 1.693947672843933 0.695586621761322 0.7342662811279297 -3.6432931423187256 1.5394557118415833 4.582876682281494 1.397086541310136 0.21232739090919495
Car -1 -1 -3.11 864.298828125 205.7942352294922 1037.080810546875 358.67156982421875 1.447718620300293 1.5233663320541382 3.1755130290985107 3.1963703632354736 1.720834732055664 6.114242076873779 -2.633010879835293 0.21070247888565063
Car -1 -1 -0.81 27.72200584411621 207.409423828125 297.64281272888184 369.07891845703125 1.4627796411514282 1.5525383949279785 3.358473777770996 -2.9003467559814453 1.57975572347641 3.391918897628784 -1.5168979558659954 0.20775990188121796
Pedestrian -1 -1 2.42 20.86842918395996 164.80484008789062 71.53103446960449 294.10467529296875 1.8141289949417114 0.6807299256324768 0.6340248584747314 -7.686168193817139 1.6064786314964294 9.71695327758789 1.7550048407808632 0.2055135816335678
Pedestrian -1 -1 1.2 2.8506460189819336 195.69613647460938 46.089388847351074 380.23095703125 1.7021173238754272 0.6423256397247314 0.45935744047164917 -3.5993950366973877 1.6528432965278625 4.336034297943115 0.5051955984220768 0.205384761095047
Pedestrian -1 -1 1.9 678.908447265625 173.8389434814453 708.016845703125 255.46533203125 1.6229902505874634 0.683817446231842 0.8125630021095276 2.2070674896240234 1.4979184865951538 16.74593734741211 2.035543636284163 0.20520704984664917
Cyclist -1 -1 3.04 8.414475440979004 172.06175231933594 165.72999668121338 358.7619934082031 1.73600172996521 0.6634243130683899 1.6166605949401855 -2.7952380180358887 1.5273073315620422 3.6957669258117676 2.392364045674981 0.2042519897222519
Pedestrian -1 -1 1.5 728.43310546875 177.06739807128906 761.1590576171875 260.4867248535156 1.6164662837982178 0.5809336304664612 0.7268835306167603 3.0425007343292236 1.511974573135376 15.215633392333984 1.697721997733706 0.20319592952728271
Pedestrian -1 -1 -2.82 8.39880084991455 195.4464874267578 292.84338092803955 371.5543518066406 1.69148850440979 0.5455512404441833 0.8287754058837891 -2.4402403831481934 1.5486406683921814 3.649829626083374 2.877970729758095 0.1986510306596756
Pedestrian -1 -1 2.33 5.444392204284668 185.68331909179688 69.41278743743896 329.34063720703125 1.6888350248336792 0.6045274138450623 0.631257176399231 -4.364928245544434 1.5180739164352417 5.077467441558838 1.6247387963479607 0.19792751967906952
Pedestrian -1 -1 2.65 10.848775863647461 170.24032592773438 52.68387413024902 289.8968811035156 1.8143887519836426 0.5959804058074951 0.5325478315353394 -9.266633987426758 1.6181297898292542 11.588951110839844 1.9785845945001164 0.19731836020946503
Pedestrian -1 -1 1.91 2.985062599182129 181.65542602539062 36.144497871398926 361.69110107421875 1.5821932554244995 0.6183188557624817 0.6329629421234131 -3.816045045852661 1.5384870767593384 4.473080158233643 1.2077560060890509 0.1956430971622467
Pedestrian -1 -1 1.8 663.3912353515625 176.13858032226562 689.2314453125 241.74769592285156 1.6140929460525513 0.6500396132469177 0.7940241694450378 1.9290013313293457 1.5057462453842163 19.152652740478516 1.8968409673506805 0.195323646068573
Pedestrian -1 -1 1.45 733.9458618164062 169.14015197753906 770.5656127929688 252.9747314453125 1.8109933137893677 0.6513457894325256 0.8112670183181763 3.283090591430664 1.5135428309440613 15.259390830993652 1.6608905146791262 0.1946321278810501
Pedestrian -1 -1 2.7 16.584104537963867 179.7959442138672 137.4378490447998 345.72113037109375 1.7347352504730225 0.6799774169921875 0.7951681613922119 -3.1188318729400635 1.5477687120437622 4.237253189086914 2.064202154122098 0.19302932918071747
Pedestrian -1 -1 1.41 791.4762573242188 167.0967254638672 830.6094360351562 249.82705688476562 1.792514681816101 0.64931720495224 0.8383486270904541 4.620884895324707 1.4835891723632812 16.20659065246582 1.6895962823512258 0.19146078824996948
Pedestrian -1 -1 1.64 -9.251029014587402 169.3382568359375 96.62080478668213 358.8775634765625 1.7090239524841309 0.6393936276435852 0.77372807264328 -3.255284070968628 1.5865271091461182 3.9842398166656494 0.9518512962078249 0.19027122855186462
Pedestrian -1 -1 1.31 805.5384521484375 172.11502075195312 844.0717163085938 248.98971557617188 1.770349383354187 0.6421306133270264 0.762414276599884 4.921085357666016 1.504443347454071 15.988016128540039 1.6086716555019631 0.1885378062725067
Pedestrian -1 -1 1.92 673.9571533203125 174.4188232421875 699.4385375976562 246.92552185058594 1.590314269065857 0.6857913732528687 0.7334418892860413 2.337482452392578 1.522331714630127 19.736907958984375 2.0342203036919004 0.1866631954908371
Pedestrian -1 -1 1.85 666.055908203125 172.61314392089844 695.9872436523438 252.68582153320312 1.7074434757232666 0.6965837478637695 0.926899254322052 1.8262237310409546 1.5904686450958252 16.733661651611328 1.9543058267439202 0.18636319041252136
Pedestrian -1 -1 0.25 1109.547607421875 80.66021728515625 1215.0184326171875 290.870849609375 2.140137195587158 0.7452368140220642 0.8093860149383545 6.673843860626221 1.5267316699028015 8.15848445892334 0.9374690940181543 0.1815352737903595
Car -1 -1 -0.9 -11.015815734863281 191.12673950195312 226.77965545654297 372.5589599609375 1.601782202720642 1.5321933031082153 3.433367967605591 -3.969639301300049 1.7571642994880676 4.424309730529785 -1.6277114350868356 0.18066854774951935
Pedestrian -1 -1 1.68 719.4774780273438 172.73672485351562 765.540771484375 254.47015380859375 1.69516122341156 0.6764766573905945 0.906293511390686 3.161068916320801 1.4825276732444763 15.494123458862305 1.883063218007016 0.17985545098781586
Pedestrian -1 -1 2.68 2.2285969257354736 182.74928283691406 47.260682344436646 345.8162536621094 1.6486294269561768 0.6840376853942871 0.7117000818252563 -3.8782708644866943 1.4590743780136108 4.714196681976318 1.9872701629360767 0.177193745970726
Pedestrian -1 -1 2.13 4.821277141571045 203.9641571044922 74.78443479537964 348.9982604980469 1.6584949493408203 0.5372017621994019 0.6348097920417786 -4.144021511077881 1.674462378025055 4.785109996795654 1.4153513653062184 0.17639681696891785
Pedestrian -1 -1 1.45 676.82568359375 170.65760803222656 717.4111938476562 259.0028381347656 1.7914893627166748 0.6951354146003723 0.9018701314926147 1.7753171920776367 1.4940959811210632 13.37971019744873 1.5776163069487934 0.16772425174713135
Pedestrian -1 -1 -3.04 -2.065474033355713 185.863037109375 41.9105544090271 359.046142578125 1.55793035030365 0.6609669327735901 0.7103906273841858 -3.549894332885742 1.4983150959014893 4.134200572967529 2.5334902528773924 0.16562394797801971
Pedestrian -1 -1 1.86 656.9900512695312 174.6686248779297 690.9905395507812 253.75982666015625 1.637764811515808 0.6524870991706848 0.7543190717697144 1.7203829288482666 1.5603448152542114 17.338348388671875 1.958996509168128 0.14513544738292694
Pedestrian -1 -1 2.23 23.835268020629883 163.14443969726562 78.57579231262207 308.13055419921875 1.9361180067062378 0.7752394676208496 0.756788969039917 -6.326333999633789 1.703125 8.135650634765625 1.5720436372852653 0.12340962886810303