Pedestrian -1 -1 3.04 829.1651611328125 194.24752807617188 863.3721923828125 291.6817626953125 1.4170280694961548 0.5084015130996704 0.30367788672447205 3.612055540084839 1.6027796268463135 10.542801856994629 -2.917287653721397 0.6232951879501343
Pedestrian -1 -1 -1.92 825.329833984375 195.10467529296875 859.1992797851562 298.386474609375 1.5373502969741821 0.5481878519058228 0.48821887373924255 3.318474531173706 1.6185477375984192 9.86707878112793 -1.5994369237213881 0.4813058078289032
Cyclist -1 -1 2.21 482.3416748046875 170.4262237548828 533.2781372070312 260.552490234375 1.7078789472579956 0.5985611081123352 1.8115038871765137 -2.049534320831299 1.6290156245231628 15.795747756958008 2.081548839495488 0.4473143219947815
Pedestrian -1 -1 0.91 -2.3264293670654297 193.01910400390625 199.81706428527832 367.58148193359375 1.6154404878616333 0.6842355728149414 0.725993275642395 -2.5614871978759766 1.7039352655410767 3.3106536865234375 0.256192235022878 0.439543753862381
Pedestrian -1 -1 2.98 492.8993835449219 175.40463256835938 523.8462524414062 259.6433410644531 1.6306108236312866 0.5939745306968689 0.8569861650466919 -1.8846523761749268 1.5301851630210876 14.723440170288086 2.8533493456658263 0.3974904417991638
Pedestrian -1 -1 2.86 854.7996826171875 183.31944274902344 959.6122436523438 326.3136291503906 1.6138503551483154 0.5723963379859924 0.4004261791706085 3.5756943225860596 1.6104272603988647 8.392995834350586 -3.022817022025169 0.39714673161506653
Pedestrian -1 -1 -2.28 870.0977783203125 186.2734832763672 939.5693359375 314.7923889160156 1.5749479532241821 0.5764332413673401 0.367270827293396 3.6567342281341553 1.5870086550712585 8.649431228637695 -1.8792655963466025 0.3768565356731415
Cyclist -1 -1 2.28 485.6541748046875 175.272705078125 526.0674438476562 258.1231384277344 1.6890188455581665 0.58339923620224 1.739264965057373 -2.0706117153167725 1.6062387228012085 15.740374565124512 2.147962396343548 0.3293638229370117
Cyclist -1 -1 -0.58 638.271240234375 169.98487854003906 657.4793090820312 215.56423950195312 1.7562024593353271 0.6022056341171265 1.8484854698181152 1.9136717319488525 1.2697748243808746 28.14594841003418 -0.5130780975966509 0.29428207874298096
Pedestrian -1 -1 2.48 638.29736328125 169.1366729736328 658.2560424804688 216.28219604492188 1.7591497898101807 0.6085774898529053 0.7901226878166199 1.8685331344604492 1.2959149777889252 27.92324447631836 2.5516441719297047 0.28632789850234985
Pedestrian -1 -1 1.77 488.0310974121094 169.2208251953125 529.9226684570312 262.3265075683594 1.6328593492507935 0.5897495150566101 0.6835569739341736 -1.9536876678466797 1.5434281826019287 15.178936004638672 1.6408964380135354 0.2843930721282959
Pedestrian -1 -1 1.21 726.36865234375 185.96792602539062 761.890380859375 262.522216796875 1.6014857292175293 0.5894231796264648 0.5274823904037476 2.7059226036071777 1.5314984321594238 13.295980453491211 1.4137560745279014 0.27876928448677063
Pedestrian -1 -1 -2.64 833.4125366210938 188.17710876464844 860.5137329101562 289.87396240234375 1.5410447120666504 0.5565460920333862 0.5174973607063293 3.4566218852996826 1.5249559879302979 9.958572387695312 -2.303674410445744 0.2720063328742981
Pedestrian -1 -1 2.86 831.2408447265625 195.1453399658203 873.1771850585938 307.0367126464844 1.5229610204696655 0.5749198198318481 0.5633241534233093 3.602478265762329 1.6558756232261658 10.242194175720215 -3.0810359808055487 0.2653142511844635
Cyclist -1 -1 -2.34 -9.414055824279785 197.77102661132812 237.63251399993896 374.93505859375 1.716278076171875 0.5656105279922485 1.56879723072052 -2.3717033863067627 1.629044771194458 2.975794792175293 -3.012076110488459 0.2595025300979614
Car -1 -1 2.03 -3.924186944961548 161.62359619140625 243.40848517417908 378.0335998535156 1.8006885051727295 1.7591363191604614 4.390094757080078 -3.406687021255493 1.6383031010627747 2.736102819442749 1.140333126374336 0.24944394826889038
Cyclist -1 -1 1.6 726.5106811523438 187.4882354736328 754.7716064453125 261.9581604003906 1.4686565399169922 0.557224452495575 1.5030858516693115 2.6601223945617676 1.497477114200592 14.111944198608398 1.7884290173884603 0.2404756247997284
Pedestrian -1 -1 1.1 733.7710571289062 185.60400390625 768.8335571289062 264.8590087890625 1.608655571937561 0.5813010931015015 0.538034200668335 2.8307299613952637 1.5356320142745972 12.981937408447266 1.3172285441403435 0.2363092303276062
Pedestrian -1 -1 -2.0 0.005071775056421757 178.24696350097656 144.4180051246658 373.5185546875 1.668701171875 0.5596449971199036 0.7202468514442444 -3.0626823902130127 1.759742259979248 3.473245143890381 -2.726459738917889 0.23448385298252106
Truck -1 -1 1.34 427.6926574707031 149.60342407226562 542.448486328125 219.28973388671875 3.0706632137298584 2.3729331493377686 7.337918758392334 -5.221288681030273 1.6992946714162827 31.806808471679688 1.1769215886310498 0.22834932804107666
Pedestrian -1 -1 1.75 23.92365264892578 214.98931884765625 184.13538360595703 366.9831237792969 1.659637212753296 0.6277086138725281 0.6962111592292786 -2.7862775325775146 1.775814175605774 3.817296028137207 1.1240234583553317 0.22666364908218384
Pedestrian -1 -1 1.98 738.9922485351562 190.80081176757812 777.3036499023438 271.12554931640625 1.5161068439483643 0.5483265519142151 0.6029604077339172 2.7699532508850098 1.6170365810394287 12.554361343383789 2.195689146253514 0.21365441381931305
Pedestrian -1 -1 1.67 733.86474609375 191.8685760498047 761.5014038085938 264.30029296875 1.4728413820266724 0.5283672213554382 0.577306866645813 2.683518648147583 1.5498005151748657 12.990006446838379 1.8700472674583306 0.20961792767047882
Pedestrian -1 -1 -2.37 879.5570678710938 187.63641357421875 949.482666015625 310.1934509277344 1.5529365539550781 0.5589361190795898 0.40669697523117065 3.9407098293304443 1.55038183927536 9.06192684173584 -1.9601276535282635 0.20865236222743988
Pedestrian -1 -1 1.93 750.496826171875 189.65603637695312 790.894775390625 272.8447570800781 1.509913444519043 0.5393071174621582 0.5939956903457642 2.9131076335906982 1.621417224407196 12.218812942504883 2.161362891986858 0.20030204951763153
Truck -1 -1 1.05 446.0184020996094 152.24404907226562 552.1588745117188 225.89505004882812 3.0223939418792725 2.331282615661621 6.954908847808838 -4.240460395812988 1.857332557439804 31.27433967590332 0.9155078050647631 0.1989453136920929
Pedestrian -1 -1 0.43 -1.4816529750823975 212.18972778320312 243.50229477882385 365.9435729980469 1.6061217784881592 0.6636947989463806 0.7443782091140747 -2.1383683681488037 1.5884830951690674 2.9845032691955566 -0.1963754147349528 0.19580572843551636
Car -1 -1 2.47 -13.17623519897461 193.93780517578125 212.6571388244629 370.562255859375 1.560336709022522 1.6063063144683838 3.705453395843506 -2.953843116760254 1.827383577823639 2.4140779972076416 1.5837695867601802 0.1945444941520691
Cyclist -1 -1 1.49 446.0184020996094 152.24404907226562 552.1588745117188 225.89505004882812 1.757258653640747 0.7313390970230103 2.103842258453369 -2.288205146789551 1.4259368777275085 17.025266647338867 1.355771833877128 0.1746746152639389
Truck -1 -1 0.84 436.5595397949219 146.2224884033203 559.3126831054688 215.88095092773438 3.0750458240509033 2.447415351867676 6.718644618988037 -4.226405143737793 1.5922981686890125 31.597314834594727 0.7030713951101291 0.17228713631629944
Van -1 -1 2.47 -4.416406631469727 122.85276794433594 258.3086910247803 385.5026092529297 2.203280448913574 1.849174976348877 5.229662895202637 -1.9515244960784912 1.4160775542259216 1.6190303564071655 1.5963786032496756 0.16855397820472717
Cyclist -1 -1 2.01 -9.272076606750488 150.6751708984375 291.8863401412964 383.2828674316406 1.5212092399597168 0.608538806438446 1.6990748643875122 -2.4207873344421387 1.3673113584518433 2.9130232334136963 1.3197662657296583 0.16055193543434143