Car -1 -1 -1.95 759.2778930664062 166.48643493652344 1043.5787353515625 335.55499267578125 1.5150636434555054 1.6601163148880005 4.2011847496032715 3.1018548011779785 1.5286425352096558 8.752004623413086 -1.6061701067459513 0.8896743655204773
Car -1 -1 2.25 2.1562600135803223 179.14413452148438 293.9869484901428 374.8238525390625 1.690261960029602 1.6522185802459717 4.164539813995361 -4.261740207672119 1.7825947999954224 5.478914260864258 1.5904394882521684 0.8318636417388916
Car -1 -1 -2.36 940.739990234375 177.33018493652344 1241.4063720703125 374.7947082519531 1.5287984609603882 1.5885547399520874 3.856316566467285 3.0711286067962646 1.6393269300460815 3.094374179840088 -1.5734969853986343 0.8224599957466125
Van -1 -1 -1.83 672.9385986328125 107.45667266845703 832.0174560546875 249.07465362548828 2.5817410945892334 2.0238678455352783 5.74739933013916 2.895508050918579 1.3567757830023766 16.750905990600586 -1.6578398809627553 0.7865349054336548
Car -1 -1 -1.69 635.2954711914062 175.1314697265625 672.6056518554688 205.09356689453125 1.5587236881256104 1.6003990173339844 3.601332664489746 2.2518563270568848 1.6845759749412537 39.513702392578125 -1.6310340404934642 0.7117851376533508
Car -1 -1 -1.84 482.52166748046875 179.4070281982422 521.517822265625 208.30728149414062 1.5107805728912354 1.636093020439148 4.146602153778076 -6.001602649688721 1.9043103456497192 40.31809997558594 -1.9890322757675154 0.7091583013534546
Car -1 -1 -1.65 661.5109252929688 172.34420776367188 726.054931640625 221.20223999023438 1.5594608783721924 1.6784223318099976 3.9487414360046387 2.8904402256011963 1.569927453994751 25.841266632080078 -1.5379861021417884 0.6770057678222656
Car -1 -1 -1.71 666.0109252929688 168.23971557617188 742.2009887695312 226.2977294921875 1.819420337677002 1.7523785829544067 3.9654009342193604 3.04960036277771 1.656230866909027 24.238025665283203 -1.5829934109752575 0.6204240918159485
Truck -1 -1 -1.81 674.6009521484375 103.59716796875 830.8626098632812 254.47645568847656 3.2476727962493896 2.4829506874084473 7.537405490875244 3.275347948074341 1.6895889267325401 18.876205444335938 -1.6384431727697484 0.5882925987243652
Car -1 -1 1.84 580.6463623046875 176.2689666748047 605.3226318359375 196.5061798095703 1.560036540031433 1.6495118141174316 3.490375518798828 -1.3713854551315308 1.8299440741539001 56.101139068603516 1.815140219929182 0.47967156767845154
Car -1 -1 -1.72 667.900390625 162.90805053710938 756.5632934570312 228.0067901611328 1.8607823848724365 1.7491482496261597 3.9956440925598145 3.0502679347991943 1.6445403695106506 24.064857482910156 -1.5938166182808384 0.44753730297088623
Car -1 -1 -2.22 911.7597045898438 117.49010467529297 1234.86865234375 364.0398178100586 1.6499749422073364 1.5709407329559326 3.8530662059783936 2.59542179107666 1.3214042484760284 2.8000972270965576 -1.4751695752751859 0.3792877495288849
Car -1 -1 -1.65 656.787353515625 173.7778778076172 714.07421875 215.55665588378906 1.537107229232788 1.6590453386306763 3.8722379207611084 2.9496190547943115 1.5706007480621338 28.67789077758789 -1.5435105249471013 0.37283098697662354
Car -1 -1 1.38 608.548828125 172.83071899414062 635.81982421875 199.19200134277344 1.6174075603485107 1.555787205696106 3.4161031246185303 0.7728623151779175 1.7571505308151245 48.01385498046875 1.4001023261743422 0.35995200276374817
Car -1 -1 -1.76 682.4024658203125 146.93484497070312 815.9002685546875 249.45318603515625 1.912716031074524 1.7521418333053589 4.5361785888671875 3.0240139961242676 1.5350343585014343 17.50215721130371 -1.5929013804534264 0.3368891477584839
Van -1 -1 -1.73 660.1044311523438 154.75144958496094 755.37841796875 226.53977966308594 2.0840377807617188 1.9077645540237427 5.310196399688721 3.303086042404175 1.5738461017608643 24.188661575317383 -1.5935257343929994 0.25219160318374634
Car -1 -1 -1.73 677.5488891601562 158.1597442626953 779.852783203125 235.21066284179688 1.7436286211013794 1.6900124549865723 4.184713363647461 3.3732666969299316 1.6359078288078308 22.393325805664062 -1.5837066921230285 0.25169965624809265
Car -1 -1 -2.31 934.1715087890625 158.64498901367188 1182.4007568359375 363.55780029296875 1.588810920715332 1.5774983167648315 3.605839490890503 2.714603900909424 1.5208637118339539 3.0043697357177734 -1.570270971811266 0.24700503051280975
Van -1 -1 -1.82 675.515625 128.5753631591797 809.50244140625 238.35108947753906 2.480149745941162 2.0916452407836914 5.972545623779297 3.0115089416503906 1.421393170952797 18.447446823120117 -1.655431944097142 0.24536383152008057
Car -1 -1 -1.04 627.0432739257812 172.6946258544922 662.33642578125 202.4378204345703 1.552696704864502 1.533894658088684 3.4672272205352783 2.2181990146636963 1.6888810992240906 39.89165496826172 -0.9840292378199287 0.24153904616832733
Van -1 -1 -1.74 658.4762573242188 171.17892456054688 733.446044921875 222.71400451660156 1.755962610244751 1.7593525648117065 4.665648460388184 3.063823699951172 1.6376965045928955 24.96463394165039 -1.6144016557850849 0.24067622423171997
Car -1 -1 -2.22 884.1339111328125 157.12059020996094 1214.1934814453125 350.15057373046875 1.475893259048462 1.5755870342254639 3.7077038288116455 2.6434051990509033 1.3268609046936035 3.171562433242798 -1.5210356564076086 0.23374512791633606
Car -1 -1 -1.81 674.7734985351562 118.68658447265625 828.3378295898438 247.5834197998047 1.974089503288269 1.8401896953582764 4.564906597137451 2.9338865280151367 1.362710952758789 16.31791877746582 -1.6302720547980005 0.2332199364900589
Car -1 -1 -1.64 644.6671142578125 175.16317749023438 694.25537109375 213.11338806152344 1.5851176977157593 1.6246455907821655 3.6176466941833496 2.5798795223236084 1.659540832042694 34.01392364501953 -1.5665146054857217 0.23193471133708954
Car -1 -1 2.24 31.4715633392334 172.79544067382812 276.6958980560303 351.326904296875 1.6898016929626465 1.5946704149246216 3.937030076980591 -4.289843559265137 1.7322469353675842 5.766678810119629 1.6006753458821414 0.2226543426513672
Van -1 -1 -1.78 682.4024658203125 146.93484497070312 815.9002685546875 249.45318603515625 2.0636613368988037 1.890504002571106 5.037153244018555 3.018760919570923 1.5462135076522827 17.271379470825195 -1.6113134581614936 0.22134234011173248
Car -1 -1 -0.39 614.2222290039062 173.42247009277344 642.3662719726562 199.404541015625 1.5031518936157227 1.5691742897033691 3.553476095199585 1.2950996160507202 1.6624848246574402 47.49699783325195 -0.36478791466749794 0.21631452441215515
Van -1 -1 -1.68 905.6314697265625 96.83704376220703 1212.4061279296875 332.34449005126953 2.3850951194763184 1.9147435426712036 4.449768543243408 4.666193962097168 1.5536487698554993 6.751891613006592 -1.079894662036267 0.2098810225725174
Van -1 -1 -1.73 663.9158935546875 142.58018493652344 777.3746948242188 232.7070770263672 2.1677818298339844 1.9082330465316772 5.380745887756348 3.23766827583313 1.544349879026413 21.891653060913086 -1.5783159603396646 0.20780901610851288
Pedestrian -1 -1 2.27 666.6510009765625 168.98609924316406 740.4917602539062 226.447509765625 1.7864576578140259 0.6573728322982788 0.829663097858429 2.411323308944702 1.5576720237731934 18.299095153808594 2.397472478631726 0.2047601044178009
Car -1 -1 -1.71 663.9158935546875 142.58018493652344 777.3746948242188 232.7070770263672 1.9393492937088013 1.8031476736068726 4.4402360916137695 3.1101386547088623 1.552891194820404 23.17201805114746 -1.5800961948191565 0.20174358785152435
Car -1 -1 -2.0 793.84423828125 139.98568725585938 1133.1234130859375 335.5254821777344 1.6395115852355957 1.6464319229125977 4.074775695800781 3.9377760887145996 1.6610637307167053 9.922760963439941 -1.623005290126395 0.20089620351791382
Car -1 -1 -1.73 669.97607421875 175.8909912109375 738.6677856445312 229.6776885986328 1.5431418418884277 1.6417560577392578 3.908552646636963 3.188434362411499 1.7024198174476624 24.525653839111328 -1.597894139593083 0.199428528547287
Car -1 -1 2.29 -1.4417378902435303 204.9917755126953 104.76757454872131 327.0940246582031 1.3873510360717773 1.4586094617843628 3.194179058074951 -7.981477737426758 1.8320339918136597 8.481473922729492 1.5356467364043471 0.1984221488237381
Car -1 -1 -2.06 817.9990844726562 178.4586944580078 1172.285888671875 354.44158935546875 1.4806045293807983 1.6436893939971924 4.048617839813232 3.5233802795410156 1.6793225407600403 5.483675956726074 -1.4840383129275683 0.19034363329410553
Car -1 -1 -1.73 672.9520874023438 173.22006225585938 749.1189575195312 233.5867156982422 1.5332221984863281 1.6135990619659424 3.9644012451171875 3.3285632133483887 1.696014940738678 24.11216926574707 -1.589875602444657 0.1883540153503418
Car -1 -1 0.74 1159.2061767578125 200.72450256347656 1233.220947265625 358.4411926269531 1.4951682090759277 1.6333227157592773 4.083384037017822 7.464346885681152 1.7823728322982788 6.645278453826904 1.5797207690534174 0.18476253747940063
Car -1 -1 -1.96 782.779296875 168.75497436523438 1105.702392578125 351.95452880859375 1.6260530948638916 1.615333080291748 4.071582794189453 3.1328885555267334 1.7192679047584534 8.339399337768555 -1.6044157949053925 0.18245568871498108
Pedestrian -1 -1 1.84 660.7552490234375 170.7637939453125 720.2212524414062 220.34072875976562 1.8619296550750732 0.6648377180099487 0.8367832899093628 2.4201560020446777 1.5818284749984741 21.831871032714844 1.951416853610934 0.17017962038516998
Car -1 -1 0.83 1179.285888671875 209.8113555908203 1240.545654296875 368.6767883300781 1.4107762575149536 1.55918550491333 3.9100241661071777 5.953921794891357 1.6865203380584717 4.874382495880127 1.7112254475795599 0.1614961475133896
Car -1 -1 -1.73 674.3724975585938 137.2329559326172 802.5125122070312 236.42196655273438 1.980079174041748 1.834761381149292 4.514750957489014 3.201186180114746 1.5292007327079773 22.458559036254883 -1.5850785173259423 0.15945906937122345
Van -1 -1 -2.46 911.7597045898438 117.49010467529297 1234.86865234375 364.0398178100586 2.012752056121826 1.6993836164474487 4.1594767570495605 3.8714945316314697 1.4765383899211884 4.989452838897705 -1.7995321970708034 0.15573889017105103
Van -1 -1 -1.31 -77.71367645263672 51.12460708618164 -26.13385009765625 92.08187103271484 2.071437358856201 1.875656008720398 4.297543525695801 -26.859111785888672 -2.9224369525909424 28.87656021118164 -2.060996772345703 0.14289362728595734