Car -1 -1 -1.82 745.791015625 169.86973571777344 882.6525268554688 257.6852111816406 1.4615390300750732 1.628562331199646 3.994439125061035 3.820817708969116 1.4283538460731506 14.395561218261719 -1.557174287904072 0.8879354596138
Van -1 -1 -1.72 705.093994140625 134.94984436035156 787.5198364257812 223.0289764404297 2.4575932025909424 1.9847278594970703 5.6057820320129395 4.479608058929443 1.3946812003850937 24.643709182739258 -1.5398680220709293 0.8729766011238098
Car -1 -1 -1.44 560.6122436523438 180.87449645996094 615.7940063476562 218.63905334472656 1.4027570486068726 1.6490020751953125 4.0870184898376465 -0.7769802808761597 1.7303643822669983 29.35812759399414 -1.4655702059752143 0.8480244874954224
Car -1 -1 -2.3 947.8485107421875 167.09854125976562 1247.0469970703125 370.34613037109375 1.5716875791549683 1.640184998512268 4.041196346282959 3.297377347946167 1.6026256084442139 3.60868763923645 -1.5636274018071061 0.845938503742218
Car -1 -1 -1.49 592.5899047851562 178.3733673095703 627.3833618164062 207.3406524658203 1.4399725198745728 1.5844959020614624 3.8248775005340576 0.06698882579803467 1.7328432202339172 37.93452072143555 -1.4854125912017437 0.49643462896347046
Van -1 -1 -1.68 705.4241333007812 144.2489013671875 773.0322265625 218.84934997558594 2.538351058959961 2.0268683433532715 5.886013984680176 4.649209976196289 1.5121420323848724 24.66923713684082 -1.4933624825068161 0.41653117537498474
Car -1 -1 -1.47 577.2689208984375 180.84300231933594 624.4203491210938 211.56895446777344 1.4223252534866333 1.5902436971664429 4.259205341339111 -0.408858060836792 1.7525094151496887 35.04286193847656 -1.478299336565101 0.40477454662323
Car -1 -1 -1.46 569.6035766601562 179.90814208984375 619.04248046875 214.50881958007812 1.4106029272079468 1.5734785795211792 3.8787667751312256 -0.42975494265556335 1.7269744277000427 31.76671600341797 -1.4755771283712367 0.3723877966403961
Car -1 -1 -1.69 703.8857421875 145.8925323486328 789.1898193359375 222.50131225585938 2.0301523208618164 1.8360627889633179 4.864029884338379 4.280179023742676 1.49360990524292 24.10794448852539 -1.5179356070071668 0.2727038562297821
Truck -1 -1 -1.74 702.726318359375 144.799560546875 790.2506713867188 223.38404846191406 3.0121257305145264 2.4880683422088623 7.415716171264648 4.84622859954834 1.8478049337863922 26.47158432006836 -1.562585757864749 0.2597513198852539
Car -1 -1 -1.62 705.57861328125 169.88668823242188 740.9960327148438 206.63136291503906 1.682602047920227 1.7259701490402222 4.276505947113037 5.567508697509766 1.5967325568199158 35.769527435302734 -1.4658143526421723 0.2571881413459778
Car -1 -1 -1.67 707.2124633789062 165.4630584716797 749.655029296875 209.86524963378906 1.7466880083084106 1.719031810760498 4.373524188995361 5.3855671882629395 1.5705422759056091 34.23782730102539 -1.5148997926905938 0.2531217038631439
Car -1 -1 -1.68 708.1392822265625 161.12867736816406 761.2197265625 213.64932250976562 1.8658078908920288 1.7531894445419312 4.520275592803955 5.092462539672852 1.536693274974823 30.386505126953125 -1.5135760254377049 0.23685644567012787
Car -1 -1 -1.67 706.6429443359375 155.3170166015625 778.7192993164062 219.75885009765625 1.9417948722839355 1.7573444843292236 4.754180431365967 4.662552356719971 1.4688456058502197 27.235258102416992 -1.4991738653936473 0.22807908058166504
Van -1 -1 -1.79 709.0353393554688 152.8336181640625 782.0062255859375 216.0725555419922 2.23860764503479 1.965201735496521 5.5311598777771 4.61764669418335 1.51137575507164 26.081462860107422 -1.6136563978935383 0.2035624384880066
Van -1 -1 2.24 34.97966384887695 40.915870666503906 402.8507881164551 362.82080841064453 2.3328564167022705 1.999891996383667 5.966360569000244 -2.1971237659454346 1.6056687831878662 2.882974863052368 1.5909862425543588 0.19798557460308075
Pedestrian -1 -1 2.21 705.4241333007812 144.2489013671875 773.0322265625 218.84934997558594 1.9939701557159424 0.7603090405464172 1.0699892044067383 3.644639730453491 1.4581742882728577 20.12950897216797 2.3857097749666467 0.19668741524219513
Truck -1 -1 2.36 68.22172546386719 59.275142669677734 421.3851776123047 358.35754013061523 3.1348533630371094 2.190631628036499 7.583545207977295 -2.8510818481445312 1.7221081852912903 4.342436790466309 1.780016935360556 0.19387847185134888
Pedestrian -1 -1 1.99 701.938720703125 145.2910919189453 790.5905151367188 222.70689392089844 2.0071165561676025 0.6247050762176514 0.9606382250785828 3.636343240737915 1.48609459400177 19.050973892211914 2.1811249065262546 0.18888017535209656
Pedestrian -1 -1 2.7 1006.841064453125 173.21279907226562 1247.009521484375 371.3201904296875 1.5875823497772217 0.6766873002052307 0.7998964786529541 2.5791068077087402 1.435561716556549 3.374089241027832 -2.928511107790511 0.18349041044712067