Car -1 -1 1.33 718.7036743164062 190.4999542236328 862.998046875 287.78399658203125 1.4178928136825562 1.6191184520721436 4.042752265930176 3.2263803482055664 1.8301255106925964 13.495429039001465 1.5641260429000239 0.8951382040977478
Car -1 -1 1.91 196.10610961914062 179.12210083007812 431.4996643066406 344.5473327636719 1.5316061973571777 1.568833827972412 3.457472085952759 -3.3644204139709473 1.6434744000434875 8.851765632629395 1.5460383723152429 0.8944969177246094
Car -1 -1 1.78 400.2605895996094 181.29611206054688 515.3890991210938 257.94342041015625 1.4263536930084229 1.692219853401184 4.430476188659668 -3.2951385974884033 1.6953088641166687 16.49789810180664 1.585035335544764 0.8724479675292969
Car -1 -1 -1.62 659.5973510742188 180.29019165039062 703.1468505859375 215.7822723388672 1.5033018589019775 1.6190053224563599 3.577465295791626 3.262247085571289 1.8563616275787354 33.03246307373047 -1.5263296719048398 0.8352991938591003
Car -1 -1 1.63 555.3099365234375 176.6450958251953 580.630126953125 198.69581604003906 1.5201640129089355 1.6471377611160278 3.826312780380249 -3.173738956451416 1.861603856086731 54.363677978515625 1.573366509018558 0.7091981172561646
Van -1 -1 -1.3 644.3657836914062 164.4538116455078 683.1805419921875 207.37942504882812 2.336432933807373 1.956978678703308 5.144093990325928 3.141613006591797 1.9379497170448303 42.23781967163086 -1.2252432238908497 0.6355432271957397
Car -1 -1 1.46 646.8193359375 167.5218505859375 683.6805419921875 207.48513793945312 2.0046916007995605 1.712872862815857 4.402471542358398 2.8651082515716553 1.7994909286499023 37.85100173950195 1.535673206794156 0.5841795206069946
Car -1 -1 -3.11 651.5994262695312 173.4424591064453 694.8438110351562 211.6783905029297 1.6289317607879639 1.6705325841903687 3.7435691356658936 3.1791176795959473 1.8613767623901367 33.44889831542969 -3.0194691683903505 0.5711280703544617
Car -1 -1 0.94 649.0191650390625 170.63540649414062 689.9241333007812 209.37648010253906 1.7819994688034058 1.6973007917404175 4.115727424621582 2.9203243255615234 1.7975478172302246 33.772220611572266 1.02899870320981 0.49191251397132874
Car -1 -1 1.84 301.58087158203125 180.80027770996094 430.99053955078125 272.0933837890625 1.4702064990997314 1.6056160926818848 3.755058526992798 -4.9889020919799805 1.6914413571357727 15.150518417358398 1.524897800343453 0.3889792859554291
Car -1 -1 -1.69 659.7275390625 174.9464111328125 699.44970703125 212.0900421142578 1.628734827041626 1.6334761381149292 3.672727584838867 2.9927453994750977 1.763660192489624 32.55270004272461 -1.5934679274255812 0.31996551156044006
Car -1 -1 1.84 345.3747253417969 183.01254272460938 429.1851501464844 245.47694396972656 1.4385766983032227 1.5191842317581177 3.744751214981079 -6.231148719787598 1.7684898376464844 20.406230926513672 1.5421185506877535 0.30275359749794006
Car -1 -1 1.68 422.5776672363281 182.1298065185547 482.736083984375 228.12738037109375 1.491445541381836 1.5016803741455078 3.678734302520752 -6.402360439300537 1.8803991079330444 30.141050338745117 1.4666782674257233 0.3016470968723297
Car -1 -1 1.72 411.8111572265625 180.80514526367188 507.4964599609375 245.57717895507812 1.4324445724487305 1.5827573537826538 4.214319705963135 -3.495925188064575 1.6129220128059387 17.434085845947266 1.5211369252312235 0.2900100350379944
Car -1 -1 1.79 353.7100830078125 183.54489135742188 441.7447814941406 251.6931610107422 1.414106845855713 1.575391411781311 4.150236129760742 -6.305685997009277 1.7786808013916016 22.36935806274414 1.5172287938596556 0.25486093759536743
Van -1 -1 1.56 649.5353393554688 168.8528594970703 690.1046142578125 207.66903686523438 2.4305098056793213 2.021322727203369 5.467194557189941 3.363630533218384 1.9190731048583984 44.790462493896484 1.6352913785414929 0.2532028257846832
Car -1 -1 1.82 281.23114013671875 177.1461639404297 430.7524719238281 288.7615661621094 1.5028471946716309 1.5885564088821411 3.713644027709961 -5.102598667144775 1.7689456939697266 15.414996147155762 1.500036669981978 0.2476395219564438
Car -1 -1 1.68 429.7796630859375 182.6957550048828 481.4794921875 221.37403869628906 1.3905295133590698 1.4749261140823364 3.5866734981536865 -6.362333297729492 1.8377229571342468 30.311721801757812 1.4713265277442176 0.23828870058059692
Car -1 -1 1.86 230.13092041015625 178.40835571289062 437.3476257324219 308.8697509765625 1.5570720434188843 1.6281794309616089 3.868556022644043 -4.049749851226807 1.6260318756103516 11.292739868164062 1.510941261134568 0.22631530463695526
Car -1 -1 1.83 317.3670959472656 180.43690490722656 427.0826110839844 256.36077880859375 1.3924834728240967 1.5626426935195923 3.8494873046875 -5.189291954040527 1.602361261844635 15.911206245422363 1.5150844399582173 0.22361165285110474
Car -1 -1 1.64 557.8989868164062 176.04013061523438 584.4212036132812 197.8167724609375 1.5118591785430908 1.6318814754486084 3.867675304412842 -3.244384288787842 1.8530116081237793 54.41813278198242 1.583126553528416 0.22254829108715057
Car -1 -1 -1.13 -2.8051276206970215 232.37442016601562 203.76555109024048 370.781982421875 1.4818172454833984 1.6192772388458252 4.080503463745117 -3.1174426078796387 1.6949918270111084 1.8366535902023315 -2.1657464017966355 0.21732692420482635
Car -1 -1 1.55 416.7434997558594 181.1268310546875 487.7640380859375 235.4579620361328 1.46768057346344 1.5770779848098755 3.790731430053711 -5.725612640380859 1.9056461453437805 27.379169464111328 1.347051216379847 0.2160416543483734
Van -1 -1 1.5 642.7499389648438 166.988525390625 680.4681396484375 202.63941955566406 2.2788479328155518 1.950369954109192 5.429645538330078 3.435378074645996 1.8921688199043274 44.5217170715332 1.5791100903237574 0.2100168913602829
Car -1 -1 1.73 416.62933349609375 183.08743286132812 474.4123229980469 232.84988403320312 1.455627679824829 1.5339640378952026 3.6947474479675293 -5.9864020347595215 1.8548767566680908 27.402944564819336 1.514560922635825 0.20137065649032593
Car -1 -1 1.84 278.621337890625 188.5198974609375 411.4724426269531 280.5296630859375 1.514373779296875 1.5399678945541382 3.586031913757324 -4.799970626831055 1.7763956785202026 13.641279220581055 1.5044620297925277 0.19958823919296265
Car -1 -1 -1.61 652.686767578125 167.6999053955078 687.5208129882812 204.8435516357422 1.813234806060791 1.7393407821655273 4.094714641571045 3.157977819442749 1.7163714170455933 38.85555648803711 -1.5260475356783658 0.19342923164367676
Car -1 -1 -0.44 9.11495590209961 228.89149475097656 152.48785018920898 374.8957824707031 1.5655043125152588 1.650400996208191 4.055980682373047 -2.532731056213379 1.5374465584754944 1.4215726852416992 -1.5037381803744472 0.18045978248119354
Car -1 -1 1.8 444.4876708984375 180.31698608398438 505.580810546875 225.87762451171875 1.4460622072219849 1.4709664583206177 4.059034824371338 -5.37762451171875 1.860741674900055 30.005064010620117 1.617807960472974 0.15616834163665771