Car -1 -1 -1.71 685.8439331054688 180.66912841796875 766.4654541015625 242.95550537109375 1.383662462234497 1.6005879640579224 3.618112087249756 2.934072732925415 1.6586210131645203 18.857091903686523 -1.5564808908228285 0.8804027438163757
Car -1 -1 -2.1 840.025634765625 161.1500701904297 1243.2974853515625 376.2402038574219 1.629473328590393 1.6059023141860962 3.735398054122925 2.908404588699341 1.597798764705658 4.818994998931885 -1.56134352438331 0.8491920232772827
Car -1 -1 -0.4 728.1209716796875 171.55697631835938 870.7254638671875 224.0925750732422 1.591037392616272 1.6826257705688477 3.920550584793091 6.081200122833252 1.5965321063995361 23.336776733398438 -0.14274854202091536 0.8302780389785767
Car -1 -1 -1.63 635.7673950195312 175.2301483154297 662.2689208984375 197.67236328125 1.484086275100708 1.6142737865447998 3.860881805419922 2.7426228523254395 1.6934993863105774 50.7968635559082 -1.5773697576009393 0.781159520149231
Car -1 -1 -2.55 165.8478240966797 181.6905517578125 407.2261962890625 263.5982971191406 1.4879450798034668 1.6234203577041626 3.9599416255950928 -6.047067642211914 1.668675184249878 14.003585815429688 -2.9527139280436083 0.7713468670845032
Car -1 -1 -2.28 -3.81002140045166 153.43177795410156 220.65442562103271 334.7864685058594 1.82601797580719 1.6726223230361938 4.023834228515625 -7.765354156494141 1.6581969857215881 9.504809379577637 -2.9626219122141153 0.7427486181259155
Car -1 -1 -2.81 254.42955017089844 174.05770874023438 455.8101806640625 252.49114990234375 1.5965349674224854 1.6391466856002808 3.9807631969451904 -5.7570600509643555 1.6457213759422302 16.226932525634766 3.13389402295493 0.7360493540763855
Car -1 -1 -2.56 16.451936721801758 176.41534423828125 304.05566596984863 296.8714599609375 1.6737816333770752 1.678181529045105 3.8154714107513428 -7.299477577209473 1.7547804117202759 11.43310260772705 -3.127423725688671 0.7301508784294128
Car -1 -1 -3.03 403.02685546875 167.28363037109375 515.0514526367188 212.28616333007812 1.7051392793655396 1.7409785985946655 4.503902435302734 -6.197643280029297 1.6019361019134521 29.504575729370117 3.0496102229103323 0.7277262806892395
Car -1 -1 -2.82 330.0810546875 175.14903259277344 480.6756286621094 231.52598571777344 1.5604286193847656 1.5755594968795776 3.9981844425201416 -5.877786159515381 1.6511545181274414 20.46034049987793 -3.0957332155546897 0.6861814260482788
Car -1 -1 0.78 4.041590690612793 179.15499877929688 170.6910810470581 372.9525146484375 1.667291522026062 1.6373510360717773 4.381623268127441 -6.571605682373047 1.7338982820510864 6.1236796379089355 -0.04185399549298641 0.6826686263084412
Car -1 -1 -2.92 393.5631408691406 172.18304443359375 506.45574951171875 216.31954956054688 1.6574246883392334 1.6891891956329346 4.195833206176758 -6.2937912940979 1.6388368606567383 29.490070343017578 -3.1319766493510537 0.6767210960388184
Car -1 -1 -2.39 5.189418792724609 163.8039093017578 270.0463523864746 310.7466125488281 1.6131341457366943 1.6467238664627075 3.627903699874878 -7.154558181762695 1.7134254574775696 11.68165111541748 -2.9423513534625094 0.6294167041778564
Car -1 -1 -2.87 301.1767272949219 173.91409301757812 477.7767028808594 237.75169372558594 1.573097825050354 1.6727278232574463 4.173361301422119 -5.953668117523193 1.6945368647575378 20.431058883666992 3.1255640312271016 0.6101425886154175
Car -1 -1 -1.55 689.7340698242188 169.50088500976562 746.3853759765625 217.33322143554688 1.605440616607666 1.6040195226669312 3.3659090995788574 4.195774555206299 1.552877426147461 27.725929260253906 -1.4010659905601441 0.589066743850708
Car -1 -1 -2.83 365.4453430175781 174.07382202148438 493.5019226074219 222.5884552001953 1.549203872680664 1.6141098737716675 3.899294853210449 -6.25139856338501 1.661256492137909 25.334941864013672 -3.0697576930774435 0.5882536768913269
Car -1 -1 -2.83 387.4618225097656 176.2149200439453 496.4355163574219 219.16799926757812 1.6187794208526611 1.6796926259994507 3.803420066833496 -5.993075370788574 1.673637568950653 25.646320343017578 -3.0575344045933477 0.5850045680999756
Car -1 -1 -2.93 215.50564575195312 179.1542510986328 435.6145935058594 255.00315856933594 1.546802282333374 1.6279739141464233 3.9675419330596924 -5.788795471191406 1.6538389921188354 15.585686683654785 3.0020728204109606 0.536011815071106
Car -1 -1 2.75 687.7703857421875 173.36666870117188 748.9674072265625 225.45350646972656 1.5984740257263184 1.5505712032318115 3.3861703872680664 4.276918888092041 1.6927501559257507 28.807422637939453 2.896991944098504 0.470467746257782
Car -1 -1 -2.78 69.75643920898438 183.8594970703125 321.1146545410156 279.57958984375 1.550925850868225 1.569916009902954 3.7082595825195312 -7.210768222808838 1.772870659828186 12.805218696594238 2.9889866768186817 0.44199517369270325
Car -1 -1 -2.53 684.5350341796875 175.72462463378906 755.218505859375 231.22698974609375 1.5051140785217285 1.58775794506073 3.3199315071105957 3.422229051589966 1.6401007175445557 21.88881492614746 -2.374813589522544 0.4146920144557953
Car -1 -1 0.94 690.845458984375 170.0784912109375 739.6597290039062 208.33578491210938 1.5835672616958618 1.58957839012146 3.8200786113739014 5.202158451080322 1.5896270275115967 35.86202621459961 1.0855547410858115 0.3697704076766968
Car -1 -1 -2.72 88.61703491210938 178.24624633789062 356.07861328125 274.85296630859375 1.5319160223007202 1.6382867097854614 3.8452203273773193 -6.10530424118042 1.6916300058364868 13.857260704040527 -3.133945312031008 0.3499975800514221
Car -1 -1 -1.33 138.9815673828125 186.24972534179688 366.3207092285156 262.63458251953125 1.4581365585327148 1.604333758354187 4.029890537261963 -6.410611152648926 1.7261877655982971 14.039349555969238 -1.7549170800622216 0.34148725867271423
Car -1 -1 -2.97 472.6423034667969 174.76736450195312 544.6672973632812 203.94302368164062 1.495970368385315 1.6678897142410278 4.1558756828308105 -5.876609802246094 1.6511031985282898 41.72893142700195 -3.113259374518681 0.33639460802078247
Van -1 -1 -2.92 413.4391784667969 168.15567016601562 518.4253540039062 211.3517608642578 1.9445488452911377 1.8016871213912964 4.658176898956299 -6.845606803894043 1.7169077396392822 33.61588668823242 -3.1208636974551665 0.29972589015960693
Car -1 -1 0.68 1069.4722900390625 176.6409454345703 1238.945556640625 356.5824279785156 1.4859894514083862 1.55222487449646 3.5119874477386475 6.432316780090332 1.687961995601654 6.385549068450928 1.467788777865847 0.2982792556285858
Car -1 -1 -2.36 1.633412480354309 184.29638671875 208.29022705554962 355.2752990722656 1.5102839469909668 1.6218395233154297 4.0755085945129395 -5.827330112457275 1.6598899960517883 6.1093902587890625 -3.117841558092721 0.28477954864501953
Van -1 -1 -2.51 -7.927333831787109 144.408935546875 227.1417579650879 348.251953125 2.0042412281036377 1.7289927005767822 4.523784637451172 -7.248237609863281 1.6804999113082886 8.851341247558594 3.0871286272119294 0.2673053741455078
Car -1 -1 -2.93 98.48497009277344 186.3623809814453 331.9217529296875 269.3558349609375 1.501315712928772 1.5871309041976929 3.8391501903533936 -6.981081485748291 1.7652018666267395 13.670145034790039 2.882770203063428 0.2636362314224243
Car -1 -1 -1.81 694.9393920898438 177.06813049316406 769.28759765625 230.40606689453125 1.4782520532608032 1.6230905055999756 3.6582703590393066 3.1213653087615967 1.6229803562164307 19.286420822143555 -1.6521257971919123 0.2566314935684204
Car -1 -1 -3.0 428.8883972167969 172.86700439453125 525.315185546875 210.79885864257812 1.602767825126648 1.6811505556106567 4.310196876525879 -5.8984222412109375 1.6793396472930908 33.336849212646484 3.107756784105365 0.25260114669799805
Car -1 -1 0.94 7.14825963973999 167.23873901367188 143.45316076278687 359.66253662109375 1.557517409324646 1.6394658088684082 4.144016742706299 -6.814565658569336 1.6792592406272888 6.87433385848999 0.1557173469679718 0.24111168086528778
Car -1 -1 -1.63 632.7122802734375 174.86741638183594 657.9348754882812 195.95936584472656 1.4557852745056152 1.6408089399337769 3.76503324508667 2.7020328044891357 1.6780551075935364 50.99147033691406 -1.574900076752841 0.22651058435440063
Van -1 -1 -2.91 396.8180847167969 169.017578125 507.61956787109375 213.63072204589844 1.9391831159591675 1.7169731855392456 4.399511337280273 -6.752964019775391 1.7562503814697266 31.85193634033203 -3.122901666218981 0.22630664706230164
Car -1 -1 -2.74 277.78143310546875 176.29795837402344 468.5919494628906 245.42340087890625 1.5860987901687622 1.645724892616272 4.203743934631348 -5.818793773651123 1.5840839743614197 17.047739028930664 -3.0651324144539114 0.2251741886138916
Car -1 -1 -2.03 695.703857421875 172.29981994628906 757.6848754882812 217.47239685058594 1.5540217161178589 1.6210622787475586 3.7879879474639893 4.862700462341309 1.625325858592987 30.32837677001953 -1.8714173323070398 0.22379712760448456
Van -1 -1 0.88 8.648014068603516 184.51673889160156 166.63783645629883 374.045654296875 1.7030731439590454 1.6906495094299316 4.164252758026123 -7.381676197052002 1.9080951809883118 7.229183197021484 0.08817821973078566 0.22184760868549347
Pedestrian -1 -1 -1.33 1167.7315673828125 163.48532104492188 1232.041259765625 339.97119140625 1.759487509727478 0.6754564046859741 0.6609912514686584 6.182485580444336 1.6036341786384583 7.3153557777404785 -0.6294849890401588 0.21755151450634003
Car -1 -1 -1.06 701.5996704101562 177.57321166992188 813.4662475585938 228.91026306152344 1.4521348476409912 1.6287529468536377 3.864746332168579 5.2059736251831055 1.5644437670707703 23.900394439697266 -0.8443826285895217 0.21753236651420593
Car -1 -1 -2.0 705.9043579101562 175.04913330078125 773.3150024414062 220.74623107910156 1.3933194875717163 1.529767632484436 3.4646573066711426 4.301770210266113 1.6665928363800049 24.77499008178711 -1.8280764928425324 0.21388444304466248
Car -1 -1 0.87 -3.5321249961853027 188.2840118408203 120.30639123916626 369.7703857421875 1.5337905883789062 1.6595664024353027 4.443807125091553 -6.501008033752441 1.5964655876159668 5.9036431312561035 0.04029466742980814 0.21345454454421997
Van -1 -1 -2.79 329.70098876953125 173.7994384765625 485.24908447265625 231.30015563964844 1.8710187673568726 1.8278619050979614 5.045560836791992 -6.498419284820557 1.805233359336853 23.65616226196289 -3.0626924514374334 0.211111381649971
Car -1 -1 -2.71 396.27447509765625 168.59375 493.08197021484375 211.81385803222656 1.572418451309204 1.6854708194732666 3.9012951850891113 -6.109401702880859 1.5015459656715393 26.78432273864746 -2.937786942159125 0.2104141265153885
Car -1 -1 -2.95 419.1888122558594 171.6029510498047 509.4197998046875 210.85128784179688 1.6470569372177124 1.6687573194503784 4.363562107086182 -6.481491565704346 1.6283460855484009 31.661977767944336 3.13158695532446 0.20925436913967133
Car -1 -1 -2.99 456.0462951660156 172.67958068847656 539.7337646484375 206.03489685058594 1.5193990468978882 1.618892788887024 4.251694202423096 -5.553267478942871 1.633385717868805 38.38630676269531 -3.132407222760497 0.20844510197639465
Car -1 -1 -0.24 749.5 173.51649475097656 876.9367065429688 221.1043701171875 1.4914889335632324 1.605419397354126 3.934474468231201 6.979494094848633 1.5926152467727661 25.029016494750977 0.032852530141039615 0.2055518478155136
Car -1 -1 0.89 -2.3368844985961914 170.00184631347656 103.93817043304443 354.1594543457031 1.5647411346435547 1.6729038953781128 4.461668968200684 -6.580045223236084 1.5800194144248962 5.853028774261475 0.041570523969797435 0.20477591454982758
Pedestrian -1 -1 -1.58 1177.2784423828125 172.81687927246094 1224.6572265625 302.05499267578125 1.5471824407577515 0.6129253506660461 0.7549245357513428 6.046379089355469 1.5315454006195068 6.971884250640869 -0.8674847489526201 0.2026294618844986
Car -1 -1 -1.99 691.9006958007812 176.5546875 788.778564453125 236.6397705078125 1.4984712600708008 1.6139758825302124 3.590425968170166 3.600771427154541 1.6958779096603394 20.626832962036133 -1.8150039807739589 0.20228654146194458
Pedestrian -1 -1 -1.24 1186.09375 160.427490234375 1237.4737548828125 344.3635559082031 1.7607977390289307 0.6671162843704224 0.618679404258728 6.170915603637695 1.599697470664978 7.068968296051025 -0.5271218897798966 0.19801738858222961
Pedestrian -1 -1 -1.53 1187.1484375 168.14820861816406 1234.0828857421875 316.335693359375 1.627142071723938 0.6161531805992126 0.7241114974021912 6.413323879241943 1.6146374940872192 7.281857013702393 -0.8070216503078216 0.1943414807319641
Car -1 -1 -0.4 722.8888549804688 174.1230926513672 846.2166748046875 228.1109619140625 1.510546326637268 1.658785104751587 3.95247745513916 5.786393165588379 1.650374710559845 23.944486618041992 -0.16775232835034481 0.19309425354003906
Car -1 -1 -2.59 46.96622085571289 172.63189697265625 278.71091079711914 304.7998962402344 1.5155069828033447 1.6067308187484741 3.799170970916748 -7.022064208984375 1.6521667838096619 11.400594711303711 -3.1387102336278767 0.18060189485549927
Car -1 -1 0.61 701.8109741210938 175.92425537109375 764.654052734375 216.482421875 1.4453848600387573 1.574750542640686 3.5805959701538086 4.462419033050537 1.5840017795562744 26.160274505615234 0.776103181218982 0.17800337076187134
Car -1 -1 0.01 0.3005954921245575 149.3880157470703 155.41018411517143 329.0242004394531 1.6647182703018188 1.6738944053649902 4.161429405212402 -7.411299705505371 1.7016793489456177 7.34865140914917 -0.7843544737251329 0.17756645381450653
Pedestrian -1 -1 -0.18 1046.0501708984375 174.7255859375 1251.313232421875 359.8408203125 1.6829012632369995 0.6907369494438171 0.6438273191452026 5.016414165496826 1.5735663175582886 6.660948753356934 0.46191001536600496 0.1750144511461258
Car -1 -1 2.58 711.17138671875 175.99661254882812 778.1921997070312 214.7526397705078 1.4180254936218262 1.5307326316833496 3.7424240112304688 5.39793062210083 1.6245077252388 29.721433639526367 2.7560288413361462 0.17011703550815582
Car -1 -1 0.71 859.3751831054688 180.62791442871094 951.1504516601562 217.83078002929688 1.4357612133026123 1.4945094585418701 3.2680935859680176 11.471424102783203 1.713374376296997 27.662899017333984 1.1013076750460797 0.1699487417936325
Car -1 -1 0.76 -5.135509490966797 162.03672790527344 124.37617874145508 335.2569885253906 1.7208503484725952 1.6808258295059204 4.274692058563232 -6.805845260620117 1.6844407320022583 6.551765441894531 -0.04413791826994018 0.16714811325073242
Car -1 -1 -2.82 352.408447265625 171.11520385742188 500.572998046875 228.43519592285156 1.5196266174316406 1.6110016107559204 4.076099395751953 -5.750222682952881 1.579649806022644 22.339344024658203 -3.0682734053128184 0.16654200851917267
Pedestrian -1 -1 -1.32 1194.982177734375 167.27235412597656 1235.54052734375 335.7186584472656 1.668817400932312 0.6260694265365601 0.6130472421646118 6.582793235778809 1.6370381116867065 7.474592208862305 -0.5941304122386026 0.1651475578546524
Car -1 -1 0.31 933.197998046875 164.6880340576172 1263.1295166015625 394.5561218261719 1.5449122190475464 1.6766189336776733 5.000213146209717 2.72291898727417 1.5544980764389038 4.3124260902404785 0.8710676781706326 0.1563238501548767
Car -1 -1 0.58 1186.09375 160.427490234375 1237.4737548828125 344.3635559082031 1.6079614162445068 1.6088902950286865 3.7410964965820312 7.165153980255127 1.618876039981842 6.11292028427124 1.4470892983784207 0.15478035807609558
Van -1 -1 2.56 9.992149353027344 156.43328857421875 179.72386932373047 259.7322998046875 2.1192853450775146 1.9076846837997437 4.6596503257751465 -12.321760177612305 1.9190839529037476 15.307413101196289 1.881269469242719 0.15342506766319275
Car -1 -1 -1.54 858.8134765625 173.2263946533203 1000.6276245117188 255.5445098876953 1.4731696844100952 1.5750772953033447 3.527383327484131 7.6664719581604 1.7823545336723328 16.91404914855957 -1.1124219744969528 0.13743609189987183
Car -1 -1 1.92 0.2933248281478882 142.43223571777344 146.34427392482758 293.5010070800781 1.7482761144638062 1.5748412609100342 3.8647472858428955 -12.82416820526123 1.9975139498710632 13.680028915405273 1.1620005530950603 0.12938649952411652