Car -1 -1 -1.74 675.1749267578125 187.7144012451172 763.4962768554688 251.49351501464844 1.4361835718154907 1.6325265169143677 3.9678521156311035 2.7114217281341553 1.866591989994049 19.01490020751953 -1.596972841657129 0.8907345533370972
Car -1 -1 1.77 384.04632568359375 195.79721069335938 512.4861450195312 290.91650390625 1.4469411373138428 1.6306902170181274 4.017416000366211 -3.0207138061523438 1.9537862539291382 14.134871482849121 1.555724668992303 0.8792281746864319
Car -1 -1 -1.53 521.18310546875 186.545166015625 564.2642211914062 224.80044555664062 1.5377275943756104 1.6536827087402344 4.04380464553833 -2.94435715675354 2.2095084190368652 32.192508697509766 -1.6164445755766508 0.8422876000404358
Car -1 -1 1.62 442.2621154785156 191.7743682861328 528.9115600585938 257.3417053222656 1.5426312685012817 1.6197004318237305 4.048593521118164 -3.210939407348633 2.070550262928009 19.043954849243164 1.4576561182548353 0.8124268651008606
Car -1 -1 -1.7 648.5245971679688 182.6710968017578 698.9179077148438 225.83924865722656 1.6540931463241577 1.6383904218673706 4.063003063201904 2.536919116973877 2.0541746020317078 29.626047134399414 -1.6184685920135324 0.800275444984436
Car -1 -1 -1.7 661.418701171875 190.03585815429688 718.6095581054688 235.03878784179688 1.4324270486831665 1.5936806201934814 3.7982337474823 2.7294023036956787 2.0165147185325623 25.183021545410156 -1.5899660676662544 0.7788790464401245
Car -1 -1 1.62 546.3463134765625 186.89031982421875 575.7791137695312 213.33331298828125 1.5508074760437012 1.6639221906661987 4.04594087600708 -3.0145487785339355 2.4421181678771973 45.5665168762207 1.5522235835295648 0.6908634305000305
Car -1 -1 -1.58 630.3963012695312 183.88943481445312 655.657958984375 205.168701171875 1.5865540504455566 1.6411617994308472 4.073339939117432 2.4604036808013916 2.4123032093048096 55.17565155029297 -1.537938111146623 0.5768969058990479
Car -1 -1 -1.8 655.056396484375 187.09535217285156 713.546630859375 230.82681274414062 1.5363191366195679 1.5510461330413818 3.4894700050354004 2.6393373012542725 2.010912239551544 25.70948600769043 -1.6956417610886874 0.5678155422210693
Car -1 -1 1.57 408.0122985839844 193.08306884765625 523.4303588867188 277.5320129394531 1.4418795108795166 1.6029211282730103 4.15698766708374 -3.557253360748291 2.1498132944107056 19.98415756225586 1.3939683467744146 0.47650980949401855
Car -1 -1 -1.7 664.7343139648438 189.9612274169922 730.2415771484375 238.64602661132812 1.4401800632476807 1.5653884410858154 3.598858594894409 2.6935949325561523 2.0087082386016846 24.0344295501709 -1.585502791066105 0.4079098701477051
Car -1 -1 1.24 538.1469116210938 186.84091186523438 571.7296752929688 216.9300537109375 1.5967521667480469 1.5718846321105957 4.1457695960998535 -2.932692766189575 2.4263161420822144 43.971248626708984 1.1729920367060211 0.4066682457923889
Car -1 -1 -1.69 668.7639770507812 188.74453735351562 742.8245849609375 244.1011962890625 1.4631680250167847 1.5980885028839111 3.809882879257202 2.826462745666504 2.0360419154167175 23.889305114746094 -1.5675093288314956 0.3969939947128296
Car -1 -1 2.53 531.6041259765625 187.6273956298828 569.7521362304688 219.33924865722656 1.5128713846206665 1.6156727075576782 3.997843027114868 -3.1553914546966553 2.5126641392707825 45.98697280883789 2.4612404782928294 0.38799723982810974
Car -1 -1 -2.42 424.6412658691406 194.2010498046875 529.7757568359375 268.9413757324219 1.4924516677856445 1.6377860307693481 4.087887287139893 -3.353015422821045 2.1323227882385254 19.490386962890625 -2.591734129871883 0.3743278980255127
Van -1 -1 0.3 646.3128051757812 180.17636108398438 698.2864379882812 225.55870056152344 2.0014467239379883 1.7868024110794067 4.403271675109863 2.6145079135894775 2.2280657291412354 31.229047775268555 0.38530415401320806 0.3210464417934418
Car -1 -1 -1.69 656.7919311523438 183.44961547851562 708.4337158203125 225.5518798828125 1.4948911666870117 1.5991041660308838 3.6000077724456787 2.6471643447875977 1.916549563407898 26.65659523010254 -1.5869230022637524 0.22651799023151398
Car -1 -1 -1.45 631.8963623046875 185.60308837890625 658.7769165039062 210.50167846679688 1.5279244184494019 1.5520586967468262 3.916283130645752 2.6439929008483887 2.581859052181244 54.110595703125 -1.3986434776360444 0.1978367120027542
Car -1 -1 -0.96 630.5433959960938 181.43490600585938 665.1913452148438 210.79476928710938 1.6598020792007446 1.5944401025772095 3.9179351329803467 2.5452897548675537 2.518129289150238 55.44841384887695 -0.9187361256071576 0.19523686170578003
Pedestrian -1 -1 1.9 647.434326171875 179.04388427734375 698.8826293945312 223.5595703125 1.909148931503296 0.7830162644386292 0.9784275889396667 2.2250125408172607 2.0571401119232178 24.629329681396484 1.9922555235744577 0.19208458065986633
Car -1 -1 2.2 644.5426635742188 178.2542266845703 692.5175170898438 220.05238342285156 1.756524682044983 1.648544192314148 3.956393241882324 2.7312989234924316 2.0277668833732605 31.17690086364746 2.2881291404572277 0.19067338109016418
Car -1 -1 -1.79 528.4619750976562 190.33203125 569.3236694335938 226.13223266601562 1.4641685485839844 1.6180235147476196 3.8969521522521973 -2.772862672805786 2.285794973373413 32.37264633178711 -1.8794236561637794 0.18120871484279633
Pedestrian -1 -1 2.5 657.1369018554688 187.5601043701172 714.1904907226562 231.7433319091797 1.7964181900024414 0.6279760599136353 0.7683241367340088 2.4415082931518555 1.9295716285705566 22.163618087768555 2.6091261480154486 0.1747736632823944
Pedestrian -1 -1 2.07 663.9680786132812 187.7804412841797 726.7134399414062 234.8612060546875 1.7740108966827393 0.6789793968200684 0.7692269086837769 2.643839120864868 1.9815773963928223 22.058198928833008 2.1929382129117343 0.1687944382429123
Car -1 -1 -2.58 1210.7630615234375 319.7244567871094 1240.33740234375 375.084716796875 1.2240166664123535 1.4938889741897583 3.2838950157165527 0.7881537079811096 0.8418238759040833 0.5892279744148254 -1.6477251064179983 0.13873276114463806
Car -1 -1 -2.56 1209.748046875 307.98541259765625 1242.1678466796875 368.2149658203125 1.2699003219604492 1.4891663789749146 3.322199821472168 1.06900155544281 0.929641842842102 0.8020941615104675 -1.6379095395448608 0.12149427086114883
Car -1 -1 -1.4 632.2054443359375 180.76026916503906 672.2840576171875 216.5424041748047 1.679775357246399 1.626567006111145 3.9309260845184326 2.7748351097106934 2.4944581389427185 46.97262954711914 -1.3409198127590418 0.11191929131746292
Car -1 -1 -2.57 1204.640625 318.74212646484375 1237.0174560546875 374.93695068359375 1.2104923725128174 1.4918690919876099 3.4686992168426514 0.9913259148597717 0.901197224855423 0.7536460161209106 -1.6534548981371087 0.11018650233745575