Car -1 -1 -1.8 666.5017700195312 182.08694458007812 770.5571899414062 255.73104858398438 1.507825255393982 1.5618687868118286 3.3069138526916504 2.305608034133911 1.7247896194458008 16.459745407104492 -1.6564571455224462 0.8859450817108154
Car -1 -1 -1.43 412.3743591308594 190.1927032470703 483.0106506347656 241.80406188964844 1.3780244588851929 1.5519565343856812 3.476799488067627 -4.703362941741943 1.908672034740448 21.509634017944336 -1.6432822028966463 0.8690750002861023
Car -1 -1 -1.64 637.9916381835938 181.6890869140625 685.3630981445312 224.56198120117188 1.5091865062713623 1.5457656383514404 3.1299469470977783 1.8869435787200928 1.862006425857544 27.488862991333008 -1.5699449450114447 0.8526844382286072
Car -1 -1 2.21 3.2400267124176025 203.19900512695312 279.71909165382385 374.18255615234375 1.433995246887207 1.620258092880249 4.097893238067627 -4.54102087020874 1.7402424812316895 6.0416669845581055 1.5623479705176972 0.8255463242530823
Car -1 -1 -0.8 451.5516662597656 180.5736846923828 505.86956787109375 223.21925354003906 1.6703407764434814 1.601360559463501 3.6606364250183105 -5.418965816497803 1.9903444051742554 30.10539436340332 -0.9815249629309006 0.8253694176673889
Car -1 -1 -1.61 855.11572265625 197.35435485839844 1249.96337890625 374.621337890625 1.4535722732543945 1.5671360492706299 3.6118037700653076 3.1068453788757324 1.6477893590927124 4.253820896148682 -0.9830292990682974 0.7363862991333008
Car -1 -1 -1.58 615.92041015625 179.64158630371094 648.39111328125 207.90281677246094 1.5509045124053955 1.6145912408828735 3.4539713859558105 1.2574518918991089 1.9485437870025635 41.514488220214844 -1.5481241390634182 0.7279493808746338
Car -1 -1 -1.65 626.7618408203125 180.5551300048828 672.5574340820312 218.9837188720703 1.548344612121582 1.5949119329452515 3.1924169063568115 1.6799609661102295 1.8343505859375 27.25338363647461 -1.5838204090417616 0.3668935000896454
Car -1 -1 2.41 485.1750183105469 183.89535522460938 522.48193359375 211.53042602539062 1.4725874662399292 1.5546808242797852 3.6540732383728027 -6.1501688957214355 2.150548279285431 42.3505859375 2.2651546080902216 0.30777400732040405
Car -1 -1 -1.65 623.6640625 180.2209930419922 666.4854125976562 216.0716552734375 1.5502886772155762 1.6066031455993652 3.235116720199585 1.555842399597168 1.8832385540008545 32.0146598815918 -1.601318071134611 0.28534355759620667
Car -1 -1 -1.57 437.6444396972656 182.91482543945312 497.7259216308594 228.3927459716797 1.5355783700942993 1.5803122520446777 3.870720624923706 -5.230091571807861 1.967839777469635 27.5596866607666 -1.7567321461751355 0.27587345242500305
Car -1 -1 -1.34 419.08636474609375 185.50967407226562 489.3212585449219 237.32078552246094 1.4501315355300903 1.5710252523422241 3.3728489875793457 -4.7066144943237305 1.841438114643097 21.985198974609375 -1.548469453365553 0.2554892599582672
Car -1 -1 2.29 19.419301986694336 209.00787353515625 143.24337577819824 321.46337890625 1.508758544921875 1.488481879234314 3.356663465499878 -7.744672775268555 1.9835726022720337 9.664802551269531 1.616188771621184 0.24967268109321594
Car -1 -1 2.29 4.923155307769775 206.25633239746094 231.2024827003479 352.80548095703125 1.3620307445526123 1.5344105958938599 3.801980495452881 -5.580712795257568 1.7828187942504883 7.01163911819458 1.6147524197727394 0.24144795536994934
Car -1 -1 2.3 11.959098815917969 200.51071166992188 127.60858917236328 343.12225341796875 1.4600523710250854 1.5546071529388428 3.7410154342651367 -7.520860195159912 2.002876937389374 9.293360710144043 1.6151797936024064 0.22677813470363617
Car -1 -1 -3.13 475.40045166015625 180.12574768066406 518.9940795898438 213.6123046875 1.5843346118927002 1.6029561758041382 4.0173211097717285 -6.25750207901001 2.1012067794799805 42.74520492553711 3.0066091923152554 0.21113167703151703
Car -1 -1 2.19 0.4988354742527008 203.15542602539062 181.80626955628395 339.39654541015625 1.4285869598388672 1.506400227546692 3.5700879096984863 -7.276851654052734 1.947367787361145 8.997847557067871 1.510202878351694 0.2110881209373474
Car -1 -1 -2.18 463.4218444824219 183.4857177734375 511.0332336425781 223.4942169189453 1.4715895652770996 1.5890218019485474 3.7247180938720703 -5.319824695587158 2.000852584838867 31.56734848022461 -2.34737288175309 0.20647455751895905
Car -1 -1 2.34 11.055469512939453 211.1090850830078 80.69449234008789 332.4053649902344 1.39461088180542 1.4442217350006104 3.1506547927856445 -8.24284553527832 1.941948413848877 8.633498191833496 1.5727977929210484 0.20457516610622406
Car -1 -1 -1.85 466.0883483886719 180.71871948242188 516.7471313476562 219.2786865234375 1.6389187574386597 1.6059001684188843 4.016032695770264 -5.6303887367248535 2.0547463297843933 33.567230224609375 -2.020804290705634 0.1982712596654892
Car -1 -1 2.26 40.32661437988281 198.95452880859375 258.8886413574219 333.6936950683594 1.3732316493988037 1.465010643005371 3.5734081268310547 -5.577361106872559 1.785403847694397 8.06613540649414 1.6515516590872013 0.18873079121112823
Car -1 -1 2.33 15.674201011657715 213.7677459716797 113.7626485824585 329.7297058105469 1.4908398389816284 1.5041593313217163 3.3980495929718018 -7.920004367828369 1.9703382849693298 9.105290412902832 1.614021812819641 0.17925332486629486
Car -1 -1 -1.65 630.5784912109375 179.49606323242188 671.6489868164062 212.5498046875 1.44320809841156 1.535599946975708 3.3195040225982666 1.8761694431304932 1.7743090987205505 29.16634178161621 -1.5834607529456086 0.15457871556282043