Car -1 -1 -1.29 305.77294921875 186.4621124267578 445.4991455078125 271.2620544433594 1.3944069147109985 1.6109851598739624 3.783550262451172 -4.451338291168213 1.4708446264266968 14.4418306350708 -1.5862695454047087 0.8924713730812073
Car -1 -1 -1.38 396.6781311035156 179.8629913330078 474.0352783203125 233.61032104492188 1.4661346673965454 1.6457102298736572 4.199337482452393 -5.249461650848389 1.3581684827804565 22.57666015625 -1.6119297389319165 0.8744418025016785
Car -1 -1 -1.56 572.751708984375 175.2513427734375 613.5042114257812 213.00506591796875 1.6281819343566895 1.6876389980316162 3.9894657135009766 -0.6629142165184021 1.1795097589492798 32.801734924316406 -1.5821566361600174 0.8696757555007935
Van -1 -1 -1.38 472.05126953125 158.78436279296875 530.3986206054688 216.34140014648438 2.2835826873779297 1.9637259244918823 5.457765579223633 -4.513012409210205 1.2626046240329742 31.87968635559082 -1.5163605752821177 0.843765914440155
Car -1 -1 -1.21 267.6124267578125 181.82559204101562 354.7268371582031 232.70997619628906 1.482324481010437 1.5687848329544067 3.3058762550354004 -9.287433624267578 1.4502363801002502 22.903446197509766 -1.59535819232722 0.8419339656829834
Car -1 -1 -0.83 0.8499034643173218 200.96685791015625 232.69310414791107 381.2060546875 1.4049162864685059 1.601152777671814 3.8210718631744385 -4.569194316864014 1.5566108226776123 5.389678478240967 -1.5306815503191098 0.8279975056648254
Car -1 -1 -0.74 10.915932655334473 188.66725158691406 230.34566593170166 288.07904052734375 1.405293583869934 1.6008487939834595 3.796992778778076 -8.280834197998047 1.4423499703407288 12.217682838439941 -1.3380572075232076 0.6968545913696289
Car -1 -1 -1.21 10.2681245803833 191.72430419921875 225.308575630188 326.7243957519531 1.301114559173584 1.5589584112167358 3.7979073524475098 -8.374932289123535 1.43064546585083 11.95903205871582 -1.8233834524194128 0.5377330183982849
Car -1 -1 -0.5 3.3288075923919678 175.157470703125 31.727411031723022 234.78878784179688 1.6427900791168213 1.6046310663223267 4.076532363891602 -19.182188034057617 1.440257489681244 20.274330139160156 -1.2614677650676764 0.40904250741004944
Car -1 -1 -1.41 473.0178527832031 159.71310424804688 532.4700927734375 214.4294891357422 2.123673677444458 1.8131768703460693 4.562137603759766 -4.237876892089844 1.1943743079900742 29.855728149414062 -1.5468717570697121 0.36902421712875366
Car -1 -1 -1.13 289.64544677734375 184.96022033691406 424.00115966796875 259.7785339355469 1.5051002502441406 1.623004674911499 3.576399326324463 -5.010687351226807 1.4898595213890076 15.070175170898438 -1.4523005757328233 0.3326760232448578
Car -1 -1 1.72 381.9971008300781 168.46983337402344 435.41082763671875 211.84364318847656 1.7796226739883423 1.6808313131332397 4.157424449920654 -9.230805397033691 1.1343378722667694 33.58994674682617 1.4511928825617906 0.2733675539493561
Van -1 -1 -1.19 483.2975158691406 160.53912353515625 535.5077514648438 211.56825256347656 2.288275957107544 1.9788239002227783 5.648162841796875 -4.858039855957031 1.1600923854857683 34.22240447998047 -1.3358921691494654 0.25867319107055664
Car -1 -1 -0.6 11.042099952697754 197.93663024902344 254.14639377593994 347.57147216796875 1.389932632446289 1.6109765768051147 3.8567614555358887 -4.484189510345459 1.5096127390861511 5.703179836273193 -1.2661613272911296 0.23592613637447357
Car -1 -1 -1.39 381.07391357421875 183.9609375 471.3716125488281 244.59552001953125 1.443267822265625 1.5657457113265991 3.9850761890411377 -5.095668792724609 1.455735206604004 21.96685028076172 -1.6200187997481077 0.23442332446575165
Car -1 -1 -1.28 316.5909729003906 182.29843139648438 438.85833740234375 258.0838317871094 1.4615648984909058 1.5932034254074097 3.725167751312256 -4.524427890777588 1.3787264823913574 14.676168441772461 -1.5784082987143577 0.22924259305000305
Car -1 -1 -0.59 2.1584079265594482 178.5646209716797 40.72418475151062 239.51666259765625 1.5690382719039917 1.6115410327911377 3.9139034748077393 -17.9137020111084 1.4799785017967224 19.366790771484375 -1.3389215048056435 0.2060001641511917
Van -1 -1 1.37 381.41265869140625 168.78797912597656 434.3340759277344 210.8537139892578 1.950074553489685 1.8033350706100464 4.322030067443848 -10.029879570007324 1.17702616751194 36.330230712890625 1.100555146685437 0.19168466329574585
Car -1 -1 1.7 371.56427001953125 172.16867065429688 434.49151611328125 216.69471740722656 1.5481101274490356 1.616716742515564 4.040879249572754 -9.758493423461914 1.2466343939304352 34.83927536010742 1.42350584271699 0.1900852769613266
Car -1 -1 -1.38 390.87591552734375 175.13832092285156 467.6751708984375 229.37045288085938 1.559404730796814 1.6179466247558594 4.154156684875488 -5.75930118560791 1.3756616711616516 24.299909591674805 -1.6134937362067694 0.1758299618959427
Car -1 -1 -1.33 340.2889404296875 180.2806854248047 440.3942565917969 247.1912384033203 1.4557418823242188 1.5952646732330322 3.783489465713501 -6.33821439743042 1.461459994316101 21.569355010986328 -1.614136991620236 0.16730214655399323
Car -1 -1 -0.79 384.4018249511719 174.4775390625 450.0731201171875 219.53460693359375 1.4428421258926392 1.6428354978561401 3.940567970275879 -8.000625610351562 1.2789520025253296 30.256515502929688 -1.0513696034363775 0.1593315154314041
Car -1 -1 1.81 3.5416791439056396 185.50863647460938 159.51486945152283 289.8896179199219 1.457540512084961 1.6080533266067505 3.9738175868988037 -9.126969337463379 1.5040558576583862 11.63548469543457 1.1452118754956775 0.15536543726921082