Car -1 -1 1.81 407.70501708984375 189.79913330078125 472.5820007324219 233.64468383789062 1.4458651542663574 1.5089257955551147 3.4597766399383545 -6.182476043701172 2.0800777673721313 26.454601287841797 1.5787959787705956 0.8817349672317505
Car -1 -1 1.79 443.3162536621094 187.28350830078125 496.5318298339844 223.58592224121094 1.5253411531448364 1.552615761756897 3.5366311073303223 -6.004063606262207 2.1166359782218933 31.102304458618164 1.600336924466423 0.7872117161750793
Car -1 -1 -1.55 657.9830932617188 174.01467895507812 709.9200439453125 213.7176055908203 1.560071587562561 1.6291728019714355 3.6622910499572754 3.050464153289795 1.6407354474067688 30.215290069580078 -1.452771806888201 0.7862723469734192
Car -1 -1 1.7 479.9273681640625 178.85690307617188 521.1973876953125 212.38470458984375 1.7026244401931763 1.6038591861724854 3.7554147243499756 -5.9557342529296875 2.040363848209381 39.31956100463867 1.548466009270613 0.7058452367782593
Car -1 -1 -0.68 114.80314636230469 201.7047882080078 206.25601196289062 236.17178344726562 1.4684467315673828 1.562912940979004 3.7050974369049072 -20.660266876220703 2.8943681716918945 33.4443473815918 -1.2362510695248066 0.6291124224662781
Car -1 -1 -0.73 12.626738548278809 206.80340576171875 107.25965023040771 241.65322875976562 1.488097071647644 1.5943148136138916 3.7947640419006348 -24.251209259033203 2.9938449263572693 31.858840942382812 -1.3851814601031593 0.6244472861289978
Van -1 -1 0.67 1005.8829956054688 135.15428161621094 1100.1224365234375 175.62142944335938 1.9114532470703125 1.85700261592865 4.4503021240234375 21.359359741210938 0.07344096899032593 34.90412139892578 1.2168492843458782 0.5819364190101624
Car -1 -1 -0.18 65.13027954101562 205.6630859375 155.76068115234375 238.82452392578125 1.4298206567764282 1.576090693473816 3.912419319152832 -22.792102813720703 3.0090656876564026 33.11027908325195 -0.7859881722776039 0.5622333884239197
Pedestrian -1 -1 1.74 1065.2506103515625 148.67160034179688 1211.4345703125 375.80413818359375 1.5816357135772705 0.5950062274932861 0.6612080335617065 2.518805503845215 1.5037559866905212 3.4677534103393555 2.370934088807224 0.49218064546585083
Car -1 -1 0.83 1010.885009765625 134.0318603515625 1099.2603759765625 176.3763885498047 1.8645750284194946 1.740444540977478 3.916867733001709 20.17147445678711 0.14108633995056152 32.88245391845703 1.3835913355029525 0.44494524598121643
Car -1 -1 1.8 421.40228271484375 188.16592407226562 486.45367431640625 228.7018280029297 1.4773937463760376 1.5771344900131226 3.719055652618408 -6.041278839111328 2.0681254267692566 28.03829002380371 1.5850842133209335 0.38382619619369507
Car -1 -1 -1.37 643.1061401367188 174.01576232910156 676.3640747070312 195.586181640625 1.5396339893341064 1.5584344863891602 3.7000505924224854 3.4179651737213135 1.6186615228652954 53.15564727783203 -1.3042902724591379 0.3400713801383972
Car -1 -1 1.76 468.8704528808594 181.43222045898438 517.4951782226562 215.52059936523438 1.5852237939834595 1.5676124095916748 3.528587579727173 -5.976134777069092 2.0389243960380554 38.8396110534668 1.6039602884451396 0.3311866521835327
Car -1 -1 -0.78 639.5183715820312 174.0628204345703 686.0083618164062 197.19491577148438 1.4989383220672607 1.6959956884384155 3.781859874725342 3.789184331893921 1.6267966032028198 51.41939926147461 -0.7046981567192141 0.3129974603652954
Car -1 -1 1.71 485.1668395996094 181.90673828125 522.5536499023438 211.1080780029297 1.6178640127182007 1.5837481021881104 3.6514339447021484 -6.085797309875488 2.0793668627738953 40.59537887573242 1.5568039046746813 0.30675145983695984
Car -1 -1 -1.68 636.738037109375 173.8601531982422 667.1327514648438 194.4165802001953 1.4527138471603394 1.5992016792297363 3.8550570011138916 3.341972589492798 1.583871841430664 54.1617431640625 -1.6186169661588918 0.27999886870384216
Car -1 -1 1.03 171.963623046875 200.04296875 255.080078125 235.229736328125 1.440197467803955 1.5419707298278809 3.507169008255005 -18.017255783081055 2.7785520553588867 32.61332702636719 0.5224309108134246 0.26968345046043396
Car -1 -1 -1.61 654.7933959960938 175.05653381347656 698.2512817382812 215.79351806640625 1.567762851715088 1.5865669250488281 3.322340965270996 2.88934326171875 1.6699717044830322 31.070898056030273 -1.5140321423255987 0.23509766161441803
Car -1 -1 -1.12 102.78162384033203 200.59190368652344 194.97817993164062 237.6748504638672 1.5263888835906982 1.6195361614227295 4.141870975494385 -20.354785919189453 2.7909315824508667 32.110206604003906 -1.6826152690112695 0.2299596220254898
Car -1 -1 -1.67 660.6334228515625 170.5874481201172 706.9483642578125 208.1829071044922 1.5183967351913452 1.5957196950912476 3.6434738636016846 3.0092015266418457 1.5728449821472168 31.957386016845703 -1.5757993698718398 0.229837566614151
Car -1 -1 -1.47 665.7777709960938 170.9027099609375 705.08154296875 199.77308654785156 1.3976881504058838 1.6076912879943848 3.651402235031128 3.204604148864746 1.4693580865859985 31.834257125854492 -1.3649723675912968 0.22760505974292755
Car -1 -1 1.79 460.59844970703125 184.21754455566406 510.57147216796875 217.27264404296875 1.5597110986709595 1.5193164348602295 3.4590070247650146 -6.218148231506348 2.092128098011017 38.891151428222656 1.6351301779396854 0.21542470157146454
Car -1 -1 -0.99 644.1978759765625 174.1728515625 689.5780639648438 201.806884765625 1.5391569137573242 1.6539547443389893 3.7425124645233154 3.7512013912200928 1.707169532775879 47.60744857788086 -0.9076917193068006 0.20818686485290527
Car -1 -1 2.17 81.24966430664062 204.04945373535156 173.60885620117188 236.9764862060547 1.4913386106491089 1.6336485147476196 3.9953410625457764 -21.892017364501953 2.9363242983818054 32.94094467163086 1.5795010941551988 0.19785176217556
Car -1 -1 -2.5 1218.9617919921875 225.36769104003906 1240.826416015625 359.16888427734375 1.5778791904449463 1.6345133781433105 3.9261274337768555 2.8588173389434814 1.3931235671043396 1.7278779745101929 -1.4775173579587477 0.195424422621727
Pedestrian -1 -1 1.52 657.4439086914062 173.17601013183594 705.61767578125 215.67791748046875 1.6894584894180298 0.6817548274993896 0.7356398701667786 2.357912540435791 1.5842044949531555 24.62000846862793 1.6165379230090506 0.19461168348789215
Car -1 -1 1.74 485.7344055175781 180.02639770507812 528.9290161132812 209.0752716064453 1.5989433526992798 1.5985573530197144 3.6889870166778564 -6.164158821105957 1.9997453093528748 41.400936126708984 1.5893918515985357 0.18841369450092316
Car -1 -1 -2.54 1222.037841796875 217.33059692382812 1240.6214599609375 348.9288635253906 1.580337643623352 1.6492477655410767 3.932513475418091 2.976860761642456 1.3939627408981323 1.8452378511428833 -1.5234476845524814 0.1740284413099289
Car -1 -1 -2.5 1215.4365234375 234.27272033691406 1240.269287109375 369.71038818359375 1.567333698272705 1.6251016855239868 3.8889575004577637 2.695899248123169 1.3704991340637207 1.614281177520752 -1.4720527024934231 0.16831842064857483
Car -1 -1 -1.5 654.3865966796875 172.85052490234375 702.8585815429688 205.28887939453125 1.572558045387268 1.6165480613708496 3.627183437347412 3.3625028133392334 1.58112233877182 33.87177276611328 -1.3963948164429025 0.16464437544345856
Car -1 -1 -0.96 675.9541015625 168.51895141601562 707.8430786132812 191.61038208007812 1.4378225803375244 1.6394613981246948 3.882822275161743 5.263015270233154 1.3933442831039429 47.67668533325195 -0.8496997790690619 0.159882053732872
Car -1 -1 -1.64 651.625732421875 174.7515411376953 693.4728393554688 211.05474853515625 1.6008230447769165 1.5846391916275024 3.4157140254974365 3.2297842502593994 1.7283987402915955 38.07912826538086 -1.558464611982549 0.15745192766189575
Car -1 -1 -1.43 652.3154907226562 173.4173126220703 694.8158569335938 203.5825958251953 1.54502272605896 1.6059277057647705 3.7784156799316406 3.6958670616149902 1.5585598349571228 39.54126739501953 -1.3334171255912741 0.1438790261745453
Car -1 -1 -2.54 1221.4718017578125 178.76321411132812 1241.193603515625 356.2080993652344 1.5662885904312134 1.5343866348266602 3.7239134311676025 3.126227378845215 1.442568838596344 1.869468331336975 -1.5102708715191895 0.14262355864048004