Car -1 -1 1.77 420.81097412109375 181.9769287109375 495.88653564453125 234.72128295898438 1.4800864458084106 1.5578526258468628 3.7033438682556152 -4.733484745025635 1.7798517346382141 22.82139778137207 1.5699209211681513 0.8934449553489685
Car -1 -1 -1.68 668.5843505859375 171.95114135742188 742.7015991210938 234.26878356933594 1.5790398120880127 1.6476590633392334 3.8546767234802246 2.5994246006011963 1.590656340122223 20.357589721679688 -1.550486991078361 0.8871334791183472
Car -1 -1 -1.17 132.87535095214844 180.11781311035156 395.8324432373047 335.6597900390625 1.5901974439620972 1.6152294874191284 4.004171371459961 -4.175070762634277 1.7184187769889832 9.587874412536621 -1.5765931116188963 0.8620402216911316
Car -1 -1 -2.02 820.9573364257812 188.97691345214844 1231.4830322265625 373.8172302246094 1.4954251050949097 1.605319857597351 3.755984306335449 2.693190813064575 1.6300829648971558 4.959429740905762 -1.5247001978036625 0.8139173984527588
Car -1 -1 1.74 495.39215087890625 180.3295440673828 534.4552001953125 209.75634765625 1.4913934469223022 1.577586054801941 3.866410255432129 -4.996023178100586 1.8690090775489807 38.285377502441406 1.6055660278192496 0.798172652721405
Car -1 -1 -2.11 834.83056640625 183.37582397460938 1144.6270751953125 371.43414306640625 1.4730278253555298 1.4785486459732056 2.741224765777588 2.3977296352386475 1.5890405178070068 4.925203800201416 -1.6560290866022909 0.2482496201992035
Pedestrian -1 -1 -2.03 561.7750244140625 177.447509765625 575.921875 205.72642517089844 1.755812644958496 0.5919275879859924 0.6919861435890198 -2.306945562362671 1.906441569328308 40.75761413574219 -2.0882180368685983 0.20788024365901947
Car -1 -1 -1.72 992.4078979492188 189.95164489746094 1239.7413330078125 373.3272399902344 1.4808082580566406 1.5993521213531494 3.60593318939209 3.376993417739868 1.5544183850288391 3.4541327953338623 -0.9418974070435091 0.1873123198747635
Car -1 -1 -2.52 1122.112060546875 207.72340393066406 1242.150146484375 378.69580078125 1.5094009637832642 1.548970103263855 3.6431689262390137 0.9701331257820129 1.0133082568645477 0.6057375073432922 -1.5024250569341806 0.15403029322624207
Car -1 -1 -0.17 1044.9232177734375 198.843505859375 1234.9517822265625 372.7623291015625 1.4898505210876465 1.5726598501205444 3.461787223815918 3.667018413543701 1.616811752319336 3.486002206802368 0.6398102391695542 0.15045985579490662
Car -1 -1 -1.34 945.33544921875 172.86094665527344 1260.344482421875 400.6100158691406 1.515507698059082 1.7122762203216553 5.0986738204956055 2.310526132583618 1.480118453502655 3.734462022781372 -0.7814410889531342 0.14675062894821167
Car -1 -1 -2.29 1085.0667724609375 213.4734649658203 1237.6158447265625 378.33349609375 1.3832128047943115 1.5602014064788818 3.5596652030944824 1.6907212734222412 1.1873794794082642 1.2671496868133545 -1.3587678422635054 0.13013242185115814
Car -1 -1 -2.43 1150.3858642578125 209.63987731933594 1246.80126953125 380.046142578125 1.6373149156570435 1.5137403011322021 3.5010764598846436 1.046785593032837 1.1292033791542053 0.6687952280044556 -1.4237435560093514 0.12273354083299637
Car -1 -1 0.51 1154.2950439453125 188.21934509277344 1241.0870361328125 363.36279296875 1.5991129875183105 1.6016597747802734 3.818934917449951 4.049798488616943 1.645127773284912 3.126781940460205 1.4256037974316236 0.10773241519927979