Car -1 -1 -1.87 744.8165893554688 183.7194061279297 965.9006958007812 328.2524108886719 1.5093848705291748 1.5615695714950562 3.423302173614502 2.904463052749634 1.6726229786872864 9.427574157714844 -1.5717674784009565 0.8811458945274353
Car -1 -1 -1.72 671.9915771484375 178.32569885253906 744.0771484375 230.1837158203125 1.3897820711135864 1.6103841066360474 3.748809337615967 2.8633482456207275 1.5753669142723083 21.806119918823242 -1.5907987418019607 0.8796096444129944
Car -1 -1 -2.19 869.5557250976562 204.1654510498047 1242.0843505859375 373.9649353027344 1.4780340194702148 1.6018742322921753 3.831603527069092 2.880596160888672 1.68144029378891 4.029409885406494 -1.564422900516524 0.8550376892089844
Car -1 -1 0.39 284.6335144042969 173.94883728027344 465.4654846191406 233.4499969482422 1.4308689832687378 1.6037558317184448 4.0090556144714355 -6.038230895996094 1.4715102314949036 19.077178955078125 0.08101456322168232 0.8413779735565186
Car -1 -1 -1.68 648.4602661132812 169.93130493164062 696.2865600585938 209.2456512451172 1.6107935905456543 1.651023268699646 3.7842607498168945 2.7064194679260254 1.539884328842163 31.899559020996094 -1.5958094230285704 0.8302784562110901
Car -1 -1 -2.73 100.94004821777344 169.88427734375 377.2439422607422 272.8251647949219 1.6053786277770996 1.6828627586364746 4.089975357055664 -6.150500774383545 1.5712048411369324 12.060437202453613 3.0860516756393332 0.8044443726539612
Car -1 -1 -2.82 362.1866455078125 165.044921875 501.0210266113281 219.7574005126953 1.687526822090149 1.6919270753860474 4.018669128417969 -5.942998886108398 1.483449935913086 24.34715461730957 -3.0641525334080626 0.7748165130615234
Car -1 -1 -2.48 -1.379663109779358 147.4398193359375 212.12386167049408 352.44012451171875 1.777990698814392 1.627995491027832 4.03983736038208 -6.497521877288818 1.579395055770874 7.012372970581055 3.056533889477951 0.7508678436279297
Car -1 -1 0.56 11.077638626098633 167.2228546142578 306.721529006958 316.2832336425781 1.6544674634933472 1.5869380235671997 3.833371162414551 -6.111298561096191 1.622559130191803 9.589188575744629 -0.011813236911159208 0.6449059844017029
Car -1 -1 -2.99 413.24505615234375 167.95452880859375 515.8524780273438 209.48092651367188 1.587189793586731 1.6470563411712646 4.092774868011475 -6.039527893066406 1.4750524163246155 30.324264526367188 3.0919897749241017 0.6190900802612305
Car -1 -1 0.7 -1.0057123899459839 159.64712524414062 171.23880970478058 365.2400817871094 1.6725330352783203 1.6259504556655884 4.210853099822998 -6.009080410003662 1.6078827381134033 5.416301250457764 -0.13707687018574743 0.6042758822441101
Car -1 -1 -2.66 44.46102523803711 164.24404907226562 364.35158920288086 284.2345275878906 1.5599579811096191 1.6536781787872314 4.036319255828857 -5.944231986999512 1.5480497479438782 12.136822700500488 -3.1131900302808173 0.5840955972671509
Car -1 -1 -2.93 383.953857421875 164.77297973632812 507.3207092285156 213.07717895507812 1.6371781826019287 1.6405071020126343 4.090954303741455 -6.035677909851074 1.4502936005592346 28.332908630371094 -3.1351597164712075 0.5433812737464905
Car -1 -1 -2.82 450.12335205078125 172.5915069580078 531.7776489257812 203.8562774658203 1.440132975578308 1.6190760135650635 3.740171194076538 -6.180826663970947 1.479045033454895 37.433223724365234 -2.982477510257567 0.5348382592201233
Car -1 -1 -1.68 644.2335205078125 170.74327087402344 689.16064453125 206.07225036621094 1.4853826761245728 1.6125930547714233 3.737459897994995 2.664393424987793 1.4353616833686829 31.715686798095703 -1.5989759088846691 0.45823049545288086
Car -1 -1 2.84 -1.297437071800232 159.13990783691406 270.2427545785904 332.41986083984375 1.6777445077896118 1.6210614442825317 3.933389902114868 -5.658177375793457 1.5695863366127014 7.447676181793213 2.1886438770927352 0.4450242519378662
Car -1 -1 -2.74 472.05718994140625 171.2555694580078 538.3413696289062 200.44723510742188 1.5477255582809448 1.5991169214248657 3.9410910606384277 -5.7653937339782715 1.447973906993866 40.755924224853516 -2.885227257118488 0.4356231987476349
Car -1 -1 -2.92 433.92364501953125 171.36891174316406 524.0368041992188 207.85379028320312 1.468395471572876 1.5834380388259888 3.772584915161133 -6.22266149520874 1.5080499053001404 36.81755447387695 -3.0909778200508473 0.4336554706096649
Car -1 -1 -2.92 328.601806640625 170.80416870117188 486.4793701171875 220.96514892578125 1.5874191522598267 1.65285325050354 4.061254978179932 -6.0711565017700195 1.4430738687515259 24.238954544067383 3.1168161818876694 0.41673508286476135
Car -1 -1 -2.13 24.8989200592041 171.0494384765625 338.1964054107666 297.4457702636719 1.5880718231201172 1.5971946716308594 3.981062412261963 -5.8073906898498535 1.5876247882843018 10.314517974853516 -2.646648975175159 0.3921886682510376
Car -1 -1 -1.62 312.2812194824219 171.6422119140625 480.5946044921875 230.86166381835938 1.449783205986023 1.596867561340332 3.8516037464141846 -5.919344902038574 1.5234318375587463 19.303516387939453 -1.9129195309319922 0.377449095249176
Car -1 -1 0.92 -2.983797788619995 159.66055297851562 125.68288922309875 367.79144287109375 1.6214863061904907 1.6218161582946777 4.223883152008057 -6.020147800445557 1.5676464438438416 5.212841510772705 0.06094020484203133 0.3044818043708801
Car -1 -1 0.34 261.4780578613281 171.88172912597656 440.594970703125 231.4783935546875 1.5435844659805298 1.6585407257080078 4.097828388214111 -6.348151206970215 1.487810730934143 18.95387077331543 0.014265509631656403 0.2982077896595001
Car -1 -1 -2.91 478.5404052734375 168.93516540527344 544.6514892578125 197.77020263671875 1.611972689628601 1.6857606172561646 4.251355171203613 -5.746694087982178 1.4187340140342712 43.05626678466797 -3.0466662257674013 0.2761749029159546
Car -1 -1 -2.77 162.75457763671875 173.27606201171875 389.6901550292969 261.1120300292969 1.5133042335510254 1.5886038541793823 3.8724477291107178 -6.385737895965576 1.5717592239379883 14.464031219482422 3.1015117933018193 0.2745330333709717
Car -1 -1 -2.76 422.7139892578125 172.81463623046875 516.4678344726562 213.2378387451172 1.495754361152649 1.5856181383132935 4.098660945892334 -5.868924617767334 1.5648731589317322 29.87789535522461 -2.9555646796788233 0.26957130432128906
Car -1 -1 -2.87 354.4764709472656 170.44557189941406 474.8087158203125 220.0744171142578 1.519211769104004 1.5924712419509888 3.751450777053833 -6.080673694610596 1.5155985951423645 22.807249069213867 -3.1334120778258807 0.25502341985702515
Car -1 -1 0.91 2.9130353927612305 187.11111450195312 159.58507823944092 377.6607666015625 1.5163568258285522 1.6393060684204102 4.103460788726807 -6.226841926574707 1.7530545592308044 5.968780040740967 0.10148135812083581 0.2536798119544983
Car -1 -1 -2.84 115.92082214355469 170.67245483398438 346.1786804199219 258.1004943847656 1.5347063541412354 1.628907322883606 4.0416789054870605 -6.2005157470703125 1.538328468799591 12.166446685791016 2.9710382706181697 0.2517092227935791
Car -1 -1 -2.94 399.79315185546875 171.17356872558594 508.07476806640625 216.7374725341797 1.555658221244812 1.5769401788711548 3.884988784790039 -5.838693618774414 1.5362564325332642 28.292062759399414 3.1358239647766 0.23431521654129028
Van -1 -1 -2.75 362.9493103027344 166.8013916015625 500.8241271972656 217.5195770263672 1.8022700548171997 1.6391946077346802 4.247194290161133 -6.1893510818481445 1.5455085039138794 26.10596466064453 -2.985027185636212 0.23114490509033203
Car -1 -1 -1.67 640.879638671875 170.5100555419922 677.1206665039062 200.11976623535156 1.5773457288742065 1.5963095426559448 3.7127561569213867 2.6727135181427 1.4777767658233643 40.1776008605957 -1.6034970583348862 0.23111867904663086
Car -1 -1 -2.32 206.85302734375 175.037109375 401.7518615722656 249.22071838378906 1.508434534072876 1.594596266746521 3.8976354598999023 -6.827149868011475 1.6061856746673584 16.722383499145508 -2.707010136021573 0.22839674353599548
Car -1 -1 -1.92 763.7229614257812 191.5707244873047 1035.0897216796875 338.5357360839844 1.484445333480835 1.590606689453125 3.725161552429199 3.2015817165374756 1.7894423007965088 9.38863468170166 -1.590536237842854 0.21434713900089264
Car -1 -1 0.5 254.7613525390625 176.0477752685547 434.8843994140625 242.38829040527344 1.4361647367477417 1.5974129438400269 3.96732234954834 -5.9630537033081055 1.5353304147720337 18.271041870117188 0.18257731036746172 0.2034359723329544
Car -1 -1 -2.9 493.3917541503906 169.13414001464844 553.9550170898438 195.93077087402344 1.647275447845459 1.7283450365066528 4.178621292114258 -5.589562892913818 1.454165756702423 44.73574447631836 -3.0229259710566065 0.2017233669757843
Pedestrian -1 -1 -3.11 415.6195068359375 168.2596893310547 509.7209777832031 209.9080047607422 1.8725075721740723 0.6773377060890198 0.8845223188400269 -4.48954963684082 1.4791945219039917 22.010047912597656 2.975054354409104 0.1908862292766571
Van -1 -1 -2.42 -7.094649314880371 159.2669219970703 232.6179666519165 353.5585021972656 1.896582007408142 1.862567663192749 4.5333476066589355 -6.463299751281738 1.673338770866394 7.35181999206543 -3.1394708438017744 0.19032040238380432
Car -1 -1 -2.46 5.21671724319458 148.08387756347656 223.57865571975708 304.87164306640625 1.6470953226089478 1.6499789953231812 4.022319316864014 -7.209834575653076 1.4953534007072449 8.774640083312988 3.138003577487453 0.16969376802444458