Car -1 -1 1.77 397.970947265625 186.1536102294922 496.6241455078125 262.0107727050781 1.7094742059707642 1.6194300651550293 3.8408403396606445 -4.128062725067139 2.0760353207588196 18.605911254882812 1.550369378915737 0.8867666721343994
Car -1 -1 1.87 280.280517578125 206.8648681640625 444.34332275390625 310.1949768066406 1.4132338762283325 1.58733069896698 3.873617172241211 -4.1183953285217285 2.0421201586723328 12.553139686584473 1.5486546439619584 0.8771410584449768
Van -1 -1 1.71 513.8928833007812 159.47085571289062 571.3729248046875 212.99122619628906 2.6996726989746094 2.1178226470947266 6.550175666809082 -3.711211681365967 2.1231470704078674 41.04449462890625 1.62411763393329 0.8516852259635925
Car -1 -1 -1.63 600.7562866210938 179.25714111328125 645.1948852539062 217.85894775390625 1.7013732194900513 1.7003897428512573 4.469738006591797 0.5890445709228516 2.0613067746162415 35.35067367553711 -1.615878051557921 0.8379569053649902
Car -1 -1 2.39 -0.28400304913520813 232.22039794921875 227.1817714869976 369.3758239746094 1.5370218753814697 1.6659460067749023 4.155409812927246 -3.858517646789551 1.8732960224151611 3.637359857559204 1.5718685022758407 0.8175491094589233
Car -1 -1 0.54 1029.755126953125 97.72277069091797 1234.410888671875 371.39266204833984 1.7376325130462646 1.690976858139038 4.320159435272217 4.055109024047852 1.5205554366111755 3.1396939754486084 1.4529044378283515 0.7250705361366272
Van -1 -1 0.62 1033.41455078125 100.8257827758789 1239.2276611328125 375.6210403442383 1.9481031894683838 1.7971768379211426 4.375162601470947 4.031008720397949 1.5373772978782654 3.292954921722412 1.5028625164950515 0.6172864437103271
Truck -1 -1 1.7 514.3358154296875 158.8238067626953 572.180908203125 213.31951904296875 3.29447603225708 2.4323079586029053 8.95079517364502 -4.1358642578125 2.4380993247032166 46.091575622558594 1.613601036462792 0.5932798981666565
Car -1 -1 -1.61 596.3333740234375 175.9402618408203 634.6527099609375 211.7792205810547 1.7423441410064697 1.7030889987945557 4.387202739715576 0.03837813809514046 2.0542608499526978 40.528629302978516 -1.6117325790542312 0.5264005661010742
Van -1 -1 -1.64 602.7676391601562 179.86122131347656 644.7258911132812 216.79574584960938 1.834161400794983 1.7557916641235352 4.533231735229492 0.631619393825531 2.20476371049881 37.37919616699219 -1.6268576258678493 0.2519102096557617
Van -1 -1 1.76 399.5992126464844 186.45277404785156 495.8591003417969 262.0300598144531 1.8427444696426392 1.7581005096435547 4.1932525634765625 -4.225418567657471 2.1865403056144714 19.169260025024414 1.54572842721854 0.24404865503311157
Van -1 -1 -1.53 596.173095703125 175.67874145507812 634.2733764648438 210.8934783935547 2.0285725593566895 1.7719587087631226 4.654413223266602 0.08920265734195709 2.1751158237457275 44.60190200805664 -1.5306738510975668 0.23481805622577667
Cyclist -1 -1 1.1 1031.8616943359375 101.39881134033203 1234.1314697265625 380.22965240478516 1.6607674360275269 0.6432775259017944 1.7793456315994263 2.7310054302215576 1.3130030035972595 2.9841649532318115 1.8425535823346735 0.22786162793636322
Car -1 -1 2.4 1.7096203565597534 203.63754272460938 252.25388610363007 362.9972229003906 1.5284558534622192 1.5745187997817993 3.877526044845581 -4.121079921722412 1.7713661789894104 4.088711738586426 1.6140815387473442 0.22668403387069702
Car -1 -1 1.83 287.12872314453125 195.93801879882812 447.5522766113281 297.15283203125 1.5175532102584839 1.6642907857894897 3.95548152923584 -4.159428119659424 1.967456877231598 12.597744941711426 1.5063108160286678 0.22027747333049774
Car -1 -1 -1.6 593.7077026367188 176.43728637695312 627.8925170898438 210.70907592773438 1.7308400869369507 1.690489411354065 4.3391571044921875 -0.010013577528297901 2.082193911075592 41.26749038696289 -1.6025968764006482 0.217580184340477
Pedestrian -1 -1 -0.13 1034.4215087890625 97.46508026123047 1243.79052734375 371.52587127685547 2.0027105808258057 0.636643648147583 0.8871733546257019 2.882312536239624 1.514455795288086 3.47526216506958 0.5629064696563955 0.20818261802196503
Car -1 -1 -1.67 598.1229248046875 175.89060974121094 641.715087890625 214.9981689453125 1.6567792892456055 1.7278289794921875 4.202088832855225 0.5713624954223633 1.937034249305725 34.58169174194336 -1.6566446882308519 0.2071448415517807
Car -1 -1 -1.59 596.0936279296875 180.14573669433594 631.2860107421875 216.5056915283203 1.6216275691986084 1.6756384372711182 4.394073009490967 0.2190030962228775 2.198306083679199 39.0235481262207 -1.5837733202448803 0.19004584848880768
Car -1 -1 -2.59 1057.3359375 106.18580627441406 1248.2166748046875 356.80279541015625 1.7260208129882812 1.6751863956451416 4.137537479400635 3.8232924938201904 1.4847272038459778 3.077984094619751 -1.7006852909224452 0.18641315400600433
Van -1 -1 0.72 1079.6319580078125 139.8064422607422 1220.9625244140625 349.8287658691406 2.045351028442383 1.9272897243499756 4.408666133880615 3.6470704078674316 1.5704566836357117 3.40270733833313 1.5366955168564038 0.16723334789276123