Car -1 -1 -3.12 479.3294677734375 172.10548400878906 538.3653564453125 194.1529998779297 1.488500714302063 1.7031385898590088 4.297545433044434 -7.047719955444336 1.4685909748077393 50.54620361328125 3.027345186867013 0.814292848110199
Car -1 -1 2.54 349.55108642578125 172.47010803222656 421.6250305175781 205.9753875732422 1.6759824752807617 1.6507160663604736 3.7188260555267334 -12.459068298339844 1.744591474533081 40.394935607910156 2.244574937163642 0.8065176010131836
Car -1 -1 2.33 161.382080078125 183.71856689453125 258.9024353027344 218.4911346435547 1.5108217000961304 1.6028963327407837 3.910244941711426 -19.07845687866211 2.056415855884552 34.502601623535156 1.8213125536426187 0.7999494671821594
Car -1 -1 3.04 935.6470336914062 166.78321838378906 997.2460327148438 188.9613494873047 1.4416141510009766 1.6097116470336914 3.4929137229919434 24.591468811035156 1.0450488328933716 49.79494857788086 -2.7805963762117027 0.7659776210784912
Car -1 -1 -3.1 303.0473937988281 180.03126525878906 368.2171325683594 204.3337860107422 1.4781255722045898 1.6115349531173706 3.617450714111328 -17.709779739379883 1.9327048063278198 46.39431381225586 2.820794647421426 0.7514069080352783
Car -1 -1 3.12 937.613525390625 164.9208984375 1005.9329223632812 186.967529296875 1.4890015125274658 1.5888091325759888 3.738708019256592 24.09026336669922 1.029159814119339 48.6520881652832 -2.7061562200364904 0.45886924862861633
Van -1 -1 2.68 350.70526123046875 172.32444763183594 421.4747009277344 206.45736694335938 1.8765467405319214 1.7041518688201904 3.991910934448242 -13.087984085083008 1.7932056188583374 42.318603515625 2.384943951926603 0.3682570457458496
Truck -1 -1 2.51 1071.3502197265625 125.06377410888672 1231.2491455078125 179.91177368164062 3.65779709815979 2.7561185359954834 11.310667037963867 34.79349136352539 0.3990112543106079 46.0239372253418 -3.1245158469915317 0.26201122999191284
Car -1 -1 2.6 323.5757141113281 174.6820526123047 381.90960693359375 201.90380859375 1.5278873443603516 1.5239713191986084 3.7627010345458984 -17.92247200012207 1.8446272611618042 49.191383361816406 2.2482438367895075 0.232137992978096
Van -1 -1 1.96 338.6557922363281 167.68017578125 391.3262023925781 199.4319610595703 2.233379602432251 1.9107080698013306 4.99873161315918 -17.315956115722656 1.8569964170455933 51.435123443603516 1.6378700944450584 0.194541797041893
Car -1 -1 2.77 312.46319580078125 176.63697814941406 371.0675964355469 203.6940460205078 1.4850751161575317 1.6069594621658325 3.7603867053985596 -17.229326248168945 1.8981539607048035 46.432769775390625 2.413549831889611 0.19167903065681458
Car -1 -1 2.73 338.21759033203125 173.41111755371094 397.31097412109375 202.00921630859375 1.5401990413665771 1.5495336055755615 3.781783103942871 -16.954320907592773 1.7646530866622925 49.491729736328125 2.397064159867395 0.18841493129730225
Car -1 -1 1.13 801.6233520507812 161.5515594482422 833.0758666992188 185.62423706054688 1.7893656492233276 1.6050945520401 3.611405849456787 16.419103622436523 0.953130055218935 57.06946563720703 1.4151074514567341 0.18780893087387085
Van -1 -1 2.37 345.99163818359375 170.84661865234375 407.3616027832031 201.70457458496094 2.091852903366089 1.8303526639938354 4.538419723510742 -15.544770240783691 1.8804712295532227 47.853057861328125 2.059019075257935 0.17550122737884521
Car -1 -1 2.56 330.34906005859375 175.1463623046875 410.25994873046875 206.92324829101562 1.5867730379104614 1.6472381353378296 4.102876663208008 -14.082110404968262 1.7743476033210754 42.67790603637695 2.241564694163734 0.14704197645187378
Car -1 -1 2.4 347.4738464355469 169.38853454589844 414.13909912109375 203.5569305419922 1.7129154205322266 1.6903611421585083 4.0403828620910645 -13.764065742492676 1.711775004863739 43.478179931640625 2.0928927032358207 0.14124232530593872