Car -1 -1 -1.75 473.02850341796875 175.19400024414062 519.7843017578125 210.0269012451172 1.5835169553756714 1.6325181722640991 3.6668267250061035 -5.604798316955566 1.7126724123954773 35.32179641723633 -1.9092878026958484 0.8407519459724426
Car -1 -1 -2.69 4.587315559387207 154.8417510986328 277.02374744415283 260.538818359375 1.8230558633804321 1.7116436958312988 3.8383078575134277 -8.809760093688965 1.5570825338363647 13.579798698425293 3.0186759186881984 0.8187711834907532
Car -1 -1 0.8 4.135289669036865 177.00064086914062 116.71204137802124 337.9149475097656 1.5071969032287598 1.595001220703125 4.231165409088135 -7.753391742706299 1.5918951034545898 7.675077438354492 0.012711756234051297 0.7439759969711304
Car -1 -1 -2.65 177.99176025390625 170.44412231445312 330.3419189453125 226.3960418701172 1.5693333148956299 1.6212035417556763 3.961928606033325 -10.460122108459473 1.5859087109565735 21.086671829223633 -3.11255647986793 0.7175090312957764
Car -1 -1 -2.58 225.08755493164062 173.7574920654297 348.74969482421875 222.11729431152344 1.5350161790847778 1.6490559577941895 4.106728553771973 -11.121919631958008 1.6304437518119812 24.385272979736328 -3.008974398271347 0.6158246994018555
Car -1 -1 -2.71 112.83750915527344 165.21820068359375 319.71942138671875 240.27957153320312 1.7676827907562256 1.71587073802948 4.323075294494629 -9.892227172851562 1.6899874210357666 18.1048641204834 3.075456996532269 0.6017488837242126
Car -1 -1 -2.76 153.2589111328125 167.8827667236328 327.862548828125 232.5325927734375 1.6153900623321533 1.6148895025253296 4.337283134460449 -10.667618751525879 1.6835829615592957 21.056270599365234 3.0562946284337773 0.5974736213684082
Van -1 -1 -2.6 15.44619083404541 150.29112243652344 275.6967706680298 261.76043701171875 2.0075507164001465 1.8636572360992432 4.645500183105469 -9.385038375854492 1.666810154914856 14.734129905700684 3.112253616116428 0.5370575785636902
Car -1 -1 -2.51 241.6862030029297 171.2880401611328 356.6304016113281 218.1376495361328 1.5678942203521729 1.6997812986373901 4.0355610847473145 -11.62526798248291 1.5757580995559692 27.808847427368164 -2.903406152434764 0.5113569498062134
Car -1 -1 -2.4 269.0012512207031 170.0852508544922 371.37603759765625 213.28839111328125 1.7029012441635132 1.7829780578613281 4.324319839477539 -12.00966739654541 1.6103746891021729 30.225799560546875 -2.7827133450979797 0.47546714544296265
Car -1 -1 -2.7 61.84685516357422 161.216552734375 296.8503952026367 245.9957275390625 1.756215214729309 1.6899046897888184 3.859290838241577 -9.750285148620605 1.5627719163894653 17.10573959350586 3.0700853924059732 0.4647195339202881
Car -1 -1 0.89 -5.470463275909424 161.94830322265625 146.89274168014526 308.36090087890625 1.5249242782592773 1.6155340671539307 3.9862489700317383 -7.187375545501709 1.5738343596458435 7.397585391998291 0.12109814391991192 0.4052060544490814
Van -1 -1 -2.38 265.6460266113281 171.03646850585938 367.73077392578125 216.39422607421875 1.75260329246521 1.7333416938781738 4.486232757568359 -12.336523056030273 1.6849636435508728 30.404979705810547 -2.7662207546677973 0.3708887994289398
Van -1 -1 -2.64 238.16026306152344 171.82261657714844 357.97100830078125 217.98065185546875 1.810777187347412 1.8326761722564697 4.783474922180176 -12.502788543701172 1.6351324915885925 30.041120529174805 -3.0318025540728755 0.3613647520542145
Car -1 -1 -2.59 -6.904963970184326 158.5770263671875 272.4689373970032 284.1842041015625 1.6502509117126465 1.606689214706421 4.091921806335449 -8.703423500061035 1.5061349868774414 13.205620765686035 3.109802392509687 0.3522894084453583
Car -1 -1 -2.63 201.6593780517578 176.8518829345703 333.68487548828125 227.75027465820312 1.5307079553604126 1.6202216148376465 4.111053466796875 -11.331250190734863 1.6807563304901123 24.253393173217773 -3.062991317208832 0.3426634967327118
Van -1 -1 -2.64 105.3503646850586 162.8336944580078 313.8326950073242 242.85775756835938 1.9750746488571167 1.8369007110595703 4.833003997802734 -10.207953453063965 1.7223992943763733 18.691926956176758 -3.139052120369783 0.30714893341064453
Car -1 -1 1.72 -6.127832889556885 164.30364990234375 209.2184500694275 290.9298400878906 1.560007929801941 1.653041958808899 3.943377733230591 -6.809488773345947 1.4706432223320007 7.664343357086182 0.9952352470970478 0.28521832823753357
Van -1 -1 -2.52 219.30865478515625 172.9321746826172 352.5003662109375 221.89759826660156 1.8276747465133667 1.805288314819336 4.500946044921875 -11.793933868408203 1.6731301546096802 26.944780349731445 -2.929062507318978 0.2737310826778412
Car -1 -1 -2.5 2.4691481590270996 160.23451232910156 206.3700728416443 266.88482666015625 1.6805516481399536 1.6704429388046265 3.8095459938049316 -9.723368644714355 1.6650280356407166 13.099275588989258 3.1398917100510193 0.268390953540802
Car -1 -1 0.7 -15.970735549926758 171.94085693359375 161.62780570983887 330.3841857910156 1.5499885082244873 1.628969430923462 4.164974212646484 -6.969882965087891 1.5718021988868713 7.207022190093994 -0.0681331451901892 0.2568228542804718
Car -1 -1 0.75 -10.28305435180664 181.80116271972656 141.07090377807617 345.662109375 1.5217410326004028 1.624287724494934 4.184719562530518 -7.0842814445495605 1.5719127655029297 6.895585536956787 -0.04542599965786431 0.2547166347503662
Van -1 -1 0.87 3.686872959136963 200.2196502685547 120.7265305519104 333.9047546386719 1.7462084293365479 1.7348413467407227 4.441741466522217 -8.747817039489746 2.022666096687317 9.086475372314453 0.09916757670987764 0.2513475716114044
Van -1 -1 -2.68 -6.131309509277344 159.94203186035156 263.36258697509766 289.3507995605469 2.124419927597046 1.9161876440048218 4.591973781585693 -10.516050338745117 1.8699429631233215 15.907200813293457 3.0168457920979748 0.2497595250606537
Van -1 -1 -2.64 175.4934539794922 170.36500549316406 332.5075988769531 229.5362091064453 1.8551279306411743 1.750549554824829 4.905845642089844 -10.905312538146973 1.6961086988449097 21.938770294189453 -3.1050966330317635 0.24897707998752594
Car -1 -1 -0.02 1196.3338623046875 180.2617645263672 1242.1717529296875 316.3164367675781 1.7009336948394775 1.6051775217056274 4.116269588470459 6.046938419342041 1.6684763431549072 4.869993686676025 0.872522278255123 0.23405161499977112
Car -1 -1 -0.14 1183.8656005859375 161.14642333984375 1244.024169921875 333.85003662109375 1.6629215478897095 1.655648112297058 4.131165981292725 5.764791011810303 1.6428504586219788 4.087103843688965 0.809433432800446 0.20130150020122528
Car -1 -1 0.06 1194.596435546875 169.13998413085938 1246.1890869140625 291.39678955078125 1.7090755701065063 1.5701508522033691 4.071366786956787 7.543168544769287 1.713604986667633 6.23703670501709 0.940772779159591 0.19943605363368988
Car -1 -1 -0.05 1193.6265869140625 196.48602294921875 1240.259033203125 335.0987548828125 1.7071748971939087 1.625077247619629 4.134084224700928 5.346786022186279 1.6867189407348633 4.199677467346191 0.8597671562641978 0.19771282374858856
Car -1 -1 0.41 16.46779441833496 197.98696899414062 130.89460563659668 328.720703125 1.3937159776687622 1.607936978340149 3.976248025894165 -7.571889400482178 1.6915236711502075 7.9371209144592285 -0.35051950900920037 0.19769209623336792
Car -1 -1 1.98 1202.095458984375 161.26876831054688 1237.2943115234375 345.69940185546875 1.5031635761260986 1.6739215850830078 4.322303295135498 5.740647792816162 1.5725013613700867 3.721752405166626 2.979598115033726 0.18928778171539307
Car -1 -1 1.2 -2.47218656539917 158.58546447753906 163.13250398635864 282.76416015625 1.5543582439422607 1.6529698371887207 3.683885097503662 -8.742241859436035 1.625963807106018 9.824689865112305 0.4679102502964545 0.18305164575576782
Car -1 -1 -2.78 -13.576117515563965 173.1820068359375 223.42174625396729 319.0931701660156 1.4970260858535767 1.6351484060287476 3.963212728500366 -8.4871244430542 1.7173147797584534 11.80373477935791 2.883758703731096 0.1813768446445465
Car -1 -1 -2.71 -16.092607498168945 138.13143920898438 245.68202018737793 306.2876281738281 1.6250879764556885 1.6009584665298462 4.096405982971191 -9.229303359985352 1.57248055934906 13.048051834106445 2.955596161175345 0.16696377098560333
Pedestrian -1 -1 -0.5 1196.3338623046875 180.2617645263672 1242.1717529296875 316.3164367675781 1.7829607725143433 0.5149835348129272 0.8175762891769409 5.160765171051025 1.5918254256248474 5.331407070159912 0.26529603527501777 0.16694684326648712
Car -1 -1 -0.09 1177.3763427734375 152.81732177734375 1245.84716796875 304.8448486328125 1.7070921659469604 1.6480052471160889 4.171092510223389 6.392242431640625 1.6237322688102722 4.741166591644287 0.8460897627638704 0.15778064727783203