Car -1 -1 -1.51 409.1622009277344 179.46047973632812 480.83551025390625 243.2526092529297 1.5500454902648926 1.6900577545166016 4.075403690338135 -4.454458713531494 1.444447100162506 19.85818862915039 -1.7353571244298482 0.8912579417228699
Car -1 -1 -1.61 521.6487426757812 179.87057495117188 585.7672729492188 234.89202880859375 1.6236369609832764 1.687633991241455 4.036853790283203 -1.790156602859497 1.4582374095916748 22.839406967163086 -1.689914720413186 0.8783167004585266
Car -1 -1 -1.35 292.56414794921875 184.45367431640625 369.8306884765625 229.73570251464844 1.4742496013641357 1.6855195760726929 4.300218105316162 -10.004316329956055 1.4801209568977356 26.33958625793457 -1.7165538542544763 0.8768191337585449
Car -1 -1 -1.14 80.09919738769531 187.47035217285156 267.1746826171875 277.03179931640625 1.4515180587768555 1.651756763458252 4.296535968780518 -8.401912689208984 1.5375936031341553 14.491950035095215 -1.6638140642237147 0.8757293820381165
Car -1 -1 -1.03 4.398927688598633 186.82534790039062 157.63336372375488 258.015625 1.4548636674880981 1.6667654514312744 3.9395482540130615 -12.539091110229492 1.5483863949775696 17.179718017578125 -1.6569987465991396 0.8364932537078857
Car -1 -1 -1.39 349.36639404296875 183.0635528564453 396.4896545410156 216.13900756835938 1.506813883781433 1.5907374620437622 4.017091751098633 -11.489319801330566 1.4718067646026611 35.653587341308594 -1.7030076521798332 0.8302443027496338
Car -1 -1 -1.27 264.7598876953125 185.3086395263672 313.61334228515625 214.46717834472656 1.4947569370269775 1.6194911003112793 3.822753429412842 -17.471471786499023 1.5260136127471924 39.673973083496094 -1.681462789814261 0.7641338109970093
Van -1 -1 -0.46 147.7711944580078 172.07293701171875 254.4110870361328 226.95559692382812 2.0325357913970947 1.9315807819366455 4.623395919799805 -16.101625442504883 1.4841707348823547 28.75676155090332 -0.9741724016731821 0.7385760545730591
Truck -1 -1 -1.99 445.13690185546875 156.85643005371094 490.6263122558594 208.312744140625 3.406636953353882 2.451550006866455 7.904587268829346 -9.954933166503906 1.5222773253917694 51.15909194946289 -2.186395886376875 0.5448443293571472
Car -1 -1 -1.12 98.44720458984375 182.16995239257812 269.6700439453125 262.0327453613281 1.412413477897644 1.62375807762146 4.1554412841796875 -8.458735466003418 1.5655137300491333 14.585769653320312 -1.6427399680367394 0.5324914455413818
Van -1 -1 1.15 400.50128173828125 166.4738311767578 430.98858642578125 203.79519653320312 2.5832483768463135 2.141075611114502 5.831465721130371 -14.862895965576172 1.143383428454399 56.0112419128418 0.8869815304517887 0.50792396068573
Car -1 -1 -0.87 2.209204912185669 182.4182586669922 50.229174852371216 246.34210205078125 1.6116386651992798 1.685333013534546 3.6989364624023438 -15.813220977783203 1.6325711011886597 17.347381591796875 -1.6117146048953845 0.4658694267272949
Car -1 -1 -1.65 506.3521728515625 182.07420349121094 530.58447265625 199.84909057617188 1.4873095750808716 1.6164114475250244 4.077294826507568 -7.7768168449401855 1.2590721249580383 62.702938079833984 -1.7686731379468235 0.4497825503349304
Car -1 -1 -0.93 -0.0159229077398777 189.0685577392578 64.44808160886168 251.0999298095703 1.4979853630065918 1.6179702281951904 3.815609931945801 -15.093450546264648 1.5608410239219666 17.04058265686035 -1.6531842353454982 0.43193474411964417
Car -1 -1 -1.01 38.92160415649414 187.68426513671875 235.84363174438477 267.03900146484375 1.392926573753357 1.6596949100494385 4.189669609069824 -11.21142292022705 1.5432899594306946 16.890039443969727 -1.5964677373425058 0.4181385040283203
Truck -1 -1 -1.51 451.1978454589844 162.2941436767578 488.46551513671875 208.9849853515625 3.4013283252716064 2.5303263664245605 8.380910873413086 -9.704611778259277 1.3996301293373108 50.010772705078125 -1.6966990376567015 0.3860635459423065
Car -1 -1 -0.94 1.7048280239105225 186.8394317626953 38.29680418968201 244.87191772460938 1.473173975944519 1.6465498208999634 3.591092348098755 -16.325000762939453 1.5327186584472656 18.092615127563477 -1.678518953527334 0.3633081316947937
Car -1 -1 1.42 3.273374319076538 177.61016845703125 44.55684447288513 239.41859436035156 1.685218095779419 1.5828166007995605 3.7981863021850586 -18.353771209716797 1.651286005973816 19.713062286376953 0.6703820340712863 0.33024510741233826
Van -1 -1 1.58 132.642333984375 174.45721435546875 255.08871459960938 239.18841552734375 2.07409405708313 1.7937180995941162 4.617306232452393 -15.191299438476562 1.6788391470909119 27.171131134033203 1.072023189716628 0.3150503635406494
Car -1 -1 1.99 156.07876586914062 177.02182006835938 255.39366149902344 222.88824462890625 1.6470437049865723 1.5525622367858887 3.840790271759033 -15.918388366699219 1.4740106463432312 28.923437118530273 1.4873211686624002 0.3072541654109955
Car -1 -1 -0.96 2.7128915786743164 182.9138641357422 34.889153480529785 239.1105499267578 1.4394170045852661 1.5733352899551392 3.5146381855010986 -18.002771377563477 1.4106341004371643 20.04161262512207 -1.6927021778020928 0.28068849444389343
Car -1 -1 -1.02 0.528427004814148 183.20814514160156 41.83485400676727 252.04380798339844 1.5747021436691284 1.7253199815750122 3.846923351287842 -15.886902809143066 1.5793819427490234 17.040546417236328 -1.7682973337242567 0.2773185968399048
Car -1 -1 -2.04 0.1480177938938141 198.6095428466797 36.6220625936985 355.88873291015625 1.5129321813583374 1.6563167572021484 4.050395965576172 -6.391184329986572 1.629121482372284 5.210351467132568 -2.925190781501499 0.27510181069374084
Van -1 -1 -3.03 397.8305358886719 168.25128173828125 435.7181091308594 207.03321838378906 2.677610397338867 2.0607352256774902 5.9787774085998535 -14.768176078796387 1.4591144993901253 55.995094299316406 2.994333449246377 0.27368077635765076
Car -1 -1 -0.74 -1.556153416633606 184.73397827148438 33.76555907726288 248.440185546875 1.655884027481079 1.7635576725006104 4.197676181793213 -16.341928482055664 1.6432010531425476 17.41195297241211 -1.495956285917818 0.26890960335731506
Car -1 -1 2.63 8.186396598815918 176.32745361328125 45.06126689910889 231.37728881835938 1.5904029607772827 1.5754424333572388 3.876636028289795 -18.34649085998535 1.4911624193191528 20.21748924255371 1.8937240875041867 0.2538888454437256
Car -1 -1 -0.86 -3.6391937732696533 189.91566467285156 83.65484309196472 251.53662109375 1.5113062858581543 1.6948803663253784 3.692293882369995 -15.05994987487793 1.6084210276603699 17.48906707763672 -1.5672349581918255 0.24303662776947021
Car -1 -1 1.77 0.8933370113372803 176.5254364013672 29.15031409263611 240.26385498046875 1.7067909240722656 1.6127909421920776 3.759974479675293 -18.765764236450195 1.6617915630340576 19.773056030273438 1.0077174210677429 0.2414032220840454
Car -1 -1 0.67 842.3274536132812 134.93077087402344 1234.7801513671875 378.9486083984375 1.8333933353424072 1.6204835176467896 4.231222152709961 1.3810484409332275 1.4505141973495483 1.630301833152771 1.3755601869137735 0.2277386337518692
Car -1 -1 -1.52 419.87884521484375 178.22694396972656 485.4435729980469 236.6436309814453 1.5621728897094727 1.6704779863357544 3.9415314197540283 -4.507170677185059 1.440115749835968 20.174779891967773 -1.7354462288542614 0.22768902778625488
Pedestrian -1 -1 1.57 451.1978454589844 162.2941436767578 488.46551513671875 208.9849853515625 1.7404369115829468 0.6110979318618774 0.8317210078239441 -6.824297904968262 0.9898910373449326 36.749847412109375 1.3888406283771246 0.22685080766677856
Car -1 -1 -1.53 521.5441284179688 179.2623291015625 578.5072631835938 226.45802307128906 1.6053462028503418 1.701155662536621 4.102464199066162 -1.7883697748184204 1.3762215971946716 23.05019760131836 -1.6055522932767614 0.2140180766582489
Car -1 -1 -1.48 3.2462923526763916 222.94740295410156 38.4541437625885 340.14990234375 1.3146597146987915 1.5699244737625122 3.572784900665283 -7.605123996734619 1.6420381665229797 7.104928493499756 -2.3008699478894368 0.2116430550813675
Car -1 -1 -1.33 368.7404479980469 183.2787628173828 403.3956298828125 213.31332397460938 1.3789891004562378 1.5625263452529907 3.9170944690704346 -12.132721900939941 1.4275399446487427 38.83585739135742 -1.6359212925135864 0.2070791870355606
Van -1 -1 -1.06 79.77631378173828 187.27810668945312 272.7077102661133 277.1019287109375 1.8489540815353394 1.820009469985962 4.497952461242676 -9.356610298156738 1.6554829478263855 16.26881217956543 -1.5782314222095701 0.20605012774467468
Car -1 -1 -0.21 143.87033081054688 173.86131286621094 260.2296142578125 229.42706298828125 1.6392985582351685 1.6412702798843384 4.056160926818848 -14.646352767944336 1.3523254990577698 26.21511459350586 -0.7160219343783076 0.20487746596336365
Car -1 -1 -1.36 119.38740539550781 177.63992309570312 259.7401123046875 242.4010467529297 1.5991464853286743 1.626897931098938 4.113553047180176 -10.967961311340332 1.4749470949172974 19.192720413208008 -1.8762406166447088 0.20440180599689484
Car -1 -1 -0.91 -0.1773085743188858 194.31211853027344 49.41673515737057 255.85952758789062 1.354108214378357 1.6751291751861572 4.266515254974365 -15.231534004211426 1.6015116572380066 16.286785125732422 -1.6615619171012561 0.20371191203594208
Car -1 -1 -0.99 -4.915551662445068 190.79000854492188 115.92075204849243 256.01190185546875 1.484763741493225 1.7251864671707153 3.9283087253570557 -13.620142936706543 1.545542299747467 16.511459350585938 -1.677058611766494 0.2036907821893692
Van -1 -1 -1.3 293.01568603515625 184.46258544921875 368.35870361328125 229.39166259765625 1.747204303741455 1.7970534563064575 4.265814781188965 -10.36863899230957 1.5677447319030762 27.450794219970703 -1.6646392315513063 0.20121781527996063
Car -1 -1 -0.9 -0.038215264678001404 183.01966857910156 27.61075820028782 254.1661834716797 1.6129276752471924 1.7263844013214111 3.8879852294921875 -16.274118423461914 1.610607922077179 16.980941772460938 -1.667230250411067 0.20110824704170227
Car -1 -1 -1.15 130.05853271484375 189.1830596923828 271.4994812011719 269.58062744140625 1.385006308555603 1.5743812322616577 3.996849298477173 -8.555712699890137 1.4805532097816467 15.112035751342773 -1.6663287452839937 0.20107731223106384
Pedestrian -1 -1 3.12 0.1480177938938141 198.6095428466797 36.6220625936985 355.88873291015625 1.6658669710159302 0.6266021728515625 0.9301368594169617 -5.021626949310303 1.5632508993148804 5.493330955505371 2.381481479424518 0.20096106827259064
Truck -1 -1 0.57 812.6807250976562 94.22853088378906 1224.0299072265625 378.61109924316406 3.2072367668151855 2.3210296630859375 6.84585428237915 2.61802077293396 1.8366591185331345 3.277486801147461 1.2451132938203298 0.20069439709186554
Car -1 -1 -0.91 2.9883790016174316 196.56407165527344 71.81445932388306 252.1902618408203 1.4331398010253906 1.5977128744125366 3.705775260925293 -14.95950698852539 1.6400363445281982 17.46019172668457 -1.6188723863888814 0.1974465698003769
Car -1 -1 -0.73 -0.15622399747371674 185.55799865722656 22.177983537316322 246.95433044433594 1.6424964666366577 1.7387570142745972 4.048483848571777 -16.596017837524414 1.6238584518432617 17.476852416992188 -1.4859218651876294 0.19649329781532288
Car -1 -1 -2.22 -1.551230788230896 210.99664306640625 30.453007340431213 331.9963684082031 1.6412140130996704 1.6114046573638916 3.9863133430480957 -6.096719264984131 1.7231149673461914 5.458569049835205 -3.05743974901348 0.1935591846704483
Car -1 -1 -1.58 447.05572509765625 168.34426879882812 485.2052307128906 213.1133575439453 1.5597479343414307 1.6831278800964355 4.355320453643799 -7.878414154052734 1.2643831670284271 40.76066207885742 -1.768606833483699 0.1920243799686432
Car -1 -1 -1.02 1.2498934268951416 191.40382385253906 71.92328667640686 264.27313232421875 1.5381895303726196 1.6215367317199707 3.60257625579834 -14.895966529846191 1.7389121651649475 16.678543090820312 -1.7485024801337534 0.19199709594249725
Truck -1 -1 -1.79 398.2045593261719 167.7012176513672 429.1749267578125 204.274658203125 3.3447446823120117 2.597045660018921 9.134732246398926 -15.838747024536133 1.528407260775566 59.80472183227539 -2.052057486065915 0.19019372761249542
Van -1 -1 -1.41 106.33513641357422 179.53298950195312 259.2173080444336 258.1485595703125 2.0377156734466553 1.7903944253921509 4.638663291931152 -11.912919998168945 1.648953914642334 20.84172821044922 -1.9337102903349184 0.1869366317987442
Cyclist -1 -1 0.86 663.750244140625 183.2601318359375 698.9412841796875 213.04698181152344 1.7225234508514404 0.5483087301254272 1.6846376657485962 3.869842290878296 1.5481889247894287 37.496646881103516 0.9599847930788457 0.18243193626403809
Car -1 -1 -2.14 0.4093785583972931 195.4842529296875 22.790176898241043 342.1526184082031 1.5142775774002075 1.6502386331558228 4.015010356903076 -7.843801021575928 1.6669310927391052 6.909636974334717 -2.9839126181850837 0.18165645003318787
Car -1 -1 -1.37 373.1120910644531 182.44740295410156 410.40631103515625 211.54798889160156 1.4716322422027588 1.5955708026885986 3.8485870361328125 -12.042499542236328 1.493882656097412 39.11224365234375 -1.666251118221819 0.17937560379505157
Car -1 -1 -1.53 440.5808410644531 171.2178497314453 483.311767578125 218.51971435546875 1.618669867515564 1.6701407432556152 4.295769214630127 -7.530641555786133 1.3383637070655823 37.460506439208984 -1.7316579889524686 0.1792626678943634
Cyclist -1 -1 1.4 631.824951171875 173.29983520507812 657.0123291015625 200.62799072265625 1.7328351736068726 0.5332258939743042 1.7702149152755737 2.2202091217041016 1.0232653468847275 42.282440185546875 1.4492894594935075 0.17535707354545593
Cyclist -1 -1 1.43 628.8563842773438 174.8986358642578 651.202880859375 202.44154357910156 1.7556732892990112 0.5172708034515381 1.786511778831482 1.9502902030944824 1.209038108587265 42.652000427246094 1.4745797215835061 0.17245273292064667
Car -1 -1 -1.56 504.8218688964844 183.28163146972656 526.8555297851562 201.4678955078125 1.4325454235076904 1.6198810338974 3.955212116241455 -7.64155387878418 1.2537106275558472 60.056758880615234 -1.6849748557695312 0.16851317882537842
Car -1 -1 -1.5 429.29388427734375 173.5443572998047 483.8701171875 224.97796630859375 1.624961256980896 1.63008451461792 3.993560552597046 -5.496742248535156 1.4615638256072998 26.23247528076172 -1.7106183602045704 0.16781356930732727
Car -1 -1 -1.93 4.115079402923584 181.48858642578125 34.226768016815186 228.70416259765625 1.469138503074646 1.5720553398132324 3.5424695014953613 -24.77488899230957 1.4537186026573181 27.789913177490234 -2.6559975674063665 0.16477744281291962
Pedestrian -1 -1 2.27 444.69281005859375 157.64505004882812 489.155029296875 207.64871215820312 1.9714539051055908 0.6434446573257446 0.7310488224029541 -7.809891223907471 1.336585521697998 40.191932678222656 2.0794650115040225 0.16439242660999298
Cyclist -1 -1 0.78 670.3628540039062 179.0033416748047 705.3656616210938 211.74765014648438 1.7170532941818237 0.5375803112983704 1.7249473333358765 4.165417671203613 1.4519216418266296 37.22314453125 0.8937592025198668 0.16438445448875427
Car -1 -1 2.62 3.346665620803833 177.79136657714844 54.396031618118286 230.14361572265625 1.5741232633590698 1.6002782583236694 3.9235405921936035 -24.73573875427246 1.5567349791526794 28.162511825561523 1.8961414591259622 0.16241344809532166
Cyclist -1 -1 1.26 638.1671752929688 172.95248413085938 663.5338745117188 200.04600524902344 1.7051047086715698 0.5333279967308044 1.7668763399124146 2.5070860385894775 0.9981786161661148 41.66267013549805 1.3184155440434715 0.16230586171150208
Pedestrian -1 -1 1.33 398.2045593261719 167.7012176513672 429.1749267578125 204.274658203125 1.7427613735198975 0.6241774559020996 0.756725549697876 -12.002562522888184 1.1437306106090546 43.84994125366211 1.0638943422482576 0.16103993356227875
Car -1 -1 -2.22 -0.15571241080760956 194.7491912841797 19.80210466682911 323.2443542480469 1.562920331954956 1.6306543350219727 3.9442498683929443 -7.19650411605835 1.5950696468353271 6.484656810760498 -3.0555060271685512 0.16030333936214447
Car -1 -1 -2.21 -7.055924892425537 188.4000244140625 48.32245492935181 320.55792236328125 1.5586349964141846 1.7089704275131226 4.008399963378906 -6.144162178039551 1.5351964235305786 5.543123245239258 -3.0480575492426727 0.15707296133041382
Car -1 -1 -2.19 -8.83785629272461 201.79959106445312 40.14226150512695 301.6943359375 1.5873547792434692 1.568290114402771 3.9390151500701904 -6.837252140045166 1.622079610824585 6.364631175994873 -3.0120840798695188 0.1565958559513092
Car -1 -1 1.0 0.6448838710784912 178.34178161621094 23.020990133285522 235.33164978027344 1.5973775386810303 1.678999662399292 4.003524303436279 -16.480754852294922 1.54997318983078 17.408767700195312 0.24196718805435502 0.1547006368637085
Car -1 -1 1.95 1.632097840309143 175.61758422851562 25.831040024757385 227.31349182128906 1.6817364692687988 1.6687374114990234 3.8046367168426514 -22.66514778137207 1.4887314438819885 24.185747146606445 1.199093005141144 0.14716629683971405
Truck -1 -1 -1.64 444.1407470703125 165.99024963378906 485.7124328613281 213.14910888671875 3.3822247982025146 2.4271841049194336 8.006689071655273 -10.223702430725098 1.4094698131084442 52.18769836425781 -1.835806586533522 0.14687052369117737
Car -1 -1 2.18 155.0065155029297 179.26866149902344 257.92572021484375 234.809814453125 1.5617746114730835 1.589191198348999 3.883571147918701 -15.463181495666504 1.417814552783966 28.097888946533203 1.6805625165960203 0.1447521597146988
Car -1 -1 -0.87 -0.857775092124939 185.02537536621094 52.25463259220123 263.15252685546875 1.5602774620056152 1.723879098892212 3.9791924953460693 -15.473054885864258 1.6899567246437073 16.1627140045166 -1.6331531017425505 0.1274764984846115
Car -1 -1 -1.55 147.8187255859375 183.435302734375 265.8333435058594 243.70887756347656 1.4922962188720703 1.5773285627365112 4.000919342041016 -15.450520515441895 1.4879907369613647 28.20472526550293 -2.0522880171053313 0.12426675111055374
Car -1 -1 -2.08 -1.4391236305236816 186.30783081054688 23.832335948944092 313.3988342285156 1.5368319749832153 1.6511778831481934 4.01548433303833 -9.640591621398926 1.6845480799674988 8.974028587341309 -2.9060970760219753 0.12328730523586273
Pedestrian -1 -1 1.14 446.4747009277344 165.5099639892578 484.85516357421875 213.85568237304688 1.814379334449768 0.6841608881950378 0.7815390229225159 -6.943365097045898 1.335147649049759 35.17071533203125 0.9496802829808351 0.118159718811512
Car -1 -1 -1.85 -7.267420291900635 187.95169067382812 80.4790472984314 301.36041259765625 1.5547953844070435 1.6690788269042969 3.9694314002990723 -6.150545597076416 1.5230052471160889 5.935359954833984 -2.6571133320310674 0.10929646342992783