Car -1 -1 1.76 348.5486755371094 195.3216552734375 491.28436279296875 306.30303955078125 1.4986367225646973 1.6108070611953735 3.779978036880493 -3.0921549797058105 1.9029264450073242 12.210575103759766 1.5088509665105363 0.8789867758750916
Car -1 -1 -2.02 763.450439453125 158.76036071777344 1162.8546142578125 375.3468017578125 1.729604721069336 1.6483137607574463 4.20120906829834 2.902147054672241 1.6351320147514343 7.056652069091797 -1.6272698818945308 0.8737315535545349
Car -1 -1 -1.56 490.4415588378906 184.33502197265625 538.0966186523438 224.15692138671875 1.4967701435089111 1.6853411197662354 4.389725208282471 -4.012205123901367 2.0218039751052856 30.454042434692383 -1.6917634193037028 0.861865758895874
Car -1 -1 -1.69 622.2437744140625 175.1285858154297 674.4800415039062 223.08233642578125 1.8519495725631714 1.6926305294036865 3.997070550918579 1.3902535438537598 1.9306547045707703 28.75272560119629 -1.6451975575798041 0.8445536494255066
Car -1 -1 -1.71 609.1248779296875 183.3711700439453 647.5590209960938 213.70916748046875 1.507936954498291 1.6286956071853638 4.281210899353027 0.8770735263824463 2.0498005151748657 38.42790603637695 -1.6854416187696621 0.5409361720085144
Van -1 -1 -1.72 621.5274047851562 174.7097625732422 674.7128295898438 223.3719024658203 1.98149573802948 1.7844864130020142 4.29303503036499 1.5253589153289795 2.0272337794303894 30.45924186706543 -1.6715592553872067 0.5197333693504333
Car -1 -1 -1.7 610.3890991210938 180.57176208496094 652.1460571289062 216.56048583984375 1.5836278200149536 1.6224907636642456 4.161112308502197 0.9548116326332092 2.067192256450653 38.236534118652344 -1.6730879624674078 0.32549309730529785
Car -1 -1 -1.5 499.8185119628906 184.32029724121094 540.812744140625 218.60824584960938 1.5880087614059448 1.6506178379058838 4.170135021209717 -4.0451340675354 2.08307546377182 31.16548728942871 -1.625902363809888 0.293483704328537
Car -1 -1 -1.7 615.3878173828125 175.85191345214844 663.9280395507812 217.7242431640625 1.6210839748382568 1.6069037914276123 3.667288303375244 1.0459742546081543 1.8858363628387451 34.61727523803711 -1.6746871543892539 0.2796141505241394
Car -1 -1 0.56 509.6971435546875 184.88548278808594 543.4796142578125 213.26962280273438 1.4526207447052002 1.5993539094924927 4.034226417541504 -4.947717189788818 2.215713143348694 43.73005676269531 0.4450204426178428 0.21833784878253937
Van -1 -1 -2.01 759.8314208984375 164.81703186035156 1162.59814453125 374.18609619140625 2.009949207305908 1.811436653137207 4.578856945037842 3.5861189365386963 1.8527189493179321 8.2752103805542 -1.6011397664371705 0.21031850576400757
Car -1 -1 -1.63 614.5488891601562 182.6623077392578 657.2966918945312 220.24253845214844 1.5228608846664429 1.6178534030914307 3.9509172439575195 1.0684345960617065 2.061490833759308 34.97010040283203 -1.5979186098064826 0.1772119104862213
Van -1 -1 -1.81 615.3878173828125 175.85191345214844 663.9280395507812 217.7242431640625 1.9663223028182983 1.7013484239578247 4.382909297943115 1.15437650680542 1.959891438484192 37.95322036743164 -1.7821093519507212 0.16487909853458405