Car -1 -1 -1.6 569.568359375 181.617919921875 613.935546875 221.9192657470703 1.646500825881958 1.6944313049316406 4.36073112487793 -0.7816139459609985 2.0335739850997925 31.099241256713867 -1.6247098532267863 0.8789218068122864
Car -1 -1 2.15 59.818214416503906 200.0120391845703 215.72815704345703 262.5892028808594 1.4109697341918945 1.609264850616455 3.966193675994873 -12.632997512817383 2.176114559173584 19.619953155517578 1.5745670174032362 0.8512455821037292
Car -1 -1 1.87 323.83935546875 190.14556884765625 381.0311584472656 223.4601287841797 1.5093117952346802 1.6363767385482788 4.053284168243408 -12.719694137573242 2.36902517080307 35.65803527832031 1.5275511380241635 0.8471109867095947
Car -1 -1 2.29 80.10624694824219 213.83128356933594 444.18516540527344 375.2740173339844 1.4700499773025513 1.528892993927002 3.461822986602783 -2.074082851409912 1.6307357549667358 3.2591357231140137 1.7258260210625727 0.34075164794921875
Truck -1 -1 1.49 503.59490966796875 156.07472229003906 552.0383911132812 210.1179656982422 3.277228593826294 2.3374011516571045 8.024232864379883 -5.269990921020508 2.4528979063034058 48.01066970825195 1.3797745845184046 0.2745872437953949
Car -1 -1 2.09 2.3840172290802 197.71853637695312 57.02688145637512 368.82537841796875 1.5383440256118774 1.6518824100494385 4.212267875671387 -7.183719635009766 1.8564146161079407 6.055891990661621 1.217777376112588 0.25551798939704895
Van -1 -1 -2.58 503.14447021484375 158.07154846191406 548.3360595703125 210.49136352539062 2.684654474258423 2.1677141189575195 6.400422096252441 -5.258237361907959 2.0936473608016968 46.76456069946289 -2.6948960141108147 0.22702628374099731
Cyclist -1 -1 1.55 2.3840172290802 197.71853637695312 57.02688145637512 368.82537841796875 1.7320054769515991 0.5868070125579834 1.7842158079147339 -5.498309135437012 1.83441561460495 5.825260639190674 0.7980950100526734 0.2126542627811432
Van -1 -1 1.32 682.685791015625 185.16107177734375 735.7200317382812 211.3583984375 1.8390412330627441 1.9864014387130737 5.0231804847717285 7.168313980102539 2.755433440208435 52.058502197265625 1.4615073694976202 0.20913411676883698
Car -1 -1 2.28 61.139095306396484 208.28787231445312 386.61144638061523 354.8263854980469 1.4151283502578735 1.530455470085144 3.5897715091705322 -5.367454528808594 2.6658727526664734 8.229254722595215 1.7026266528723983 0.18663527071475983
Car -1 -1 2.2 0.6579757332801819 217.12646484375 78.35692745447159 369.0333251953125 1.4664722681045532 1.5910183191299438 4.095224380493164 -6.982426166534424 1.8788806796073914 6.163968086242676 1.34874073312713 0.18057821691036224
Car -1 -1 -2.4 1133.5509033203125 25.392444610595703 1233.981689453125 82.43083190917969 1.7443886995315552 1.912147879600525 5.391059398651123 34.61592483520508 -5.071211755275726 39.851951599121094 -1.6867902073440035 0.08901452273130417