Car -1 -1 -1.85 664.8519287109375 178.26715087890625 829.7474365234375 286.7967834472656 1.400222659111023 1.5731502771377563 3.483088731765747 1.9361563920974731 1.552802860736847 11.549762725830078 -1.6805476563793205 0.903240978717804
Car -1 -1 1.49 969.0501708984375 155.6109619140625 1060.314453125 199.2051544189453 1.6192387342453003 1.673264741897583 3.5118470191955566 16.561655044555664 0.9659023731946945 29.507766723632812 1.9984594138887868 0.824001669883728
Car -1 -1 -0.82 834.9281005859375 163.23741149902344 943.6677856445312 207.618408203125 1.4841785430908203 1.6163225173950195 3.598752737045288 9.83547592163086 1.138819545507431 25.081268310546875 -0.4415110907887092 0.8230432271957397
Car -1 -1 2.48 575.4242553710938 171.06460571289062 679.0819091796875 215.7622833251953 1.5602747201919556 1.5568605661392212 3.7014598846435547 0.7246053814888 1.521530568599701 27.212932586669922 2.510991820430929 0.8220555186271667
Car -1 -1 2.28 741.6626586914062 166.7772979736328 871.4500122070312 215.89625549316406 1.403469204902649 1.5842024087905884 3.5250227451324463 6.137433052062988 1.2562692165374756 22.759607315063477 2.543119951929918 0.7927104830741882
Car -1 -1 -1.44 912.0115356445312 164.31048583984375 997.4371948242188 202.8475799560547 1.423970103263855 1.5832058191299438 3.1603331565856934 13.426682472229004 1.0710316896438599 28.06938934326172 -0.992350413856089 0.7831153273582458
Car -1 -1 2.18 703.9403686523438 168.4773406982422 803.5755004882812 209.20440673828125 1.3889565467834473 1.5367193222045898 3.6406500339508057 5.286810874938965 1.209806203842163 25.932857513427734 2.3818105227618833 0.5377260446548462
Car -1 -1 2.24 714.8125610351562 170.1429443359375 836.4694213867188 211.9676513671875 1.3772563934326172 1.607603669166565 3.8846569061279297 5.825809001922607 1.1945579051971436 24.792686462402344 2.4723229010851577 0.3506890833377838
Car -1 -1 2.09 724.2694702148438 168.425048828125 864.666015625 228.37496948242188 1.525286078453064 1.6438528299331665 3.8464415073394775 6.288024425506592 1.3037768006324768 22.74800682067871 2.358371774345671 0.35052356123924255
Car -1 -1 1.4 847.4830322265625 168.17459106445312 954.5040283203125 207.74472045898438 1.4005520343780518 1.563438057899475 3.552478790283203 10.26613712310791 1.1881857812404633 26.375497817993164 1.7734264492437735 0.3402019441127777
Car -1 -1 2.29 709.8478393554688 170.0821533203125 848.2478637695312 237.0707550048828 1.455406904220581 1.5150588750839233 3.4877936840057373 5.24003267288208 1.232357382774353 20.901094436645508 2.5327365902078807 0.3266674876213074
Car -1 -1 2.24 723.7902221679688 168.69070434570312 858.4017333984375 214.67462158203125 1.4123417139053345 1.611178994178772 3.775010108947754 5.904842853546143 1.2670297622680664 22.595426559448242 2.4909184324099556 0.3099089562892914
Car -1 -1 -1.9 679.265625 174.4855499267578 814.802001953125 255.4368896484375 1.3754124641418457 1.5609973669052124 3.517439842224121 2.45359206199646 1.4096943736076355 13.355154037475586 -1.721066990687624 0.2976512610912323
Car -1 -1 2.21 760.1531982421875 168.18841552734375 884.6617431640625 215.2627410888672 1.4410690069198608 1.541228175163269 3.660348415374756 6.110797882080078 1.306304931640625 22.631092071533203 2.4753688077626705 0.2449767291545868
Car -1 -1 2.32 719.0294799804688 169.3745574951172 839.3970947265625 225.38111877441406 1.3849163055419922 1.5455540418624878 3.562537908554077 5.584076404571533 1.2243350744247437 22.043542861938477 2.569269635757438 0.23491095006465912
Car -1 -1 2.18 919.83544921875 162.66656494140625 1019.969482421875 200.417724609375 1.5273351669311523 1.5533093214035034 3.4645133018493652 13.05845832824707 1.0560354590415955 27.218074798583984 2.63184154438951 0.23406699299812317
Car -1 -1 1.2 681.6073608398438 173.7764434814453 843.6738891601562 262.3374938964844 1.450432300567627 1.5708367824554443 3.4933648109436035 3.0994980335235596 1.498306155204773 14.492653846740723 1.4142532235463445 0.2232290655374527
Car -1 -1 2.19 704.0247192382812 172.5029754638672 815.888916015625 213.87445068359375 1.3847222328186035 1.5943013429641724 3.9197466373443604 5.299818992614746 1.2476970553398132 25.262598037719727 2.3954501945660835 0.22012491524219513
Car -1 -1 2.16 697.543701171875 168.85134887695312 801.1261596679688 227.20787048339844 1.4749596118927002 1.54885733127594 3.5721163749694824 4.8738532066345215 1.5243750214576721 25.396812438964844 2.3477988321872783 0.21905972063541412
Car -1 -1 -0.61 838.15771484375 162.88975524902344 933.1815795898438 201.3421630859375 1.3708984851837158 1.4961985349655151 3.658801317214966 10.196977615356445 1.0362891852855682 26.456214904785156 -0.23987920469827317 0.20968632400035858
Car -1 -1 1.24 822.7914428710938 165.13653564453125 918.2879028320312 203.83897399902344 1.3800954818725586 1.555962085723877 3.399376630783081 10.079571723937988 1.1298105418682098 27.014789581298828 1.5996386750998521 0.19951382279396057
Car -1 -1 2.77 871.1854248046875 164.82974243164062 981.6165771484375 205.2890167236328 1.4824928045272827 1.616693377494812 3.3534433841705322 10.877161026000977 1.0913598239421844 25.825937271118164 -3.1100709618560742 0.1918884962797165
Car -1 -1 2.42 734.1383056640625 166.33062744140625 848.9240112304688 210.65045166015625 1.387725591659546 1.5333795547485352 3.610050916671753 6.033901214599609 1.2311660051345825 23.973331451416016 2.66382447498286 0.18996159732341766
Car -1 -1 1.24 806.2987060546875 165.2977752685547 926.9839477539062 210.2591094970703 1.4042340517044067 1.5446014404296875 3.4723551273345947 9.891724586486816 1.121520459651947 26.43855094909668 1.5937571582682057 0.18029697239398956
Car -1 -1 3.01 701.07373046875 171.1897735595703 830.4277954101562 229.05775451660156 1.3905586004257202 1.5592470169067383 3.7363531589508057 5.234820365905762 1.4467815160751343 24.06144905090332 -3.054129251255862 0.1790553629398346
Car -1 -1 0.13 666.9404907226562 168.9166259765625 822.2646484375 269.2104187011719 1.4568732976913452 1.586133360862732 3.5498809814453125 2.828965902328491 1.5055434703826904 14.605142593383789 0.32003016646587046 0.16630205512046814
Car -1 -1 -3.03 682.872802734375 167.98391723632812 827.0928955078125 243.51223754882812 1.382662057876587 1.639122486114502 3.545478582382202 3.7947239875793457 1.425876498222351 19.31865119934082 -2.8374743899599224 0.13167257606983185