Car -1 -1 -1.79 719.4779663085938 177.76795959472656 829.3148803710938 251.04534912109375 1.4476720094680786 1.6137361526489258 3.8312911987304688 3.6079275608062744 1.6081120371818542 16.36962127685547 -1.5691051313034379 0.8908709287643433
Car -1 -1 1.8 409.2196960449219 176.3890380859375 521.2820434570312 260.5220031738281 1.5532981157302856 1.6359376907348633 3.9961326122283936 -3.0653879642486572 1.651476800441742 15.917489051818848 1.6095643295059894 0.8710253238677979
Car -1 -1 1.96 81.21849822998047 169.9337921142578 416.35717010498047 375.3450927734375 1.7228584289550781 1.6736418008804321 4.144101142883301 -3.3847527503967285 1.6598837971687317 7.495405673980713 1.5364545729346029 0.860999584197998
Car -1 -1 -1.74 688.0245971679688 166.52098083496094 771.7208251953125 230.71060180664062 1.715993881225586 1.6690187454223633 4.040021896362305 3.5046937465667725 1.5738546252250671 21.7723445892334 -1.5756612068497118 0.8500110507011414
Car -1 -1 1.73 460.64813232421875 174.46929931640625 538.3480224609375 237.80372619628906 1.600587248802185 1.6351677179336548 4.118589878082275 -3.1124660968780518 1.6939740777015686 20.991474151611328 1.5850331885907165 0.821916937828064
Car -1 -1 2.39 5.7765350341796875 210.3513946533203 226.29736328125 373.56378173828125 1.4716732501983643 1.5994216203689575 3.8787240982055664 -3.553105354309082 1.7302866578102112 3.073826551437378 1.5327583568318337 0.8167352080345154
Van -1 -1 -0.79 980.2943115234375 93.96288299560547 1238.260009765625 258.0295639038086 2.463557243347168 2.092587947845459 6.210299015045166 10.297506332397461 1.294618345797062 12.615555763244629 -0.10711267583355966 0.7309765815734863
Car -1 -1 1.65 524.4182739257812 174.92112731933594 559.9077758789062 202.74261474609375 1.5347769260406494 1.6703821420669556 4.290040016174316 -4.036694049835205 1.667572557926178 43.6340446472168 1.5540769952131415 0.7071602940559387
Car -1 -1 1.93 113.62792205810547 154.32376098632812 388.70943450927734 331.1473083496094 1.6598200798034668 1.566204309463501 3.652229070663452 -4.392498970031738 1.5980473160743713 9.59737777709961 1.4959355954063955 0.4323329031467438
Car -1 -1 -0.75 987.1196899414062 91.71190643310547 1242.7913818359375 256.3029098510742 2.1986029148101807 1.8394640684127808 4.8311052322387695 9.77789306640625 1.1897613927721977 12.248624801635742 -0.0770445307227825 0.42296677827835083
Car -1 -1 -1.74 695.1282348632812 170.7645721435547 794.0310668945312 235.84490966796875 1.576820969581604 1.6765421628952026 3.8591787815093994 3.537785291671753 1.5846915245056152 21.37339973449707 -1.5807911019767857 0.35272976756095886
Car -1 -1 1.71 430.5450744628906 176.7659149169922 529.8524169921875 248.3852081298828 1.5168828964233398 1.593851923942566 3.92045521736145 -3.231792688369751 1.6626790761947632 19.8445987701416 1.5481560120486666 0.3481321632862091
Van -1 -1 1.79 463.1451721191406 177.91461181640625 537.5732421875 237.70835876464844 1.8317400217056274 1.7296342849731445 4.514516353607178 -3.2733960151672363 1.9319743514060974 22.2757568359375 1.640766458025075 0.3233014643192291
Car -1 -1 2.04 31.702489852905273 187.41456604003906 388.357946395874 365.84417724609375 1.553445816040039 1.591158151626587 3.8121819496154785 -3.7369492053985596 1.909735918045044 7.056825637817383 1.5517593656724404 0.30206775665283203
Car -1 -1 2.05 685.6350708007812 171.0177001953125 747.4901123046875 221.82806396484375 1.6438430547714233 1.573405146598816 3.672619104385376 3.6629598140716553 1.6449232697486877 24.858430862426758 2.195579891536304 0.3013666868209839
Van -1 -1 -0.75 991.2926025390625 107.84361267089844 1213.218017578125 236.01206970214844 2.4081387519836426 2.012831211090088 5.892825126647949 9.822773933410645 1.2240545209497213 12.488527297973633 -0.08101073562175021 0.29616034030914307
Van -1 -1 -1.75 687.9801635742188 165.8031005859375 771.22802734375 230.8126678466797 1.887387752532959 1.74113130569458 4.192956924438477 3.6303112506866455 1.684375286102295 22.891101837158203 -1.5942697121438938 0.2618257403373718
Truck -1 -1 -1.32 981.194091796875 78.28911590576172 1241.662841796875 269.3558578491211 3.463444471359253 2.2777585983276367 8.062064170837402 10.887903213500977 1.3860521018505096 13.819833755493164 -0.6541843746718135 0.25448378920555115
Car -1 -1 1.93 530.8109130859375 175.0259246826172 564.5792846679688 200.18447875976562 1.4845259189605713 1.6289559602737427 4.202749729156494 -3.8254618644714355 1.642199695110321 43.28493118286133 1.843288656979686 0.24432510137557983
Van -1 -1 -1.05 974.9381713867188 69.59112548828125 1260.006591796875 278.8748779296875 2.7141170501708984 2.134603500366211 6.398557186126709 9.513350486755371 1.2672619000077248 11.65164566040039 -0.360550319178115 0.2431698590517044
Car -1 -1 -1.62 704.8413696289062 171.64898681640625 816.9249267578125 245.62147521972656 1.5476210117340088 1.643478512763977 3.787398099899292 3.4828522205352783 1.5658437609672546 16.182912826538086 -1.4086926289042934 0.23666754364967346
Car -1 -1 2.12 98.98963165283203 197.71978759765625 384.02661895751953 372.61798095703125 1.4548183679580688 1.577182650566101 3.67861270904541 -3.9671552181243896 1.833823025226593 7.366559028625488 1.6250050619633498 0.22173362970352173
Car -1 -1 2.2 538.948486328125 176.4248504638672 568.0232543945312 198.50477600097656 1.4305274486541748 1.5531104803085327 3.890002965927124 -3.8290257453918457 1.739040732383728 46.65822219848633 2.117225074558146 0.22144338488578796
Car -1 -1 1.95 119.5601577758789 160.59825134277344 353.66776275634766 300.306640625 1.706520676612854 1.5209906101226807 3.593700408935547 -4.931210994720459 1.6615910530090332 10.467676162719727 1.5105610081924077 0.2165910005569458
Car -1 -1 1.82 426.6158752441406 173.6563720703125 510.34942626953125 247.9326934814453 1.554876685142517 1.5746368169784546 3.7352914810180664 -3.1516876220703125 1.6034947633743286 16.57265853881836 1.6351315851917105 0.21207527816295624
Car -1 -1 1.75 484.77606201171875 179.65451049804688 540.068115234375 228.31439208984375 1.4182530641555786 1.589008092880249 4.032911777496338 -3.4816815853118896 1.7766113877296448 26.566701889038086 1.6163375968172415 0.21146056056022644
Car -1 -1 2.17 474.1582946777344 178.1488800048828 538.54052734375 232.7786407470703 1.5508763790130615 1.6133410930633545 3.978302240371704 -3.0736703872680664 1.6789929866790771 21.695220947265625 2.0276003073209505 0.20936530828475952
Car -1 -1 1.89 156.31971740722656 160.34054565429688 384.6227722167969 301.792236328125 1.5874505043029785 1.5503931045532227 3.7136878967285156 -5.2345123291015625 1.575364589691162 11.57483959197998 1.4698081216437142 0.19998699426651
Car -1 -1 2.25 28.683265686035156 197.72972106933594 318.1594924926758 369.34033203125 1.485693335533142 1.6550257205963135 3.984927177429199 -2.9867234230041504 1.4669647812843323 3.4775032997131348 1.5399153933187373 0.19729837775230408
Car -1 -1 1.83 453.2107238769531 177.77294921875 531.4562377929688 242.99021911621094 1.5496301651000977 1.5988043546676636 3.873899459838867 -3.2800426483154297 1.7577340006828308 20.955413818359375 1.678781195494654 0.19157753884792328
Car -1 -1 1.91 190.9400177001953 164.66346740722656 401.1413879394531 319.6893310546875 1.6426591873168945 1.5544911623001099 3.726741075515747 -4.334431171417236 1.7187293767929077 10.038544654846191 1.5056824186622837 0.19045433402061462
Car -1 -1 1.0 515.4797973632812 173.8302001953125 557.2298583984375 205.62210083007812 1.5787038803100586 1.605087161064148 4.110439777374268 -4.168554306030273 1.6417464017868042 43.143394470214844 0.9017473188857821 0.1863662153482437
Car -1 -1 2.33 0.4181230664253235 220.77194213867188 172.5092332959175 346.4864501953125 1.567726969718933 1.5487734079360962 3.7343857288360596 -2.545520544052124 1.4219542145729065 2.619199752807617 1.5590170168166395 0.18418844044208527
Van -1 -1 -0.78 990.6522216796875 108.7917251586914 1251.756103515625 278.96378326416016 2.2733538150787354 1.9076776504516602 5.248945713043213 8.845564842224121 1.3577211052179337 11.472084999084473 -0.12456548936986334 0.17965343594551086
Car -1 -1 2.34 -6.821556091308594 198.0047607421875 176.1335220336914 328.56207275390625 1.5920958518981934 1.5311182737350464 3.6949462890625 -2.4910902976989746 1.3374401926994324 2.489889144897461 1.55780513099082 0.1695290058851242
Car -1 -1 -2.11 1216.6549072265625 158.68600463867188 1243.53173828125 363.0850830078125 1.73098623752594 1.6456233263015747 4.059145450592041 4.361684322357178 1.6957743167877197 2.442798137664795 -1.0457443029477194 0.14713025093078613
Car -1 -1 1.3 509.4921875 175.9177703857422 556.572265625 212.52418518066406 1.5272579193115234 1.5627849102020264 4.077573776245117 -4.020881175994873 1.7325127124786377 38.493186950683594 1.200368522908029 0.11700242012739182