Car -1 -1 -1.77 681.3684692382812 181.89064025878906 783.1515502929688 252.999755859375 1.4962769746780396 1.5942041873931885 3.7173123359680176 2.7435643672943115 1.7304906845092773 17.211334228515625 -1.6113422752350974 0.8947212100028992
Car -1 -1 -1.7 661.2340698242188 180.7086181640625 729.6929931640625 232.81333923339844 1.4895498752593994 1.5981016159057617 3.939779758453369 2.6343016624450684 1.793277621269226 23.33527946472168 -1.5909787607984915 0.8817089200019836
Car -1 -1 1.85 298.7332458496094 187.66668701171875 506.43975830078125 324.1678161621094 1.461443305015564 1.6679867506027222 4.188066005706787 -2.759016275405884 1.728183388710022 10.363726615905762 1.5905060013172445 0.881040096282959
Car -1 -1 -1.89 734.2959594726562 150.24346923828125 973.5218505859375 327.5161437988281 1.9277104139328003 1.6755478382110596 4.082096099853516 2.9892382621765137 1.7016500234603882 10.002717971801758 -1.601690938181604 0.8751274347305298
Car -1 -1 2.0 441.3703308105469 180.5465545654297 500.9201354980469 213.18948364257812 1.6246001720428467 1.618559718132019 3.572948455810547 -6.789796829223633 1.9526140689849854 36.8148078918457 1.8222557593025428 0.7167187333106995
Car -1 -1 1.62 573.0033569335938 179.98167419433594 597.4196166992188 199.03265380859375 1.5058244466781616 1.6909505128860474 4.241774082183838 -2.0399537086486816 2.1080368161201477 59.456974029541016 1.5878682988532677 0.6307652592658997
Car -1 -1 2.04 457.3741455078125 181.35658264160156 505.1793212890625 212.9998779296875 1.570605993270874 1.6353554725646973 3.601571798324585 -6.755367279052734 2.0382660627365112 38.66788101196289 1.8621913534724808 0.5951100587844849
Car -1 -1 -1.74 668.484619140625 180.26681518554688 756.17236328125 243.6222381591797 1.525979995727539 1.6883586645126343 3.9408183097839355 2.6152825355529785 1.802205204963684 22.782855987548828 -1.621348624259233 0.5295438170433044
Van -1 -1 -1.89 732.4469604492188 149.00767517089844 977.9046020507812 323.2080383300781 1.992296814918518 1.778608798980713 4.4174017906188965 3.0992605686187744 1.6833674907684326 10.146056175231934 -1.594950471188235 0.34318360686302185
Car -1 -1 1.95 426.44873046875 184.55947875976562 494.557861328125 223.5969696044922 1.618619680404663 1.507167935371399 3.4431872367858887 -7.1043925285339355 2.163668632507324 34.77638626098633 1.7498886723037614 0.2670682668685913
Car -1 -1 -1.6 661.7811889648438 177.11167907714844 690.1995239257812 205.3578643798828 1.594144344329834 1.5848478078842163 4.070609092712402 3.8787450790405273 1.8616079092025757 41.6562385559082 -1.5112312299479793 0.2454221546649933
Car -1 -1 1.92 440.09759521484375 184.6123046875 499.80035400390625 219.29672241210938 1.56233811378479 1.5307471752166748 3.395951986312866 -6.876764297485352 2.063140034675598 35.943824768066406 1.7306347228485617 0.2358427196741104
Car -1 -1 -1.6 661.4769287109375 180.0288543701172 693.31298828125 211.0343780517578 1.620267629623413 1.5700000524520874 3.9177584648132324 3.6848011016845703 1.9715235233306885 41.66829299926758 -1.5079977838522503 0.22688406705856323
Car -1 -1 -0.33 421.2027587890625 184.74607849121094 494.37457275390625 235.9102783203125 1.6435115337371826 1.4736279249191284 3.4058046340942383 -6.240942001342773 2.3256359100341797 29.98209571838379 -0.5344796177784628 0.18797753751277924
Car -1 -1 2.54 445.1728210449219 177.7553253173828 514.00390625 212.47520446777344 1.4438709020614624 1.672942042350769 4.0974297523498535 -7.3352789878845215 1.9422592520713806 40.19099807739258 2.3628288121322276 0.18617278337478638
Car -1 -1 -1.59 663.1067504882812 174.46559143066406 695.662353515625 202.7562255859375 1.572737693786621 1.6436176300048828 4.060308456420898 4.464401721954346 1.849809169769287 46.22398376464844 -1.4937593551188533 0.18324334919452667
Car -1 -1 -1.58 665.9173583984375 174.89060974121094 692.2258911132812 199.8908233642578 1.5156702995300293 1.6448719501495361 3.989790916442871 4.687609672546387 1.8448617458343506 47.471900939941406 -1.4830778220447973 0.16965067386627197
Car -1 -1 -1.67 660.1263427734375 180.28289794921875 707.1229858398438 221.3434600830078 1.6118088960647583 1.5761595964431763 3.839341163635254 2.621858835220337 1.7898826003074646 25.316120147705078 -1.5668343975677752 0.1639334261417389
Car -1 -1 -1.6 661.107177734375 178.38009643554688 716.2941284179688 223.56723022460938 1.4457900524139404 1.6140613555908203 3.9595987796783447 3.293649435043335 1.8233765363693237 28.93219757080078 -1.4881284136132598 0.16286052763462067
Car -1 -1 -1.61 661.8157348632812 175.8140869140625 699.407958984375 207.97601318359375 1.5282988548278809 1.5991429090499878 3.9164865016937256 4.107326507568359 1.9763083457946777 41.80438232421875 -1.514744403405027 0.1469125747680664
Car -1 -1 -2.2 420.794189453125 182.3636016845703 501.7487487792969 216.93016052246094 1.4641162157058716 1.5971097946166992 3.8937907218933105 -7.460515022277832 1.9819225668907166 36.99534225463867 -2.4031788335456223 0.08691921085119247