Car -1 -1 2.12 131.30792236328125 193.35693359375 249.6225128173828 248.5557861328125 1.411979079246521 1.5316041707992554 3.6052255630493164 -13.00819206237793 2.1434924006462097 22.48160171508789 1.5909994299682895 0.8596721291542053
Car -1 -1 -1.57 597.431884765625 175.71408081054688 628.2738037109375 204.8639678955078 1.6004390716552734 1.689651370048523 4.401589393615723 0.2080479860305786 1.7950929403305054 42.26820373535156 -1.5653391514505364 0.821655809879303
Car -1 -1 1.77 452.4446105957031 176.45101928710938 486.0539855957031 199.17587280273438 1.6546272039413452 1.6748446226119995 4.049141883850098 -10.934974670410156 1.9502933621406555 56.15447998046875 1.5788127230419322 0.7965362668037415
Van -1 -1 1.82 638.9471435546875 162.6412811279297 674.2118530273438 193.79100036621094 2.652866840362549 2.17226243019104 6.1281418800354 3.904670000076294 1.7967106401920319 61.6808967590332 1.8835027821175796 0.7077911496162415
Van -1 -1 1.92 225.94544982910156 161.08546447753906 316.8644714355469 225.3158721923828 2.6730971336364746 2.0958619117736816 6.118112564086914 -15.704444885253906 2.258294641971588 33.5899658203125 1.481936615229741 0.6879881024360657
Car -1 -1 1.96 224.89111328125 162.03961181640625 315.3347473144531 224.3560028076172 2.3313634395599365 1.8655723333358765 4.737588405609131 -14.71060848236084 2.103035569190979 31.412952423095703 1.5248418866734532 0.6789378523826599
Car -1 -1 2.27 28.005266189575195 216.17221069335938 350.53730964660645 367.8500671386719 1.4030020236968994 1.6225147247314453 3.6060874462127686 -3.405421495437622 1.7699358463287354 4.708286285400391 1.6461405592413278 0.2501325011253357
Car -1 -1 1.99 225.3371124267578 174.94129943847656 313.82489013671875 227.15072631835938 1.8020684719085693 1.7204031944274902 4.506713390350342 -15.033672332763672 2.146157383918762 32.04582977294922 1.5550262749582924 0.24726201593875885
Truck -1 -1 1.5 640.4359130859375 161.5824432373047 672.8284912109375 193.9486083984375 3.2260730266571045 2.416215419769287 9.009302139282227 4.1995134353637695 2.0530920326709747 64.97078704833984 1.568486018235859 0.22525450587272644
Car -1 -1 2.04 111.08209991455078 196.38243103027344 261.58341217041016 266.7500305175781 1.432875156402588 1.5898085832595825 3.815906286239624 -12.765288352966309 2.319905996322632 21.643301010131836 1.5089948285480386 0.17486920952796936
Car -1 -1 1.97 81.34957122802734 201.07754516601562 260.8355941772461 292.2940368652344 1.4660794734954834 1.6261656284332275 3.895993709564209 -12.887982368469238 2.371865749359131 21.50723648071289 1.4258197696787898 0.14986202120780945