Car -1 -1 -1.23 195.70655822753906 208.28976440429688 406.860107421875 339.5216064453125 1.3917334079742432 1.5375052690505981 3.4441983699798584 -3.8461837768554688 1.8503960371017456 9.678252220153809 -1.6124697566770045 0.8783530592918396
Car -1 -1 -1.34 386.4211120605469 181.92250061035156 491.83685302734375 256.42742919921875 1.6662333011627197 1.626891016960144 3.866377353668213 -4.187276363372803 1.9390205144882202 18.403621673583984 -1.5609468903656287 0.875446617603302
Car -1 -1 1.76 479.4433898925781 185.87205505371094 528.404052734375 223.25228881835938 1.447303056716919 1.5509188175201416 3.607530355453491 -4.546324729919434 2.0154507160186768 31.160921096801758 1.6170290516697898 0.8624139428138733
Car -1 -1 -1.68 700.8958740234375 184.29580688476562 808.3091430664062 268.9332275390625 1.452883243560791 1.5818928480148315 3.3406217098236084 2.7126030921936035 1.689225971698761 14.392552375793457 -1.4969404894067058 0.860776960849762
Car -1 -1 -2.21 861.0925903320312 179.40159606933594 1236.7955322265625 373.72906494140625 1.5848350524902344 1.616774082183838 3.772336721420288 2.867560863494873 1.6198886036872864 3.9799695014953613 -1.5867633500815348 0.8479397296905518
Car -1 -1 -1.63 655.9622802734375 178.65518188476562 699.6044921875 217.8802947998047 1.6181426048278809 1.6435843706130981 3.687655210494995 2.8337063789367676 1.8650949001312256 30.963403701782227 -1.5436641902028558 0.8362280130386353
Pedestrian -1 -1 0.97 323.45452880859375 180.51150512695312 353.41839599609375 267.58709716796875 1.7444149255752563 0.6382177472114563 0.5028753876686096 -5.125290870666504 1.831608772277832 13.979544639587402 0.6176719466658489 0.7260875105857849
Pedestrian -1 -1 0.1 290.2080383300781 184.0831298828125 319.75408935546875 273.906494140625 1.7305892705917358 0.6265391111373901 0.5039998888969421 -5.799723148345947 1.8937048316001892 13.728804588317871 -0.29831849417747147 0.6615421175956726
Car -1 -1 1.7 521.1603393554688 185.38487243652344 551.5403442382812 208.26678466796875 1.4288735389709473 1.5971323251724243 3.1837635040283203 -4.7327799797058105 2.2352088689804077 47.173397064208984 1.5985807231970313 0.5862137079238892
Pedestrian -1 -1 -0.65 322.7102966308594 178.97972106933594 344.8572998046875 265.705810546875 1.7103275060653687 0.6236174702644348 0.5178307890892029 -5.490781307220459 1.8120756149291992 14.478211402893066 -1.0168566418667604 0.5372563004493713
Pedestrian -1 -1 0.68 296.0479736328125 185.8620147705078 324.69085693359375 272.3965759277344 1.6649582386016846 0.5805702209472656 0.4416911005973816 -5.669081687927246 1.867190957069397 13.639970779418945 0.2858615437382048 0.4385448098182678
Pedestrian -1 -1 1.57 308.5867004394531 180.8148956298828 359.6298522949219 277.8466491699219 1.7098362445831299 0.6484882831573486 0.5592958331108093 -5.341462135314941 1.8746875524520874 14.013995170593262 1.2088123701977098 0.3583209216594696
Pedestrian -1 -1 0.63 303.92236328125 183.31520080566406 333.4029541015625 271.6695251464844 1.6747123003005981 0.5791587233543396 0.4499545097351074 -5.504849910736084 1.8548426032066345 13.698175430297852 0.24356963024811584 0.35105589032173157
Pedestrian -1 -1 1.32 314.92242431640625 181.62200927734375 343.4613952636719 271.5663146972656 1.6990207433700562 0.6141039133071899 0.5530655384063721 -5.589973449707031 1.87274569272995 14.301183700561523 0.9483355811510368 0.3451516926288605
Pedestrian -1 -1 0.13 195.71458435058594 203.0150909423828 400.78662109375 336.16656494140625 1.532146692276001 0.5882682800292969 0.6926938891410828 -3.346323013305664 1.7357010245323181 8.094950675964355 -0.2652489271421854 0.28998520970344543
Pedestrian -1 -1 -0.95 267.2762756347656 189.55335998535156 346.23187255859375 304.3479919433594 1.6582255363464355 0.5645318627357483 0.545452356338501 -4.690730094909668 1.890899419784546 11.246111869812012 -1.344415406122546 0.2817577123641968
Pedestrian -1 -1 0.66 286.1668701171875 185.4796600341797 359.5497741699219 290.91485595703125 1.7221683263778687 0.6389469504356384 0.575171947479248 -5.476502895355225 1.9451197981834412 13.826117515563965 0.2809574842727707 0.28144097328186035
Pedestrian -1 -1 -0.34 283.85296630859375 185.50857543945312 317.7969055175781 276.2555236816406 1.7727510929107666 0.603664219379425 0.6643907427787781 -5.729648113250732 1.9953162670135498 13.392333030700684 -0.7435960446729384 0.2798125743865967
Pedestrian -1 -1 -1.19 319.1909484863281 184.42564392089844 346.1653137207031 274.35107421875 1.6919357776641846 0.6138071417808533 0.6057846546173096 -5.3909912109375 1.8710297346115112 14.160112380981445 -1.5525123130639304 0.2720494270324707
Pedestrian -1 -1 1.09 313.7674560546875 183.66575622558594 369.1644287109375 267.85064697265625 1.7229853868484497 0.6438468098640442 0.5504516959190369 -5.37235164642334 1.7568368315696716 14.187946319580078 0.7245014726456036 0.2650947570800781
Pedestrian -1 -1 0.03 312.1564025878906 184.8744354248047 335.7395935058594 266.380859375 1.6500599384307861 0.5915747284889221 0.5308934450149536 -5.807647705078125 1.8481165170669556 14.652823448181152 -0.3468115819104467 0.2543525993824005
Pedestrian -1 -1 -1.35 276.2210693359375 188.1361083984375 328.7110900878906 284.233642578125 1.6639561653137207 0.6018683910369873 0.6008426547050476 -5.179107189178467 1.8096100687980652 12.299094200134277 -1.7438272541919897 0.2476431429386139
Car -1 -1 -1.19 923.060302734375 166.5326690673828 1225.5367431640625 364.3587951660156 1.5593981742858887 1.6114065647125244 3.664525270462036 3.8922741413116455 1.655661165714264 5.711100101470947 -0.589057836519685 0.2475169450044632
Car -1 -1 -1.27 225.24851989746094 200.7081756591797 381.1084289550781 338.1650695800781 1.4083354473114014 1.5057659149169922 3.241840362548828 -3.640036106109619 1.8175619840621948 9.366362571716309 -1.637410795363916 0.24010387063026428
Car -1 -1 0.67 1144.901611328125 166.9432830810547 1244.2276611328125 344.2726135253906 1.464015007019043 1.6081171035766602 3.864078998565674 6.587218284606934 1.5168911218643188 6.008228302001953 1.5048104440608672 0.23861494660377502
Car -1 -1 0.6 1056.5623779296875 181.87100219726562 1231.135009765625 360.42657470703125 1.5231659412384033 1.5647540092468262 3.55017352104187 6.366659641265869 1.7180274724960327 6.900506496429443 1.3425954888423268 0.23606450855731964
Pedestrian -1 -1 -0.35 304.9118347167969 183.0760040283203 340.4348449707031 267.7101135253906 1.658429503440857 0.6034019589424133 0.6339110136032104 -5.507655143737793 1.8472076058387756 13.91574478149414 -0.726250779236361 0.23506850004196167
Pedestrian -1 -1 -1.34 289.63525390625 187.64886474609375 331.0157775878906 279.7261047363281 1.652036190032959 0.6061196327209473 0.6285372376441956 -5.22495698928833 1.8324593305587769 12.904438018798828 -1.7229394686697237 0.22472062706947327
Pedestrian -1 -1 0.79 306.6156311035156 184.946533203125 354.2350769042969 292.6968078613281 1.7052561044692993 0.6027510166168213 0.5391445755958557 -5.074862003326416 1.9374701380729675 13.162622451782227 0.4174304712048249 0.22447766363620758
Pedestrian -1 -1 -0.81 250.2616729736328 194.6363525390625 354.67889404296875 297.04248046875 1.720627784729004 0.5904398560523987 0.6893402338027954 -5.1092352867126465 1.9428311586380005 12.213693618774414 -1.2079436626101305 0.21316742897033691
Car -1 -1 -1.68 697.3374633789062 183.03770446777344 790.0323486328125 254.1853485107422 1.4486846923828125 1.5236124992370605 3.256554126739502 3.072871446609497 1.7173179984092712 17.2089786529541 -1.5035105723637283 0.20794875919818878
Pedestrian -1 -1 1.04 298.1273498535156 188.5785369873047 367.9242248535156 277.3685302734375 1.789954662322998 0.6808421015739441 0.5790314078330994 -5.6170334815979 1.8974968194961548 14.306870460510254 0.6615010076714216 0.20531077682971954
Pedestrian -1 -1 0.11 232.8286895751953 203.03924560546875 395.9263000488281 325.89727783203125 1.7143855094909668 0.6315984725952148 0.6217870712280273 -4.8210320472717285 2.019105076789856 12.14406967163086 -0.2723829083473559 0.20412229001522064
Car -1 -1 0.75 1110.16796875 176.15167236328125 1238.7637939453125 349.168701171875 1.3427180051803589 1.587288737297058 3.7663424015045166 6.129010200500488 1.4931625723838806 6.110800266265869 1.5337438805762815 0.2020675390958786
Pedestrian -1 -1 -0.65 281.3524475097656 186.1224822998047 330.09539794921875 270.2876892089844 1.6560510396957397 0.6065905690193176 0.6411665678024292 -5.301122188568115 1.8182509541511536 12.68054485321045 -1.0507757397847417 0.19434446096420288
Pedestrian -1 -1 -1.31 264.0353698730469 188.53561401367188 331.50390625 288.5722961425781 1.6630792617797852 0.6162310838699341 0.6053857803344727 -5.212212085723877 1.8187086582183838 12.141718864440918 -1.7126161236610384 0.19226676225662231
Pedestrian -1 -1 -1.74 1110.16796875 176.15167236328125 1238.7637939453125 349.168701171875 1.6328175067901611 0.6579309701919556 0.6387377977371216 5.058540344238281 1.5356210470199585 6.249161243438721 -1.060650464999755 0.19220860302448273
Pedestrian -1 -1 2.5 702.1884765625 182.9748077392578 805.7244262695312 266.8443908691406 1.7165014743804932 0.6100600361824036 0.622967541217804 2.7859654426574707 1.772241234779358 14.830849647521973 2.6810218151659093 0.18310052156448364
Car -1 -1 0.82 1168.93603515625 167.47235107421875 1245.080078125 337.1571350097656 1.4818490743637085 1.6145998239517212 3.869296073913574 6.753829479217529 1.457565426826477 5.910095691680908 1.6679378305146209 0.1821315586566925
Car -1 -1 -1.71 1007.5922241210938 179.9708251953125 1224.00537109375 347.38922119140625 1.6299222707748413 1.5262815952301025 3.3429508209228516 6.555424690246582 1.8497372269630432 8.528203010559082 -1.052505206050638 0.18059612810611725
Car -1 -1 -0.35 1055.5155029296875 158.88674926757812 1222.90673828125 340.4715881347656 1.532454490661621 1.5429753065109253 3.506869077682495 6.650199890136719 1.6036745309829712 6.579028129577637 0.44321749075571715 0.16062287986278534
Car -1 -1 0.05 1157.6033935546875 163.5630645751953 1240.5496826171875 314.5722961425781 1.5637338161468506 1.576578140258789 3.465330123901367 6.798323154449463 1.5744847059249878 6.004517555236816 0.901208448088096 0.15813957154750824