Pedestrian -1 -1 1.23 665.85498046875 147.1458740234375 718.7793579101562 284.61041259765625 1.6585811376571655 0.6082814931869507 0.44768771529197693 1.0809255838394165 1.290338009595871 8.99547004699707 1.3545372946726788 0.8370048999786377
Pedestrian -1 -1 1.34 606.7334594726562 157.29432678222656 656.8662719726562 291.50738525390625 1.6269090175628662 0.5881291031837463 0.5011241436004639 0.37222424149513245 1.326206922531128 8.67018985748291 1.3842841071931975 0.827793538570404
Pedestrian -1 -1 1.53 547.6741943359375 142.77760314941406 575.5726928710938 224.26768493652344 1.7569003105163574 0.6734455823898315 0.5916116237640381 -0.9407730102539062 0.9765786156058311 14.876361846923828 1.4679417960683399 0.697937548160553
Cyclist -1 -1 2.46 401.3490905761719 142.86300659179688 448.94732666015625 211.30471801757812 1.7237576246261597 0.6639396548271179 1.7534856796264648 -5.520778179168701 0.7797352522611618 21.47606086730957 2.2093774960638424 0.6791225075721741
Pedestrian -1 -1 1.48 542.1717529296875 144.3089141845703 572.1278076171875 232.04759216308594 1.737836480140686 0.6583713293075562 0.7672998905181885 -0.8841228485107422 0.9922992661595345 14.156198501586914 1.4210410748411118 0.6775318384170532
Pedestrian -1 -1 1.12 594.966064453125 144.12571716308594 612.1580810546875 194.2761993408203 1.667559027671814 0.6013520956039429 0.4981752336025238 -0.030850999057292938 0.48223933577537537 24.289918899536133 1.1195211343085543 0.6634019613265991
Pedestrian -1 -1 1.48 506.2109375 142.8098907470703 536.0949096679688 232.52723693847656 1.760799765586853 0.6576371192932129 0.7909696698188782 -1.7248835563659668 0.9920458123087883 14.505148887634277 1.3650193580755827 0.6367993950843811
Pedestrian -1 -1 1.49 661.081787109375 143.51918029785156 692.8493041992188 230.37142944335938 1.7916115522384644 0.6211694478988647 0.47016406059265137 1.4136022329330444 1.0128787159919739 14.433582305908203 1.5921524260661375 0.6349225640296936
Pedestrian -1 -1 1.27 644.9716186523438 141.50633239746094 665.7940063476562 204.20103454589844 1.7464070320129395 0.5939368009567261 0.37545570731163025 1.410020351409912 0.6869999766349792 19.62445068359375 1.345075255069201 0.6321781277656555
Pedestrian -1 -1 1.43 488.9376220703125 143.68423461914062 515.392578125 229.6619873046875 1.7522724866867065 0.6708453893661499 0.8199195861816406 -2.129039764404297 0.9772575944662094 14.525934219360352 1.288746552920978 0.6031545400619507
Pedestrian -1 -1 0.68 230.6896514892578 136.41522216796875 326.6570739746094 312.2416076660156 1.7911471128463745 0.6537820100784302 0.8284527063369751 -3.5287163257598877 1.350274533033371 7.772504806518555 0.2545006617685637 0.5950687527656555
Cyclist -1 -1 2.33 439.0323486328125 145.37570190429688 480.61285400390625 199.78042602539062 1.742081880569458 0.6506696343421936 1.5737881660461426 -4.943456172943115 0.591361790895462 24.006616592407227 2.1236833921808014 0.5751957297325134
Pedestrian -1 -1 1.17 539.7809448242188 141.67684936523438 565.7830200195312 226.1174774169922 1.8286985158920288 0.7119461297988892 0.7622105479240417 -1.2213715314865112 0.88888044282794 16.553192138671875 1.1006240935080491 0.5689000487327576
Pedestrian -1 -1 1.35 487.97686767578125 136.83497619628906 522.334228515625 233.56387329101562 1.7983800172805786 0.6813356876373291 0.8767931461334229 -1.9865938425064087 0.9778582006692886 13.955709457397461 1.2100889644579018 0.56525719165802
Pedestrian -1 -1 1.16 536.9325561523438 142.93417358398438 561.1936645507812 219.16595458984375 1.796486735343933 0.6839607954025269 0.5585946440696716 -1.197270393371582 0.8632322177290916 16.082292556762695 1.0841693482772499 0.5632119178771973
Cyclist -1 -1 2.66 405.1893310546875 144.7651824951172 443.2232360839844 205.38401794433594 1.720178246498108 0.671419620513916 1.5959508419036865 -5.861382007598877 0.7053213715553284 22.834936141967773 2.4060011275653848 0.5596469044685364
Pedestrian -1 -1 1.58 663.1985473632812 144.3797607421875 699.3308715820312 250.68397521972656 1.7512238025665283 0.6409366130828857 0.5383787155151367 1.3699290752410889 1.0778860300779343 13.557332038879395 1.6768065677378505 0.5543268918991089
Cyclist -1 -1 -2.15 256.4328918457031 140.06227111816406 326.9293212890625 250.08949279785156 1.7502484321594238 0.563154399394989 1.7107077836990356 -5.489895820617676 1.126394808292389 12.371722221374512 -2.564133253163284 0.5298315286636353
Pedestrian -1 -1 1.82 662.928955078125 138.42120361328125 705.158447265625 267.611328125 1.8207709789276123 0.6772032380104065 0.518593966960907 1.3273571729660034 1.1205741167068481 12.326810836791992 1.9306245445620975 0.5194891691207886
Pedestrian -1 -1 2.2 465.3003234863281 143.89154052734375 485.40032958984375 198.0896759033203 1.7403736114501953 0.6247648596763611 0.5579533576965332 -4.104172229766846 0.5959280431270599 22.780820846557617 2.0212445210188887 0.5132889151573181
Cyclist -1 -1 2.69 360.2184143066406 144.35203552246094 408.0110778808594 203.27227783203125 1.6796902418136597 0.6626835465431213 1.5480393171310425 -7.273888111114502 0.6471888870000839 23.783092498779297 2.388697389239999 0.5122144222259521
Cyclist -1 -1 2.43 473.5196228027344 141.08245849609375 521.5563354492188 196.97552490234375 1.8640949726104736 0.6352897882461548 1.6966506242752075 -3.8640224933624268 0.5011706054210663 25.123798370361328 2.273266853242128 0.5044300556182861
Pedestrian -1 -1 2.49 489.6466064453125 139.6142120361328 512.8898315429688 217.35658264160156 1.8206666707992554 0.6711435914039612 0.7420104742050171 -2.6302835941314697 0.7868243083357811 18.176725387573242 2.3427209930357744 0.5034865140914917
Cyclist -1 -1 2.54 446.2882995605469 146.84727478027344 495.1290283203125 196.65908813476562 1.712754726409912 0.7041381001472473 1.5665919780731201 -4.6587114334106445 0.5332100987434387 25.466218948364258 2.3619247121775953 0.49334076046943665
Pedestrian -1 -1 1.96 482.1344299316406 139.65493774414062 515.1697998046875 200.33399963378906 1.842544436454773 0.6576538681983948 0.5852997899055481 -3.1305437088012695 0.64188152551651 20.542274475097656 1.8045334590400177 0.4912874102592468
Pedestrian -1 -1 1.3 496.6108093261719 136.50198364257812 532.5765380859375 233.78855895996094 1.8271687030792236 0.6796303391456604 0.9057230949401855 -1.8443251848220825 1.0096146538853645 13.885443687438965 1.1693386934342236 0.4894145429134369
Cyclist -1 -1 2.43 397.023681640625 142.11683654785156 434.2353820800781 207.0294189453125 1.7547065019607544 0.6375747323036194 1.7704534530639648 -5.990386962890625 0.7134106457233429 22.480684280395508 2.1660868465872536 0.48315030336380005
Pedestrian -1 -1 1.49 497.1531677246094 144.4298858642578 523.9764404296875 230.15211486816406 1.6733872890472412 0.6168953776359558 0.7597895264625549 -1.8644516468048096 0.9652328938245773 14.45187759399414 1.366533905290824 0.4787570536136627
Pedestrian -1 -1 1.4 531.1798706054688 139.56651306152344 557.4407958984375 216.9637451171875 1.8191602230072021 0.7124025225639343 0.7154486179351807 -1.3829126358032227 0.7946631833910942 16.75773811340332 1.3176991344364453 0.46839022636413574
Pedestrian -1 -1 1.54 491.485595703125 139.45069885253906 519.0509643554688 227.53036499023438 1.7654719352722168 0.7114266157150269 0.8611367344856262 -1.9575510025024414 0.947895847260952 14.769698143005371 1.4055384275617042 0.4676552414894104
Cyclist -1 -1 1.95 458.8392333984375 142.60804748535156 493.0322265625 197.72056579589844 1.668954610824585 0.6519137620925903 1.5083256959915161 -4.479364395141602 0.5198875367641449 25.17626953125 1.7740671428501962 0.45707157254219055
Pedestrian -1 -1 1.56 665.8237915039062 147.21878051757812 696.2394409179688 232.71908569335938 1.5791144371032715 0.5408560037612915 0.6318942904472351 1.4761791229248047 0.9747295379638672 13.743829727172852 1.6711389300950472 0.45661208033561707
Cyclist -1 -1 2.69 387.9664611816406 143.27838134765625 424.8809509277344 203.53756713867188 1.7027755975723267 0.6737504005432129 1.5676370859146118 -6.412288665771484 0.6888108998537064 23.333755493164062 2.4181689233924804 0.44485440850257874
Pedestrian -1 -1 1.23 488.39044189453125 136.68453979492188 516.0950317382812 208.7406463623047 1.9289512634277344 0.7153083682060242 0.6147494912147522 -2.5691308975219727 0.7515715211629868 18.42259407043457 1.090248946218587 0.4382545053958893
Cyclist -1 -1 0.33 529.6820678710938 140.96804809570312 559.9566650390625 203.33851623535156 1.7838196754455566 0.6026540398597717 1.6363410949707031 -1.8039313554763794 0.552710235118866 22.546358108520508 0.2495219481057731 0.43000122904777527
Cyclist -1 -1 1.71 485.6511535644531 137.6120147705078 519.0422973632812 202.0435791015625 1.9826256036758423 0.6583096385002136 1.6335852146148682 -3.2982101440429688 0.5051668286323547 23.355676651000977 1.5730097837153245 0.41573721170425415
Pedestrian -1 -1 1.55 552.0125122070312 142.35792541503906 574.3967895507812 215.95782470703125 1.863468050956726 0.7072509527206421 0.6200255751609802 -1.0221272706985474 0.892227303236723 15.801761627197266 1.4896724539780646 0.4099244177341461
Cyclist -1 -1 2.31 388.8175964355469 143.17337036132812 449.7223815917969 205.5229949951172 1.781158208847046 0.6130751967430115 1.8304766416549683 -5.777685165405273 0.7299693375825882 21.92983627319336 2.0542104419413043 0.40577825903892517
Pedestrian -1 -1 0.91 252.9170684814453 129.67372131347656 324.9261779785156 308.3680114746094 1.809747338294983 0.6703519225120544 0.7514330148696899 -3.600229501724243 1.3615908920764923 8.025101661682129 0.4868523236749098 0.40561941266059875
Pedestrian -1 -1 2.1 502.6330871582031 142.51763916015625 527.1719360351562 228.67723083496094 1.7651267051696777 0.697563111782074 0.7567028403282166 -1.930104374885559 0.9860299080610275 14.466516494750977 1.9677206679737669 0.4043804109096527
Cyclist -1 -1 2.04 463.35858154296875 142.53164672851562 499.5564880371094 197.50827026367188 1.788465976715088 0.6564990878105164 1.6480722427368164 -4.418822288513184 0.5511191189289093 25.071325302124023 1.8676877801461487 0.40408653020858765
Pedestrian -1 -1 1.6 656.0826416015625 144.16539001464844 690.0460205078125 224.15419006347656 1.7228267192840576 0.5956438183784485 0.5073680877685547 1.3696386814117432 0.9202559180557728 14.786404609680176 1.6899551420786239 0.403781920671463
Pedestrian -1 -1 2.25 479.2188720703125 141.40138244628906 501.3919372558594 198.17178344726562 1.7888396978378296 0.6321393251419067 0.5534612536430359 -3.608180284500122 0.5989823937416077 21.958852767944336 2.089862133085928 0.39843565225601196
Pedestrian -1 -1 1.14 246.7665252685547 135.47935485839844 294.7041931152344 284.50103759765625 1.8454488515853882 0.6705558896064758 0.754984438419342 -4.529631614685059 1.2942488491535187 9.458296775817871 0.6939884957212472 0.38900041580200195
Pedestrian -1 -1 1.43 503.0049743652344 135.82540893554688 532.390869140625 220.6632843017578 1.8292899131774902 0.7153670787811279 0.727908730506897 -1.8432165384292603 0.8735853470861912 15.122461318969727 1.309708103828207 0.3876305818557739
Cyclist -1 -1 2.76 321.6511535644531 147.354248046875 387.61334228515625 204.43765258789062 1.6722818613052368 0.640135645866394 1.4770970344543457 -8.058631896972656 0.6983559876680374 22.79400062561035 2.4215106756876414 0.3870961666107178
Pedestrian -1 -1 1.42 648.3360595703125 143.169921875 668.8148803710938 210.98768615722656 1.7382981777191162 0.5929416418075562 0.3853803277015686 1.4753270149230957 0.7544002756476402 19.626373291015625 1.498376161630869 0.38656651973724365
Pedestrian -1 -1 1.71 672.6205444335938 152.75405883789062 702.8606567382812 226.96096801757812 1.4950714111328125 0.5157012343406677 0.6126112341880798 1.7054356336593628 0.9230274260044098 14.772388458251953 1.8267224409978464 0.38501885533332825
Pedestrian -1 -1 1.85 265.4336242675781 140.0398712158203 318.7218933105469 255.6878204345703 1.7590051889419556 0.6262255907058716 0.5579802989959717 -4.872488975524902 1.2054673731327057 11.107823371887207 1.4321149103362982 0.3826594650745392
Cyclist -1 -1 2.79 399.73602294921875 143.66522216796875 424.41717529296875 201.4370880126953 1.725152611732483 0.6125744581222534 1.655666470527649 -6.604933261871338 0.6307033896446228 24.140954971313477 2.5220964643965553 0.3815191686153412
Pedestrian -1 -1 1.71 473.530517578125 141.99917602539062 518.4039306640625 195.81649780273438 1.8590281009674072 0.6338444352149963 0.4671776294708252 -3.446685314178467 0.6310755610466003 21.867467880249023 1.5578400821346357 0.3746803402900696
Pedestrian -1 -1 1.41 542.9566650390625 141.02215576171875 569.4884643554688 213.03445434570312 1.7964096069335938 0.6138418912887573 0.5174510478973389 -1.2250746488571167 0.7288961410522461 18.807085037231445 1.3426019680683936 0.37114718556404114
Cyclist -1 -1 -0.91 239.28195190429688 134.4790802001953 326.8405456542969 300.3738708496094 1.7969533205032349 0.6148833632469177 1.69025719165802 -3.786547899246216 1.314179003238678 8.528200149536133 -1.324139203288878 0.37037232518196106
Pedestrian -1 -1 1.66 512.8054809570312 139.00857543945312 546.5634155273438 230.61697387695312 1.712408185005188 0.6517196893692017 0.7338484525680542 -1.4325248003005981 0.9376600235700607 14.199660301208496 1.56312911218882 0.3661196231842041
Pedestrian -1 -1 1.16 239.26708984375 137.0808868408203 289.434814453125 274.3968811035156 1.8298699855804443 0.6692649126052856 0.8153965473175049 -4.875059604644775 1.2424319088459015 10.127264022827148 0.7084663893810745 0.3646707534790039
Cyclist -1 -1 -1.36 233.9912109375 140.4648895263672 290.3316955566406 259.2277526855469 1.7284561395645142 0.5338148474693298 1.6515856981277466 -5.1303887367248535 1.1560304462909698 10.694803237915039 -1.8028302620856387 0.3644881248474121
Cyclist -1 -1 2.03 481.5885925292969 140.50047302246094 526.4420776367188 198.1793670654297 1.9074357748031616 0.6584325432777405 1.6504197120666504 -3.4531257152557373 0.5017466247081757 24.831621170043945 1.894865782606936 0.3603852391242981
Cyclist -1 -1 -2.28 261.77117919921875 138.3769073486328 319.931396484375 267.3830261230469 1.7838168144226074 0.5890194773674011 1.7684844732284546 -5.503361225128174 1.1992721259593964 12.487970352172852 -2.6979359426482334 0.35971599817276
Cyclist -1 -1 2.76 473.3176574707031 143.18251037597656 513.0785522460938 194.15859985351562 1.7443625926971436 0.6085891723632812 1.6604022979736328 -4.129852294921875 0.498783677816391 25.258895874023438 2.5999170264844054 0.3577934503555298
Cyclist -1 -1 2.94 392.49658203125 143.03839111328125 416.2741394042969 201.97418212890625 1.700907826423645 0.6078009605407715 1.6678459644317627 -6.779386043548584 0.6223644465208054 24.127273559570312 2.670949090089513 0.35650911927223206
Pedestrian -1 -1 1.13 508.5245666503906 141.25958251953125 531.2981567382812 211.24600219726562 1.8858332633972168 0.7168680429458618 0.6418588757514954 -1.9330732822418213 0.8124638497829437 17.129453659057617 1.0200947485480683 0.3556274473667145
Pedestrian -1 -1 0.84 239.27426147460938 133.8475799560547 305.0160827636719 292.41290283203125 1.8446307182312012 0.663768470287323 0.7982178926467896 -4.435579776763916 1.31424880027771 9.341891288757324 0.3998230228493411 0.35484668612480164
Cyclist -1 -1 2.09 521.512939453125 141.85494995117188 559.4794921875 193.93919372558594 1.7200720310211182 0.6204417943954468 1.6240625381469727 -2.370180130004883 0.3605346083641052 25.83144187927246 1.9997783612255517 0.3539399802684784
Pedestrian -1 -1 1.7 679.5294799804688 154.19248962402344 709.1077270507812 225.13082885742188 1.4817206859588623 0.5021910667419434 0.599006712436676 1.9183564186096191 0.9087600111961365 15.38010311126709 1.822057396524956 0.3501555621623993
Cyclist -1 -1 -1.54 246.20834350585938 141.28810119628906 303.3150634765625 253.760498046875 1.7272332906723022 0.5396576523780823 1.7270050048828125 -5.658456325531006 1.160884827375412 12.388580322265625 -1.9690408476689587 0.3493420481681824
Pedestrian -1 -1 1.68 548.7556762695312 142.6172637939453 571.0303955078125 213.10162353515625 1.7163901329040527 0.6279204487800598 0.7933356165885925 -1.0538042783737183 0.7836758345365524 16.702852249145508 1.6137837178925611 0.3487768769264221
Pedestrian -1 -1 1.89 446.5934753417969 145.3098602294922 470.88787841796875 199.5067901611328 1.7673921585083008 0.6087973713874817 0.5070173740386963 -4.707874774932861 0.6355291455984116 22.886993408203125 1.6876396709956358 0.34634289145469666
Pedestrian -1 -1 1.46 674.9277954101562 149.95745849609375 710.2068481445312 240.03485107421875 1.613919734954834 0.5639247298240662 0.49631932377815247 1.6105297803878784 1.0640307366847992 13.499600410461426 1.5794849328323854 0.34583085775375366
Pedestrian -1 -1 1.11 263.8446044921875 132.0028839111328 317.7117004394531 288.54132080078125 1.8045099973678589 0.6989591717720032 0.7583853006362915 -4.667520999908447 1.2091066241264343 10.349042892456055 0.686631074876284 0.345253050327301
Pedestrian -1 -1 2.11 483.67694091796875 140.62391662597656 505.7212829589844 201.44163513183594 1.7969967126846313 0.6591616272926331 0.6629625558853149 -3.318351984024048 0.6119986176490784 21.160533905029297 1.9579414116100224 0.3447549343109131
Pedestrian -1 -1 1.31 611.3541870117188 150.2671661376953 665.852294921875 292.39739990234375 1.6374058723449707 0.5767570734024048 0.4925711452960968 0.49300265312194824 1.3232874870300293 8.713913917541504 1.363789822478985 0.34451824426651
Pedestrian -1 -1 2.18 472.9958190917969 143.58656311035156 497.0769958496094 194.9319305419922 1.7141873836517334 0.598503589630127 0.5459835529327393 -3.9129230976104736 0.6003188490867615 22.897300720214844 2.012858874127338 0.34362706542015076
Cyclist -1 -1 2.67 346.7396545410156 145.28224182128906 402.2338562011719 202.62625122070312 1.6521260738372803 0.6436328887939453 1.5260306596755981 -7.729306697845459 0.6680718660354614 23.751468658447266 2.3513195929356634 0.3403531610965729
Cyclist -1 -1 2.64 409.210693359375 141.9184112548828 444.9368896484375 199.88601684570312 1.7751215696334839 0.6303870677947998 1.662840485572815 -6.161043643951416 0.585911750793457 24.617422103881836 2.3963124336098565 0.3400975167751312
Cyclist -1 -1 2.08 478.94317626953125 139.92526245117188 515.7024536132812 201.78004455566406 1.9057080745697021 0.681837797164917 1.557456612586975 -3.9396862983703613 0.5190306007862091 24.33542823791504 1.9170052526496235 0.3379838168621063
Pedestrian -1 -1 2.11 507.1575622558594 140.1712188720703 525.2647094726562 217.24838256835938 1.827399730682373 0.695972740650177 0.682272732257843 -2.187121629714966 0.8305467218160629 16.809892654418945 1.9833400695943304 0.3345538079738617
Pedestrian -1 -1 1.76 530.9453735351562 140.250732421875 563.0079345703125 227.22454833984375 1.811933159828186 0.6690535545349121 0.8558928966522217 -1.2741150856018066 0.9912116155028343 14.946537017822266 1.6724559697547772 0.3341445326805115
Pedestrian -1 -1 1.57 255.5738067626953 141.1792755126953 304.2410888671875 265.5307312011719 1.7103676795959473 0.6334033608436584 0.6392048001289368 -4.810540199279785 1.2019513845443726 10.583041191101074 1.1409476884056584 0.33099663257598877
Pedestrian -1 -1 1.39 492.3047180175781 135.73793029785156 527.5563354492188 225.92005920410156 1.7097896337509155 0.773211658000946 0.7746080756187439 -1.9829738140106201 0.9176947101950645 14.346212387084961 1.2573913028713495 0.3299165368080139
Pedestrian -1 -1 1.82 550.007080078125 140.7815704345703 580.4705200195312 230.8170928955078 1.7648417949676514 0.6308405995368958 0.6020816564559937 -0.8464930653572083 0.9756852388381958 14.169942855834961 1.7563303599042115 0.3248787522315979
Cyclist -1 -1 2.84 404.8592224121094 143.10089111328125 427.9822082519531 202.27503967285156 1.7098475694656372 0.60475754737854 1.6525599956512451 -6.216451168060303 0.6630710512399673 23.495288848876953 2.5839149579344687 0.3217063844203949
Cyclist -1 -1 2.68 407.4917297363281 142.39955139160156 434.0975036621094 201.707763671875 1.7539265155792236 0.6265139579772949 1.6904865503311157 -6.141936779022217 0.627880334854126 23.92759132385254 2.427856991254968 0.31719478964805603
Pedestrian -1 -1 2.14 494.00360107421875 141.5107421875 515.96630859375 218.802490234375 1.8181027173995972 0.684098482131958 0.6512669920921326 -2.43768048286438 0.8571008145809174 17.325504302978516 1.9980618714140084 0.3158090114593506
Pedestrian -1 -1 1.78 465.324462890625 145.3026885986328 491.9305419921875 196.0671844482422 1.7518314123153687 0.5889573097229004 0.4782467484474182 -4.04722785949707 0.6267538368701935 22.72256851196289 1.605255995621972 0.31388112902641296
Pedestrian -1 -1 1.77 484.5374450683594 135.70640563964844 518.4194946289062 224.9937744140625 1.8028383255004883 0.7555830478668213 0.8036362528800964 -1.914982795715332 0.9803219586610794 12.996286392211914 1.6195812420619866 0.3132363259792328
Pedestrian -1 -1 1.51 527.0761108398438 139.70628356933594 553.7755126953125 221.98052978515625 1.760498046875 0.6952584981918335 0.8755216598510742 -1.3405195474624634 0.9168636873364449 14.657937049865723 1.4175146167979928 0.31140193343162537
Pedestrian -1 -1 1.5 641.6222534179688 143.33700561523438 661.5087280273438 206.72531127929688 1.7383180856704712 0.5863452553749084 0.41753941774368286 1.4129292964935303 0.6966813653707504 20.090328216552734 1.5738856210776744 0.31135961413383484
Pedestrian -1 -1 1.39 617.187255859375 147.8092803955078 674.5851440429688 295.07269287109375 1.7197610139846802 0.6188642978668213 0.7429375648498535 0.5076699256896973 1.334031730890274 8.607441902160645 1.4534399268543376 0.3075340986251831
Pedestrian -1 -1 1.42 615.1898193359375 145.45668029785156 658.5655517578125 279.5569763183594 1.7016881704330444 0.6173659563064575 0.5931872725486755 0.3729519546031952 1.281464546918869 8.821955680847168 1.4665922016864856 0.3053513765335083
Cyclist -1 -1 2.41 382.2054138183594 143.78822326660156 415.941162109375 201.982421875 1.7316715717315674 0.6348838210105896 1.7236807346343994 -6.994099140167236 0.6238057315349579 23.803808212280273 2.1264800538797033 0.30434170365333557
Car -1 -1 2.21 -11.318252563476562 127.74784088134766 266.9098358154297 377.41541290283203 1.5912126302719116 1.6794631481170654 3.8021390438079834 -3.328606128692627 1.5226563215255737 3.4746930599212646 1.4434375549156622 0.3029389977455139
Cyclist -1 -1 1.73 535.582763671875 140.36643981933594 563.8062133789062 194.63633728027344 1.769290804862976 0.623050332069397 1.6326587200164795 -1.9741058349609375 0.35292208194732666 25.675870895385742 1.6568614413812197 0.3023207187652588
Cyclist -1 -1 1.22 475.3326110839844 142.39321899414062 504.9633483886719 198.5128936767578 1.8704314231872559 0.6760931015014648 1.631744623184204 -4.078669548034668 0.5775745809078217 24.832042694091797 1.0599531504367867 0.30002158880233765
Pedestrian -1 -1 1.32 371.3305969238281 143.80929565429688 400.599853515625 202.47216796875 1.832415223121643 0.606632649898529 0.5552637577056885 -7.102950096130371 0.6653393805027008 23.25339698791504 1.028481955431296 0.29873159527778625
Pedestrian -1 -1 1.47 648.7935791015625 144.61358642578125 678.3980102539062 216.86911010742188 1.7330416440963745 0.569161593914032 0.5115727186203003 1.3071017265319824 0.8426559884101152 16.99212646484375 1.5493067387676813 0.2969730794429779
Cyclist -1 -1 2.59 408.0938415527344 146.90667724609375 459.06317138671875 205.4293975830078 1.6889492273330688 0.6657572984695435 1.6256334781646729 -5.344025135040283 0.7227654159069061 22.51065444946289 2.357823471471759 0.29647862911224365
Cyclist -1 -1 2.51 440.6002197265625 146.2995147705078 470.3188171386719 203.3577880859375 1.6736156940460205 0.5972269773483276 1.6238020658493042 -5.051360607147217 0.6480243802070618 24.242427825927734 2.3029494543418503 0.29493963718414307
Cyclist -1 -1 2.04 454.77838134765625 146.29656982421875 487.8086242675781 197.34205627441406 1.669912338256836 0.6340200304985046 1.6080924272537231 -4.644782066345215 0.5563223659992218 24.960750579833984 1.8520802147157465 0.2948491871356964
Cyclist -1 -1 2.72 370.50689697265625 143.8389129638672 401.84014892578125 202.68386840820312 1.701771855354309 0.6035543084144592 1.6552112102508545 -7.286921977996826 0.6597651690244675 23.517358779907227 2.4159621363052928 0.2928837835788727
Pedestrian -1 -1 1.48 650.931396484375 140.7837371826172 676.6544189453125 231.95501708984375 1.7854734659194946 0.6509568691253662 0.532099723815918 1.2830044031143188 0.9624699801206589 15.751855850219727 1.561358184603443 0.2928467094898224
Cyclist -1 -1 2.84 371.33917236328125 146.77078247070312 421.2104797363281 203.40420532226562 1.7247604131698608 0.6698769330978394 1.6046897172927856 -6.628386497497559 0.6698963344097137 22.946271896362305 2.5581938861991276 0.29196909070014954
Cyclist -1 -1 2.28 380.91839599609375 145.07418823242188 436.77728271484375 202.40921020507812 1.7718182802200317 0.5976659059524536 1.8145687580108643 -6.716350078582764 0.6924077272415161 23.284687042236328 1.997577650574395 0.28551584482192993
Cyclist -1 -1 2.19 486.22760009765625 141.26332092285156 536.6107177734375 194.35057067871094 1.8977317810058594 0.6626487374305725 1.6918838024139404 -3.3472862243652344 0.45771539211273193 25.576034545898438 2.0584070074553393 0.2831515669822693
Pedestrian -1 -1 1.59 658.1905517578125 148.5027313232422 709.4888916015625 289.1380310058594 1.6648080348968506 0.5868431329727173 0.8497061133384705 1.0076029300689697 1.3350377678871155 8.92085075378418 1.7073555065096082 0.28079476952552795
Pedestrian -1 -1 0.75 242.75979614257812 134.4001922607422 342.0520935058594 301.4093322753906 1.762200117111206 0.7028624415397644 0.8868029117584229 -3.4636948108673096 1.355270504951477 7.862770080566406 0.3301190101714795 0.28046518564224243
Cyclist -1 -1 2.18 548.0374145507812 141.2885284423828 570.64892578125 197.63131713867188 1.7617791891098022 0.6079622507095337 1.664151906967163 -1.5281963348388672 0.449567973613739 23.13343620300293 2.110850301425037 0.2774088382720947
Pedestrian -1 -1 0.83 512.245361328125 142.31817626953125 534.5057983398438 209.47279357910156 1.8723136186599731 0.7115068435668945 0.5756465792655945 -1.8238909244537354 0.7908349931240082 17.9832706451416 0.7240062743002191 0.27669936418533325
Cyclist -1 -1 0.51 259.0811462402344 142.5574188232422 304.5813293457031 221.94207763671875 1.8699322938919067 0.6932885050773621 1.6670812368392944 -8.232791900634766 0.9571664445102215 17.956331253051758 0.08476794130046983 0.27538439631462097
Pedestrian -1 -1 1.67 481.9765319824219 140.1739959716797 508.70574951171875 220.9415740966797 1.7278250455856323 0.6743414402008057 0.8241123557090759 -2.266355514526367 0.8976118750870228 14.936630249023438 1.5237245789545248 0.2747175395488739
Pedestrian -1 -1 1.33 480.7061767578125 139.00421142578125 513.9273681640625 232.4468231201172 1.7624661922454834 0.6796135902404785 0.8592959642410278 -2.1095457077026367 0.9970987662672997 14.156938552856445 1.1782277675635022 0.27379247546195984
Cyclist -1 -1 0.73 432.77935791015625 145.53872680664062 474.1143493652344 198.88890075683594 1.7717081308364868 0.6407198309898376 1.6898574829101562 -5.20371675491333 0.6253541707992554 24.579570770263672 0.5230373958551233 0.2725672423839569
Pedestrian -1 -1 -2.24 458.8658142089844 144.9093780517578 496.2216796875 199.9542999267578 1.826790452003479 0.6724366545677185 0.6155163645744324 -3.995906114578247 0.6233747899532318 22.40436553955078 -2.414991677875996 0.2703780233860016
Pedestrian -1 -1 1.77 669.762939453125 144.3968505859375 713.26025390625 266.50103759765625 1.6719961166381836 0.6209569573402405 0.6315086483955383 1.3332417011260986 1.1309884190559387 10.077143669128418 1.9060339957175216 0.26828357577323914
Cyclist -1 -1 2.82 354.3792724609375 145.5319366455078 388.11663818359375 201.1179656982422 1.683336853981018 0.5864452123641968 1.664764404296875 -8.125377655029297 0.6396851688623428 24.522865295410156 2.4952580265975985 0.26710066199302673
Cyclist -1 -1 1.53 496.5877990722656 137.74465942382812 529.3468627929688 203.65838623046875 1.9645252227783203 0.6640106439590454 1.648625135421753 -3.055410146713257 0.518928736448288 22.5737361907959 1.394591025108145 0.26621076464653015
Cyclist -1 -1 2.74 313.72467041015625 147.37789916992188 373.65362548828125 204.22645568847656 1.6475392580032349 0.6114657521247864 1.4589508771896362 -8.311354637145996 0.6969361901283264 22.82426643371582 2.388825961534822 0.2654094994068146
Pedestrian -1 -1 1.94 476.6418762207031 143.14617919921875 507.27325439453125 195.63221740722656 1.8063173294067383 0.61627596616745 0.4924251437187195 -3.7688441276550293 0.613050252199173 22.448579788208008 1.7778854399719783 0.26535332202911377
Cyclist -1 -1 2.76 395.1250305175781 142.75442504882812 422.49847412109375 203.89242553710938 1.7234998941421509 0.6091117858886719 1.631085753440857 -6.288669109344482 0.6927042901515961 23.05695915222168 2.4959754287012803 0.26422443985939026
Car -1 -1 -0.95 477.8614807128906 140.71511840820312 518.4376831054688 198.18609619140625 1.6710975170135498 1.5105372667312622 3.3097944259643555 -4.94622278213501 0.32326120138168335 31.934513092041016 -1.1083127220513411 0.26354628801345825
Cyclist -1 -1 2.8 360.65008544921875 144.4080810546875 391.0032043457031 201.22593688964844 1.6930856704711914 0.5823273062705994 1.6727961301803589 -7.877255439758301 0.6244262754917145 24.506515502929688 2.4889233045322214 0.2631804347038269
Pedestrian -1 -1 1.49 509.4729919433594 148.85098266601562 540.4351196289062 233.91329956054688 1.6478440761566162 0.5715051889419556 0.7325097322463989 -1.5966614484786987 1.0074298679828644 14.490283012390137 1.3777734834218691 0.2630097568035126
Pedestrian -1 -1 1.42 663.8162841796875 145.6365509033203 703.9560546875 232.0282745361328 1.5940771102905273 0.5633571147918701 0.6233069896697998 1.5229254961013794 0.9717821776866913 13.781859397888184 1.5254861726690416 0.2629638910293579
Pedestrian -1 -1 1.38 526.1785888671875 140.17987060546875 557.875244140625 206.78488159179688 1.809597373008728 0.6268736720085144 0.5546055436134338 -1.548995018005371 0.6911096125841141 18.820722579956055 1.293275999059258 0.2626499831676483
Pedestrian -1 -1 2.39 469.2477722167969 143.9709014892578 494.71319580078125 199.82830810546875 1.6723268032073975 0.6123387217521667 0.6455251574516296 -3.9124515056610107 0.6151015907526016 22.66304588317871 2.2218102905231136 0.2573709189891815
Pedestrian -1 -1 0.96 248.16001892089844 141.1187744140625 315.2272644042969 313.1096496582031 1.7152765989303589 0.6389920115470886 0.8009780645370483 -3.634392738342285 1.3562623858451843 7.9014892578125 0.5284001132281801 0.2562277317047119
Pedestrian -1 -1 1.15 621.53857421875 146.4939422607422 665.9146728515625 276.7021179199219 1.659976840019226 0.6262459754943848 0.6030057668685913 0.4825451672077179 1.2103017270565033 8.635436058044434 1.201983791000628 0.25591403245925903
Pedestrian -1 -1 1.18 594.4474487304688 151.51333618164062 647.0552978515625 298.5179138183594 1.7383745908737183 0.6139708161354065 0.8503483533859253 0.2789318561553955 1.366347849369049 8.519574165344238 1.2171188789146363 0.25578904151916504
Pedestrian -1 -1 2.25 674.2581176757812 153.03485107421875 724.93505859375 289.0684509277344 1.7087873220443726 0.6005803346633911 0.8355162143707275 1.159132480621338 1.362023115158081 9.12054443359375 2.3768684987780606 0.2557365894317627
Cyclist -1 -1 2.76 337.4192810058594 145.5751495361328 374.3240661621094 204.03118896484375 1.6705855131149292 0.5805570483207703 1.6603782176971436 -8.340804100036621 0.6827274858951569 24.02869415283203 2.423672223954666 0.25530844926834106
Pedestrian -1 -1 1.34 442.1370849609375 147.37486267089844 476.5487365722656 198.6704559326172 1.830763578414917 0.6207091212272644 0.46026530861854553 -4.604743480682373 0.7066638171672821 22.817584991455078 1.1361010723380112 0.2550310492515564
Cyclist -1 -1 2.33 411.1479187011719 143.65936279296875 452.97894287109375 197.47520446777344 1.7756034135818481 0.6339761018753052 1.6443276405334473 -6.05242395401001 0.5749851763248444 24.968494415283203 2.0892160971101363 0.25474902987480164
Cyclist -1 -1 1.2 514.9266967773438 139.6417236328125 545.0990600585938 201.86854553222656 1.8814705610275269 0.6588495373725891 1.6735576391220093 -2.4991068840026855 0.5179794430732727 23.888370513916016 1.0961994084727422 0.25470516085624695
Cyclist -1 -1 2.36 507.50567626953125 142.86669921875 548.5680541992188 191.89016723632812 1.7450295686721802 0.6122846007347107 1.6614530086517334 -2.797210454940796 0.36820828914642334 26.491905212402344 2.2566731795290176 0.25455552339553833
Pedestrian -1 -1 1.65 532.827880859375 139.18380737304688 566.9821166992188 217.6258087158203 1.8395614624023438 0.7166270017623901 0.717275083065033 -1.379955768585205 0.8379146158695221 16.385643005371094 1.562262590991513 0.25324252247810364
Pedestrian -1 -1 1.39 375.8629150390625 144.0732879638672 404.39898681640625 201.3411865234375 1.818590760231018 0.6090431809425354 0.5605140328407288 -6.93862247467041 0.6705854535102844 23.108301162719727 1.0935603520988666 0.2527610659599304
Cyclist -1 -1 2.19 503.6180419921875 141.92996215820312 541.4004516601562 193.24771118164062 1.8192540407180786 0.6228675246238708 1.6934024095535278 -3.1113901138305664 0.4286493957042694 26.087188720703125 2.0702754218326556 0.2517625093460083
Pedestrian -1 -1 1.45 522.2203979492188 146.14682006835938 551.362548828125 220.19900512695312 1.5652413368225098 0.5723053216934204 0.8320424556732178 -1.4410004615783691 0.8269768245518208 15.327336311340332 1.3525233185886627 0.2510593831539154
Cyclist -1 -1 1.46 464.4272155761719 143.7705535888672 490.3596496582031 197.1259765625 1.7077620029449463 0.6607280373573303 1.5966041088104248 -4.492120742797852 0.5423909723758698 25.257747650146484 1.2798667787917815 0.2507357895374298
Van -1 -1 1.05 5.4620866775512695 74.44230651855469 265.09929370880127 359.2008514404297 2.1449029445648193 1.9627587795257568 4.9123148918151855 -3.581634044647217 1.565002053976059 4.02376651763916 0.32474803992646084 0.24970652163028717
Cyclist -1 -1 1.79 265.49481201171875 141.57925415039062 320.58868408203125 236.3089141845703 1.8784998655319214 0.6941099762916565 1.7375515699386597 -6.245630741119385 1.1395543813705444 14.158690452575684 1.3757265371344243 0.24798884987831116
Pedestrian -1 -1 2.13 452.9700927734375 145.99447631835938 475.817138671875 197.18850708007812 1.7374714612960815 0.5887726545333862 0.5350151658058167 -4.542712688446045 0.6178935170173645 23.16587257385254 1.9380369953020438 0.24734018743038177
Pedestrian -1 -1 1.73 649.40576171875 139.82113647460938 671.8255615234375 227.50746154785156 1.7475353479385376 0.641464114189148 0.5502277612686157 1.4251298904418945 0.9199872277677059 15.890558242797852 1.8239397640701824 0.24637152254581451
Pedestrian -1 -1 1.75 640.1306762695312 140.70899963378906 661.4994506835938 224.36318969726562 1.7879705429077148 0.6309999227523804 0.5446322560310364 1.3181976079940796 0.8066379576921463 18.300445556640625 1.8207991162547268 0.24574922025203705
Pedestrian -1 -1 1.37 658.1959838867188 143.22671508789062 684.2255249023438 215.382080078125 1.636643648147583 0.5486834645271301 0.5295862555503845 1.6095571517944336 0.7574286349117756 17.882184982299805 1.459624958670597 0.2439003735780716
Pedestrian -1 -1 1.94 506.88861083984375 138.6222686767578 539.9232788085938 222.1737518310547 1.7902038097381592 0.6920117139816284 0.7667209506034851 -1.6288042068481445 0.8909668405540287 14.224906921386719 1.822325730613704 0.2404886931180954
Cyclist -1 -1 -1.63 247.5860137939453 133.86224365234375 296.06512451171875 281.3102722167969 1.8710038661956787 0.6085163354873657 1.7172183990478516 -5.131321907043457 1.2787392437458038 11.062891006469727 -2.064418553790306 0.23963460326194763
Cyclist -1 -1 -1.9 252.37049865722656 135.64971923828125 313.73126220703125 275.30682373046875 1.8350611925125122 0.6023095846176147 1.73847496509552 -5.64846134185791 1.1768161952495575 12.49963092803955 -2.320952151889438 0.237341046333313
Pedestrian -1 -1 1.22 491.4769287109375 139.1177520751953 521.9876708984375 210.05572509765625 1.7776261568069458 0.6893048882484436 0.881450355052948 -2.2925360202789307 0.7709690034389496 16.89471435546875 1.0815496763858299 0.2366044968366623
Pedestrian -1 -1 1.78 390.278564453125 143.75794982910156 418.302734375 200.99887084960938 1.8427196741104126 0.6191181540489197 0.5451683402061462 -6.353132724761963 0.6950784474611282 22.570581436157227 1.5095908445761514 0.2333928346633911
Pedestrian -1 -1 1.56 646.9266967773438 142.4639892578125 681.3045043945312 262.2851867675781 1.724060297012329 0.624665379524231 0.5705487132072449 1.0333454608917236 1.211026519536972 12.365460395812988 1.6428233623872641 0.23310378193855286
Cyclist -1 -1 2.51 511.7127990722656 142.0454864501953 558.0842895507812 190.01795959472656 1.7396003007888794 0.6171433925628662 1.6361666917800903 -2.5680205821990967 0.33046072721481323 26.4727783203125 2.418159636037986 0.2329782098531723
Cyclist -1 -1 -2.71 445.4466857910156 144.8914794921875 472.0987243652344 200.99624633789062 1.695578694343567 0.6004295349121094 1.6185003519058228 -4.861167907714844 0.5892994701862335 24.05361557006836 -2.910658709662451 0.23291341960430145
Pedestrian -1 -1 1.55 457.5399169921875 148.4593963623047 490.8460693359375 196.00767517089844 1.7840369939804077 0.6247644424438477 0.4469445049762726 -4.327966690063477 0.6736129075288773 23.909221649169922 1.366089883500977 0.23064455389976501
Cyclist -1 -1 -0.12 253.44931030273438 142.32473754882812 300.1875 228.0795440673828 1.8563274145126343 0.6560998558998108 1.6961973905563354 -7.8509111404418945 1.037218727171421 17.007326126098633 -0.5495470305368375 0.23035703599452972
Pedestrian -1 -1 1.37 249.1221160888672 142.8249969482422 290.8898010253906 263.51806640625 1.73651123046875 0.6395518183708191 0.6872242093086243 -4.772406578063965 1.2015307247638702 10.21549129486084 0.9351578520249308 0.2292547971010208
Pedestrian -1 -1 1.58 651.6256103515625 148.94244384765625 700.6480712890625 289.54901123046875 1.6979135274887085 0.5987997651100159 0.8532072901725769 0.9348123073577881 1.3566919565200806 8.869606018066406 1.6862589984733187 0.22856733202934265
Pedestrian -1 -1 1.14 629.7452392578125 146.6931610107422 690.0384521484375 292.53802490234375 1.7294858694076538 0.6044887900352478 0.7746985554695129 0.6769160628318787 1.335817664861679 8.642318725585938 1.2147454349750157 0.22815528512001038
Cyclist -1 -1 2.79 345.5840148925781 145.52957153320312 381.1259460449219 202.3267059326172 1.6719962358474731 0.5853542685508728 1.6647593975067139 -8.279114723205566 0.6642438471317291 24.361303329467773 2.4620297165193445 0.22748790681362152
Cyclist -1 -1 2.64 542.416259765625 140.63954162597656 569.0883178710938 204.811767578125 1.8417173624038696 0.62826007604599 1.6154805421829224 -1.5403172969818115 0.5524657070636749 22.48689842224121 2.5760049001554126 0.22652994096279144
Cyclist -1 -1 2.51 415.55377197265625 146.95555114746094 455.7823181152344 201.23057556152344 1.737662434577942 0.6274886131286621 1.613450288772583 -5.604028224945068 0.666514590382576 23.82147216796875 2.278283619917014 0.22596797347068787
Pedestrian -1 -1 1.72 486.6089172363281 139.4805145263672 523.1808471679688 201.66212463378906 1.8104896545410156 0.6547948122024536 0.7561531662940979 -2.6338369846343994 0.6765980869531631 19.02373695373535 1.587361102693973 0.22376854717731476
Pedestrian -1 -1 0.58 217.58755493164062 150.63607788085938 299.5909729003906 309.9800720214844 1.7062370777130127 0.5881685614585876 0.8162656426429749 -3.7518749237060547 1.3455405533313751 7.773219108581543 0.12773714382081813 0.22280824184417725
Pedestrian -1 -1 1.85 510.4753112792969 141.71360778808594 541.929931640625 215.1585235595703 1.6971702575683594 0.6240610480308533 0.8189563751220703 -1.7066984176635742 0.7954295240342617 16.05839729309082 1.746303781033614 0.22238171100616455
Cyclist -1 -1 2.0 518.1649780273438 142.29908752441406 551.1928100585938 194.4346466064453 1.8116850852966309 0.6166225671768188 1.680794358253479 -2.5404953956604004 0.401567280292511 25.38800048828125 1.8981638155115146 0.2217962145805359
Pedestrian -1 -1 1.36 641.0469970703125 137.96212768554688 666.505859375 232.05731201171875 1.8295954465866089 0.6839848756790161 0.5248845219612122 1.1611802577972412 0.8564162850379944 17.39917755126953 1.430588736800133 0.22125035524368286
Cyclist -1 -1 2.7 502.942138671875 138.65255737304688 532.847412109375 212.9670867919922 1.9706699848175049 0.6376572251319885 1.568974256515503 -2.2788877487182617 0.7785470634698868 18.46456527709961 2.572728109001944 0.21954359114170074
Pedestrian -1 -1 1.92 461.12750244140625 145.3581085205078 481.9169921875 198.3130645751953 1.7012044191360474 0.5984375476837158 0.6225980520248413 -4.254338264465332 0.6360863298177719 22.621395111083984 1.7362406468416225 0.2180699110031128
Pedestrian -1 -1 3.07 463.35858154296875 142.53164672851562 499.5564880371094 197.50827026367188 1.7694779634475708 0.632017970085144 0.5855775475502014 -4.003694534301758 0.6168346703052521 22.764083862304688 2.897672392250856 0.21739216148853302
Cyclist -1 -1 -0.97 483.3377685546875 138.87652587890625 518.7102661132812 232.6548309326172 1.728090763092041 0.6210609674453735 1.705804467201233 -2.1203672885894775 0.9204841740429401 14.994351387023926 -1.1058382321070406 0.21569158136844635
Pedestrian -1 -1 1.29 653.2476196289062 143.99099731445312 672.2962646484375 212.24569702148438 1.694338083267212 0.5678130388259888 0.5322297215461731 1.5324949026107788 0.7429932504892349 19.283079147338867 1.3741064838577106 0.2129909098148346
Cyclist -1 -1 1.18 419.8708801269531 145.37989807128906 470.1009216308594 199.38758850097656 1.7488927841186523 0.6357642412185669 1.6803885698318481 -5.391174793243408 0.6452744007110596 23.659997940063477 0.9575540386567134 0.21264606714248657
Pedestrian -1 -1 1.77 404.8592224121094 143.10089111328125 427.9822082519531 202.27503967285156 1.828963041305542 0.5992242097854614 0.50449538230896 -5.860768795013428 0.7319018542766571 22.119647979736328 1.507691560741696 0.21009334921836853
Pedestrian -1 -1 1.62 518.837646484375 148.24253845214844 547.6238403320312 226.1444549560547 1.50559401512146 0.5287476181983948 0.8123404383659363 -1.4404586553573608 0.8715862035751343 14.9742431640625 1.5230576563830613 0.20936396718025208
Cyclist -1 -1 2.3 426.2280578613281 148.45021057128906 465.6541442871094 202.8291778564453 1.740909218788147 0.6387736201286316 1.5724422931671143 -5.4864678382873535 0.68691386282444 24.423791885375977 2.0783781398286543 0.20899870991706848
Pedestrian -1 -1 -1.76 437.2507019042969 147.00343322753906 488.1055908203125 199.6139678955078 1.7863166332244873 0.6568061113357544 0.6672895550727844 -4.365530967712402 0.6576045155525208 22.33332061767578 -1.9566221603347147 0.20806564390659332
Pedestrian -1 -1 1.07 496.5877990722656 137.74465942382812 529.3468627929688 203.65838623046875 1.9277334213256836 0.6863329410552979 0.632286012172699 -2.3366270065307617 0.7539910972118378 18.04298210144043 0.9387475050274325 0.20757094025611877
Pedestrian -1 -1 1.88 651.3777465820312 138.37318420410156 679.6279907226562 246.15248107910156 1.707051157951355 0.6547123789787292 0.6072530746459961 1.3287022113800049 0.9933867901563644 14.33224105834961 1.9749035601601692 0.20750607550144196
Pedestrian -1 -1 1.77 397.16943359375 143.40744018554688 422.42706298828125 201.41358947753906 1.8430358171463013 0.6162407994270325 0.540627121925354 -6.132399559020996 0.7180207222700119 22.32002830505371 1.4969507824518038 0.2058539092540741
Car -1 -1 -1.91 485.059326171875 137.60848999023438 517.5955200195312 208.2400360107422 1.6771410703659058 1.638750433921814 3.855989694595337 -4.680628299713135 0.292431116104126 30.99629783630371 -2.0628629837341137 0.20265385508537292
Pedestrian -1 -1 1.54 404.413818359375 143.20843505859375 433.577392578125 205.9275360107422 1.8140233755111694 0.6082854270935059 0.4907739758491516 -5.574902057647705 0.7661979645490646 21.255773544311523 1.2787363287705755 0.20222599804401398
Pedestrian -1 -1 0.75 245.22926330566406 136.67832946777344 318.2991943359375 276.4797668457031 1.739363431930542 0.6494575142860413 0.8138243556022644 -4.47035026550293 1.2696297764778137 9.795549392700195 0.32100925408044434 0.201317697763443
Pedestrian -1 -1 1.08 244.4425048828125 140.7112579345703 298.1149597167969 259.6441955566406 1.6884568929672241 0.6243311166763306 0.7032451033592224 -5.130775451660156 1.161964863538742 11.104026794433594 0.6510985236621236 0.20004945993423462
Cyclist -1 -1 0.05 251.9839630126953 138.10711669921875 328.7686767578125 283.04425048828125 1.8211520910263062 0.6259457468986511 1.7950594425201416 -4.164335250854492 1.2669267654418945 9.36703109741211 -0.3690114316105695 0.19886329770088196
Pedestrian -1 -1 -2.11 447.0597229003906 147.6293487548828 493.346435546875 197.75831604003906 1.7882462739944458 0.6569357514381409 0.6507440805435181 -4.261229991912842 0.615573912858963 23.02168083190918 -2.2906742129428563 0.19873662292957306
Cyclist -1 -1 2.7 373.1948547363281 143.2429962158203 412.54681396484375 201.4820556640625 1.700377345085144 0.5927042961120605 1.7445378303527832 -7.012869358062744 0.616775318980217 23.195566177368164 2.404536912466945 0.1974015086889267
Cyclist -1 -1 -0.97 535.8634033203125 141.64053344726562 560.855712890625 207.5882110595703 1.8196409940719604 0.5858656764030457 1.6448203325271606 -1.5545660257339478 0.6300640404224396 20.488582611083984 -1.0433236598011204 0.19703978300094604
Pedestrian -1 -1 1.61 632.829833984375 141.72132873535156 667.6810913085938 254.6547393798828 1.773422122001648 0.7018787860870361 0.5512213706970215 0.7887254357337952 1.14950430393219 12.158029556274414 1.6761582078810324 0.1967785358428955
Pedestrian -1 -1 1.06 531.6555786132812 140.2108917236328 562.2762451171875 207.7576446533203 1.826611042022705 0.6479293704032898 0.5930955410003662 -1.4229990243911743 0.7051786035299301 18.309040069580078 0.9834901567166732 0.19472011923789978
Pedestrian -1 -1 1.94 533.7131958007812 149.88262939453125 558.6249389648438 226.9432830810547 1.5880756378173828 0.5732829570770264 0.7316821217536926 -1.264198660850525 0.9666338562965393 14.797286033630371 1.8542608756238623 0.19468344748020172
Pedestrian -1 -1 1.54 640.1445922851562 140.62521362304688 680.5197143554688 282.7010192871094 1.6603138446807861 0.6772721409797668 0.671086847782135 0.7923232913017273 1.2072132229804993 9.661648750305176 1.623539030455726 0.191905677318573
Pedestrian -1 -1 1.84 508.2098693847656 141.2362518310547 536.7874145507812 201.7386932373047 1.748199224472046 0.6368119120597839 0.7580152153968811 -2.4948976039886475 0.6217331290245056 21.121482849121094 1.7230632403083366 0.18981805443763733
Pedestrian -1 -1 1.73 658.8463134765625 143.98497009277344 701.203857421875 277.0296630859375 1.6823277473449707 0.648050844669342 0.6866134405136108 0.9800547957420349 1.2370670139789581 9.64279842376709 1.833670191560902 0.1897076666355133
Cyclist -1 -1 1.34 505.5482482910156 138.58523559570312 536.81689453125 206.5854034423828 1.8719841241836548 0.6590595245361328 1.6295933723449707 -2.573336601257324 0.5829192698001862 22.247095108032227 1.2227298270736462 0.18877153098583221
Cyclist -1 -1 2.21 474.8055419921875 139.6386260986328 532.5642700195312 192.05459594726562 1.8879348039627075 0.6818835139274597 1.6919841766357422 -3.6076583862304688 0.35999321937561035 26.016874313354492 2.0759525445469276 0.18762747943401337
Pedestrian -1 -1 1.49 669.45068359375 146.83914184570312 705.0891723632812 245.18869018554688 1.705309271812439 0.5580719113349915 0.6503572463989258 1.6143819093704224 1.0663339495658875 14.4832181930542 1.600774833924901 0.1859062910079956
Pedestrian -1 -1 1.77 537.3899536132812 137.40249633789062 570.7484130859375 222.66775512695312 1.8285893201828003 0.688654363155365 0.7638679146766663 -1.0840107202529907 0.880783136934042 15.750286102294922 1.6963044542793835 0.18579277396202087
Cyclist -1 -1 0.06 246.0314178466797 131.02120971679688 310.4696044921875 295.9066162109375 1.8468459844589233 0.6704610586166382 1.838719129562378 -4.292802333831787 1.3205810487270355 9.485565185546875 -0.36027585554045904 0.18464605510234833
Pedestrian -1 -1 1.54 259.0811462402344 142.5574188232422 304.5813293457031 221.94207763671875 1.705621361732483 0.6090736389160156 0.5120798945426941 -7.209667205810547 0.980509489774704 15.71509075164795 1.1116991776720333 0.1814592033624649
Pedestrian -1 -1 1.28 537.0276489257812 140.46554565429688 565.9363403320312 206.6293182373047 1.8369704484939575 0.6388051509857178 0.5666177272796631 -1.3801246881484985 0.7304957211017609 18.993263244628906 1.2082468225569976 0.1806611567735672
Pedestrian -1 -1 1.52 517.1752319335938 141.14620971679688 547.3703002929688 213.88327026367188 1.6691850423812866 0.6518346071243286 0.8588085174560547 -1.6766078472137451 0.7781219519674778 16.209049224853516 1.4155728317895866 0.18048353493213654
Pedestrian -1 -1 1.46 653.2109985351562 140.08309936523438 683.9452514648438 220.82101440429688 1.861817717552185 0.6855651140213013 0.668282151222229 1.5060558319091797 0.9142440240830183 15.967876434326172 1.5564944625815542 0.17852675914764404
Pedestrian -1 -1 2.02 494.5038757324219 138.23280334472656 535.8313598632812 220.3134765625 1.888220191001892 0.7797825336456299 0.7088273763656616 -1.8452593088150024 0.8948229737579823 15.28142261505127 1.9010254536446514 0.17774488031864166
Cyclist -1 -1 2.3 432.5741882324219 141.11056518554688 482.66876220703125 194.98489379882812 1.7974690198898315 0.5863742828369141 1.8002769947052002 -5.225506782531738 0.44614744186401367 24.676061630249023 2.095981349913875 0.17612823843955994
Cyclist -1 -1 1.72 470.3900451660156 141.50982666015625 505.3572998046875 205.03616333007812 1.935227632522583 0.6483115553855896 1.717850923538208 -4.182231903076172 0.5651320219039917 23.93580436706543 1.5489902552170118 0.1689884513616562
Pedestrian -1 -1 1.51 651.0260620117188 139.3538360595703 686.7537231445312 258.00103759765625 1.7314099073410034 0.6244279742240906 0.5647677183151245 1.0534141063690186 1.1531505286693573 12.313885688781738 1.5996962145962188 0.16754980385303497
Cyclist -1 -1 1.85 494.6765441894531 136.19871520996094 532.6383666992188 221.5159454345703 1.9300718307495117 0.6461303234100342 1.7363581657409668 -2.1969361305236816 0.8557901307940483 17.089059829711914 1.7270450847743204 0.1657780408859253
Truck -1 -1 1.97 2.3594491481781006 78.35697937011719 250.5304696559906 350.58665466308594 3.131989002227783 2.402963638305664 6.967130661010742 -4.038877964019775 1.7639563381671906 5.057193279266357 1.295065885451371 0.16390474140644073
Cyclist -1 -1 1.62 491.955322265625 137.755615234375 532.2247924804688 195.3065185546875 1.913751244544983 0.6342124342918396 1.6502413749694824 -3.2447216510772705 0.413107693195343 24.18489646911621 1.4831578904242964 0.16360555589199066
Pedestrian -1 -1 0.91 500.8017578125 137.99783325195312 534.6732788085938 204.8640594482422 1.8995002508163452 0.6943327188491821 0.63223797082901 -2.1156041622161865 0.7048436999320984 18.539306640625 0.8003601740342141 0.1626742035150528
Pedestrian -1 -1 2.46 454.41131591796875 142.65145874023438 490.5022888183594 206.75814819335938 1.8138785362243652 0.6584632992744446 0.6915507912635803 -3.959808349609375 0.7068297863006592 21.478275299072266 2.2809747134360068 0.1619473397731781
Cyclist -1 -1 1.94 502.17059326171875 136.8062744140625 542.0166625976562 220.3083953857422 1.8512167930603027 0.6184059977531433 1.6548939943313599 -1.9600467681884766 0.8108947426080704 16.275516510009766 1.8158428161224531 0.16019019484519958
Cyclist -1 -1 1.47 479.9593200683594 140.41087341308594 511.9617004394531 222.24826049804688 1.8583904504776 0.6265393495559692 1.6723785400390625 -2.662883758544922 0.8608896657824516 17.05158233642578 1.3195105940977143 0.1552562713623047
Cyclist -1 -1 1.3 512.1908569335938 139.39659118652344 540.156982421875 210.85826110839844 1.9606066942214966 0.6575836539268494 1.6794673204421997 -2.2973978519439697 0.6860989630222321 21.211448669433594 1.1900668191219719 0.14368577301502228
Cyclist -1 -1 2.23 431.6375427246094 145.8808135986328 483.9513244628906 204.2705535888672 1.8043633699417114 0.6672147512435913 1.7837882041931152 -4.547219753265381 0.6924767643213272 21.2202205657959 2.0140430525724495 0.1410190463066101
Cyclist -1 -1 1.91 488.8103942871094 141.71095275878906 514.1963500976562 209.73008728027344 1.8816306591033936 0.6674432158470154 1.5580435991287231 -3.4167866706848145 0.5382816195487976 23.6122989654541 1.7675700007783632 0.13726121187210083
Cyclist -1 -1 1.19 486.1805725097656 135.06063842773438 523.4949340820312 220.54254150390625 1.9688899517059326 0.6492916345596313 1.7510528564453125 -2.6198954582214355 0.7849813997745514 18.729272842407227 1.047371941003636 0.13331159949302673
Pedestrian -1 -1 1.94 483.9786376953125 144.4554443359375 510.6477355957031 211.29116821289062 1.8189914226531982 0.6868873834609985 0.7315114140510559 -2.9606893062591553 0.8093810752034187 18.345796585083008 1.783848333783129 0.12835656106472015
Pedestrian -1 -1 2.36 503.83404541015625 139.21060180664062 526.2561645507812 201.34996032714844 1.818760633468628 0.699829638004303 0.6523025631904602 -2.6037721633911133 0.665619283914566 20.032581329345703 2.232931599965193 0.11938181519508362
Cyclist -1 -1 0.73 503.4029541015625 136.7639617919922 545.6520385742188 199.29212951660156 1.8482089042663574 0.5845263600349426 1.6627392768859863 -2.3614437580108643 0.4561977982521057 21.167163848876953 0.621977778803255 0.1128246858716011