Car -1 -1 1.94 204.2067413330078 177.2948455810547 430.0127258300781 333.5142822265625 1.8098024129867554 1.6448346376419067 3.992727041244507 -4.047990322113037 1.9036240577697754 10.542289733886719 1.5783286421999758 0.8831053376197815
Car -1 -1 1.7 487.46881103515625 181.6985321044922 540.2990112304688 223.4550018310547 1.5068923234939575 1.6334364414215088 3.9149813652038574 -3.7637829780578613 1.8764049410820007 28.49073028564453 1.573396942797216 0.8735238313674927
Car -1 -1 2.58 6.663130760192871 227.2773895263672 180.30399990081787 365.57861328125 1.552664041519165 1.6447858810424805 4.215701103210449 -3.4945719242095947 1.7718515992164612 2.299530267715454 1.5892251065544682 0.7424902319908142
Van -1 -1 1.66 508.8734130859375 169.58230590820312 553.805908203125 213.42953491210938 2.0769033432006836 1.8900659084320068 4.91172981262207 -4.110302925109863 1.9390997886657715 38.01493835449219 1.5474783295354975 0.7147879004478455
Car -1 -1 1.69 551.531005859375 173.3072052001953 579.9436645507812 194.53945922851562 1.7376431226730347 1.8120900392532349 4.701477527618408 -3.72477388381958 1.7952000498771667 61.78354263305664 1.627017649279388 0.5876349210739136
Car -1 -1 1.69 492.8182067871094 176.5228729248047 544.6514892578125 222.0131072998047 1.657397747039795 1.6669062376022339 3.969236135482788 -3.652473211288452 1.8645349740982056 28.19183349609375 1.559069027788592 0.584714412689209
Car -1 -1 1.67 508.5064697265625 169.0937042236328 554.0919189453125 214.7554168701172 1.9959219694137573 1.7891923189163208 4.428304672241211 -3.7375547885894775 1.8676721453666687 34.235679626464844 1.56603847905295 0.5641641616821289
Car -1 -1 1.68 502.45477294921875 171.7146453857422 551.42626953125 217.301025390625 1.8073134422302246 1.6904388666152954 4.143102645874023 -3.8066349029541016 1.8881057500839233 32.96906280517578 1.5673099406041056 0.5460405945777893
Car -1 -1 -1.22 931.8624267578125 152.2435302734375 1241.2154541015625 386.19464111328125 1.7580162286758423 1.6787089109420776 4.115105152130127 4.853743553161621 1.7262102961540222 5.843521595001221 -0.5242250393967862 0.5061792135238647
Car -1 -1 2.5 28.49635124206543 242.60523986816406 169.37487602233887 366.3141784667969 1.5605429410934448 1.6922619342803955 3.794651985168457 -4.121665000915527 1.8863497376441956 2.997882127761841 1.561635220058439 0.3135640621185303
Van -1 -1 1.68 500.9812316894531 172.7019500732422 549.5712890625 218.2187957763672 2.138078212738037 1.8074125051498413 4.841763973236084 -4.133149147033691 2.025922477245331 37.3773193359375 1.565142701307642 0.2740519940853119
Car -1 -1 2.5 12.672419548034668 245.80044555664062 146.14281749725342 370.7616271972656 1.6049314737319946 1.6938599348068237 4.003271102905273 -4.760502815246582 2.125013291835785 3.3603596687316895 1.5433800040037484 0.21748830378055573
Van -1 -1 2.58 0.2722310721874237 229.5297088623047 166.98133751749992 373.6105041503906 1.6307789087295532 1.4850037097930908 3.6360111236572266 -2.946864366531372 1.485048770904541 2.2805233001708984 1.6698930376983823 0.2115107625722885
Car -1 -1 2.55 -1.8329535722732544 183.99588012695312 165.13147819042206 359.57080078125 1.5151324272155762 1.6215800046920776 4.097874641418457 -2.9378585815429688 1.5144739151000977 1.9652596712112427 1.5653648659326542 0.2056286633014679
Car -1 -1 1.89 233.4698944091797 179.9759979248047 414.7294921875 307.91278076171875 1.7650372982025146 1.651283860206604 4.181640625 -4.24657678604126 1.885344386100769 11.16354751586914 1.5265584152945815 0.20194052159786224
Car -1 -1 2.47 30.011892318725586 248.8633270263672 148.6305980682373 353.0363464355469 1.5679782629013062 1.7137601375579834 3.6090846061706543 -3.854311943054199 1.835315763950348 3.12408709526062 1.5756683563566778 0.1391088366508484
Car -1 -1 2.56 57.50764465332031 242.33738708496094 185.78738403320312 371.1632995605469 1.39950692653656 1.5130211114883423 3.7880237102508545 -3.004626512527466 1.7454436421394348 2.7064919471740723 1.7270922342274826 0.10858660936355591