Car -1 -1 -2.29 224.33450317382812 222.03036499023438 529.6172485351562 373.4080505371094 1.4057292938232422 1.503394365310669 3.2343225479125977 -2.904049873352051 2.040719985961914 8.643099784851074 -2.61466447326495 0.8733218908309937
Car -1 -1 -1.57 954.9228515625 173.81211853027344 1093.4063720703125 281.8228759765625 1.5169578790664673 1.6641043424606323 4.184065818786621 7.31569242477417 1.5450919270515442 12.723542213439941 -1.0473988364526772 0.8602595925331116
Car -1 -1 -2.0 78.15931701660156 234.42410278320312 332.55364990234375 360.0440979003906 1.3777573108673096 1.5615909099578857 3.48337459564209 -6.221561431884766 2.3252888917922974 10.730238914489746 -2.528895196000115 0.8532058596611023
Car -1 -1 -1.81 -1.863555908203125 236.70095825195312 163.73475646972656 330.42510986328125 1.4593932628631592 1.6366914510726929 3.485928535461426 -10.315855979919434 2.7189136743545532 13.483843803405762 -2.460415609323203 0.8521880507469177
Car -1 -1 -1.59 974.6423950195312 167.747314453125 1074.78271484375 243.3943328857422 1.5844528675079346 1.704469919204712 4.189932346343994 10.573301315307617 1.549017310142517 18.40835952758789 -1.066152386247703 0.531826376914978
Car -1 -1 -0.57 0.3880784809589386 230.84844970703125 29.196153432130814 306.3202209472656 1.5185922384262085 1.5540372133255005 3.6958067417144775 -14.569037437438965 2.862231433391571 15.297876358032227 -1.329788837682269 0.49560949206352234
Car -1 -1 -0.82 1.4617620706558228 232.40664672851562 36.550488114356995 310.88446044921875 1.507426142692566 1.631600022315979 3.7329726219177246 -13.46122932434082 2.710212767124176 14.288725852966309 -1.5724593038296906 0.4352722764015198
Van -1 -1 -1.22 1207.3570556640625 159.3213653564453 1239.9571533203125 212.38267517089844 1.9485383033752441 1.84613037109375 4.776809215545654 22.978620529174805 1.4414684176445007 25.161436080932617 -0.48203331809403727 0.416049063205719
Car -1 -1 -1.36 1215.1195068359375 157.26513671875 1242.0008544921875 216.15411376953125 1.7054013013839722 1.7428979873657227 4.38219690322876 21.90559196472168 1.3655370473861694 23.83391761779785 -0.6127666613118619 0.39937669038772583
Van -1 -1 -1.3 1213.2288818359375 160.16001892089844 1241.305908203125 214.8686065673828 1.8960274457931519 1.8903181552886963 4.9397196769714355 22.708614349365234 1.4681591987609863 24.705059051513672 -0.5553504404490708 0.3469158709049225
Car -1 -1 -0.76 -0.2306128293275833 235.746337890625 46.08876125514507 320.13653564453125 1.5382360219955444 1.6258124113082886 3.587139129638672 -13.449338912963867 2.8246154189109802 14.487937927246094 -1.512511762776664 0.31325045228004456
Car -1 -1 -0.59 0.8658842444419861 229.21412658691406 21.985585629940033 300.7251892089844 1.471483826637268 1.567037582397461 3.685058116912842 -14.54804515838623 2.7855215668678284 15.09743881225586 -1.3535799407180464 0.30616095662117004
Van -1 -1 -1.3 1200.1510009765625 159.21035766601562 1238.543212890625 209.5142822265625 1.9423264265060425 1.8343008756637573 4.744352340698242 23.65304183959961 1.3740780353546143 26.685993194580078 -0.5707056526763234 0.3040001392364502
Car -1 -1 -0.71 -0.2621733546257019 237.66854858398438 22.396821320056915 312.0765686035156 1.563010811805725 1.6032390594482422 3.615017890930176 -14.320518493652344 2.828789532184601 15.011752128601074 -1.4681491179636517 0.3013558089733124
Car -1 -1 -0.99 1208.3470458984375 158.8907470703125 1239.6822509765625 216.35069274902344 1.5943363904953003 1.7211285829544067 4.367715835571289 22.185392379760742 1.3388813734054565 24.041391372680664 -0.24787561137473224 0.2850234806537628
Van -1 -1 -1.38 1219.3310546875 153.20262145996094 1242.5474853515625 221.25177001953125 1.9147356748580933 1.820757269859314 4.628950595855713 21.795679092407227 1.4822631478309631 23.92717170715332 -0.637943874295996 0.26800736784935
Van -1 -1 -1.92 1176.410400390625 160.25259399414062 1234.6632080078125 204.92689514160156 1.9724854230880737 1.7510679960250854 4.533031463623047 27.683746337890625 1.3945788443088531 33.17310333251953 -1.22128428919563 0.26393911242485046
Car -1 -1 -1.61 967.920166015625 171.27587890625 1082.516845703125 255.73373413085938 1.5585381984710693 1.6637282371520996 4.053689002990723 8.176262855529785 1.4860715866088867 14.14246940612793 -1.0816343767627332 0.26206567883491516
Car -1 -1 -2.37 140.21636962890625 230.34750366210938 486.3917236328125 369.7144470214844 1.3388164043426514 1.4601871967315674 3.4236342906951904 -4.656081676483154 2.10993492603302 9.596994400024414 -2.824027665113073 0.24520768225193024
Car -1 -1 -2.04 970.5071411132812 171.03448486328125 1066.30859375 231.50335693359375 1.6401461362838745 1.6991857290267944 4.254837989807129 11.190741539001465 1.6272760033607483 19.437746047973633 -1.5148692023337764 0.24215663969516754
Car -1 -1 -1.04 2.2505598068237305 226.0912628173828 25.07587718963623 325.6458435058594 1.5430222749710083 1.5908887386322021 3.519423246383667 -13.581488609313965 2.6689050793647766 13.5407075881958 -1.8279268810154665 0.23929829895496368
Car -1 -1 -1.95 1175.5997314453125 160.0055389404297 1235.4163818359375 204.37380981445312 1.804323434829712 1.7262587547302246 4.101556301116943 26.927989959716797 1.311839371919632 32.36557388305664 -1.2606048704289172 0.2372177541255951
Car -1 -1 2.6 88.10897827148438 233.5719451904297 420.979248046875 359.7327575683594 1.2812665700912476 1.5034832954406738 3.4876909255981445 -5.341320991516113 2.165314495563507 9.727675437927246 2.094699209932968 0.23421619832515717
Van -1 -1 -1.47 1187.570556640625 158.01141357421875 1240.695068359375 206.7047882080078 1.8495618104934692 1.8997689485549927 4.801609516143799 28.2744083404541 1.2554293870925903 33.044986724853516 -0.7580720197382891 0.2092328667640686
Car -1 -1 -1.12 1202.0887451171875 156.39431762695312 1241.62744140625 213.7607879638672 1.7772457599639893 1.7645968198776245 4.559584617614746 22.038000106811523 1.4237854480743408 23.86141586303711 -0.37338304362169517 0.20696622133255005
Car -1 -1 -1.64 994.423828125 172.24325561523438 1082.682373046875 235.4512176513672 1.5644402503967285 1.7300900220870972 4.134127616882324 12.477860450744629 1.6050983667373657 20.883333206176758 -1.1034419651651728 0.1966247260570526
Car -1 -1 -0.28 1.2373945713043213 247.1355438232422 35.12952256202698 328.8536682128906 1.4173539876937866 1.5882351398468018 3.7177534103393555 -12.137310981750488 2.767922580242157 12.850790977478027 -1.033257762122867 0.17364093661308289