Car -1 -1 1.74 191.2164306640625 199.53778076171875 293.09912109375 274.8523864746094 1.484557032585144 1.626696228981018 4.203176498413086 -8.559134483337402 2.1750242114067078 17.038719177246094 1.277182997173405 0.8809446096420288
Car -1 -1 1.84 10.104752540588379 194.4495391845703 225.29280185699463 338.17626953125 1.603914737701416 1.681614637374878 4.2738447189331055 -7.071157455444336 1.9744846820831299 10.746294975280762 1.256887680374458 0.8697813153266907
Car -1 -1 1.68 289.92999267578125 199.2556610107422 332.5931701660156 229.8738250732422 1.438935399055481 1.6242387294769287 3.972026824951172 -14.957659721374512 2.783182919025421 36.22682189941406 1.2859519689378907 0.8447747230529785
Van -1 -1 -1.63 1175.111572265625 105.10820007324219 1242.9371337890625 176.0917510986328 2.1278510093688965 2.0050837993621826 5.161502361297607 21.466100692749023 -0.0905299186706543 24.641557693481445 -0.9141692533523766 0.7713909149169922
Truck -1 -1 -1.92 1174.5965576171875 103.14330291748047 1243.4432373046875 178.83157348632812 2.850912570953369 2.3102188110351562 6.501053333282471 22.03219985961914 0.23484647274017334 25.03145980834961 -1.197241542924715 0.5444740653038025
Car -1 -1 1.84 254.5865936279297 195.255615234375 304.3128356933594 220.71701049804688 1.4585988521575928 1.6606817245483398 4.438198089599609 -21.04676055908203 2.947304368019104 46.17365264892578 1.4137532311533292 0.43915316462516785
Van -1 -1 -1.75 1174.4984130859375 105.11870574951172 1230.055419921875 164.9492950439453 1.9542372226715088 1.9045991897583008 4.740187644958496 21.256263732910156 -0.30386149883270264 24.078388214111328 -1.025433202978725 0.23851723968982697
Car -1 -1 1.71 294.1998596191406 198.43821716308594 336.2930908203125 226.55784606933594 1.4652256965637207 1.6547589302062988 4.187658309936523 -14.998493194580078 2.7813076972961426 36.14455795288086 1.3148529615887226 0.2384040802717209
Car -1 -1 1.7 279.8913269042969 197.4049530029297 327.1995849609375 229.00416564941406 1.4406970739364624 1.575135350227356 4.127142906188965 -14.824237823486328 2.719497859477997 35.46993637084961 1.3015567013313252 0.23812749981880188
Car -1 -1 1.7 264.5655212402344 197.1566162109375 311.1098937988281 221.28871154785156 1.4004839658737183 1.618514060974121 4.244446754455566 -19.23178482055664 2.8380696177482605 43.369659423828125 1.2809455792530953 0.23764842748641968
Car -1 -1 1.61 275.85302734375 196.24807739257812 321.2579040527344 225.95457458496094 1.4248416423797607 1.6310012340545654 4.262099742889404 -15.065064430236816 2.7296348810195923 35.98650360107422 1.2167292568981765 0.22646792232990265
Car -1 -1 1.98 10.160998344421387 184.3788604736328 191.25993633270264 328.1848449707031 1.576194167137146 1.6008037328720093 3.8711841106414795 -7.223574638366699 1.8344054818153381 10.385566711425781 1.3705608182986246 0.22377167642116547
Cyclist -1 -1 -0.57 1165.132080078125 105.5128402709961 1241.8626708984375 173.05702209472656 1.856189250946045 0.6159430146217346 1.8434655666351318 16.464113235473633 0.06904762983322144 19.394363403320312 0.13446413010625236 0.2138752043247223
Van -1 -1 -2.1 1194.2744140625 104.61217498779297 1239.9129638671875 173.7079315185547 2.081998109817505 2.077763080596924 5.285354137420654 19.918498992919922 0.046533167362213135 21.596994400024414 -1.3546049382977685 0.19288942217826843
Car -1 -1 2.36 1.4113044738769531 188.38348388671875 55.769527435302734 312.82757568359375 1.7200117111206055 1.581648349761963 3.8690671920776367 -5.859106540679932 1.6859053373336792 5.387446403503418 1.5370469341150645 0.18524551391601562
Car -1 -1 2.31 2.8814892768859863 203.16015625 52.33872652053833 324.1280212402344 1.673408031463623 1.5829436779022217 3.9005377292633057 -5.717641353607178 1.7321032285690308 5.192203521728516 1.4718349234021044 0.17414264380931854
Car -1 -1 1.76 268.3049011230469 198.71267700195312 313.37847900390625 224.1024169921875 1.4803333282470703 1.6399980783462524 4.289350986480713 -18.886045455932617 2.9463071823120117 43.027992248535156 1.345741687168367 0.17326217889785767
Van -1 -1 -2.17 1211.7218017578125 106.03463745117188 1241.6336669921875 171.13583374023438 2.087038278579712 2.0944671630859375 5.287613868713379 20.150821685791016 0.06442159414291382 21.535690307617188 -1.4218520218517599 0.17253245413303375
Car -1 -1 1.65 305.8002014160156 197.39199829101562 340.2613525390625 221.5450439453125 1.448307991027832 1.6428831815719604 4.3458709716796875 -19.313905715942383 3.2046408653259277 48.15473937988281 1.272867066584844 0.152646005153656