Car -1 -1 -1.74 707.6337280273438 180.654296875 792.9270629882812 240.3570098876953 1.5200426578521729 1.6461057662963867 4.148107528686523 3.9591987133026123 1.7822283506393433 20.95771026611328 -1.558220593738529 0.896827220916748
Car -1 -1 1.83 400.8475646972656 186.7336883544922 491.92828369140625 244.2548828125 1.4586163759231567 1.5693830251693726 3.942943572998047 -4.704435348510742 1.9046074748039246 21.0677433013916 1.6054475653762807 0.8935454487800598
Car -1 -1 -1.92 806.7252197265625 190.2804412841797 1053.8935546875 331.6345520019531 1.4635950326919556 1.580122947692871 3.670545816421509 3.8683886528015137 1.7045923471450806 9.47832202911377 -1.5280171029427407 0.8898698687553406
Car -1 -1 1.89 295.3616943359375 189.5636749267578 445.057861328125 277.20196533203125 1.461257815361023 1.5935909748077393 3.8614869117736816 -4.747964859008789 1.860824167728424 14.702723503112793 1.58227941121066 0.8871268630027771
Car -1 -1 -1.78 743.9137573242188 181.2091827392578 869.7100219726562 266.99041748046875 1.486763834953308 1.614313006401062 3.8114614486694336 3.9997401237487793 1.715163230895996 15.25043773651123 -1.5197222167657367 0.8869081139564514
Car -1 -1 1.79 452.0694274902344 184.5542449951172 517.5441284179688 228.44635009765625 1.3997063636779785 1.5548501014709473 3.895106792449951 -4.539477825164795 1.8954412937164307 26.351001739501953 1.6174080779556093 0.8759929537773132
Car -1 -1 1.76 526.2135009765625 180.35794067382812 565.451171875 207.23638916015625 1.4494346380233765 1.602494478225708 4.033850193023682 -3.8214735984802246 1.949508011341095 42.9151496887207 1.6696127528115907 0.8468447923660278
Car -1 -1 -1.69 693.9069213867188 179.5562744140625 751.6094970703125 223.1665496826172 1.5370434522628784 1.6357817649841309 4.168628215789795 4.062795639038086 1.7530626058578491 26.714649200439453 -1.5358036035056584 0.8215464353561401
Car -1 -1 -2.3 969.6007690429688 175.7079620361328 1238.2716064453125 377.62396240234375 1.597542643547058 1.6436456441879272 3.9987540245056152 3.6103005409240723 1.6280555725097656 3.8913509845733643 -1.5516347561787711 0.7988744974136353
Car -1 -1 -1.7 682.5709838867188 179.32052612304688 727.5169067382812 211.8448028564453 1.459984540939331 1.6341370344161987 3.8525350093841553 4.679721832275391 1.8036221265792847 35.59185028076172 -1.565507825853059 0.7498888373374939
Car -1 -1 -1.64 686.7095336914062 178.78472900390625 737.4381103515625 217.03453063964844 1.5828813314437866 1.5944318771362305 4.234884262084961 4.695069313049316 1.854345977306366 34.608516693115234 -1.505197184618421 0.635295569896698
Car -1 -1 1.75 530.7803955078125 179.4745330810547 571.709716796875 204.8247833251953 1.4872422218322754 1.6041151285171509 4.053194522857666 -3.570040702819824 1.9103055000305176 43.30999755859375 1.6651428489574585 0.5095781087875366
Car -1 -1 1.73 538.6755981445312 179.21226501464844 576.045654296875 204.7389678955078 1.5049374103546143 1.619333028793335 4.080811500549316 -3.5139389038085938 2.0097439289093018 48.061031341552734 1.6552312543398315 0.3893647789955139
Car -1 -1 -1.99 817.3076171875 191.95494079589844 1101.6822509765625 348.1236572265625 1.5304442644119263 1.5819857120513916 3.6741485595703125 4.117551326751709 1.792929470539093 9.700945854187012 -1.5919174354638654 0.3779987394809723
Car -1 -1 -1.7 698.2219848632812 179.701171875 768.8863525390625 230.78134155273438 1.5529056787490845 1.582840085029602 4.018895149230957 4.13822078704834 1.818656861782074 26.792993545532227 -1.5429543080009651 0.3670915961265564
Car -1 -1 -2.3 914.6986694335938 176.39306640625 1224.97119140625 357.26629638671875 1.4912904500961304 1.6523813009262085 3.989565372467041 3.4079160690307617 1.422108769416809 3.977792501449585 -1.594316188556708 0.3562924265861511
Car -1 -1 -2.57 259.31634521484375 182.9322509765625 364.18060302734375 222.57827758789062 1.4451029300689697 1.5433335304260254 3.6364800930023193 -13.1622953414917 2.083278775215149 31.947494506835938 -2.9656232299533762 0.3253268301486969
Car -1 -1 -1.79 711.056640625 182.6759033203125 810.327880859375 245.06637573242188 1.4812971353530884 1.5962873697280884 4.134866714477539 3.895293951034546 1.7562656998634338 20.908029556274414 -1.6025089321020154 0.3109574615955353
Car -1 -1 1.77 433.65350341796875 186.12387084960938 514.1493530273438 234.85914611816406 1.478391170501709 1.607071876525879 4.1221442222595215 -4.524709701538086 1.9144976139068604 25.947500228881836 1.6021204648718355 0.3068816065788269
Car -1 -1 1.78 543.3237915039062 178.95535278320312 580.1397094726562 200.64566040039062 1.5516564846038818 1.6361207962036133 4.223317623138428 -3.5856356620788574 2.0149059295654297 46.41581344604492 1.7073823233265681 0.2835833728313446
Van -1 -1 -2.34 966.32470703125 174.10948181152344 1235.4881591796875 374.5386047363281 1.8533453941345215 1.7477169036865234 4.282411575317383 3.9167871475219727 1.7503201961517334 4.3891825675964355 -1.6076447072842273 0.24920234084129333
Car -1 -1 -1.67 685.1893920898438 185.79718017578125 728.4747924804688 216.90196228027344 1.3775315284729004 1.584692120552063 3.847548723220825 4.25833797454834 1.8772755861282349 32.27474594116211 -1.542979883557135 0.23038534820079803
Car -1 -1 -1.69 679.6986694335938 179.6869659423828 716.9720458984375 210.53738403320312 1.4716076850891113 1.6184879541397095 4.028446674346924 4.6241607666015625 1.8470180034637451 36.61825942993164 -1.5666924626992396 0.22970040142536163
Car -1 -1 -2.36 620.186767578125 175.88111877441406 653.2787475585938 190.55996704101562 1.6144262552261353 1.6094119548797607 4.28183126449585 3.062100410461426 1.8974011540412903 80.0 -2.3212520803275947 0.22749722003936768
Car -1 -1 -1.92 854.5596313476562 179.9444580078125 1151.0107421875 347.5610656738281 1.6050409078598022 1.6359583139419556 3.917351484298706 4.132357597351074 1.8741703629493713 9.317209243774414 -1.5040796421517566 0.22722186148166656
Cyclist -1 -1 -3.01 970.2802734375 173.19947814941406 1239.0985107421875 376.4100341796875 1.8138141632080078 0.6126560568809509 1.76705002784729 2.9424445629119873 1.6169236898422241 3.7187740802764893 -2.3363661879316098 0.20995786786079407
Car -1 -1 -1.65 688.5360717773438 183.18634033203125 738.1480712890625 222.19984436035156 1.4085512161254883 1.619257926940918 3.999239683151245 3.951284408569336 1.7988556623458862 28.323453903198242 -1.5132156875840392 0.20944172143936157
Car -1 -1 -1.8 719.85205078125 184.6291961669922 829.10791015625 255.7543182373047 1.450648307800293 1.5961414575576782 4.109522819519043 4.202737808227539 1.7971584796905518 20.71673583984375 -1.5963032234635826 0.18747331202030182
Car -1 -1 0.99 617.5721435546875 176.85435485839844 646.5429077148438 192.19602966308594 1.5249052047729492 1.5819895267486572 4.084895133972168 2.67791485786438 1.9395384788513184 79.34072875976562 1.0276063030156593 0.17519891262054443
Car -1 -1 -2.31 625.3994750976562 176.595458984375 656.3888549804688 192.14976501464844 1.5569394826889038 1.621505856513977 4.308172702789307 3.4179022312164307 1.9330145716667175 78.59259033203125 -2.2659640755526933 0.16933783888816833
Car -1 -1 1.79 546.8997802734375 178.04891967773438 582.5328979492188 197.55567932128906 1.5534764528274536 1.6413822174072266 4.319764137268066 -3.51824951171875 2.1473435759544373 53.12800216674805 1.7219574005465939 0.16470248997211456