Van -1 -1 1.73 396.4571838378906 157.30601501464844 487.087646484375 228.9292449951172 1.9833720922470093 1.831754207611084 4.785867214202881 -4.817733287811279 1.2519248723983765 22.347423553466797 1.5143267811100474 0.8572597503662109
Pedestrian -1 -1 0.99 242.22914123535156 165.4862060546875 282.8064270019531 276.7870178222656 1.6801905632019043 0.6233556270599365 0.6326118111610413 -5.223746299743652 1.4500164985656738 11.011632919311523 0.5470693021112503 0.8356315493583679
Pedestrian -1 -1 2.58 802.6507568359375 155.1812744140625 867.2890014648438 317.1666259765625 1.7011802196502686 0.613288402557373 0.7650317549705505 2.6493735313415527 1.4343945384025574 8.135141372680664 2.8942681556283034 0.8329209685325623
Pedestrian -1 -1 2.92 234.85052490234375 159.83444213867188 285.7052917480469 281.1856994628906 1.70478093624115 0.5913474559783936 0.8700389266014099 -5.010304927825928 1.4148112535476685 10.66364574432373 2.4819570476512993 0.8316521048545837
Pedestrian -1 -1 1.57 710.9107666015625 158.2361297607422 784.4024658203125 329.8595275878906 1.68815279006958 0.6139183044433594 0.8335050940513611 1.6027469635009766 1.463041067123413 7.877160549163818 1.7667598890155762 0.8099167943000793
Pedestrian -1 -1 3.11 1075.3079833984375 134.71820068359375 1194.1529541015625 319.5630798339844 1.8013702630996704 0.5875862240791321 0.7561911344528198 5.2625041007995605 1.3509457409381866 7.1338300704956055 -2.5420489070924965 0.778467059135437
Pedestrian -1 -1 1.1 768.6273193359375 158.79151916503906 816.8729858398438 270.1788024902344 1.6795636415481567 0.5815953612327576 0.4390445053577423 3.0147793292999268 1.3320363759994507 11.219718933105469 1.3585877651517793 0.7758356332778931
Van -1 -1 1.59 523.6939697265625 153.16836547851562 570.4881591796875 205.27610778808594 2.3655807971954346 2.0256152153015137 5.582117557525635 -2.694364547729492 1.0446275621652603 35.37427520751953 1.509097613772103 0.7674983739852905
Pedestrian -1 -1 1.12 623.4190063476562 167.38229370117188 649.0653076171875 237.496337890625 1.6288279294967651 0.6027251482009888 0.5830985903739929 0.7314625978469849 1.2942323982715607 16.363370895385742 1.1600356734913007 0.7424027323722839
Cyclist -1 -1 1.89 352.4953308105469 168.52003479003906 401.78192138671875 273.9781799316406 1.681045413017273 0.6092540621757507 1.7522361278533936 -3.7343523502349854 1.445165991783142 11.972468376159668 1.5902362537244166 0.7416291832923889
Cyclist -1 -1 1.86 335.5366516113281 166.91639709472656 402.48077392578125 278.7762756347656 1.6260490417480469 0.5840608477592468 1.7153273820877075 -3.517071485519409 1.4221274256706238 11.126548767089844 1.5520392352934653 0.737689197063446
Car -1 -1 1.65 522.1294555664062 157.2831573486328 571.7918090820312 205.339599609375 1.9920560121536255 1.7329576015472412 4.2411909103393555 -2.3495147228240967 1.0020030518062413 31.773258209228516 1.5732800474421875 0.7201619148254395
Pedestrian -1 -1 -2.96 777.9525146484375 157.4290008544922 818.0370483398438 276.9098205566406 1.6728780269622803 0.6211403012275696 0.5581850409507751 2.9300739765167236 1.3514426350593567 11.024459838867188 -2.6953417459221 0.6776173114776611
Cyclist -1 -1 1.55 320.5771179199219 164.558837890625 379.0322265625 280.1656188964844 1.7047781944274902 0.6164917945861816 1.6954737901687622 -3.821375846862793 1.4595288634300232 11.092741012573242 1.2230532728384134 0.6547555327415466
Cyclist -1 -1 1.78 325.5436096191406 168.08633422851562 371.7936096191406 276.31005859375 1.714455485343933 0.623204231262207 1.7852214574813843 -3.7747490406036377 1.4379404783248901 11.121490478515625 1.4495831397592793 0.5393998026847839
Van -1 -1 1.71 416.67218017578125 160.5240478515625 498.3869323730469 221.29454040527344 1.975611686706543 1.741315484046936 5.0207085609436035 -4.979483604431152 1.1622134894132614 26.682790756225586 1.522663540737267 0.5324490666389465
Cyclist -1 -1 1.68 330.1434020996094 165.9275360107422 390.7920837402344 280.7609558105469 1.6241602897644043 0.5879058241844177 1.659160852432251 -3.604729652404785 1.4143068194389343 11.072412490844727 1.3631558299328113 0.5169588923454285
Pedestrian -1 -1 -0.16 337.86328125 167.5540008544922 398.0491638183594 278.14154052734375 1.5218263864517212 0.5739378929138184 0.6163239479064941 -3.4195077419281006 1.3710827827453613 10.566560745239258 -0.4683324272947269 0.5143318176269531
Cyclist -1 -1 -0.88 621.2326049804688 165.5199432373047 649.53759765625 238.8872528076172 1.6508727073669434 0.5318541526794434 1.635407567024231 0.7761844992637634 1.265533983707428 16.966392517089844 -0.8330876681597532 0.5064655542373657
Pedestrian -1 -1 -2.26 333.61175537109375 170.2597198486328 386.6019592285156 278.2507019042969 1.5620403289794922 0.6098076701164246 0.500710666179657 -3.5827181339263916 1.3678185939788818 11.01584529876709 -2.5713775860094525 0.5008153319358826
Pedestrian -1 -1 2.2 791.2271728515625 155.8625946044922 857.3430786132812 305.6933898925781 1.7306571006774902 0.6358186602592468 0.5744913220405579 2.5251612663269043 1.3950896859169006 8.237271308898926 2.4938595757154456 0.4431358873844147
Van -1 -1 1.7 436.16107177734375 161.2932891845703 505.4708251953125 216.3312225341797 1.8638474941253662 1.795307993888855 4.841124534606934 -4.790247917175293 1.1524973064661026 27.100473403930664 1.5253454767617258 0.4409501552581787
Car -1 -1 1.75 394.5946350097656 158.88665771484375 485.5639953613281 229.259765625 1.9361518621444702 1.7069810628890991 4.291032314300537 -4.610345840454102 1.2803937196731567 21.101516723632812 1.536462704364249 0.4402024745941162
Car -1 -1 1.67 440.704833984375 166.83970642089844 501.1690979003906 216.56939697265625 1.550504207611084 1.6900596618652344 4.34894323348999 -4.891454219818115 1.1132841110229492 27.584636688232422 1.4956566005580383 0.42360374331474304
Cyclist -1 -1 1.72 343.5369873046875 170.09335327148438 400.5915832519531 263.3552551269531 1.7182968854904175 0.61639803647995 1.6975568532943726 -3.876471996307373 1.4620884656906128 12.1126708984375 1.4060649000410237 0.40794986486434937
Pedestrian -1 -1 -3.08 782.8905639648438 156.84320068359375 833.2451782226562 291.6205749511719 1.6502522230148315 0.6100780367851257 0.6112922430038452 3.0064964294433594 1.399547278881073 10.474390029907227 -2.8008710306762357 0.3940272331237793
Cyclist -1 -1 -1.08 1071.9228515625 120.41285705566406 1192.80615234375 328.2496643066406 1.8457852602005005 0.6367917656898499 1.8730590343475342 5.278645992279053 1.273021012544632 7.204139232635498 -0.4515383638345538 0.37914255261421204
Pedestrian -1 -1 2.65 325.5436096191406 168.08633422851562 371.7936096191406 276.31005859375 1.769526481628418 0.6482008099555969 0.5467596650123596 -3.7587392330169678 1.4932413697242737 10.939948081970215 2.3224398950813177 0.37909212708473206
Pedestrian -1 -1 1.14 619.0057373046875 167.5309600830078 646.3698120117188 241.6707763671875 1.6032395362854004 0.5871465802192688 0.8176692128181458 0.7542173862457275 1.2776728868484497 16.65098762512207 1.1820483662900507 0.37873315811157227
Cyclist -1 -1 1.59 327.7442321777344 167.71298217773438 368.01470947265625 251.1309051513672 1.5969527959823608 0.5774973034858704 1.643022060394287 -5.274207592010498 1.2775032818317413 14.96182632446289 1.2529719447670082 0.3663354814052582
Pedestrian -1 -1 2.94 1106.15283203125 144.0999755859375 1194.1591796875 319.3340148925781 1.7741256952285767 0.621665894985199 0.7381209135055542 5.189862251281738 1.3307275772094727 6.96024751663208 -2.7035946588862148 0.36503803730010986
Pedestrian -1 -1 1.82 346.55218505859375 168.44346618652344 404.7807312011719 273.5404052734375 1.5865389108657837 0.5748626589775085 0.6125259399414062 -3.3749234676361084 1.3796336650848389 10.864564895629883 1.5144308465073326 0.35104307532310486
Pedestrian -1 -1 1.46 773.6912841796875 158.93475341796875 827.6213989257812 280.27392578125 1.7078739404678345 0.6227124929428101 0.7040019035339355 2.9288015365600586 1.4075810313224792 10.605961799621582 1.7309642489017545 0.34915387630462646
Cyclist -1 -1 -1.8 712.7168579101562 162.1142578125 782.2808227539062 329.0724182128906 1.6643739938735962 0.5055952668190002 1.6703685522079468 1.6724141836166382 1.4797068238258362 8.085315704345703 -1.595827835793255 0.3404463231563568
Cyclist -1 -1 1.7 347.4668273925781 170.28335571289062 414.6585693359375 271.6822204589844 1.684304118156433 0.5776459574699402 1.7137837409973145 -3.5019235610961914 1.4147682785987854 11.424538612365723 1.4049461679119126 0.3343178331851959
Pedestrian -1 -1 1.94 721.9423828125 158.50100708007812 793.125 316.59814453125 1.7091788053512573 0.7047167420387268 0.7304061055183411 1.5301504135131836 1.38962060213089 7.54758358001709 2.1410094465842544 0.33249545097351074
Pedestrian -1 -1 -3.13 1083.7843017578125 141.66603088378906 1179.136962890625 314.34075927734375 1.6215776205062866 0.5929437279701233 0.7725492715835571 5.325796127319336 1.2689514756202698 7.238173484802246 -2.4915225246590698 0.32674670219421387
Pedestrian -1 -1 1.94 785.3157348632812 158.15115356445312 820.0648803710938 265.7390441894531 1.5748887062072754 0.5718313455581665 0.5419925451278687 3.183079719543457 1.2625486850738525 11.360651016235352 2.2164717050338556 0.30772045254707336
Pedestrian -1 -1 2.4 1086.2303466796875 139.3372802734375 1209.9727783203125 331.7147216796875 1.774333119392395 0.592103123664856 0.9514482021331787 4.801793098449707 1.3142752945423126 6.512746810913086 3.0400311028605955 0.3011140525341034
Pedestrian -1 -1 2.66 778.6802368164062 156.4497528076172 847.0214233398438 313.1441955566406 1.6501859426498413 0.648945152759552 0.7619333863258362 2.5601916313171387 1.4486284255981445 8.738265037536621 2.9498702508437127 0.2961276173591614
Pedestrian -1 -1 2.78 329.8516845703125 166.58389282226562 366.79876708984375 255.5170440673828 1.6809693574905396 0.5857242345809937 0.47867897152900696 -5.11955451965332 1.372001588344574 14.643467903137207 2.440991378194944 0.2957403361797333
Pedestrian -1 -1 2.4 787.9478149414062 159.8753662109375 839.6182861328125 284.114990234375 1.5526944398880005 0.5803232192993164 0.5789617300033569 3.0746428966522217 1.3324190378189087 10.446578025817871 2.687558379975391 0.2954627573490143
Cyclist -1 -1 1.74 330.9823303222656 167.98715209960938 383.5077209472656 255.8719940185547 1.614483118057251 0.5982584953308105 1.6183935403823853 -5.64471435546875 1.4084254503250122 16.7432918548584 1.411188734309059 0.2943859100341797
Pedestrian -1 -1 1.66 758.9868774414062 155.5500946044922 811.2075805664062 297.673095703125 1.6423481702804565 0.6668320894241333 0.7014384269714355 2.838568925857544 1.4326510429382324 11.190653800964355 1.9122122465044944 0.2877637445926666
Cyclist -1 -1 1.77 440.704833984375 166.83970642089844 501.1690979003906 216.56939697265625 1.7322020530700684 0.5195494890213013 1.9110203981399536 -4.218258857727051 1.190883457660675 23.334552764892578 1.591316104196295 0.27134010195732117
Pedestrian -1 -1 1.65 748.4176025390625 153.4363555908203 816.5083618164062 314.41796875 1.6670113801956177 0.6310829520225525 0.8385093212127686 2.1252520084381104 1.431205928325653 8.33653736114502 1.9028641094808174 0.2711339592933655
Pedestrian -1 -1 -1.63 440.3338928222656 166.76441955566406 501.6220397949219 215.7322998046875 1.6852631568908691 0.6300764083862305 0.7350917458534241 -4.495405673980713 1.243031620979309 25.083024978637695 -1.8033713312018982 0.2709457576274872
Car -1 -1 2.26 333.8644104003906 166.43951416015625 399.76519775390625 281.499755859375 1.5233399868011475 1.4725761413574219 2.8429226875305176 -3.929532289505005 1.390950620174408 12.6229887008667 1.9536794195283962 0.2695203125476837
Pedestrian -1 -1 1.9 769.6818237304688 155.3204345703125 821.3231811523438 291.3014221191406 1.6956530809402466 0.672141432762146 0.7459127902984619 2.866311550140381 1.3440299332141876 10.772540092468262 2.159183951434782 0.26500487327575684
Cyclist -1 -1 1.6 345.2406311035156 171.25518798828125 393.0830993652344 244.06004333496094 1.5924386978149414 0.5906224250793457 1.5723862648010254 -5.158077239990234 1.33891361951828 15.966980934143066 1.2905597295961062 0.2595907747745514
Cyclist -1 -1 1.65 333.03472900390625 170.39662170410156 378.6392822265625 243.7794189453125 1.551544427871704 0.5905866622924805 1.570513129234314 -5.48121452331543 1.3466870784759521 16.25433349609375 1.325945118628197 0.25785189867019653
Pedestrian -1 -1 2.02 779.991943359375 158.8358917236328 814.2159423828125 261.23980712890625 1.5398744344711304 0.5553545951843262 0.5543681979179382 3.0806162357330322 1.2248310446739197 11.584096908569336 2.2797297014966844 0.2572362422943115
Cyclist -1 -1 -1.31 800.3961181640625 156.9170684814453 876.2027587890625 317.8915100097656 1.6773407459259033 0.5417114496231079 1.6710889339447021 2.6169586181640625 1.4257803559303284 8.106447219848633 -1.0001041970050286 0.2471994012594223
Car -1 -1 -0.8 445.0726318359375 161.98976135253906 507.213134765625 212.05520629882812 1.6839659214019775 1.698727011680603 4.243701934814453 -4.7330169677734375 1.0576641410589218 27.575422286987305 -0.9738661633822048 0.24300654232501984
Car -1 -1 1.85 333.61175537109375 170.2597198486328 386.6019592285156 278.2507019042969 1.5367202758789062 1.414129376411438 2.7095704078674316 -3.964653491973877 1.423125982284546 12.820812225341797 1.5529269029152877 0.23933348059654236
Pedestrian -1 -1 1.78 783.3967895507812 155.122314453125 869.568603515625 320.50970458984375 1.7477608919143677 0.6247995495796204 0.8421663641929626 2.4474105834960938 1.4516555666923523 7.8885979652404785 2.0832708938586055 0.23711472749710083
Pedestrian -1 -1 0.94 319.7340393066406 171.4478302001953 381.7168273925781 276.8254089355469 1.694510579109192 0.6352472901344299 0.521236777305603 -3.7971901893615723 1.4658098220825195 10.764979362487793 0.6051882557583772 0.22661246359348297
Pedestrian -1 -1 1.68 760.9148559570312 157.95364379882812 824.9620971679688 305.56170654296875 1.7313932180404663 0.662930965423584 0.7545830011367798 2.590040445327759 1.443787395954132 10.100480079650879 1.9280420659204474 0.22557879984378815
Pedestrian -1 -1 2.23 1073.593505859375 143.87820434570312 1160.78173828125 290.2590637207031 1.6831567287445068 0.5908372402191162 0.6889434456825256 5.492958068847656 1.2350549399852753 7.622867584228516 2.8509778314152054 0.2176574021577835
Car -1 -1 1.75 431.0282897949219 162.27304077148438 506.7932434082031 216.61293029785156 1.7970019578933716 1.737655758857727 4.541614055633545 -4.659421443939209 1.1020278483629227 26.205486297607422 1.5713313025810747 0.217129647731781
Pedestrian -1 -1 0.95 236.5791015625 163.53857421875 276.66748046875 267.0596618652344 1.612609624862671 0.5622861981391907 0.6266884803771973 -5.209362983703613 1.3508461713790894 11.049140930175781 0.5046545843367589 0.20927883684635162
Cyclist -1 -1 -0.48 237.9510498046875 155.49981689453125 288.6458435058594 282.5673522949219 1.7360203266143799 0.6032794117927551 1.7801114320755005 -5.234239101409912 1.4523663520812988 11.018871307373047 -0.9191250905419777 0.2088485211133957
Pedestrian -1 -1 2.36 1060.139404296875 143.7652587890625 1167.6761474609375 306.535888671875 1.7822113037109375 0.6043832898139954 0.7901009321212769 5.3847808837890625 1.2996776401996613 7.461190700531006 2.9872366554919303 0.2078266739845276
Cyclist -1 -1 1.37 330.3665466308594 167.08120727539062 364.6069030761719 241.50173950195312 1.5577012300491333 0.5751515030860901 1.6153204441070557 -5.743088722229004 1.2631438076496124 16.24660873413086 1.034402790227734 0.20505593717098236
Pedestrian -1 -1 2.56 788.191162109375 164.3759765625 830.1463623046875 263.53240966796875 1.4704636335372925 0.5289202928543091 0.6474252939224243 3.182560920715332 1.2318381071090698 11.33694839477539 2.8369670436484533 0.2043929100036621
Pedestrian -1 -1 1.63 726.5379638671875 166.67425537109375 757.0894165039062 239.00701904296875 1.6614855527877808 0.5905802249908447 0.4731212854385376 3.3489303588867188 1.2825479209423065 17.16675567626953 1.8250207546246706 0.20318280160427094
Pedestrian -1 -1 3.08 742.4752807617188 156.65943908691406 803.7661743164062 301.5207214355469 1.6328481435775757 0.6447434425354004 0.6573660969734192 2.3285837173461914 1.3676854968070984 9.475805282592773 -2.966579717548538 0.20300889015197754
Cyclist -1 -1 1.5 315.0220642089844 167.3385009765625 367.3628845214844 275.4729309082031 1.666521668434143 0.5857499837875366 1.600292444229126 -4.113997936248779 1.423022747039795 11.491235733032227 1.1577139845808624 0.2011270523071289
Truck -1 -1 -0.48 1068.012451171875 120.19486999511719 1193.9254150390625 329.8349304199219 3.145901918411255 2.4145376682281494 6.615851879119873 7.818685531616211 1.8609366714954376 10.701428413391113 0.15248715502594878 0.19792063534259796
Cyclist -1 -1 2.38 1212.896240234375 116.0367202758789 1242.626220703125 308.70853424072266 1.721272587776184 0.6310408711433411 1.805341124534607 5.548779010772705 1.222549557685852 5.158803939819336 -3.0769972582237024 0.19460426270961761
Cyclist -1 -1 2.7 1212.2471923828125 114.69903564453125 1239.62890625 269.9564208984375 1.7591301202774048 0.6459899544715881 1.856423258781433 6.982100963592529 1.1518296897411346 6.7235260009765625 -2.7745789965224663 0.1940149962902069
Pedestrian -1 -1 -2.96 337.4225158691406 168.4452362060547 384.76153564453125 259.1304016113281 1.560976266860962 0.5613065361976624 0.5928784608840942 -4.5596022605896 1.3321614265441895 13.66242504119873 2.9969172098344883 0.19213949143886566
Pedestrian -1 -1 1.67 726.4149169921875 166.97067260742188 778.1884765625 284.6983337402344 1.6252869367599487 0.5403323173522949 0.7110996246337891 2.2514724731445312 1.3218353986740112 10.14672565460205 1.8905758619084425 0.17927566170692444
Car -1 -1 -0.42 1212.7158203125 150.72157287597656 1242.5552978515625 260.83367919921875 1.4973710775375366 1.539027214050293 3.7724616527557373 10.452557563781738 1.3167399764060974 9.099627494812012 0.43870327836958545 0.17912320792675018
Car -1 -1 0.88 1217.1697998046875 145.97531127929688 1240.80126953125 247.34469604492188 1.5007755756378174 1.589061975479126 3.8950650691986084 11.164027214050293 1.2504594922065735 9.743912696838379 1.7352233718909345 0.17616119980812073
Car -1 -1 2.45 8.982940673828125 81.40061950683594 110.8566665649414 143.25465393066406 1.60211980342865 1.6889728307724 4.1898393630981445 -14.596996307373047 -0.5639440417289734 18.383405685424805 1.7750594014042367 0.17312102019786835
Car -1 -1 1.58 889.34423828125 15.91558837890625 932.626953125 42.36565017700195 1.487398386001587 1.5320278406143188 4.129402160644531 21.43406867980957 -9.714827418327332 48.72724533081055 1.9898304278779015 0.1725984364748001
Car -1 -1 -0.93 1208.7197265625 155.42503356933594 1244.1365966796875 272.6493835449219 1.491033911705017 1.51145601272583 3.6614387035369873 9.970492362976074 1.3526349067687988 8.66329574584961 -0.07653004015910136 0.16946086287498474
Cyclist -1 -1 2.63 1205.1856689453125 123.23217010498047 1242.0899658203125 302.8232955932617 1.6464396715164185 0.6683275699615479 1.8238246440887451 5.758150577545166 1.1605023741722107 5.617781162261963 -2.8594420948543515 0.16800889372825623
Car -1 -1 2.03 1220.0760498046875 141.33807373046875 1239.7882080078125 233.4567108154297 1.5303966999053955 1.6146290302276611 4.018434524536133 12.4666109085083 1.13650444149971 10.965458869934082 2.881887242366078 0.14863041043281555
Car -1 -1 2.48 1221.251708984375 133.78640747070312 1238.296630859375 218.99842834472656 1.5456275939941406 1.6358537673950195 4.1188201904296875 15.770901679992676 0.9956432729959488 14.0137357711792 -2.9541845989627262 0.12250448763370514