Car -1 -1 -1.43 493.531494140625 182.6345977783203 547.2026977539062 222.4796905517578 1.417799711227417 1.6560074090957642 4.095853805541992 -3.3932220935821533 1.3635146021842957 28.701759338378906 -1.5443528174567236 0.8848615288734436
Car -1 -1 -1.16 207.24754333496094 176.8300018310547 347.43487548828125 253.49002075195312 1.6137890815734863 1.653807520866394 4.050549507141113 -7.906179904937744 1.444441556930542 17.73642921447754 -1.5795074618002882 0.881557285785675
Car -1 -1 -1.36 377.0299377441406 182.638916015625 492.12542724609375 262.3529052734375 1.52164888381958 1.649920105934143 3.915921449661255 -3.6784238815307617 1.4840571880340576 16.0015926361084 -1.583683357085734 0.8804071545600891
Car -1 -1 -1.56 576.748779296875 178.60653686523438 620.0186767578125 217.8743133544922 1.6062155961990356 1.67289400100708 3.8079111576080322 -0.38335034251213074 1.321702778339386 30.983482360839844 -1.5746284994605197 0.8636162877082825
Car -1 -1 -1.35 330.8981628417969 183.9976348876953 408.7781982421875 228.6080322265625 1.386785864830017 1.6462124586105347 4.005839824676514 -8.131477355957031 1.3929060697555542 25.01941680908203 -1.664379641941646 0.8292619585990906
Car -1 -1 -0.68 1.8200232982635498 190.1733856201172 192.46775889396667 308.1543273925781 1.4219063520431519 1.6210209131240845 4.051695346832275 -8.427655220031738 1.574601411819458 11.33681583404541 -1.3148884820701419 0.7988348603248596
Car -1 -1 2.15 79.3812484741211 186.64678955078125 217.61040496826172 248.095947265625 1.4985380172729492 1.5689384937286377 3.773221015930176 -12.83482837677002 1.4999632835388184 20.169836044311523 1.5858978862345499 0.7616428732872009
Car -1 -1 -0.75 3.666821002960205 212.86019897460938 233.73508882522583 373.43878173828125 1.3750286102294922 1.6421452760696411 3.7621548175811768 -3.1443848609924316 1.5209392309188843 2.968130350112915 -1.563290335813618 0.7011628150939941
Van -1 -1 1.6 537.6852416992188 165.06982421875 566.7275390625 198.0322265625 2.642833948135376 2.061769723892212 6.275457859039307 -4.571983814239502 1.1031618416309357 60.48320007324219 1.525630450669201 0.6975923180580139
Car -1 -1 -1.38 450.576171875 177.99932861328125 496.0025329589844 212.78567504882812 1.5333172082901 1.537254810333252 3.982253313064575 -7.169862270355225 1.2532754838466644 38.60092544555664 -1.5601301098594327 0.5407881140708923
Car -1 -1 -2.99 0.3712722063064575 193.26278686523438 223.04319298267365 336.3046569824219 1.5008381605148315 1.6032121181488037 3.8701579570770264 -8.05910587310791 1.9257100224494934 9.503746032714844 2.591052358943977 0.5084801316261292
Car -1 -1 -1.43 455.64434814453125 179.3948516845703 494.67578125 209.4329376220703 1.5280753374099731 1.578094244003296 3.9337196350097656 -7.577445983886719 1.21750146150589 41.14547348022461 -1.6130393647771175 0.46766066551208496
Car -1 -1 2.13 34.87924575805664 188.54444885253906 218.5252571105957 268.331298828125 1.3933138847351074 1.6042169332504272 3.960995674133301 -11.227995872497559 1.433570683002472 17.441619873046875 1.553477175423863 0.4671502113342285
Van -1 -1 -1.15 208.75872802734375 175.90615844726562 348.5118103027344 253.13526916503906 1.7774932384490967 1.7824718952178955 4.277183532714844 -8.213318824768066 1.5549229979515076 18.377811431884766 -1.57351873381314 0.40890079736709595
Car -1 -1 1.36 295.7198791503906 181.7913360595703 363.0653991699219 213.85374450683594 1.4618587493896484 1.5441443920135498 3.874990940093994 -13.252416610717773 1.273562729358673 34.0273323059082 0.9924294265403972 0.3797837793827057
Car -1 -1 2.11 58.95603942871094 187.2360076904297 203.669677734375 255.61264038085938 1.4673210382461548 1.5874334573745728 3.6921894550323486 -12.391425132751465 1.4850941896438599 19.16156005859375 1.531499537478167 0.36721888184547424
Car -1 -1 0.98 683.2757568359375 228.54029846191406 1055.9239501953125 375.1653137207031 1.5133113861083984 1.6007335186004639 3.689846992492676 0.9454724788665771 1.7026498913764954 3.1886603832244873 1.2647114391909469 0.3333483338356018
Car -1 -1 0.7 729.4609985351562 247.13409423828125 1011.1801147460938 369.2023620605469 1.4405453205108643 1.5662726163864136 3.6131272315979004 0.9353861808776855 1.6478309631347656 2.431506872177124 1.0694010611311597 0.3264390230178833
Car -1 -1 -2.16 16.90522003173828 186.76341247558594 199.52271270751953 276.5469665527344 1.4726831912994385 1.6352338790893555 3.7340633869171143 -8.697815895080566 1.4509033560752869 12.01795768737793 -2.7848285071263783 0.3231184184551239
Car -1 -1 -1.59 575.82470703125 178.27992248535156 613.2860717773438 212.778076171875 1.6392289400100708 1.679832935333252 4.005626678466797 -0.42585644125938416 1.3267909288406372 31.591426849365234 -1.6044463726288205 0.30603498220443726
Car -1 -1 -1.12 289.20050048828125 185.04135131835938 366.3143310546875 220.41055297851562 1.4164735078811646 1.6122217178344727 3.576127529144287 -11.457502365112305 1.411769688129425 29.476659774780273 -1.493606842138231 0.29970747232437134
Car -1 -1 -0.83 5.840982913970947 212.70928955078125 59.608431339263916 358.7101745605469 1.4546661376953125 1.5887010097503662 3.6549718379974365 -4.726436138153076 1.599295973777771 3.76753306388855 -1.732650342810854 0.29778993129730225
Car -1 -1 0.13 2.461798906326294 190.6928253173828 37.299445390701294 266.7940979003906 1.46742582321167 1.6386836767196655 3.745030403137207 -13.061777114868164 1.7259353995323181 13.634384155273438 -0.6326525526613391 0.28923138976097107
Car -1 -1 0.81 759.8135986328125 232.21145629882812 1061.506103515625 367.5074768066406 1.4548484086990356 1.6308443546295166 4.1023173332214355 2.1467792987823486 1.7082874774932861 2.6077237129211426 1.4937594594372925 0.28464895486831665
Car -1 -1 0.35 6.884270668029785 191.90841674804688 46.929768562316895 262.83685302734375 1.44918692111969 1.5857317447662354 3.6267592906951904 -12.718208312988281 1.7142825722694397 13.657522201538086 -0.3985449294828709 0.2844483256340027
Car -1 -1 0.8 739.8392944335938 224.80377197265625 1003.42431640625 358.6390686035156 1.4685274362564087 1.6473535299301147 4.079636096954346 2.004929304122925 1.6215433478355408 2.45821213722229 1.4878258522000278 0.22512978315353394
Car -1 -1 -0.86 1.639526605606079 201.686279296875 47.285290002822876 346.15570068359375 1.5038989782333374 1.5253945589065552 3.731790542602539 -4.780338764190674 1.5016103982925415 4.012357711791992 -1.729050739742961 0.2220386564731598
Car -1 -1 -1.15 221.59327697753906 177.98072814941406 336.6625671386719 241.26678466796875 1.5316587686538696 1.5477112531661987 3.6060211658477783 -8.129097938537598 1.3880685567855835 17.90749168395996 -1.5755971850925974 0.21737369894981384
Car -1 -1 -0.8 300.1650695800781 183.79002380371094 374.7911071777344 220.3365936279297 1.3755109310150146 1.6048266887664795 3.7465131282806396 -10.835359573364258 1.3681163787841797 29.781261444091797 -1.1488997100656366 0.21417991816997528
Car -1 -1 -1.17 326.2690734863281 183.63746643066406 392.35723876953125 222.96206665039062 1.4073147773742676 1.5759851932525635 3.8491127490997314 -8.68617057800293 1.383071780204773 25.745710372924805 -1.4934096262160281 0.2112492471933365
Car -1 -1 -1.01 -2.7039244174957275 210.46109008789062 71.43056654930115 361.3370361328125 1.4223721027374268 1.5533955097198486 3.511678695678711 -4.3643479347229 1.5587142705917358 3.750331401824951 -1.872530584240156 0.20054644346237183
Car -1 -1 -0.78 7.194584369659424 205.56027221679688 68.66153001785278 344.13287353515625 1.5183523893356323 1.55422842502594 3.765481948852539 -3.9366579055786133 1.397827923297882 3.3572704792022705 -1.6439176538344382 0.19588172435760498
Car -1 -1 -1.06 3.3130805492401123 194.83609008789062 51.942490339279175 328.1412658691406 1.6090091466903687 1.5649276971817017 3.841675281524658 -5.615024089813232 1.5370761156082153 5.045204162597656 -1.9032561300860014 0.19249768555164337
Car -1 -1 0.72 785.0262451171875 245.665771484375 1035.564208984375 368.93701171875 1.5313479900360107 1.6390775442123413 4.034540176391602 2.1051254272460938 1.7297203540802002 2.2362148761749268 1.4731657199537782 0.18342392146587372
Car -1 -1 -1.25 395.9186096191406 180.1101837158203 490.2353820800781 247.3058624267578 1.545001745223999 1.6352945566177368 3.8929216861724854 -3.7076339721679688 1.4264605045318604 16.395902633666992 -1.4710826299257977 0.18175405263900757
Car -1 -1 -0.98 0.2489875853061676 196.1755828857422 33.21503296494484 283.5687255859375 1.4881621599197388 1.7293062210083008 3.500533103942871 -13.501482963562012 1.750564992427826 13.907578468322754 -1.7501934622068411 0.18171346187591553
Car -1 -1 -1.04 5.064969062805176 228.37905883789062 68.30268955230713 367.0141906738281 1.4723641872406006 1.6908230781555176 3.7688148021698 -4.982156753540039 1.7534904479980469 3.90744948387146 -1.948847913637736 0.18161650002002716
Car -1 -1 -0.76 5.24345064163208 196.77197265625 44.4147572517395 286.61541748046875 1.3867228031158447 1.5780731439590454 3.41567325592041 -12.188383102416992 1.6041550040245056 12.790762901306152 -1.519367707814502 0.18110711872577667
Car -1 -1 0.83 670.9940185546875 210.2805633544922 1011.0347290039062 367.4111022949219 1.4876924753189087 1.6254160404205322 3.8304760456085205 1.2973909378051758 1.5686294436454773 2.9054744243621826 1.2486658145505949 0.17472022771835327
Car -1 -1 -0.81 5.549585342407227 197.77774047851562 58.32171821594238 285.81494140625 1.4505552053451538 1.5765262842178345 3.3017828464508057 -11.230649948120117 1.5910140872001648 12.021282196044922 -1.5654950093876634 0.1722601056098938
Car -1 -1 -0.26 -0.016556810587644577 189.41073608398438 21.622679639607668 268.0301208496094 1.5411593914031982 1.6595306396484375 3.79166579246521 -13.43195915222168 1.7213070392608643 13.580022811889648 -1.0448789314882534 0.1661362200975418
Car -1 -1 2.3 3.9917688369750977 186.76809692382812 35.294095039367676 255.21817016601562 1.455196738243103 1.5676840543746948 3.9774630069732666 -17.052106857299805 1.8110143542289734 17.84783172607422 1.5353628640931918 0.16572102904319763
Car -1 -1 -1.31 442.1385498046875 176.5556182861328 491.63922119140625 218.3166046142578 1.4889404773712158 1.6039389371871948 4.153584003448486 -7.346317768096924 1.329207718372345 38.72303009033203 -1.49905736422091 0.16548798978328705
Car -1 -1 2.77 51.391082763671875 188.6653594970703 207.88694763183594 284.47589111328125 1.4893121719360352 1.6500513553619385 3.8252925872802734 -12.644012451171875 1.634829342365265 18.743553161621094 2.1775102121717573 0.16248264908790588
Car -1 -1 -2.13 1.382767915725708 188.2605743408203 44.42930722236633 316.91729736328125 1.6421846151351929 1.5677399635314941 3.8799338340759277 -8.12788200378418 1.6974117755889893 7.509371757507324 -2.951124458834692 0.1571931689977646
Car -1 -1 -0.95 -3.5117456912994385 196.0285186767578 36.76001334190369 328.6434326171875 1.60781991481781 1.602021336555481 3.666003465652466 -6.325146675109863 1.7128431797027588 5.708139419555664 -1.7878268477046468 0.1551840752363205
Car -1 -1 -2.13 -6.66536808013916 231.9142608642578 58.082465171813965 346.1498718261719 1.5569665431976318 1.5750648975372314 3.7766153812408447 -4.859656810760498 1.696398377418518 4.345713138580322 -2.970619227353171 0.14843934774398804
Car -1 -1 -0.93 7.848024368286133 206.0504913330078 166.90301704406738 341.8191223144531 1.508367657661438 1.5658780336380005 3.4577343463897705 -3.5263590812683105 1.4042669534683228 3.3619771003723145 -1.7372240191816335 0.14287136495113373
Car -1 -1 -1.39 -7.894176006317139 217.1314697265625 55.11579179763794 327.90093994140625 1.506409764289856 1.5736517906188965 3.786356210708618 -4.952225208282471 1.5704706311225891 4.543824195861816 -2.2224136663027156 0.13880425691604614
Car -1 -1 -0.35 10.894266128540039 194.81515502929688 258.68877601623535 349.5704650878906 1.3647575378417969 1.738261342048645 4.264997959136963 -2.728790044784546 1.2467095851898193 3.101107597351074 -1.0705039073490257 0.137874037027359
Car -1 -1 -1.16 429.0909729003906 178.8931121826172 494.6268615722656 232.67994689941406 1.4674395322799683 1.6063779592514038 4.108522415161133 -6.8682026863098145 1.4500277042388916 35.03413009643555 -1.3497678233726047 0.13357651233673096
Car -1 -1 -2.13 -8.072281837463379 203.4852294921875 53.06538677215576 305.24676513671875 1.5283678770065308 1.5250980854034424 3.7614927291870117 -6.337198257446289 1.585946500301361 5.994659900665283 -2.9469886901510662 0.13206930458545685
Car -1 -1 0.82 754.370849609375 206.3806610107422 986.1873168945312 340.62091064453125 1.4024085998535156 1.5785037279129028 4.093817710876465 2.553927183151245 1.7450006008148193 3.761343002319336 1.4214516916379472 0.1319618672132492
Car -1 -1 -0.22 31.866559982299805 197.2407989501953 222.5166301727295 319.1855773925781 1.386196255683899 1.6250168085098267 3.921004056930542 -5.293422698974609 1.509785771369934 6.390292167663574 -0.9145299542995842 0.10328394919633865
Car -1 -1 -1.59 -11.781895637512207 195.41197204589844 75.50389385223389 313.24542236328125 1.474161148071289 1.5935542583465576 3.8665997982025146 -6.65089225769043 1.602059006690979 6.501861095428467 -2.383875135278977 0.10108242928981781