Pedestrian -1 -1 0.98 770.0142211914062 164.95645141601562 850.2466430664062 355.6301574707031 1.5877896547317505 0.5872164368629456 0.5090790390968323 1.9172042608261108 1.4595836400985718 6.586835861206055 1.2646097022515939 0.8416979312896729
Pedestrian -1 -1 2.57 1115.495361328125 141.0755157470703 1184.9658203125 277.508544921875 1.6753360033035278 0.5855546593666077 0.650557279586792 7.135134220123291 1.1859339773654938 9.361740112304688 -3.062441691454646 0.837190568447113
Pedestrian -1 -1 1.21 863.327392578125 155.8516082763672 949.7682495117188 352.4393310546875 1.699285864830017 0.6163299083709717 0.7971794009208679 2.720959424972534 1.4902817010879517 6.444129467010498 1.6096059879670976 0.8156219124794006
Pedestrian -1 -1 2.84 995.8911743164062 149.5250244140625 1039.654541015625 260.0596618652344 1.7320525646209717 0.6309748291969299 0.447159081697464 6.494095325469971 1.244078904390335 11.24857234954834 -2.920681287348332 0.8092228174209595
Pedestrian -1 -1 -3.02 990.5547485351562 143.9449005126953 1046.932373046875 260.1370544433594 1.7111040353775024 0.6035698056221008 0.6297071576118469 6.120523452758789 1.1607264280319214 10.637763977050781 -2.494249189283023 0.8069544434547424
Pedestrian -1 -1 2.93 121.5655746459961 178.4548797607422 193.92984008789062 340.435546875 1.6481680870056152 0.6117854714393616 0.5828531980514526 -4.85066556930542 1.6230465769767761 7.847128391265869 2.376015878428153 0.7921887040138245
Pedestrian -1 -1 2.29 911.0313720703125 160.43600463867188 959.4533081054688 272.67999267578125 1.633636474609375 0.6157166957855225 0.5283460021018982 4.91273832321167 1.3073325157165527 10.537524223327637 2.7240774435153483 0.7883296012878418
Pedestrian -1 -1 1.39 136.17697143554688 178.68515014648438 209.9193115234375 345.62908935546875 1.6953002214431763 0.5879155397415161 0.544765830039978 -4.6258440017700195 1.6246275901794434 7.654338836669922 0.8450361468571259 0.7799750566482544
Pedestrian -1 -1 3.01 983.61962890625 147.73284912109375 1039.1766357421875 264.1697998046875 1.7061107158660889 0.6012961268424988 0.7497519254684448 6.227406024932861 1.1865556836128235 10.973393440246582 -2.7566933390356088 0.7749153971672058
Pedestrian -1 -1 2.66 447.2353515625 164.35635375976562 484.68621826171875 270.1368408203125 1.6482266187667847 0.6874955892562866 0.9743288159370422 -2.423164129257202 1.464421033859253 12.959474563598633 2.4714452639776514 0.7533336877822876
Pedestrian -1 -1 -2.78 900.7740478515625 156.39907836914062 971.0455322265625 277.06781005859375 1.7211471796035767 0.5732962489128113 0.9002400636672974 4.889859676361084 1.3229087889194489 10.436553955078125 -2.342690514072782 0.7516048550605774
Cyclist -1 -1 1.46 12.741064071655273 172.1637420654297 127.54096031188965 360.7576599121094 1.838645577430725 0.6632118225097656 1.9214104413986206 -5.034361839294434 1.7170408964157104 6.554689407348633 0.8021319536768434 0.7382888197898865
Car -1 -1 1.58 548.0128173828125 169.0994415283203 576.7574462890625 196.65415954589844 1.7225451469421387 1.6883385181427002 3.9521679878234863 -2.5005486011505127 0.9238483160734177 46.8253059387207 1.5288117321873758 0.6773565411567688
Cyclist -1 -1 -0.76 458.2434997558594 166.90536499023438 507.1755676269531 239.36436462402344 1.7714897394180298 0.5595582723617554 1.814846396446228 -3.0046329498291016 1.4358099699020386 18.4388484954834 -0.9232059893582978 0.632628858089447
Pedestrian -1 -1 2.4 903.403564453125 155.03492736816406 959.81591796875 306.5798645019531 1.7276690006256104 0.6573009490966797 0.536899209022522 4.830264568328857 1.4104858040809631 10.33495044708252 2.83958743018208 0.6241434812545776
Van -1 -1 -1.43 456.5049743652344 164.30886840820312 510.39605712890625 231.66680908203125 1.9181069135665894 1.734904170036316 4.436152458190918 -3.854943037033081 1.3986206650733948 25.024904251098633 -1.5799590099254335 0.5690531134605408
Pedestrian -1 -1 1.21 10.418693542480469 160.3883819580078 123.72943878173828 365.6102600097656 1.8318959474563599 0.6731385588645935 0.6737767457962036 -4.7948126792907715 1.7468118071556091 6.359960079193115 0.5596144033923771 0.5640456676483154
Pedestrian -1 -1 1.88 878.0315551757812 154.34317016601562 956.4437255859375 334.1327209472656 1.7378222942352295 0.6683822274208069 0.6189926266670227 3.167005777359009 1.428059995174408 7.212620258331299 2.295932559014261 0.533122181892395
Cyclist -1 -1 -1.25 448.4698181152344 167.44635009765625 486.42633056640625 268.8404235839844 1.718459963798523 0.5849171876907349 1.6641244888305664 -2.431525468826294 1.5029443502426147 12.925006866455078 -1.4331550524171313 0.5040932893753052
Pedestrian -1 -1 0.68 694.5084838867188 166.6609649658203 719.4788818359375 236.47991943359375 1.5178866386413574 0.5733882188796997 0.4283960163593292 2.469132661819458 1.2420807778835297 16.964277267456055 0.8198461920233129 0.4580235183238983
Van -1 -1 -1.33 463.4378967285156 166.4771270751953 501.81402587890625 230.0620574951172 1.9081953763961792 1.7177766561508179 4.772612571716309 -3.890141248703003 1.4281101822853088 25.720661163330078 -1.4773845380476214 0.4404056668281555
Pedestrian -1 -1 2.61 686.1396484375 169.96131896972656 722.575927734375 240.1341094970703 1.558039665222168 0.5850008726119995 0.5982823371887207 2.27551531791687 1.2964701652526855 15.821818351745605 2.7576184067052623 0.4378645718097687
Pedestrian -1 -1 1.25 463.5920104980469 165.93954467773438 497.7834167480469 237.83892822265625 1.8120783567428589 0.6968551278114319 0.8745554089546204 -3.050381898880005 1.4235504269599915 18.96502685546875 1.092631807540137 0.4282357394695282
Van -1 -1 -1.75 546.3779907226562 161.06236267089844 577.9979858398438 196.48733520507812 2.3215126991271973 1.9877111911773682 5.252211570739746 -2.779891014099121 0.8545530438423157 50.928043365478516 -1.8047572807705015 0.42634063959121704
Pedestrian -1 -1 -3.09 111.2317123413086 169.46974182128906 182.0178680419922 342.2372131347656 1.788248062133789 0.6131572723388672 0.6783514022827148 -4.904436111450195 1.6893351078033447 7.884000778198242 2.631925950619576 0.41914576292037964
Pedestrian -1 -1 1.35 458.5052185058594 160.80435180664062 495.1543273925781 249.51124572753906 1.7742578983306885 0.6927021741867065 0.8141915798187256 -2.8863444328308105 1.4226720333099365 17.09196662902832 1.179905614907339 0.4177860915660858
Cyclist -1 -1 1.78 4.263429641723633 175.94677734375 97.10613441467285 361.70709228515625 1.8561094999313354 0.6823550462722778 1.9137598276138306 -4.972539901733398 1.7042782306671143 5.962771415710449 1.082309356030187 0.40437841415405273
Pedestrian -1 -1 -2.81 1100.886474609375 138.1482696533203 1192.4891357421875 272.8464050292969 1.7847990989685059 0.616791844367981 0.7815766334533691 7.052431583404541 1.2612054646015167 9.286279678344727 -2.1619335434044284 0.40267321467399597
Pedestrian -1 -1 1.81 448.31024169921875 165.4063262939453 496.01593017578125 261.54998779296875 1.7610541582107544 0.7161532044410706 0.8737229704856873 -2.2371091842651367 1.4789877533912659 12.582377433776855 1.636868022266806 0.39420437812805176
Pedestrian -1 -1 1.6 459.9099426269531 163.9674530029297 506.5416259765625 235.16848754882812 1.8174327611923218 0.6704805493354797 0.8253961205482483 -2.9480838775634766 1.3837666511535645 18.414936065673828 1.4409834146743465 0.38341090083122253
Pedestrian -1 -1 0.22 1191.9041748046875 171.0736541748047 1235.9129638671875 365.1614074707031 1.567220687866211 0.6079779267311096 0.735090434551239 3.71008563041687 1.3940195441246033 3.9381024837493896 0.9804801944949482 0.38153788447380066
Car -1 -1 -1.48 482.680908203125 168.15740966796875 529.476318359375 211.9832763671875 1.5787688493728638 1.6341283321380615 4.069263935089111 -4.1656494140625 1.180312156677246 31.26105499267578 -1.6151232133562843 0.3788740038871765
Pedestrian -1 -1 3.04 891.1242065429688 152.88827514648438 965.6117553710938 298.1044616699219 1.794637680053711 0.6431902647018433 0.7807323336601257 4.44200325012207 1.433758795261383 9.729522705078125 -2.81025381604079 0.37594038248062134
Pedestrian -1 -1 1.01 437.2027587890625 169.51028442382812 473.0511779785156 240.61305236816406 1.7088708877563477 0.6086392998695374 0.6128215789794922 -3.5277440547943115 1.3743472695350647 17.46148109436035 0.8122246960412189 0.3753877580165863
Pedestrian -1 -1 2.41 443.0605773925781 164.90151977539062 478.67547607421875 268.1235046386719 1.7199128866195679 0.6623464226722717 0.8790717720985413 -2.6277658939361572 1.4687421321868896 13.651223182678223 2.224588924858021 0.36842623353004456
Cyclist -1 -1 2.24 689.0161743164062 166.0845184326172 725.314208984375 238.5625762939453 1.5823851823806763 0.619329035282135 1.62901771068573 2.523838996887207 1.280598670244217 16.84861946105957 2.3873698195738795 0.3670186698436737
Car -1 -1 -0.5 9.704483032226562 166.87355041503906 123.73389434814453 361.446533203125 1.8165065050125122 1.632604718208313 3.8936495780944824 -6.475997447967529 1.733692228794098 7.415831089019775 -1.220513916868983 0.3602053225040436
Cyclist -1 -1 -1.74 898.5262451171875 154.656494140625 974.2643432617188 277.2904357910156 1.679136037826538 0.5703660249710083 1.7841269969940186 4.900371551513672 1.2987506687641144 10.620680809020996 -1.3104459556508141 0.3515237271785736
Car -1 -1 -1.45 1191.9041748046875 171.0736541748047 1235.9129638671875 365.1614074707031 1.4851535558700562 1.5981380939483643 3.6029438972473145 4.535910129547119 1.424869418144226 3.5227301120758057 -0.5376888921898209 0.34969449043273926
Cyclist -1 -1 -0.82 463.5920104980469 165.93954467773438 497.7834167480469 237.83892822265625 1.8020610809326172 0.630239725112915 1.7580100297927856 -2.995006561279297 1.387890249490738 18.579137802124023 -0.9836751890728186 0.3471297323703766
Pedestrian -1 -1 1.63 441.91455078125 162.54296875 472.2292175292969 256.6051940917969 1.772971510887146 0.6765028238296509 0.838936984539032 -3.4070513248443604 1.4395886063575745 17.219608306884766 1.4390354576371918 0.33742690086364746
Pedestrian -1 -1 1.21 137.7053680419922 194.23208618164062 199.80490112304688 335.11444091796875 1.5084260702133179 0.558981716632843 0.7156471014022827 -4.754188060760498 1.63082355260849 7.859158992767334 0.6644247622485748 0.32577118277549744
Cyclist -1 -1 -1.53 130.7652587890625 170.0349884033203 205.06808471679688 347.009765625 1.7034647464752197 0.5973892211914062 1.7175012826919556 -5.036424160003662 1.6752062439918518 8.21204948425293 -2.082887242471095 0.3218364417552948
Pedestrian -1 -1 2.7 75.65782165527344 170.1822509765625 175.5258331298828 354.60125732421875 1.8566739559173584 0.6593480706214905 0.7902060151100159 -4.980905055999756 1.736641526222229 7.51066780090332 2.1104837215842 0.309725284576416
Van -1 -1 -1.87 547.55517578125 167.34214782714844 576.7890014648438 195.60015869140625 2.0597331523895264 1.8613090515136719 4.607357978820801 -2.80623197555542 0.9459227174520493 53.003055572509766 -1.926757214693131 0.3069232404232025
Cyclist -1 -1 -1.11 457.1755676269531 166.5441436767578 494.4091491699219 255.01515197753906 1.7394355535507202 0.5826336741447449 1.7994681596755981 -2.2348363399505615 1.3988686203956604 12.878724098205566 -1.280257644537146 0.3031540811061859
Cyclist -1 -1 -1.61 459.7161865234375 160.84877014160156 498.5126647949219 249.4668426513672 1.7304415702819824 0.5733217597007751 1.6529476642608643 -3.090952157974243 1.4078540802001953 19.030916213989258 -1.7756899412705849 0.3030949831008911
Car -1 -1 -2.25 469.79803466796875 167.78244018554688 525.124755859375 221.62579345703125 1.5157181024551392 1.5946354866027832 3.812584400177002 -4.049604415893555 1.229824811220169 29.015817642211914 -2.393240176319658 0.2998548150062561
Pedestrian -1 -1 0.18 1205.793701171875 184.03656005859375 1236.35888671875 355.528564453125 1.4433856010437012 0.6116172075271606 0.7753399610519409 3.7017064094543457 1.3577914834022522 3.9240705966949463 0.9322851701475123 0.29679951071739197
Cyclist -1 -1 2.53 2.1067659854888916 154.5050048828125 112.21134972572327 371.7658386230469 1.773681402206421 0.6494708061218262 1.8422707319259644 -4.956936836242676 1.7548038363456726 6.131330490112305 1.8467999906986226 0.29515302181243896
Pedestrian -1 -1 1.11 447.0050964355469 166.8530731201172 478.6873474121094 249.51168823242188 1.759966492652893 0.632820188999176 0.7731977105140686 -3.3963699340820312 1.4028622508049011 17.205326080322266 0.9112919204269172 0.2949908673763275
Pedestrian -1 -1 -2.66 921.833740234375 161.78125 968.38330078125 276.5510559082031 1.5371253490447998 0.5352355241775513 0.7205948233604431 4.940277576446533 1.270793855190277 10.47900390625 -2.223202277512762 0.29220208525657654
Cyclist -1 -1 1.98 -0.3330414295196533 183.5149383544922 57.890236616134644 360.689453125 1.8384594917297363 0.6736566424369812 1.925280213356018 -4.86375617980957 1.65334153175354 5.337055206298828 1.243697506134934 0.2872941493988037
Pedestrian -1 -1 0.86 1137.1571044921875 153.72134399414062 1191.94091796875 281.7548522949219 1.4514915943145752 0.49698564410209656 0.6843686699867249 7.119846820831299 1.1368805766105652 9.156081199645996 1.5228389090286258 0.2863612174987793
Pedestrian -1 -1 1.51 440.2361755371094 164.33932495117188 467.593994140625 244.40969848632812 1.7719883918762207 0.6422926187515259 0.802374541759491 -3.553184986114502 1.3866149187088013 17.691967010498047 1.309990365101509 0.2863060235977173
Pedestrian -1 -1 2.5 41.83897399902344 181.6142578125 129.67315673828125 360.9548034667969 1.601072907447815 0.571971595287323 0.6953266859054565 -4.952671527862549 1.5993078351020813 6.844274044036865 1.8746056377368419 0.27919450402259827
Pedestrian -1 -1 1.71 844.66455078125 158.10292053222656 942.2841796875 358.51385498046875 1.699109435081482 0.6082133054733276 0.7311591506004333 2.520900249481201 1.5322366952896118 6.452303409576416 2.086221633853377 0.275860071182251
Pedestrian -1 -1 2.9 974.3203735351562 147.5809783935547 1031.4249267578125 263.6841735839844 1.6590486764907837 0.6019152998924255 0.6954938769340515 6.108774662017822 1.1959539949893951 10.808737754821777 -2.8657381998075184 0.27170252799987793
Truck -1 -1 -1.57 455.5203552246094 160.26060485839844 503.4682312011719 240.00643920898438 3.0370376110076904 2.452690839767456 6.988022804260254 -3.8945248126983643 1.9640185236930847 24.154842376708984 -1.72866988150707 0.2701256573200226
Cyclist -1 -1 2.5 436.3803405761719 168.25033569335938 476.4027099609375 240.02252197265625 1.6666384935379028 0.5863586664199829 1.686911940574646 -3.547821283340454 1.3411248922348022 17.768342971801758 2.3041709579358667 0.2678523063659668
Cyclist -1 -1 -1.04 866.9739990234375 158.1208953857422 948.1619873046875 351.2317810058594 1.6209455728530884 0.5368494987487793 1.6054010391235352 2.740077257156372 1.4942349195480347 6.6552019119262695 -0.6474300084101472 0.2669067084789276
Pedestrian -1 -1 2.96 1104.019775390625 140.77474975585938 1170.986328125 265.76019287109375 1.6944375038146973 0.6132897138595581 0.6310083866119385 7.191763401031494 1.132338047027588 9.498899459838867 -2.678458143527994 0.26520419120788574
Cyclist -1 -1 -0.73 1191.9041748046875 171.0736541748047 1235.9129638671875 365.1614074707031 1.6643491983413696 0.5552862882614136 1.5773543119430542 3.973785638809204 1.4627553224563599 3.978257179260254 0.056774934153459355 0.2632410526275635
Pedestrian -1 -1 2.23 50.54327392578125 170.571044921875 150.1415252685547 354.53912353515625 1.7671144008636475 0.6161468029022217 0.8347230553627014 -4.892556190490723 1.7362306714057922 7.349711894989014 1.6468260623272641 0.2625104486942291
Pedestrian -1 -1 1.36 801.409423828125 163.20106506347656 888.1013793945312 347.1863708496094 1.6251212358474731 0.5925790071487427 0.8385055661201477 2.262035369873047 1.482023000717163 6.498126029968262 1.6941711794384222 0.26052048802375793
Car -1 -1 -1.45 453.71539306640625 164.70028686523438 512.38330078125 230.7519989013672 1.7077194452285767 1.648146629333496 3.9298157691955566 -3.930238723754883 1.3079074323177338 25.099775314331055 -1.6102997894501554 0.2601478099822998
Cyclist -1 -1 -0.12 466.67401123046875 171.15692138671875 518.3870239257812 229.00135803222656 1.789660930633545 0.558138906955719 1.7977739572525024 -2.9415836334228516 1.4156089425086975 19.56770133972168 -0.2668851714434055 0.2594953179359436
Pedestrian -1 -1 1.87 451.0458679199219 165.8726348876953 487.0973205566406 252.00306701660156 1.690463662147522 0.6396850943565369 0.8020569086074829 -2.7824838161468506 1.3895326852798462 14.982950210571289 1.6831621987269596 0.25718721747398376
Van -1 -1 -1.42 456.3152160644531 168.39340209960938 524.4081420898438 225.81997680664062 1.9211199283599854 1.8524858951568604 4.55483341217041 -3.8594069480895996 1.3891948759555817 26.379783630371094 -1.5658202645615544 0.25348183512687683
Van -1 -1 -3.07 469.7632141113281 168.26010131835938 529.1488647460938 218.70326232910156 1.9322510957717896 1.7846019268035889 4.774431228637695 -3.964430570602417 1.4144518375396729 28.37968635559082 3.071376000815155 0.2454269528388977
Car -1 -1 -1.48 1205.793701171875 184.03656005859375 1236.35888671875 355.528564453125 1.5006009340286255 1.6032958030700684 3.6348001956939697 4.1676225662231445 1.4034152626991272 3.271866798400879 -0.5701875293631309 0.24433034658432007
Cyclist -1 -1 3.09 1107.3424072265625 142.306640625 1194.404541015625 274.9679870605469 1.660619854927063 0.5854620337486267 1.757562518119812 7.317119121551514 1.2051803171634674 9.609651565551758 -2.5379729540290166 0.2429891675710678
Pedestrian -1 -1 0.29 1182.6724853515625 160.57708740234375 1234.5111083984375 341.53778076171875 1.6019673347473145 0.5458552837371826 0.7804763317108154 3.8928205966949463 1.309924066066742 4.400152206420898 1.0124403201705832 0.24260644614696503
Pedestrian -1 -1 2.46 1.236134648323059 166.809326171875 85.39555084705353 364.3234558105469 1.909469723701477 0.6189522743225098 0.666373074054718 -4.6996331214904785 1.8131518959999084 5.766982555389404 1.780029815845361 0.2410053163766861
Cyclist -1 -1 -2.96 907.9760131835938 160.1529998779297 959.63134765625 271.26611328125 1.5621768236160278 0.5170528292655945 1.6029235124588013 5.092413425445557 1.257844716310501 11.019380569458008 -2.5256201508503366 0.23876884579658508
Cyclist -1 -1 0.93 442.4684143066406 168.06883239746094 480.78778076171875 264.1911315917969 1.6965082883834839 0.5814483165740967 1.6605921983718872 -2.6026623249053955 1.4626362919807434 13.591407775878906 0.7457706629431833 0.23822948336601257
Pedestrian -1 -1 1.49 831.1358642578125 152.40460205078125 928.9779663085938 357.4937438964844 1.6890391111373901 0.6195815205574036 0.7796676754951477 2.383408784866333 1.4597503542900085 6.477447032928467 1.8470453614256792 0.23637165129184723
Pedestrian -1 -1 2.93 1005.0127563476562 153.50692749023438 1046.1756591796875 256.7983093261719 1.5677062273025513 0.5453683137893677 0.586730420589447 6.405629634857178 1.147099882364273 11.110204696655273 -2.8303061308089026 0.23581518232822418
Pedestrian -1 -1 2.28 882.0057983398438 157.77310180664062 958.619873046875 286.3991394042969 1.6694526672363281 0.5915668606758118 0.5210756659507751 4.588934898376465 1.3467302918434143 10.06082820892334 2.7038267714104656 0.23462791740894318
Cyclist -1 -1 -1.51 449.5308837890625 161.36224365234375 510.5811767578125 234.11936950683594 1.8637243509292603 0.5603929162025452 1.7584832906723022 -3.0250866413116455 1.311711996793747 18.70780372619629 -1.6688209632612887 0.23275315761566162
Pedestrian -1 -1 -0.27 1199.3603515625 157.73062133789062 1233.56689453125 362.2926025390625 1.5629260540008545 0.6752738952636719 0.6921908259391785 3.448079824447632 1.3944648504257202 3.6147804260253906 0.4935038978949544 0.23218977451324463
Pedestrian -1 -1 -0.06 1195.8299560546875 180.76483154296875 1236.57373046875 319.813232421875 1.7152332067489624 0.5663958787918091 0.7576009035110474 4.2011399269104 1.4412258863449097 4.311886310577393 0.7113080133103806 0.22716282308101654
Pedestrian -1 -1 -2.17 14.261935234069824 187.35072326660156 121.89394664764404 339.14959716796875 1.7389801740646362 0.6285195350646973 0.8290228247642517 -5.899560928344727 1.7636502385139465 7.697758197784424 -2.8216899741212185 0.22479215264320374
Van -1 -1 -1.43 455.5203552246094 160.26060485839844 503.4682312011719 240.00643920898438 1.8771201372146606 1.6444759368896484 4.016946315765381 -3.84451961517334 1.3961228430271149 24.109525680541992 -1.5921431160381854 0.2246830314397812
Car -1 -1 -1.4 460.14508056640625 167.69004821777344 505.35821533203125 227.31089782714844 1.6438968181610107 1.6383094787597656 3.975236654281616 -4.161234378814697 1.2947137951850891 27.502429962158203 -1.5549420426783964 0.22431637346744537
Pedestrian -1 -1 2.3 30.584917068481445 163.91566467285156 123.3549976348877 346.97332763671875 1.7747961282730103 0.668500542640686 0.7339218854904175 -4.894822120666504 1.6447526216506958 6.655226230621338 1.6678955081604991 0.22327086329460144
Pedestrian -1 -1 0.72 1140.8125 142.14710998535156 1208.46923828125 304.8370056152344 1.7861790657043457 0.6577087044715881 0.9005944728851318 6.392106533050537 1.246972769498825 7.995614528656006 1.3966342875970987 0.221169114112854
Car -1 -1 -2.38 898.5262451171875 154.656494140625 974.2643432617188 277.2904357910156 1.619424819946289 1.516825556755066 3.485083818435669 5.8328680992126465 1.3190750479698181 12.86396598815918 -1.9526373540153017 0.22115015983581543
Pedestrian -1 -1 2.77 883.1307983398438 155.86248779296875 971.0988159179688 316.3770751953125 1.7100043296813965 0.6497159600257874 0.7931134700775146 3.3306829929351807 1.407071053981781 7.17013692855835 -3.0740776757931307 0.21732190251350403
Pedestrian -1 -1 2.6 900.2921142578125 160.59893798828125 955.1221923828125 275.4079284667969 1.626528263092041 0.607069730758667 0.5885541439056396 4.868119716644287 1.3099904656410217 10.71430778503418 3.025387803754098 0.21601587533950806
Pedestrian -1 -1 -3.1 -4.0205607414245605 175.3140869140625 165.83896684646606 366.65814208984375 1.5736390352249146 0.4901360273361206 0.6824522614479065 -4.440786838531494 1.6068421602249146 6.037848472595215 2.5448042490453266 0.21523167192935944
Pedestrian -1 -1 -2.85 10.006462097167969 167.1923065185547 98.90355682373047 375.7160949707031 1.7005679607391357 0.6325559616088867 0.7240663766860962 -5.050683498382568 1.7711225152015686 6.385378360748291 2.7594843741927013 0.21362245082855225
Pedestrian -1 -1 1.45 452.8788757324219 166.314208984375 491.97601318359375 240.83421325683594 1.8207749128341675 0.6610446572303772 0.7321131229400635 -3.058964729309082 1.4041917026042938 16.399747848510742 1.2703404964418432 0.21351464092731476
Van -1 -1 -1.47 480.9900817871094 169.1650390625 526.0015869140625 213.6334686279297 1.8389991521835327 1.783517599105835 4.823878765106201 -4.193780422210693 1.289639800786972 30.134796142578125 -1.609013915221329 0.21230310201644897
Cyclist -1 -1 -3.1 1116.3638916015625 141.49668884277344 1182.3409423828125 278.1438903808594 1.6098028421401978 0.5444412231445312 1.6735167503356934 7.405487537384033 1.1468960642814636 9.737150192260742 -2.4507473919612845 0.21190953254699707
Pedestrian -1 -1 1.5 1124.0811767578125 136.8411865234375 1199.7301025390625 291.8468322753906 1.839585781097412 0.6993116140365601 0.7365225553512573 6.6629533767700195 1.2834336161613464 9.162755966186523 2.1319411146734115 0.21080252528190613
Truck -1 -1 -1.64 458.5052185058594 160.80435180664062 495.1543273925781 249.51124572753906 2.954464912414551 2.370511293411255 6.78071403503418 -4.001502990722656 2.065205991268158 25.02085304260254 -1.7980767074219184 0.20898579061031342
Pedestrian -1 -1 1.43 151.489990234375 188.41232299804688 208.0207061767578 349.14947509765625 1.5217506885528564 0.5303827524185181 0.6542167663574219 -4.343875885009766 1.6146149635314941 7.436554908752441 0.8992045545020018 0.20847728848457336
Pedestrian -1 -1 2.52 981.40869140625 153.12326049804688 1027.0384521484375 268.32525634765625 1.5696882009506226 0.5518514513969421 0.6540018916130066 6.064858913421631 1.1683690249919891 10.719515800476074 3.0364102428955153 0.20774522423744202
Pedestrian -1 -1 2.22 914.3895874023438 156.4066925048828 953.2594604492188 264.9595947265625 1.6784789562225342 0.5746428966522217 0.4786207377910614 5.1891608238220215 1.2654757797718048 11.154409408569336 2.657259827100713 0.20586465299129486
Car -1 -1 -1.53 459.7161865234375 160.84877014160156 498.5126647949219 249.4668426513672 1.628762125968933 1.558326005935669 3.361201763153076 -3.7663817405700684 1.3806136846542358 23.461091995239258 -1.6940287065263977 0.20530885457992554
Pedestrian -1 -1 1.05 691.4080200195312 165.77310180664062 716.8385620117188 232.64414978027344 1.6239674091339111 0.5985857248306274 0.49321016669273376 2.4663379192352295 1.2749880254268646 17.10165786743164 1.1916727097270652 0.20408980548381805
Van -1 -1 -0.51 1197.0186767578125 207.66705322265625 1233.310546875 368.7507629394531 1.8068753480911255 1.7621333599090576 3.981734275817871 6.826400279998779 1.9606526494026184 5.358977317810059 0.3910889074642445 0.203595370054245
Pedestrian -1 -1 0.83 434.1737365722656 175.2060089111328 465.76959228515625 256.7982177734375 1.598266839981079 0.5803675055503845 0.7653046250343323 -3.433309555053711 1.5183032155036926 16.438753128051758 0.6204295443104151 0.20334655046463013
Car -1 -1 -0.47 1195.8299560546875 180.76483154296875 1236.57373046875 319.813232421875 1.6363799571990967 1.569158673286438 3.721254587173462 4.106610298156738 1.475264847278595 3.41029953956604 0.409651090191701 0.20290963351726532
Car -1 -1 -1.46 477.2387390136719 169.263916015625 522.9249267578125 216.55477905273438 1.5168488025665283 1.626680612564087 4.014667510986328 -4.287547588348389 1.2192171812057495 31.879209518432617 -1.5927463578826533 0.2022581249475479
Pedestrian -1 -1 2.59 455.48895263671875 170.3358154296875 493.2549133300781 262.8447265625 1.6387476921081543 0.6101528406143188 0.7846732139587402 -2.6743457317352295 1.506883144378662 15.226530075073242 2.411282672745892 0.20171083509922028
Pedestrian -1 -1 -1.91 878.1395263671875 165.54515075683594 943.466064453125 297.260498046875 1.5647939443588257 0.5200763940811157 0.6925656199455261 4.079499244689941 1.356003761291504 9.464632987976074 -1.5018489159535244 0.20134033262729645
Cyclist -1 -1 -3.03 445.56884765625 168.285888671875 491.1120910644531 240.95359802246094 1.7524560689926147 0.5975929498672485 1.6987589597702026 -3.299692392349243 1.4050123691558838 17.74793815612793 3.0683480109595083 0.20015543699264526
Cyclist -1 -1 1.61 39.4522705078125 173.364013671875 138.55963134765625 363.8529357910156 1.7013018131256104 0.6187790036201477 1.6270816326141357 -4.741788864135742 1.6682683825492859 6.6969428062438965 0.9948388484791497 0.20012523233890533
Pedestrian -1 -1 2.68 974.9959106445312 157.6661376953125 1015.7076416015625 262.9497375488281 1.6214840412139893 0.545039713382721 0.5051540732383728 6.20802116394043 1.2176018953323364 11.108260154724121 -3.089277734181649 0.19936305284500122
Car -1 -1 -0.03 1195.54052734375 199.6185760498047 1234.4140625 341.84051513671875 1.6795077323913574 1.5875113010406494 3.7879998683929443 4.036673545837402 1.600698471069336 3.2384393215179443 0.8686456667311235 0.1972186118364334
Pedestrian -1 -1 -0.56 1195.54052734375 199.6185760498047 1234.4140625 341.84051513671875 1.7010844945907593 0.5207667946815491 0.7566273212432861 3.9309279918670654 1.540897786617279 4.003244876861572 0.21689136633419093 0.1970621943473816
Pedestrian -1 -1 0.79 1209.878173828125 153.64251708984375 1237.0245361328125 360.85003662109375 1.6382049322128296 0.6570422053337097 0.607243001461029 3.2795937061309814 1.4051631689071655 3.417012929916382 1.5570766006562042 0.19552014768123627
Car -1 -1 0.38 1189.30615234375 232.53128051757812 1238.0997314453125 357.5164794921875 1.6352407932281494 1.6095064878463745 3.9392948150634766 4.18904972076416 1.7518202662467957 3.3779938220977783 1.2701590035385273 0.1953316032886505
Pedestrian -1 -1 1.15 80.81111907958984 183.26943969726562 149.158447265625 346.5051574707031 1.7014509439468384 0.6252103447914124 0.6655188202857971 -4.820826530456543 1.633730173110962 7.325177192687988 0.5651982218788696 0.19491571187973022
Pedestrian -1 -1 2.03 868.0244140625 159.1649627685547 970.2948608398438 340.2521057128906 1.6922173500061035 0.6472241878509521 0.8115996718406677 2.8311142921447754 1.4719655513763428 6.349169731140137 2.454325020638638 0.19470040500164032
Pedestrian -1 -1 3.04 1074.198486328125 139.5712127685547 1170.3388671875 265.17877197265625 1.79054856300354 0.6514086723327637 0.8332023024559021 6.828551292419434 1.2638944387435913 9.293025016784668 -2.613807116943642 0.19351904094219208
Cyclist -1 -1 -3.14 888.8726196289062 163.02413940429688 956.4730224609375 278.7103271484375 1.6550391912460327 0.5785250067710876 1.6704365015029907 5.032228946685791 1.3505618572235107 10.812581062316895 -2.703889304535254 0.19316822290420532
Pedestrian -1 -1 1.49 807.604248046875 143.26522827148438 963.8959350585938 345.167236328125 1.6171687841415405 0.5026905536651611 0.723833441734314 2.5319063663482666 1.4469890594482422 6.2308173179626465 1.8762438341520093 0.1929282397031784
Pedestrian -1 -1 -0.77 789.3510131835938 163.37741088867188 871.6779174804688 347.3932800292969 1.5968979597091675 0.5969182848930359 0.7386440634727478 2.238321304321289 1.440430760383606 6.699065685272217 -0.4440488106683409 0.19268429279327393
Pedestrian -1 -1 1.41 1193.5941162109375 166.29788208007812 1238.4449462890625 293.7842102050781 1.7124602794647217 0.589808464050293 0.7744189500808716 4.765283584594727 1.3285073339939117 4.946957111358643 2.172609950611978 0.1925029456615448
Van -1 -1 -1.45 451.3841247558594 162.0657501220703 520.26416015625 221.91819763183594 2.0999746322631836 1.90006422996521 4.5639824867248535 -4.147409439086914 1.3758028745651245 27.202180862426758 -1.6036629496455408 0.1902095377445221
Car -1 -1 -0.13 -0.03325881436467171 172.0490264892578 86.3092399649322 361.9378662109375 1.684518814086914 1.6501848697662354 4.180127143859863 -6.227789402008057 1.7415701150894165 6.227891445159912 -0.9116120271841313 0.18978898227214813
Cyclist -1 -1 2.64 -3.2694921493530273 173.3029327392578 75.08538913726807 361.3816223144531 1.7190308570861816 0.6153048276901245 1.7643463611602783 -5.408381462097168 1.6628193259239197 6.249934673309326 1.926685188537796 0.18976235389709473
Cyclist -1 -1 2.42 115.06436157226562 172.5877227783203 191.31842041015625 347.2058410644531 1.738480806350708 0.6386949419975281 1.7146443128585815 -5.022111892700195 1.6694531440734863 7.896240711212158 1.8575935180815817 0.18912304937839508
Cyclist -1 -1 2.16 1.3745778799057007 181.93682861328125 39.8338178396225 368.1362609863281 1.731757402420044 0.6284415125846863 1.751969337463379 -4.54382848739624 1.5652533173561096 4.873612880706787 1.4067195938970585 0.18907244503498077
Cyclist -1 -1 -2.31 453.0479736328125 168.4578094482422 499.71868896484375 237.42616271972656 1.7049589157104492 0.5638306736946106 1.6910847425460815 -3.009629487991333 1.3214475214481354 17.683433532714844 -2.4831369809650585 0.18826189637184143
Cyclist -1 -1 -1.73 449.7210388183594 162.7897186279297 499.40057373046875 255.9523162841797 1.7729765176773071 0.5721485614776611 1.7447705268859863 -2.436318874359131 1.4246219396591187 14.155888557434082 -1.9006831593049203 0.1858367770910263
Pedestrian -1 -1 -3.13 923.8685302734375 151.58505249023438 992.9226684570312 281.0196838378906 1.7642426490783691 0.6102067828178406 0.7393298149108887 4.825418472290039 1.3551636636257172 9.666431427001953 -2.668594927422083 0.18579789996147156
Cyclist -1 -1 -0.97 441.9199523925781 165.259765625 483.1575012207031 239.8907012939453 1.718207836151123 0.5686149597167969 1.7043964862823486 -3.445727825164795 1.2839944660663605 17.979511260986328 -1.1561417492767987 0.18568295240402222
Van -1 -1 -1.49 449.24365234375 163.08013916015625 498.3412170410156 252.4547882080078 1.8566926717758179 1.6962970495224 4.038731575012207 -4.112342357635498 1.481890082359314 23.800477981567383 -1.6595112345230767 0.18473340570926666
Van -1 -1 -1.0 478.4090576171875 164.15660095214844 531.8585205078125 212.5841827392578 1.9473210573196411 1.783811092376709 4.350979804992676 -4.023172378540039 1.2335205972194672 31.03131103515625 -1.1331580917310484 0.18428736925125122
Car -1 -1 -2.22 466.67401123046875 171.15692138671875 518.3870239257812 229.00135803222656 1.530049443244934 1.629959225654602 3.928086996078491 -3.888119697570801 1.3820980787277222 26.598939895629883 -2.364923365369739 0.1811131238937378
Truck -1 -1 -1.28 463.5920104980469 165.93954467773438 497.7834167480469 237.83892822265625 2.9874730110168457 2.4501028060913086 6.882958889007568 -4.059562683105469 1.9843848049640656 25.92522430419922 -1.4392912246623206 0.17772306501865387
Pedestrian -1 -1 0.41 1196.5068359375 142.38682556152344 1233.071533203125 333.8020935058594 1.6739252805709839 0.6857838034629822 0.7130245566368103 3.7370989322662354 1.3520732522010803 4.069740295410156 1.1560079026317718 0.17623643577098846
Pedestrian -1 -1 0.48 1165.205078125 160.56565856933594 1217.437255859375 339.3848876953125 1.7021393775939941 0.6105473637580872 0.8837094306945801 4.556247234344482 1.4131406545639038 5.397895812988281 1.1795272374472656 0.17280837893486023
Pedestrian -1 -1 0.44 1163.4239501953125 146.6937255859375 1226.5489501953125 310.0789489746094 1.7450625896453857 0.6559370160102844 0.8727627992630005 5.465294361114502 1.2896122336387634 6.613344192504883 1.126369411541848 0.16863441467285156
Cyclist -1 -1 -0.29 470.53021240234375 169.75643920898438 524.8709716796875 222.39340209960938 1.8069117069244385 0.582959771156311 1.8192908763885498 -3.0512490272521973 1.3723635971546173 20.968120574951172 -0.43610596266659485 0.16737762093544006
Pedestrian -1 -1 1.01 1130.078369140625 152.94754028320312 1194.8504638671875 306.1289367675781 1.6955947875976562 0.6220341324806213 0.8692482113838196 6.725992202758789 1.369838297367096 8.654794692993164 1.6715742731325118 0.1645227074623108
Car -1 -1 -1.57 455.7789001464844 162.3769073486328 491.5848083496094 257.1402587890625 1.596590280532837 1.5982013940811157 3.609698534011841 -4.283455848693848 1.4638622403144836 25.652284622192383 -1.7348319008698265 0.16204072535037994
Pedestrian -1 -1 1.38 445.8493957519531 162.9290008544922 502.56060791015625 247.140869140625 1.8904246091842651 0.6999321579933167 0.6723461151123047 -2.9610085487365723 1.3818172216415405 17.60799789428711 1.2119659959566667 0.13347995281219482
Pedestrian -1 -1 0.07 1151.5906982421875 132.02078247070312 1217.13623046875 333.99920654296875 1.7591345310211182 0.6931501626968384 0.7239001989364624 4.216337203979492 1.4355844855308533 5.309690952301025 0.7379092901596236 0.10608058422803879