Car -1 -1 -1.8 678.7021484375 185.28335571289062 777.4381713867188 252.31549072265625 1.4649072885513306 1.554983139038086 3.423983335494995 2.846365451812744 1.806625783443451 18.046875 -1.6473037805094117 0.8956669569015503
Car -1 -1 -1.71 647.881591796875 181.00193786621094 700.8923950195312 225.22674560546875 1.4481310844421387 1.6032898426055908 3.996110677719116 2.3918330669403076 1.8501958847045898 27.878278732299805 -1.6211942680205773 0.8829658627510071
Car -1 -1 -2.43 4.9093852043151855 199.69773864746094 151.01596784591675 374.100341796875 1.5610132217407227 1.5958431959152222 3.9366228580474854 -7.017073154449463 1.8340343236923218 7.008448600769043 3.067041244664681 0.8349087238311768
Car -1 -1 -2.78 145.88937377929688 190.5326385498047 393.474609375 276.3377380371094 1.5011999607086182 1.6658108234405518 4.1691789627075195 -6.419739246368408 1.8284982442855835 13.840179443359375 3.0665511992210277 0.8169662952423096
Car -1 -1 -2.73 242.76519775390625 188.6776123046875 429.3298645019531 253.65859985351562 1.5311148166656494 1.642488718032837 4.026865005493164 -6.607182502746582 1.940493106842041 17.66836166381836 -3.0846432976504925 0.8149802684783936
Car -1 -1 -2.61 -4.893517971038818 197.43386840820312 253.8168396949768 329.7355651855469 1.4671730995178223 1.628592610359192 3.9876179695129395 -6.950287818908691 1.7730916738510132 9.361361503601074 3.033415999634226 0.7738426327705383
Car -1 -1 -2.92 415.8361511230469 179.2180633544922 516.9036865234375 219.2017822265625 1.6846799850463867 1.651408314704895 3.9674930572509766 -5.957826137542725 1.9612394571304321 30.792097091674805 -3.107044406835932 0.7330418229103088
Car -1 -1 -3.07 1144.2054443359375 210.30776977539062 1242.5718994140625 361.39495849609375 1.4330486059188843 1.5926613807678223 4.20590353012085 7.1215996742248535 1.6915448904037476 5.960198402404785 -2.1982613246336102 0.7307252883911133
Car -1 -1 -2.69 326.1553039550781 182.86375427246094 458.5030517578125 237.88555908203125 1.5391323566436768 1.6274995803833008 3.729853868484497 -6.4358906745910645 1.9029672145843506 21.534421920776367 -2.9849707002051957 0.7277882099151611
Car -1 -1 -2.71 188.9299774169922 188.56332397460938 413.2120056152344 266.52923583984375 1.5093975067138672 1.6121004819869995 4.0107011795043945 -6.522590637207031 1.8812954425811768 16.87743377685547 -3.077996232440187 0.6626903414726257
Car -1 -1 -2.46 -3.65748929977417 192.9542236328125 198.21621370315552 358.0033874511719 1.5106029510498047 1.6342782974243164 4.121734619140625 -6.577992916107178 1.7390687465667725 6.827592849731445 3.054117097172469 0.6529233455657959
Car -1 -1 0.34 344.4398498535156 183.10336303710938 473.2496337890625 231.08901977539062 1.4715114831924438 1.5643861293792725 3.8076133728027344 -6.568848133087158 1.8907667994499207 24.059917449951172 0.07816534326596525 0.6438162326812744
Car -1 -1 -2.8 369.0773010253906 185.1498260498047 476.31103515625 228.91387939453125 1.5250998735427856 1.633772373199463 3.943662166595459 -6.71450138092041 1.9238709807395935 25.328222274780273 -3.061213642849048 0.624077320098877
Car -1 -1 -2.71 224.3340606689453 190.6244659423828 411.9422302246094 260.5233154296875 1.4576069116592407 1.5832092761993408 3.9076898097991943 -6.766842842102051 1.8688003420829773 16.697301864624023 -3.093741735398921 0.5482560992240906
Car -1 -1 -2.69 276.9263610839844 189.90847778320312 439.3761901855469 247.20571899414062 1.4947752952575684 1.6154417991638184 3.9840004444122314 -6.51309061050415 1.8853281736373901 17.828794479370117 -3.0372890454253367 0.47795939445495605
Car -1 -1 2.92 1126.625732421875 200.921630859375 1238.16943359375 365.92083740234375 1.5295884609222412 1.619217038154602 4.571996212005615 7.0376739501953125 1.8525527715682983 5.507055759429932 -2.456859299176452 0.4716810882091522
Car -1 -1 1.21 396.080810546875 186.0950164794922 498.30438232421875 223.38523864746094 1.4275479316711426 1.5508882999420166 4.074479579925537 -6.429198265075684 1.9810110330581665 29.781158447265625 0.9951566434531571 0.3773696720600128
Cyclist -1 -1 -2.17 1215.111572265625 74.22711181640625 1243.222412109375 180.7000274658203 1.7720040082931519 0.6091564297676086 1.8911056518554688 12.052176475524902 0.08831149339675903 12.99256420135498 -1.4227364781902523 0.37445390224456787
Car -1 -1 -3.12 411.5348205566406 185.1510009765625 505.11578369140625 219.97998046875 1.4488285779953003 1.6011849641799927 4.0729146003723145 -6.246755123138428 1.9446069598197937 30.0327091217041 2.957552954331044 0.36291176080703735
Car -1 -1 -2.69 301.0965881347656 188.72332763671875 459.7874450683594 243.2816925048828 1.5001481771469116 1.607919692993164 3.976914644241333 -6.509914398193359 1.9352447390556335 21.236406326293945 -2.986967837483915 0.34344804286956787
Car -1 -1 2.98 1165.5040283203125 209.28070068359375 1240.3150634765625 354.86041259765625 1.5131129026412964 1.6277251243591309 4.399502754211426 7.518970489501953 1.8537577986717224 6.011528968811035 -2.40930134377626 0.3150702714920044
Car -1 -1 -1.7 642.6023559570312 181.58346557617188 693.1389770507812 221.30630493164062 1.4855800867080688 1.6215224266052246 4.055566787719727 2.274332046508789 1.776502788066864 27.78444480895996 -1.6166652209850776 0.31033217906951904
Car -1 -1 2.59 441.087646484375 177.8179931640625 522.1277465820312 216.5628662109375 1.5692538022994995 1.6560544967651367 4.026896953582764 -5.654532432556152 1.8610232472419739 31.433271408081055 2.4147315507386296 0.2817910313606262
Car -1 -1 -2.65 4.713885307312012 196.77255249023438 288.13069438934326 311.8614501953125 1.3891733884811401 1.5712554454803467 4.128600597381592 -6.796167850494385 1.7656070590019226 10.887215614318848 3.0733611770971008 0.26911652088165283
Car -1 -1 -2.68 42.70817947387695 195.67971801757812 347.7345161437988 301.75726318359375 1.3962537050247192 1.533623218536377 4.207769870758057 -7.064338684082031 1.815971314907074 14.802151679992676 -3.1244334225791377 0.2640517055988312
Car -1 -1 -2.39 485.7938537597656 178.4853057861328 543.1414794921875 205.8611602783203 1.5462692975997925 1.5971364974975586 4.130343914031982 -5.655463695526123 1.9210789799690247 43.42822265625 -2.522236272044328 0.26313719153404236
Pedestrian -1 -1 -0.84 1215.111572265625 74.22711181640625 1243.222412109375 180.7000274658203 1.9553282260894775 0.6355891227722168 0.8859968185424805 11.445842742919922 0.24380195140838623 12.805874824523926 -0.11139901155508047 0.24811473488807678
Cyclist -1 -1 1.03 1199.445068359375 50.93518829345703 1241.553955078125 229.21436309814453 1.7439296245574951 0.6651973128318787 1.912306308746338 8.466330528259277 0.6569442898035049 9.046954154968262 1.7864582566340372 0.2473846971988678
Pedestrian -1 -1 -1.6 1207.444091796875 71.72623443603516 1239.1651611328125 189.39463806152344 1.871256947517395 0.5892506837844849 0.8697416186332703 9.235932350158691 0.3553336262702942 10.500162124633789 -0.8758684776398873 0.246928870677948
Cyclist -1 -1 -0.35 1208.3377685546875 71.12164306640625 1236.7381591796875 188.47315979003906 1.7875093221664429 0.6423114538192749 1.8421810865402222 9.696940422058105 0.3343454599380493 10.499857902526855 0.4001895644159461 0.2440204620361328
Van -1 -1 -2.97 416.5782470703125 179.0472869873047 519.6380004882812 218.1975860595703 1.826315999031067 1.7272676229476929 4.055051326751709 -6.531270980834961 2.1168569922447205 33.36547088623047 3.1174683212347087 0.2345510572195053
Pedestrian -1 -1 -0.94 1216.8660888671875 62.828800201416016 1239.3084716796875 189.5849494934082 2.0257487297058105 0.6728717684745789 0.9768028855323792 7.850307464599609 0.6504159569740295 8.756953239440918 -0.20504342578805712 0.2289949208498001
Cyclist -1 -1 1.94 1211.922119140625 82.79781341552734 1241.9539794921875 194.942138671875 1.8117048740386963 0.6677191257476807 1.8918399810791016 14.07327651977539 0.25669634342193604 15.273348808288574 2.6863003739934834 0.22777457535266876
Car -1 -1 -2.54 23.457122802734375 206.219970703125 225.43080139160156 343.01043701171875 1.5009905099868774 1.5539652109146118 3.659149169921875 -7.0418806076049805 1.949099600315094 9.17290210723877 3.090457705140393 0.2221972942352295
Cyclist -1 -1 2.5 1133.0672607421875 202.6800994873047 1238.7716064453125 366.3518371582031 1.6118817329406738 0.7184902429580688 1.9899613857269287 5.193720817565918 1.7743089199066162 5.29705810546875 -3.007990458558771 0.2121846228837967
Car -1 -1 3.07 1169.8096923828125 178.30357360839844 1240.917724609375 368.6413269042969 1.6181681156158447 1.6831589937210083 4.568755626678467 6.81559944152832 1.7765305638313293 5.122124671936035 -2.2856990668841277 0.20510683953762054
Car -1 -1 -2.9 449.1325378417969 180.3072052001953 527.7760620117188 211.86114501953125 1.5738228559494019 1.579122543334961 4.125441551208496 -6.082418918609619 1.954269826412201 34.636112213134766 -3.0774742457389443 0.20423947274684906
Van -1 -1 2.35 1154.974609375 212.92662048339844 1241.408935546875 360.4315490722656 1.9969476461410522 1.890239953994751 4.65402889251709 7.804519176483154 2.1531776785850525 6.786515235900879 -3.081908237401759 0.19762256741523743
Car -1 -1 -2.76 389.155029296875 188.88467407226562 489.55645751953125 228.45033264160156 1.4448825120925903 1.581227421760559 3.7416372299194336 -6.414242744445801 2.067688524723053 27.574748992919922 -2.9891966584334613 0.1849728226661682
Car -1 -1 -1.46 629.18603515625 175.76290893554688 656.4888916015625 200.9194793701172 1.4914329051971436 1.5988469123840332 3.749863624572754 2.353093147277832 1.762824296951294 51.12623977661133 -1.4134786913301802 0.1820210963487625
Car -1 -1 -2.18 469.8777770996094 178.28271484375 533.365966796875 210.65260314941406 1.525036334991455 1.6016958951950073 4.167698860168457 -6.038578033447266 1.9010505676269531 39.460697174072266 -2.3311944344642317 0.17687681317329407
Car -1 -1 0.09 1208.3377685546875 71.12164306640625 1236.7381591796875 188.47315979003906 1.66959810256958 1.6561113595962524 4.30045223236084 11.939534187316895 0.28397732973098755 11.556902885437012 0.8924714105949958 0.16824980080127716
Car -1 -1 -2.75 375.7364807128906 183.1887969970703 485.8768005371094 224.19418334960938 1.4853664636611938 1.6308315992355347 3.8839240074157715 -6.194489002227783 1.8927823901176453 24.474111557006836 -2.994034233224408 0.1429373025894165
Car -1 -1 -2.56 472.28045654296875 178.75567626953125 544.490478515625 207.52552795410156 1.454712152481079 1.6141650676727295 4.082492351531982 -6.142079830169678 1.895232915878296 43.95960998535156 -2.6966987414212245 0.13300830125808716