Car -1 -1 1.81 332.1835021972656 188.63804626464844 492.65728759765625 293.83380126953125 1.4728138446807861 1.6908255815505981 4.35383939743042 -3.339341878890991 1.7998842000961304 12.794755935668945 1.5529436341821565 0.8779805898666382
Car -1 -1 1.26 753.8077392578125 202.02645874023438 981.3745727539062 344.51177978515625 1.471553921699524 1.6702171564102173 4.198990821838379 3.2579922676086426 1.8681098818778992 9.891799926757812 1.5793510750633866 0.8769060969352722
Car -1 -1 -1.67 663.6188354492188 184.76934814453125 715.2988891601562 225.72421264648438 1.4863618612289429 1.6048471927642822 3.4555270671844482 3.223398208618164 2.041937530040741 29.342777252197266 -1.5655761374186383 0.8365296125411987
Car -1 -1 2.13 3.7330713272094727 185.50234985351562 353.7540063858032 369.4678649902344 1.5665663480758667 1.6076171398162842 3.7603960037231445 -3.260432720184326 1.7479791045188904 5.04522705078125 1.555098482048674 0.8325459957122803
Car -1 -1 1.63 552.231689453125 182.22726440429688 578.6644287109375 205.5492706298828 1.5453957319259644 1.6311880350112915 3.644364833831787 -3.193326711654663 2.2248350977897644 51.703914642333984 1.570314436452601 0.7315571904182434
Car -1 -1 -1.67 648.6534423828125 169.68995666503906 690.1434936523438 215.4836883544922 2.104177236557007 1.7066258192062378 4.297460556030273 2.917043924331665 2.0803948640823364 35.901519775390625 -1.5935581911124066 0.6617022752761841
Van -1 -1 -1.66 647.8139038085938 168.61111450195312 691.2431030273438 214.9318389892578 2.2977678775787354 1.937029242515564 5.176634311676025 3.160766839981079 2.1337996125221252 39.35664367675781 -1.5794092399057886 0.6256217956542969
Car -1 -1 -1.66 658.0712280273438 181.12701416015625 708.3283081054688 223.84095764160156 1.5754601955413818 1.631005883216858 3.5516908168792725 3.1252999305725098 2.0198962688446045 29.176183700561523 -1.5510163534318249 0.5666497349739075
Car -1 -1 -1.68 650.7088012695312 173.79579162597656 695.6058349609375 216.9759063720703 1.7696781158447266 1.6262197494506836 3.9370625019073486 3.0802383422851562 2.1015031337738037 35.51350021362305 -1.5910230717381468 0.560181736946106
Car -1 -1 1.79 405.1338195800781 188.31495666503906 465.0086364746094 228.64004516601562 1.369834542274475 1.4228671789169312 3.589489221572876 -6.531156539916992 2.0567217469215393 27.744281768798828 1.5600881589172477 0.5406994819641113
Car -1 -1 -1.62 655.0945434570312 180.32220458984375 701.4087524414062 219.4350128173828 1.6771420240402222 1.630165457725525 3.973167657852173 3.162917137145996 2.0738324522972107 32.731327056884766 -1.5218177466486171 0.4838748872280121
Car -1 -1 1.5 402.3011474609375 188.00234985351562 473.2125549316406 237.1651611328125 1.5001020431518555 1.5046173334121704 3.4127237796783447 -6.182830810546875 2.125850200653076 26.20209503173828 1.2643588330365878 0.3104676306247711
Car -1 -1 1.74 410.919921875 189.53118896484375 477.65838623046875 232.74978637695312 1.431136131286621 1.5310239791870117 4.139595031738281 -6.26516580581665 2.0358065366744995 27.288516998291016 1.513658201160271 0.3073807656764984
Car -1 -1 -1.68 648.46484375 177.1024169921875 686.2564697265625 215.00347900390625 1.7371042966842651 1.6835815906524658 4.249630451202393 2.9236536026000977 2.1384372115135193 38.272953033447266 -1.6017502006283486 0.2780951261520386
Car -1 -1 1.76 353.6651306152344 189.62765502929688 472.49530029296875 270.3264465332031 1.4661400318145752 1.5039031505584717 3.884294271469116 -6.123866081237793 2.1515231132507324 22.5393123626709 1.4975031629074893 0.2714217007160187
Car -1 -1 1.78 368.1364440917969 188.05812072753906 437.29730224609375 241.4231719970703 1.4607855081558228 1.5104050636291504 3.9764113426208496 -6.729922294616699 2.063058912754059 23.85572052001953 1.5074525056747134 0.23447363078594208
Car -1 -1 2.24 6.316560745239258 195.15057373046875 274.152437210083 352.2533874511719 1.4875786304473877 1.4868768453598022 3.4486918449401855 -5.490386009216309 1.8145921230316162 7.646430969238281 1.6153674784196381 0.23427897691726685
Car -1 -1 1.63 558.7139892578125 181.22618103027344 584.6893920898438 203.91519165039062 1.5695563554763794 1.6612240076065063 3.9277055263519287 -3.158318042755127 2.217881500720978 51.30080795288086 1.5646159240528341 0.22391176223754883
Car -1 -1 1.76 374.1858215332031 190.2461700439453 451.0653991699219 245.36351013183594 1.5021071434020996 1.4706730842590332 3.874305009841919 -6.542540073394775 2.067508816719055 23.694988250732422 1.4856323630452524 0.21579395234584808
Van -1 -1 -1.14 653.333251953125 174.36709594726562 698.16259765625 216.85458374023438 2.2768912315368652 1.9188408851623535 5.180715560913086 3.322172164916992 2.1752697229385376 38.597877502441406 -1.0545001531923868 0.21013937890529633
Car -1 -1 -1.36 645.544677734375 177.99594116210938 679.5331420898438 215.0088348388672 1.7703115940093994 1.6466904878616333 4.397775650024414 2.9346392154693604 2.165679454803467 37.922523498535156 -1.2815300001423564 0.2067537009716034
Car -1 -1 -1.63 654.1183471679688 185.13265991210938 692.1137084960938 221.4190673828125 1.493741750717163 1.602796196937561 3.855282783508301 3.081667900085449 2.1795461177825928 35.28261947631836 -1.5398560235493965 0.20402540266513824
Car -1 -1 1.77 396.7779846191406 188.12274169921875 458.8076477050781 233.16835021972656 1.4081132411956787 1.474932312965393 3.6078405380249023 -6.691786289215088 2.052375912666321 26.663606643676758 1.5191422186563752 0.20116819441318512
Car -1 -1 1.14 389.5150451660156 189.44180297851562 485.4216613769531 260.610595703125 1.5110806226730347 1.5361833572387695 3.7385547161102295 -4.913971424102783 2.1256341338157654 20.824495315551758 0.9083118710066476 0.18227259814739227
Car -1 -1 -2.53 1198.7498779296875 284.2032470703125 1242.5706787109375 369.85638427734375 1.3483669757843018 1.4912461042404175 3.273738384246826 2.6634392738342285 1.3832902312278748 1.7458291053771973 -1.535134081106917 0.13908013701438904