Car -1 -1 1.83 368.6624450683594 175.2883758544922 500.4759216308594 271.66119384765625 1.532325267791748 1.599300503730774 3.769064426422119 -3.280618906021118 1.6369680166244507 13.946725845336914 1.5997549213099695 0.8899964094161987
Car -1 -1 -1.8 729.4976806640625 175.62062072753906 862.8565673828125 265.7294006347656 1.4471341371536255 1.6154859066009521 3.9333336353302 3.498779773712158 1.5493745803833008 14.211677551269531 -1.557224794988378 0.8898874521255493
Car -1 -1 -1.77 687.9878540039062 163.25843811035156 785.3489379882812 236.34571838378906 1.8276996612548828 1.6934632062911987 4.059999465942383 3.3624112606048584 1.584690809249878 19.99590301513672 -1.6020324611827652 0.8611004948616028
Car -1 -1 2.1 0.07284291088581085 149.59756469726562 350.84353382885456 371.61444091796875 1.7524356842041016 1.694446325302124 4.146183967590332 -3.3150887489318848 1.6326183080673218 5.158355712890625 1.530538812194445 0.8536375761032104
Car -1 -1 1.72 438.1562194824219 173.1717071533203 523.7637939453125 242.6908416748047 1.6060705184936523 1.6256736516952515 3.8624753952026367 -3.3350260257720947 1.645298421382904 19.170215606689453 1.552392320661676 0.8175692558288574
Car -1 -1 1.69 512.87890625 172.7787628173828 551.906982421875 202.00711059570312 1.5680350065231323 1.6853389739990234 4.270890235900879 -4.316433429718018 1.5432587265968323 40.962528228759766 1.5880861684263525 0.764995813369751
Van -1 -1 -0.89 1053.1923828125 70.05887603759766 1240.8184814453125 267.46485137939453 2.649590015411377 2.0646796226501465 6.034341812133789 9.732697486877441 1.2412896305322647 10.25350570678711 -0.1296448668639436 0.7606668472290039
Car -1 -1 -0.86 1039.4930419921875 73.99612426757812 1246.568115234375 278.9073486328125 2.2861328125 1.7981979846954346 4.586452960968018 9.76413631439209 1.213838703930378 10.976333618164062 -0.13394024984909292 0.6336020231246948
Car -1 -1 2.04 167.84320068359375 165.79815673828125 335.5073547363281 276.56072998046875 1.5880022048950195 1.4921035766601562 3.4570391178131104 -5.851815223693848 1.6021003127098083 11.81149673461914 1.5766806829001583 0.4369952082633972
Car -1 -1 -1.76 716.2605590820312 170.84303283691406 843.92822265625 255.7989959716797 1.6592910289764404 1.6270567178726196 3.757782459259033 3.4713857173919678 1.610974371433258 14.24903678894043 -1.5178767390679182 0.4125097990036011
Van -1 -1 1.71 438.0961608886719 174.0390625 523.2227172851562 244.57278442382812 1.8208023309707642 1.709387183189392 4.266663551330566 -3.4552693367004395 1.8352361917495728 19.765169143676758 1.534748246502426 0.3542717397212982
Car -1 -1 2.12 10.127424240112305 152.6240692138672 305.2193126678467 342.3484802246094 1.636981725692749 1.5190703868865967 3.676445722579956 -3.3785486221313477 1.557274043560028 5.026701927185059 1.527854626332526 0.30962082743644714
Car -1 -1 1.6 469.7729797363281 175.16818237304688 531.2459716796875 226.0924835205078 1.4878596067428589 1.5325050354003906 3.437940835952759 -3.695610523223877 1.6411976218223572 25.036495208740234 1.4500062997246648 0.3082084655761719
Car -1 -1 1.67 478.5728454589844 181.3068084716797 530.0438232421875 227.04818725585938 1.3722236156463623 1.5367034673690796 3.534207582473755 -3.744361162185669 1.7564783096313477 25.96372413635254 1.529197602951962 0.2954293191432953
Car -1 -1 -1.71 704.936767578125 168.09463500976562 828.2150268554688 246.76409912109375 1.6299101114273071 1.6734881401062012 3.8528075218200684 3.370929479598999 1.5491095185279846 14.90519905090332 -1.4924003055276938 0.2937244474887848
Car -1 -1 1.71 405.4431457519531 174.01541137695312 512.5697631835938 256.30401611328125 1.583547830581665 1.5974462032318115 3.9581875801086426 -3.2876312732696533 1.6457964777946472 18.970684051513672 1.5421385759069146 0.29147762060165405
Car -1 -1 1.69 523.58251953125 173.60552978515625 559.1363525390625 199.42013549804688 1.4943411350250244 1.6347236633300781 4.0901594161987305 -4.272774696350098 1.590777575969696 41.72932434082031 1.5902653923921184 0.28115636110305786
Van -1 -1 -1.77 689.123779296875 162.59922790527344 784.1701049804688 234.99855041503906 1.8990824222564697 1.7301682233810425 4.124423980712891 3.505156993865967 1.6197448372840881 20.80917739868164 -1.6065547713233794 0.2640649080276489
Truck -1 -1 -1.12 1062.831787109375 89.26502990722656 1238.0958251953125 265.1212463378906 3.1476402282714844 2.456899404525757 7.392283916473389 11.575312614440918 1.5680832313373685 12.57210922241211 -0.3799168059797915 0.25285014510154724
Car -1 -1 1.84 185.4599151611328 168.64535522460938 329.65057373046875 302.8139343261719 1.4766979217529297 1.5948656797409058 3.5733931064605713 -5.716775894165039 1.4787929058074951 11.615615844726562 1.3861502812165627 0.24840891361236572
Van -1 -1 -1.01 1047.8736572265625 99.73426818847656 1230.7769775390625 251.03919982910156 2.572787284851074 2.0827476978302 5.8501667976379395 9.422994613647461 1.3144791815429926 10.957945823669434 -0.302683906835159 0.23690329492092133
Car -1 -1 -1.7 688.2615356445312 167.96815490722656 750.3890380859375 219.5694580078125 1.6364728212356567 1.5321036577224731 3.60066819190979 4.214495658874512 1.5399640798568726 27.80255126953125 -1.5459604834489156 0.2330649495124817
Pedestrian -1 -1 -1.85 9.281277656555176 179.14096069335938 105.66656970977783 364.9946594238281 1.6369925737380981 0.6245137453079224 0.7002843022346497 -4.880752086639404 1.6618330478668213 6.106124401092529 -2.5219108956139813 0.224190816283226
Car -1 -1 2.14 0.956561267375946 162.00440979003906 216.12384337186813 347.38720703125 1.5824496746063232 1.5328336954116821 3.592639684677124 -5.473200798034668 1.65487939119339 7.009149551391602 1.4812251994272092 0.21747161448001862
Car -1 -1 1.93 159.99533081054688 171.0952911376953 345.1732177734375 331.22576904296875 1.4941554069519043 1.589819073677063 3.8056912422180176 -5.810239791870117 1.5940696001052856 11.052125930786133 1.4487129076164402 0.21534278988838196
Car -1 -1 -2.02 688.3903198242188 165.4632110595703 762.766845703125 224.5265350341797 1.6433357000350952 1.5346522331237793 3.5154552459716797 3.822530508041382 1.5735688209533691 25.90850257873535 -1.872871990940018 0.21180744469165802
Car -1 -1 1.9 140.67848205566406 164.58819580078125 338.7205505371094 299.5386962890625 1.5352609157562256 1.5614356994628906 3.67150616645813 -5.687215328216553 1.539995789527893 11.593327522277832 1.4482604644022485 0.2097099870443344
Car -1 -1 1.78 384.52215576171875 172.89122009277344 499.98077392578125 258.3299255371094 1.5447732210159302 1.6129623651504517 3.791283369064331 -3.1989095211029053 1.5777387619018555 13.991290092468262 1.5585784928023028 0.20909859240055084
Car -1 -1 1.67 506.4683837890625 175.00099182128906 549.702392578125 205.71144104003906 1.5921485424041748 1.6033529043197632 4.039975166320801 -4.567336082458496 1.6116988062858582 42.1959342956543 1.564355131370724 0.20755727589130402
Car -1 -1 2.1 170.037109375 180.68812561035156 306.1671447753906 287.95849609375 1.4850085973739624 1.4973688125610352 3.2534732818603516 -5.751561164855957 1.5513999462127686 10.839310646057129 1.6148632056060457 0.20586048066616058
Car -1 -1 1.69 454.4407958984375 173.61695861816406 528.060302734375 230.78143310546875 1.5202306509017944 1.548937439918518 3.59299898147583 -3.9771721363067627 1.6812769174575806 26.002805709838867 1.5377391688091553 0.20375803112983704
Van -1 -1 -1.14 1078.495849609375 92.95101928710938 1239.2147216796875 265.5502014160156 2.463193893432617 2.1858348846435547 5.926682949066162 7.669264793395996 1.3193160146474838 8.071307182312012 -0.38446641444158436 0.2010677605867386
Car -1 -1 -2.5 484.8296813964844 177.2215576171875 536.5512084960938 217.24473571777344 1.4311473369598389 1.6019535064697266 3.5529162883758545 -3.6506786346435547 1.58570396900177 26.53230094909668 -2.6368994172557896 0.19756661355495453
Car -1 -1 2.02 463.42279052734375 181.71542358398438 528.1065063476562 238.26051330566406 1.4446167945861816 1.5934900045394897 3.7329087257385254 -3.449406862258911 1.7179714441299438 22.40867042541504 1.868844125606592 0.19307652115821838
Pedestrian -1 -1 0.18 1130.6566162109375 87.507568359375 1246.469970703125 271.283447265625 2.140662670135498 0.6528341770172119 0.9734598994255066 7.632339000701904 1.4133351147174835 9.077506065368652 0.8801111612913708 0.19152270257472992
Car -1 -1 -0.88 1076.5113525390625 69.47051239013672 1234.2677001953125 282.73189544677734 2.1321842670440674 1.8033117055892944 4.708754062652588 10.237654685974121 1.1482495665550232 10.510858535766602 -0.10332771492750004 0.190802663564682
Car -1 -1 2.25 3.3932740688323975 206.96871948242188 127.49379134178162 373.1395568847656 1.387557864189148 1.55776846408844 3.468731641769409 -5.511220932006836 1.679144024848938 5.90264368057251 1.4972169257073267 0.18816803395748138
Car -1 -1 2.31 7.58512544631958 201.38308715820312 106.10120058059692 368.0125427246094 1.3653230667114258 1.5931634902954102 3.539604663848877 -5.874508380889893 1.6588576436042786 6.029688835144043 1.540818254946168 0.1880502700805664
Car -1 -1 1.64 490.76953125 175.83230590820312 543.1618041992188 214.0806427001953 1.5066182613372803 1.5072444677352905 3.8054888248443604 -3.7475991249084473 1.6784679293632507 28.93586540222168 1.5160099131481442 0.18569061160087585
Pedestrian -1 -1 -1.54 3.4594380855560303 167.8940887451172 134.18481040000916 352.709228515625 1.6804511547088623 0.6551309823989868 0.5075557827949524 -5.492660045623779 1.5372113585472107 7.296445846557617 -2.182849451013002 0.17415571212768555
Pedestrian -1 -1 -2.03 3.1288609504699707 165.19752502441406 76.39664506912231 355.6568603515625 1.6464264392852783 0.5836338400840759 0.657386064529419 -5.130244255065918 1.6031522750854492 6.083605766296387 -2.728095632036988 0.16821922361850739
Pedestrian -1 -1 -2.3 5.334083080291748 132.15357971191406 96.37351942062378 340.4035339355469 1.759490966796875 0.6612416505813599 0.7246811389923096 -4.80667781829834 1.5718153715133667 5.940483570098877 -2.977369967488344 0.16818039119243622
Car -1 -1 -0.89 1091.2928466796875 74.01388549804688 1249.4886474609375 264.9934997558594 2.287919282913208 1.7343717813491821 4.903347015380859 11.216644287109375 1.2981612533330917 11.295884132385254 -0.10442094275934677 0.16753436625003815
Car -1 -1 2.51 22.155038833618164 173.44955444335938 117.70402717590332 358.342041015625 1.492964506149292 1.590919852256775 3.841343402862549 -4.403054714202881 1.5496898293495178 3.9495513439178467 1.6681938433397567 0.13578879833221436
Car -1 -1 -0.89 1116.838134765625 76.47709655761719 1247.415771484375 305.5747375488281 2.1175031661987305 1.818025827407837 4.77446174621582 11.90829849243164 1.447230488061905 10.574060440063477 -0.04291271653107476 0.0943518802523613