Car -1 -1 -1.33 305.56304931640625 173.35586547851562 484.9423522949219 299.114501953125 1.6812342405319214 1.711369276046753 4.369713306427002 -3.2322895526885986 1.5310699939727783 11.820831298828125 -1.591922297266077 0.8878949284553528
Car -1 -1 -1.59 560.739501953125 178.30679321289062 607.8851318359375 222.60604858398438 1.625533103942871 1.6785823106765747 3.8253321647644043 -0.8969877362251282 1.3734864592552185 28.325529098510742 -1.6256683624864827 0.8847243785858154
Car -1 -1 -1.44 459.4245300292969 181.5966796875 522.1801147460938 227.6191864013672 1.5111972093582153 1.6930774450302124 4.421682357788086 -4.1741180419921875 1.429429829120636 26.221755981445312 -1.596136451217637 0.8732615113258362
Car -1 -1 -1.47 511.3300476074219 182.41244506835938 548.2200317382812 211.03465270996094 1.3924636840820312 1.630014419555664 4.028529644012451 -4.149068355560303 1.291101336479187 38.83238983154297 -1.572206081629548 0.8264583349227905
Car -1 -1 -1.17 231.8887481689453 186.15380859375 352.8865051269531 245.4669189453125 1.4420639276504517 1.63720703125 3.7936527729034424 -8.263958930969238 1.504866123199463 19.161483764648438 -1.5796770628607941 0.823974072933197
Car -1 -1 -0.76 1.0763568878173828 181.31585693359375 149.141695022583 322.6224060058594 1.528730869293213 1.7034804821014404 4.465748310089111 -7.851042747497559 1.546914279460907 8.837715148925781 -1.4878554790738105 0.8121377229690552
Car -1 -1 -1.39 211.54965209960938 184.88209533691406 297.5124206542969 226.14810180664062 1.5029668807983398 1.6215174198150635 3.7173798084259033 -13.274460792541504 1.487781286239624 27.271333694458008 -1.843663150606261 0.7603294253349304
Car -1 -1 -1.02 35.697898864746094 186.16481018066406 204.55892181396484 251.15377807617188 1.5241519212722778 1.6503345966339111 4.124941349029541 -13.121657371520996 1.4778180122375488 19.824031829833984 -1.6032525955621404 0.7567585706710815
Car -1 -1 -0.83 220.4282989501953 185.15322875976562 320.3778381347656 229.65298461914062 1.4154410362243652 1.6108253002166748 3.5809757709503174 -11.930291175842285 1.4268046617507935 25.277923583984375 -1.2692882555405598 0.550325334072113
Car -1 -1 2.23 19.37484359741211 186.47206115722656 190.9936180114746 276.7960205078125 1.434411644935608 1.6880518198013306 4.359501361846924 -12.621230125427246 1.4885411262512207 18.78534698486328 1.6339170843987816 0.5418598055839539
Car -1 -1 -1.1 226.61480712890625 185.6342315673828 336.3596496582031 239.93890380859375 1.4560117721557617 1.6205672025680542 3.7044756412506104 -9.088489532470703 1.519684910774231 20.614116668701172 -1.511064623746865 0.5190095901489258
Car -1 -1 -0.8 4.367715835571289 179.63943481445312 155.13198280334473 282.41558837890625 1.5617105960845947 1.623496413230896 4.035433769226074 -7.978692531585693 1.488710105419159 9.195198059082031 -1.5139452015079984 0.45470988750457764
Car -1 -1 2.94 3.829664707183838 180.6617431640625 183.9570450782776 301.09259033203125 1.4181663990020752 1.6558377742767334 4.173303127288818 -12.643048286437988 1.402732789516449 18.899639129638672 2.3517937622170173 0.43395891785621643
Car -1 -1 -1.08 17.375431060791016 184.36001586914062 175.32930374145508 252.55860900878906 1.5209835767745972 1.6212105751037598 3.9730424880981445 -13.148709297180176 1.5068497061729431 18.66626739501953 -1.6982824241617918 0.34639230370521545
Car -1 -1 0.74 709.2573852539062 247.3214569091797 988.4442138671875 367.7665710449219 1.4863287210464478 1.5794885158538818 3.5283191204071045 0.6764119267463684 1.6633567214012146 2.308215856552124 1.0222981715395676 0.3166528344154358
Car -1 -1 0.79 660.0819091796875 227.94117736816406 1015.3756713867188 374.38995361328125 1.6363251209259033 1.5604569911956787 3.5860774517059326 1.1522656679153442 1.6612575054168701 2.6474719047546387 1.1999116549297604 0.3113897144794464
Car -1 -1 -1.14 241.58616638183594 183.2869873046875 359.1227111816406 234.48851013183594 1.38321852684021 1.6247482299804688 3.721647024154663 -8.543307304382324 1.4334347248077393 20.13433265686035 -1.5402041475790602 0.24920372664928436
Car -1 -1 -0.98 66.7981185913086 185.26187133789062 203.02599334716797 243.56236267089844 1.451492428779602 1.5714941024780273 3.796339988708496 -13.122960090637207 1.5128840804100037 19.885501861572266 -1.5600830766754417 0.2460317760705948
Car -1 -1 -1.54 561.6510009765625 178.7505645751953 597.8652954101562 214.5820770263672 1.5817832946777344 1.644093632698059 3.9637694358825684 -1.018661618232727 1.2786142528057098 29.55649757385254 -1.5776795325127582 0.24411387741565704
Car -1 -1 -1.48 456.62249755859375 180.72921752929688 512.0237426757812 224.44381713867188 1.5274014472961426 1.646290898323059 4.159000873565674 -4.326832294464111 1.410515546798706 26.226055145263672 -1.6474119054193448 0.23075872659683228
Car -1 -1 0.97 670.1963500976562 211.41812133789062 1064.40087890625 382.49505615234375 1.5757365226745605 1.6155976057052612 3.8353209495544434 0.8859657049179077 1.747633457183838 2.7955217361450195 1.2729739096168569 0.22937756776809692
Car -1 -1 0.88 710.1116943359375 240.69436645507812 1052.9561767578125 376.83404541015625 1.5197899341583252 1.5699445009231567 3.6451315879821777 0.8441208600997925 1.6749277114868164 2.987240791320801 1.1543063953043013 0.21882985532283783
Van -1 -1 -1.33 309.18804931640625 175.90313720703125 482.4039306640625 299.68609619140625 1.8450185060501099 1.7889800071716309 4.3828864097595215 -3.2476022243499756 1.6524246335029602 12.174598693847656 -1.595296307542407 0.2176036834716797
Car -1 -1 -1.43 470.671875 182.2247314453125 526.61279296875 223.23284912109375 1.5309059619903564 1.6700547933578491 4.1538405418396 -4.194353103637695 1.4788535237312317 27.178701400756836 -1.5876395553590799 0.21638789772987366
Car -1 -1 1.4 201.88133239746094 187.52151489257812 294.9068603515625 230.17002868652344 1.4104617834091187 1.5762102603912354 3.8886327743530273 -13.0920991897583 1.4837843775749207 27.027894973754883 0.9507244137225657 0.21305660903453827
Van -1 -1 -0.96 -4.563757419586182 179.81649780273438 152.4661955833435 315.26190185546875 1.881939172744751 1.7213315963745117 4.204649448394775 -8.051787376403809 1.663239061832428 9.216020584106445 -1.678090221007431 0.21142816543579102
Car -1 -1 1.01 737.643798828125 257.9268798828125 1015.33154296875 370.87884521484375 1.5047308206558228 1.5979127883911133 3.7465271949768066 0.44051259756088257 1.7157369256019592 2.373779535293579 1.194514475202313 0.20303741097450256
Car -1 -1 -1.04 253.27040100097656 186.87661743164062 370.627197265625 243.30935668945312 1.450697660446167 1.617364764213562 3.679166078567505 -7.941187858581543 1.4841639399528503 19.156599044799805 -1.432856432804912 0.19436022639274597