Van -1 -1 -1.66 521.8862915039062 159.1514892578125 575.1817016601562 210.32240295410156 2.152440309524536 1.8721048831939697 4.713393688201904 -2.6875576972961426 1.2355522960424423 33.50000762939453 -1.7406225630844547 0.8470207452774048
Pedestrian -1 -1 2.12 360.7863464355469 164.5944061279297 393.521728515625 257.680908203125 1.8018019199371338 0.6629886031150818 0.7844361066818237 -4.358421325683594 1.4536834955215454 13.619091033935547 1.8094444251762782 0.7236371636390686
Pedestrian -1 -1 2.16 380.22747802734375 163.27139282226562 415.3400573730469 257.9751281738281 1.8013228178024292 0.657162606716156 0.9433655738830566 -3.965176582336426 1.4712806344032288 13.746188163757324 1.8827829358844443 0.7078195214271545
Pedestrian -1 -1 2.17 371.072509765625 162.43006896972656 407.40130615234375 259.3575134277344 1.7301321029663086 0.6177303791046143 0.8265670537948608 -4.060469150543213 1.427054524421692 13.692998886108398 1.8773602879797098 0.6101268529891968
Pedestrian -1 -1 2.13 363.55419921875 160.47314453125 401.58502197265625 258.8600158691406 1.7730835676193237 0.6818864345550537 0.8730944395065308 -4.320258617401123 1.4142550230026245 13.892228126525879 1.832177293944559 0.5435383319854736
Car -1 -1 -1.61 522.860107421875 160.00112915039062 574.9954223632812 210.05014038085938 1.9844409227371216 1.7447270154953003 3.979452133178711 -2.452765464782715 1.1770530492067337 30.68268585205078 -1.6932229441312057 0.38542884588241577
Van -1 -1 -1.64 519.5668334960938 156.7267608642578 564.8425903320312 205.3310089111328 2.1982622146606445 1.9482923746109009 5.254856586456299 -3.1080758571624756 1.1395580656826496 36.59599304199219 -1.7262292772170023 0.35530614852905273
Pedestrian -1 -1 2.63 69.06689453125 118.26457977294922 153.84132385253906 292.6732406616211 1.9686857461929321 0.6893869042396545 0.909180223941803 -5.928641319274902 1.327760249376297 8.469273567199707 2.0199995057360107 0.3416525721549988
Cyclist -1 -1 -0.9 359.2870788574219 167.306396484375 392.8769226074219 254.60533142089844 1.7798680067062378 0.5924358367919922 1.767330288887024 -4.561991214752197 1.4744632244110107 14.326568603515625 -1.2033038452672402 0.31828826665878296
Cyclist -1 -1 -2.07 375.838134765625 164.18161010742188 413.5207824707031 257.8465576171875 1.706984043121338 0.5197755694389343 1.7318767309188843 -4.201318264007568 1.4467881917953491 13.97517204284668 -2.3578052667396667 0.3026621639728546
Pedestrian -1 -1 2.69 387.136474609375 165.39645385742188 420.3215026855469 256.456298828125 1.8000657558441162 0.651978075504303 0.8962554335594177 -3.9222054481506348 1.4703117609024048 13.721399307250977 2.4080850923624464 0.28997451066970825
Car -1 -1 -2.87 1.0070321559906006 189.50807189941406 18.90226721763611 326.8674011230469 1.545790195465088 1.628809928894043 4.1774444580078125 -5.581971645355225 1.4856236577033997 3.9461276531219482 2.4621410296823854 0.2453586906194687
Van -1 -1 -0.75 490.0935363769531 164.2344512939453 509.22869873046875 186.97592163085938 2.1621856689453125 1.8865896463394165 4.991027355194092 -10.2246732711792 0.582564115524292 69.8887939453125 -0.8964050146093197 0.2435029149055481
Cyclist -1 -1 -1.55 364.4168395996094 162.8265838623047 401.9841613769531 259.8345031738281 1.8010183572769165 0.567374587059021 1.8117456436157227 -4.451785564422607 1.4290419816970825 14.337747573852539 -1.852868128264502 0.24059002101421356
Cyclist -1 -1 -1.71 382.6178894042969 163.59046936035156 418.5563659667969 254.8571014404297 1.7924100160598755 0.5996817946434021 1.85531747341156 -4.188522815704346 1.4625705480575562 14.368973731994629 -1.9911846274723377 0.2345859259366989
Car -1 -1 -1.9 0.745501697063446 194.7076873779297 44.819041430950165 337.7468566894531 1.6989258527755737 1.6494592428207397 3.989075183868408 -3.844362497329712 1.6019396781921387 2.832528829574585 -2.831948703732955 0.23409879207611084
Cyclist -1 -1 -2.0 369.47979736328125 163.52879333496094 409.60516357421875 259.4986572265625 1.7269487380981445 0.5069172978401184 1.7436796426773071 -4.292205333709717 1.4514368772506714 14.02283000946045 -2.296254562451538 0.22765646874904633
Car -1 -1 -2.72 1.9505194425582886 195.33767700195312 21.85299861431122 335.7638244628906 1.5386797189712524 1.6311215162277222 4.238395690917969 -5.677333354949951 1.514190435409546 3.981499195098877 2.6043704311744174 0.21545101702213287
Car -1 -1 -1.69 379.1509704589844 162.7802276611328 416.1217041015625 255.0435791015625 1.6136678457260132 1.5828194618225098 3.8882875442504883 -5.106722354888916 1.4440082907676697 17.315040588378906 -1.9813495194200792 0.21292118728160858
Cyclist -1 -1 -1.49 70.92383575439453 122.96671295166016 162.22129821777344 290.12696075439453 1.9003013372421265 0.5996683239936829 1.827349305152893 -5.848168849945068 1.3159494698047638 8.599224090576172 -2.082709014862978 0.20554926991462708
Car -1 -1 -1.86 -2.350389003753662 173.361572265625 55.482576847076416 359.52197265625 1.5985244512557983 1.6531163454055786 3.9538755416870117 -4.10636568069458 1.6564440727233887 2.5580997467041016 -2.8704902492707554 0.2049296498298645
Van -1 -1 -1.46 731.2909545898438 -16.14475440979004 1271.540283203125 401.7161464691162 2.739145517349243 2.5093281269073486 6.724197864532471 2.7394039630889893 1.4634177312254906 4.708319664001465 -0.9360558762644624 0.20238520205020905
Car -1 -1 -1.84 1.5402368307113647 160.87234497070312 39.26827943325043 361.7519226074219 1.5665431022644043 1.6474931240081787 4.057980537414551 -5.447420120239258 1.6000537872314453 3.48949933052063 -2.8412698146829705 0.18389646708965302
Car -1 -1 -2.47 169.0027618408203 172.7854461669922 270.5923156738281 216.37521362304688 1.5914283990859985 1.596066951751709 3.747570753097534 -14.16977596282959 1.3404704928398132 26.204143524169922 -2.9669739437791574 0.1816350817680359
Car -1 -1 -0.78 0.5048564672470093 183.47039794921875 14.914929747581482 312.0782775878906 1.586152195930481 1.6544551849365234 4.1922287940979 -5.258815765380859 1.4371360540390015 3.812760353088379 -1.723560870496419 0.16826628148555756
Car -1 -1 -1.89 -2.586941957473755 18.956701278686523 15.870440244674683 68.71745872497559 1.5425893068313599 1.6736645698547363 4.385983467102051 -24.372339248657227 -4.22006219625473 26.032438278198242 -2.645826427041035 0.13823100924491882
Pedestrian -1 -1 2.62 731.2909545898438 -16.14475440979004 1271.540283203125 401.7161464691162 1.872066617012024 0.8465157151222229 0.9063143730163574 1.85634446144104 1.0066862627863884 3.9221689701080322 3.05895158552432 0.1344975382089615
Car -1 -1 -1.33 -0.7037755250930786 18.26158905029297 24.27009952068329 70.11058807373047 1.536424160003662 1.6633152961730957 4.362144947052002 -23.63884735107422 -4.120271921157837 25.411418914794922 -2.0831137749172592 0.1241355836391449
Car -1 -1 -2.25 -4.105474948883057 13.609602928161621 17.14543867111206 65.74488735198975 1.581802248954773 1.6722749471664429 4.261264324188232 -25.29979133605957 -4.670588552951813 27.440011978149414 -2.991947175190428 0.11147522181272507