Car -1 -1 1.98 99.49290466308594 177.8306884765625 414.1551971435547 373.2871398925781 1.6146899461746216 1.6675506830215454 4.158714294433594 -3.540273904800415 1.6860235929489136 8.054409980773926 1.5704676970746618 0.8769766092300415
Car -1 -1 -1.87 706.2410888671875 151.90390014648438 872.176025390625 266.3145751953125 1.8627665042877197 1.6469873189926147 3.8419747352600098 3.0156846046447754 1.4740471243858337 13.159640312194824 -1.6482457941309514 0.8757017850875854
Car -1 -1 1.74 411.2012939453125 180.02183532714844 492.27655029296875 242.8756103515625 1.46001136302948 1.5574407577514648 3.636126756668091 -4.180994033813477 1.6841140985488892 19.40416717529297 1.5324260463096948 0.8714773654937744
Car -1 -1 1.8 323.7694091796875 171.5234832763672 473.046875 283.6471862792969 1.7048348188400269 1.645165205001831 3.9287302494049072 -3.6932616233825684 1.6859643459320068 13.052495002746582 1.5225591595892958 0.8702853322029114
Car -1 -1 -1.98 799.3090209960938 175.33168029785156 1121.99072265625 358.8193359375 1.487711787223816 1.625576376914978 4.029866695404053 3.3352346420288086 1.5133936405181885 7.6572394371032715 -1.5673117759708655 0.8688361048698425
Car -1 -1 1.67 486.9263610839844 171.90045166015625 530.460693359375 205.6309356689453 1.6189734935760498 1.6832550764083862 4.2481584548950195 -5.148702621459961 1.5829620957374573 36.93836975097656 1.5321173363929255 0.8284122347831726
Car -1 -1 1.71 383.32464599609375 176.4930877685547 489.01983642578125 256.5957946777344 1.5686930418014526 1.5989314317703247 3.953810214996338 -4.15635871887207 1.7114242315292358 19.465063095092773 1.4969057948756772 0.3157970905303955
Car -1 -1 1.64 494.0975036621094 174.11981201171875 534.8753051757812 205.5989227294922 1.6024562120437622 1.6501985788345337 4.109363555908203 -5.293099403381348 1.680946946144104 40.36716079711914 1.5068458559661266 0.29138630628585815
Van -1 -1 1.76 329.323486328125 173.78335571289062 469.65106201171875 280.9616394042969 1.860689401626587 1.710317611694336 4.280910968780518 -3.854969024658203 1.8652060627937317 13.658281326293945 1.488345724828113 0.2597482204437256
Van -1 -1 1.96 112.47172546386719 169.05838012695312 416.62596130371094 371.5979919433594 1.8367904424667358 1.7632970809936523 4.538693904876709 -3.6334736347198486 1.924513041973114 8.434504508972168 1.5543491254264792 0.24203872680664062
Car -1 -1 2.58 718.3265380859375 160.57693481445312 814.1287841796875 227.35951232910156 1.5800728797912598 1.4702848196029663 3.4273409843444824 4.586214542388916 1.3939900994300842 23.00765037536621 2.773456748915075 0.23630306124687195
Car -1 -1 -1.88 713.9898071289062 153.19723510742188 853.1188354492188 253.4087371826172 1.7008507251739502 1.6334006786346436 4.020990371704102 3.04883074760437 1.3998211026191711 13.151936531066895 -1.6486517967258 0.23190486431121826
Van -1 -1 -1.86 706.4937744140625 154.07650756835938 869.4005737304688 266.7911071777344 1.8527816534042358 1.7199444770812988 4.116759777069092 3.2033252716064453 1.569457471370697 13.928399085998535 -1.6351432043418654 0.22271335124969482
Car -1 -1 1.95 139.09178161621094 176.42730712890625 391.8980407714844 356.1860046386719 1.546378493309021 1.5838861465454102 3.9078052043914795 -3.617743730545044 1.6403772234916687 8.169611930847168 1.5355993101139571 0.22130151093006134
Car -1 -1 -1.55 612.0089111328125 172.22862243652344 638.24658203125 189.83078002929688 1.4588977098464966 1.639893651008606 3.690403699874878 1.1444923877716064 1.3426001071929932 60.88433074951172 -1.5345135446073108 0.21850349009037018
Car -1 -1 1.72 403.6310729980469 177.14231872558594 483.780029296875 247.2739715576172 1.465900182723999 1.5698215961456299 3.6038706302642822 -4.274548053741455 1.7137664556503296 19.070053100585938 1.4988588111190762 0.2027403861284256
Car -1 -1 2.13 504.9940490722656 174.47479248046875 540.2592163085938 201.33937072753906 1.508052110671997 1.6283921003341675 3.9186408519744873 -5.392724990844727 1.6077885627746582 45.60137939453125 2.0126234828022156 0.1913578361272812
Car -1 -1 -2.24 713.922607421875 156.1051483154297 832.9777221679688 239.4244842529297 1.6212729215621948 1.5223368406295776 3.754277229309082 4.410345077514648 1.4521130919456482 20.377517700195312 -2.0230464468638303 0.17542144656181335
Car -1 -1 1.25 522.705078125 174.56973266601562 550.576416015625 193.69363403320312 1.3808872699737549 1.6023718118667603 3.991473913192749 -5.674968242645264 1.6027645468711853 54.25433349609375 1.1500694023490095 0.13173732161521912