Car -1 -1 -0.9 -8.75007152557373 168.15090942382812 379.6962480545044 375.71087646484375 1.7213317155838013 1.6846016645431519 4.152431488037109 -2.8622710704803467 1.7077812552452087 3.8932225704193115 -1.5376364851338744 0.8437960147857666
Car -1 -1 -1.56 598.2955322265625 175.39541625976562 625.936279296875 201.72671508789062 1.6328401565551758 1.7102965116500854 4.350405216217041 0.13684353232383728 1.8376182317733765 47.01534652709961 -1.5538519669420232 0.8356822729110718
Pedestrian -1 -1 -2.89 719.1724853515625 166.523681640625 750.9353637695312 261.0058898925781 1.6969088315963745 0.6313549280166626 0.6070888638496399 2.4785633087158203 1.628416359424591 14.066511154174805 -2.715625393818179 0.7795793414115906
Cyclist -1 -1 -1.77 785.4390258789062 148.41749572753906 890.7959594726562 290.9076843261719 1.8792673349380493 0.6029518842697144 1.890838384628296 3.140171527862549 1.5504913330078125 10.286772727966309 -1.4738670173319672 0.7784398794174194
Car -1 -1 1.78 421.0105895996094 184.95481872558594 462.589599609375 210.91502380371094 1.5507736206054688 1.7129898071289062 4.2213335037231445 -10.478246688842773 2.3300596475601196 44.93662643432617 1.5509824610175311 0.7445895075798035
Cyclist -1 -1 -1.65 750.8888549804688 160.73190307617188 828.0704345703125 282.53955078125 1.8402594327926636 0.6008216738700867 1.7677487134933472 2.743303060531616 1.6449206471443176 11.180695533752441 -1.4138882489652982 0.6048886179924011
Cyclist -1 -1 -2.01 767.0877685546875 151.6798553466797 857.4697875976562 286.0460205078125 1.9067946672439575 0.589849054813385 1.8667887449264526 3.090085744857788 1.6002530455589294 11.190930366516113 -1.744925052631399 0.5640464425086975
Pedestrian -1 -1 2.79 782.4261474609375 151.58047485351562 890.2277221679688 295.0077819824219 1.8639070987701416 0.5981619954109192 1.0506103038787842 3.0677642822265625 1.5964975953102112 9.908804893493652 3.0925216261272332 0.5626090168952942
Car -1 -1 2.39 4.633601665496826 165.71217346191406 91.4782977104187 201.28713989257812 1.6624890565872192 1.6346999406814575 4.065534591674805 -26.040157318115234 1.3724586963653564 32.47410202026367 1.7108451605129265 0.5509149432182312
Pedestrian -1 -1 1.56 760.0178833007812 154.63790893554688 811.7981567382812 282.8074035644531 1.8761192560195923 0.7177366018295288 0.9343734383583069 2.6777491569519043 1.630997896194458 11.42403793334961 1.7893169907376265 0.5506619215011597
Pedestrian -1 -1 2.17 747.8616333007812 155.83856201171875 820.1926879882812 286.1767272949219 1.817888617515564 0.6640528440475464 1.0759333372116089 2.648164749145508 1.6318886876106262 11.032054901123047 2.4061901639629486 0.5281849503517151
Cyclist -1 -1 1.13 749.2091674804688 153.58990478515625 847.3137817382812 290.6126403808594 1.8532789945602417 0.6685790419578552 1.879846453666687 2.8556876182556152 1.610109269618988 11.003764152526855 1.3875009301159942 0.5150145292282104
Pedestrian -1 -1 1.19 766.0309448242188 151.43748474121094 822.0667724609375 273.4560241699219 1.8950897455215454 0.6746007800102234 0.7635437846183777 3.066007614135742 1.6034493446350098 12.141510009765625 1.4377527820723763 0.4835217595100403
Pedestrian -1 -1 1.98 723.9024047851562 168.9786376953125 755.5792236328125 263.8211364746094 1.6401052474975586 0.5920828580856323 0.6423487067222595 2.4919745922088623 1.6207680106163025 13.864893913269043 2.1598431410444556 0.43253251910209656
Cyclist -1 -1 0.5 716.290771484375 168.6230010986328 756.5962524414062 262.3492736816406 1.7055689096450806 0.5696493983268738 1.7717409133911133 2.483229637145996 1.6625310182571411 14.419902801513672 0.6698821228265981 0.42650747299194336
Cyclist -1 -1 -1.39 778.7738647460938 149.8318328857422 873.4996948242188 276.1880187988281 1.9039424657821655 0.6708798408508301 1.8655699491500854 3.3253979682922363 1.5870026350021362 11.310807228088379 -1.0997435742335657 0.3919873833656311
Pedestrian -1 -1 1.82 772.459228515625 152.6173858642578 853.4041748046875 276.6531066894531 1.8756046295166016 0.6976194381713867 0.7886236310005188 3.221012592315674 1.5898281335830688 11.748635292053223 2.0891786262933323 0.36021703481674194
Pedestrian -1 -1 1.37 744.57958984375 169.22772216796875 794.0276489257812 274.2215270996094 1.7249122858047485 0.6535871624946594 0.8798223733901978 2.5367321968078613 1.6437835693359375 11.40165901184082 1.5884135057441222 0.34921446442604065
Cyclist -1 -1 0.28 763.5047607421875 153.86294555664062 839.0159301757812 270.0550842285156 1.9440842866897583 0.6822010278701782 1.9252382516860962 3.4383151531219482 1.6926541924476624 12.96226692199707 0.5433534020649624 0.3436739444732666
Cyclist -1 -1 -1.8 744.9012451171875 167.2939910888672 811.0219116210938 280.0250549316406 1.8232858180999756 0.6077137589454651 1.7065249681472778 2.703510284423828 1.6426123976707458 11.357308387756348 -1.5623749725572402 0.3416332006454468
Pedestrian -1 -1 1.77 723.9884033203125 169.69065856933594 765.693603515625 264.40521240234375 1.609125018119812 0.5632481575012207 0.6399750709533691 2.49088454246521 1.6091890335083008 13.620128631591797 1.9545465548362255 0.3395722210407257
Pedestrian -1 -1 2.45 785.87890625 150.43080139160156 873.7756958007812 282.4869079589844 1.7980629205703735 0.7011682391166687 0.8979372382164001 3.247109889984131 1.5368685722351074 10.955557823181152 2.741857554592822 0.33647218346595764
Pedestrian -1 -1 1.28 744.9012451171875 167.2939910888672 811.0219116210938 280.0250549316406 1.7329950332641602 0.6675609946250916 0.9126861691474915 2.6136274337768555 1.591978132724762 10.974669456481934 1.5164334478368673 0.33390679955482483
Pedestrian -1 -1 2.22 736.4896240234375 171.50772094726562 763.9771728515625 265.0819396972656 1.6546226739883423 0.6081334352493286 0.7249038219451904 2.5172407627105713 1.60858553647995 13.492607116699219 2.4054923674701225 0.3309853971004486
Cyclist -1 -1 1.14 720.50537109375 167.6583709716797 764.5858154296875 264.93304443359375 1.7714523077011108 0.5953803062438965 1.7675977945327759 2.5742766857147217 1.6777371168136597 14.435262680053711 1.3115001694857824 0.3071720600128174
Pedestrian -1 -1 1.03 757.1665649414062 155.59413146972656 798.8401489257812 271.7843933105469 1.7720798254013062 0.7387657761573792 0.9599518179893494 2.8756396770477295 1.580181360244751 12.45165729522705 1.2557412745929675 0.3060041666030884
Cyclist -1 -1 -0.2 189.1883544921875 182.7779083251953 281.8944396972656 257.8537292480469 1.8003482818603516 0.6502995491027832 1.841134786605835 -8.687607765197754 2.0018900632858276 17.02363395690918 -0.6692448248586285 0.3015371263027191
Pedestrian -1 -1 1.84 757.243896484375 155.05877685546875 834.8834228515625 282.09478759765625 1.850250005722046 0.6391732692718506 1.0478636026382446 2.736610174179077 1.618858277797699 10.616659164428711 2.0964250379928497 0.29942786693573
Pedestrian -1 -1 1.47 733.2161254882812 175.51210021972656 760.3447875976562 256.5809631347656 1.5405043363571167 0.5611763000488281 0.7289096117019653 2.54416561126709 1.5769129991531372 13.682138442993164 1.6574969488558722 0.2942501902580261
Pedestrian -1 -1 1.52 736.9473266601562 172.61170959472656 782.7933349609375 270.099853515625 1.667379379272461 0.6676301956176758 0.8693152070045471 2.447563648223877 1.5778653621673584 11.46219539642334 1.7344757185545099 0.2908703684806824
Cyclist -1 -1 0.26 759.8485717773438 154.05361938476562 817.5210571289062 280.70489501953125 1.8584543466567993 0.6184585690498352 1.8783482313156128 2.9781925678253174 1.5899069905281067 12.203851699829102 0.5020372943729825 0.283136248588562
Car -1 -1 -1.98 784.8338623046875 149.1872100830078 891.7620849609375 290.0057373046875 1.8136154413223267 1.6679160594940186 4.187323093414307 3.8782565593719482 1.6087114214897156 13.085043907165527 -1.6898977847046925 0.2765014171600342
Pedestrian -1 -1 2.33 739.1604614257812 164.99978637695312 776.2661743164062 266.1652526855469 1.7959932088851929 0.6820401549339294 1.0083637237548828 2.6317574977874756 1.6616932153701782 13.056327819824219 2.524949885807427 0.27420225739479065
Pedestrian -1 -1 2.32 768.5928344726562 153.88241577148438 865.1190185546875 290.9768371582031 1.829881191253662 0.6378470063209534 1.0417273044586182 2.860787868499756 1.585584580898285 9.923505783081055 2.5963911286655623 0.2741859555244446
Car -1 -1 -1.12 0.9683380126953125 166.95240783691406 67.74019622802734 204.54185485839844 1.6003968715667725 1.6898753643035889 3.9554367065429688 -25.870054244995117 1.3798890113830566 31.177772521972656 -1.8103608908119746 0.26834189891815186
Cyclist -1 -1 1.18 739.6214599609375 165.7460479736328 800.6497802734375 272.3426818847656 1.750535249710083 0.6486039161682129 1.8381564617156982 2.6113767623901367 1.608957588672638 12.654125213623047 1.38051129492316 0.26608771085739136
Pedestrian -1 -1 0.26 191.94174194335938 182.6117706298828 279.1181335449219 257.2967529296875 1.7381346225738525 0.6309952139854431 0.6608673334121704 -8.205796241760254 1.9446831941604614 16.04804229736328 -0.2134413510513049 0.26528170704841614
Truck -1 -1 -0.39 777.0838623046875 152.089111328125 890.3142700195312 289.69061279296875 2.9007387161254883 2.4059243202209473 6.499228000640869 4.397540092468262 2.1518935561180115 15.285324096679688 -0.1111570767126957 0.24349328875541687
Pedestrian -1 -1 -0.22 716.0155029296875 170.89942932128906 748.3937377929688 253.47352600097656 1.649739384651184 0.5891210436820984 0.7559564709663391 2.543137788772583 1.6025638580322266 14.567452430725098 -0.047877786171024894 0.2380552887916565
Car -1 -1 2.24 4.298356056213379 164.49362182617188 80.76490116119385 206.9009552001953 1.5958738327026367 1.6080701351165771 4.005239963531494 -25.305376052856445 1.379004955291748 31.36996841430664 1.5651886101963344 0.2257724553346634
Car -1 -1 -1.53 745.6708984375 152.57879638671875 824.2153930664062 285.6171569824219 1.7682188749313354 1.612712025642395 4.111215114593506 3.4376583099365234 1.724250078201294 14.42088794708252 -1.2940270401039724 0.22468498349189758
Pedestrian -1 -1 1.53 739.625 177.7290496826172 765.412109375 250.2646484375 1.4738041162490845 0.5350915789604187 0.6985774040222168 3.2641773223876953 1.5867085456848145 16.014219284057617 1.7268913766570666 0.2246377170085907
Cyclist -1 -1 -0.7 798.3536376953125 158.63668823242188 900.3055419921875 286.0418395996094 1.8602831363677979 0.5937939286231995 1.8631243705749512 3.315502405166626 1.5950267910957336 10.321094512939453 -0.3880821341366745 0.2213234007358551
Pedestrian -1 -1 1.31 751.6898803710938 159.0514678955078 788.787841796875 263.5046691894531 1.7187507152557373 0.737808346748352 1.000921368598938 2.9240901470184326 1.5843312740325928 13.275725364685059 1.53024573150973 0.21852801740169525
Van -1 -1 -1.31 782.869873046875 154.3893585205078 892.1021118164062 287.2611083984375 1.9345438480377197 1.8848379850387573 4.470948219299316 4.0280442237854 1.6563141345977783 13.236587524414062 -1.0115224232581896 0.21789725124835968
Pedestrian -1 -1 1.34 769.50537109375 153.14881896972656 829.301513671875 261.5689392089844 1.8396011590957642 0.7020426392555237 0.846981406211853 3.248532295227051 1.5400197505950928 12.387907028198242 1.5999807227051805 0.21573325991630554
Car -1 -1 -1.89 145.9742889404297 194.43487548828125 284.6785888671875 258.0661926269531 1.5434385538101196 1.5828248262405396 3.66517972946167 -10.810338020324707 2.101540267467499 20.48995590209961 -2.373814667393166 0.21393275260925293
Pedestrian -1 -1 2.3 744.1455688476562 171.42710876464844 771.6121215820312 252.47120666503906 1.678105115890503 0.6441701650619507 0.814655601978302 2.9738588333129883 1.601704716682434 14.4778413772583 2.5072596724310925 0.21349205076694489
Cyclist -1 -1 0.28 731.9646606445312 162.91290283203125 784.112548828125 267.2962341308594 1.875555396080017 0.6484504342079163 1.8976235389709473 2.8432087898254395 1.756605327129364 14.924362182617188 0.4705957283098794 0.2108035385608673
Pedestrian -1 -1 1.48 735.029541015625 168.45059204101562 771.796875 260.62078857421875 1.695468783378601 0.6699736714363098 0.8015995025634766 2.7539920806884766 1.6217797994613647 13.578136444091797 1.6811362009749313 0.20988114178180695
Car -1 -1 1.34 796.21142578125 167.5933837890625 878.6449584960938 218.70391845703125 1.642662763595581 1.670199990272522 4.206800937652588 9.080216407775879 1.562914252281189 29.78851890563965 1.636045490894693 0.2085694670677185
Car -1 -1 2.0 792.8834838867188 161.8345947265625 876.5352783203125 237.05162048339844 1.6721807718276978 1.5998153686523438 3.9280006885528564 8.461780548095703 1.727412760257721 28.180465698242188 2.296285536647681 0.20777656137943268
Pedestrian -1 -1 0.99 765.705078125 153.11029052734375 810.3963623046875 261.64703369140625 1.8239896297454834 0.7108070254325867 0.9175086617469788 3.098522663116455 1.56793874502182 12.550651550292969 1.2304866058293218 0.20664149522781372
Car -1 -1 -0.48 6.691375255584717 166.6674041748047 91.37599897384644 211.88499450683594 1.6078577041625977 1.59716796875 3.703808307647705 -26.336143493652344 1.3714962601661682 32.63855743408203 -1.1592897239311846 0.20531001687049866
Car -1 -1 -2.17 786.9266967773438 158.85183715820312 879.40087890625 268.8454284667969 1.710221529006958 1.579925298690796 3.6911916732788086 4.552844047546387 1.6308615803718567 15.199263572692871 -1.8761372427740373 0.19932915270328522
Car -1 -1 -2.82 772.459228515625 152.6173858642578 853.4041748046875 276.6531066894531 1.7500869035720825 1.559962511062622 3.787365436553955 4.448037147521973 1.686276614665985 16.747419357299805 -2.5640510583099445 0.1984938532114029
Cyclist -1 -1 -1.9 816.2272338867188 163.072021484375 912.1806030273438 280.2540588378906 1.7744790315628052 0.625482439994812 1.8452951908111572 3.5627574920654297 1.5408767461776733 10.747027397155762 -1.5762999588197815 0.1980811506509781
Car -1 -1 -0.92 26.535865783691406 168.168212890625 338.74210357666016 336.8925476074219 1.6597154140472412 1.7111685276031494 4.216367721557617 -2.9959328174591064 1.546551525592804 4.099654197692871 -1.5556109522479202 0.19263730943202972
Cyclist -1 -1 3.11 764.2921142578125 154.50186157226562 853.9716796875 256.12542724609375 1.8844642639160156 0.6608424186706543 1.943450927734375 3.422659158706665 1.5644243955612183 12.15664291381836 -2.8947104269180945 0.19080254435539246
Pedestrian -1 -1 1.78 755.4439697265625 167.4901580810547 806.3787231445312 257.6483154296875 1.7515320777893066 0.6418622732162476 0.7908129096031189 3.4109535217285156 1.652151107788086 14.910340309143066 2.003225834777991 0.18846604228019714
Pedestrian -1 -1 1.06 735.0509643554688 163.95452880859375 791.7255859375 264.404052734375 1.69070303440094 0.6480879783630371 0.7335496544837952 2.7193057537078857 1.5902321934700012 13.074963569641113 1.2673127522148935 0.18528538942337036
Pedestrian -1 -1 2.29 751.8159790039062 170.18148803710938 792.8065795898438 252.62420654296875 1.6925767660140991 0.6484248638153076 0.7973660826683044 3.437145948410034 1.6575843691825867 15.692646980285645 2.503991055171527 0.17949853837490082
Van -1 -1 2.32 227.0332794189453 176.72682189941406 320.19964599609375 224.60601806640625 2.1616880893707275 1.8776320219039917 4.645293712615967 -15.56363296508789 2.305881381034851 33.3033561706543 1.8875450940138787 0.17842364311218262
Car -1 -1 0.36 14.476438522338867 164.79893493652344 210.99879264831543 307.0247802734375 1.557181477546692 1.6525144577026367 4.263009548187256 -8.787215232849121 1.7003238797187805 10.522977828979492 -0.33984742105179144 0.17839592695236206
Cyclist -1 -1 2.03 792.5942993164062 159.23585510253906 870.7279663085938 235.43995666503906 1.9855183362960815 0.6523293256759644 1.9106314182281494 4.292651176452637 1.585054099559784 14.29371166229248 2.318794382417048 0.1782565414905548
Car -1 -1 -1.18 0.6480482220649719 167.3214569091797 50.68235379457474 203.98431396484375 1.598008394241333 1.6848368644714355 3.8351709842681885 -25.85257339477539 1.3789284825325012 30.412288665771484 -1.8801474261212947 0.17654827237129211
Car -1 -1 -2.19 763.5047607421875 153.86294555664062 839.0159301757812 270.0550842285156 1.7148023843765259 1.6216926574707031 3.7881100177764893 5.387521743774414 1.868120014667511 20.9479923248291 -1.9390471962967526 0.17207801342010498
Cyclist -1 -1 -1.68 745.8534545898438 162.14614868164062 801.23486328125 256.1618957519531 1.85657799243927 0.6152982711791992 1.8143054246902466 3.6281521320343018 1.6655203700065613 15.929098129272461 -1.4543354492640814 0.16536866128444672
Car -1 -1 -1.6 114.73931121826172 191.9278106689453 279.36949920654297 266.3913269042969 1.6691025495529175 1.622568130493164 3.855588674545288 -11.131363868713379 2.264887750148773 20.376583099365234 -2.104809245933536 0.15456652641296387
Car -1 -1 -2.75 12.979703903198242 160.92282104492188 255.57647514343262 318.4980773925781 1.5994685888290405 1.6886988878250122 4.3173136711120605 -9.457972526550293 1.9256232380867004 11.7402982711792 2.8539435432327984 0.15292209386825562
Van -1 -1 -1.93 26.07062339782715 168.86582946777344 309.46722984313965 319.4873046875 1.9411169290542603 1.813892126083374 4.155925273895264 -7.925910472869873 1.9646132588386536 12.187410354614258 -2.5110012871918013 0.14858224987983704
Car -1 -1 2.32 12.474377632141113 163.5091094970703 163.46822834014893 310.9373474121094 1.521754503250122 1.650471806526184 4.076083183288574 -7.948756217956543 1.5716954469680786 8.99160385131836 1.5916134060914837 0.13712270557880402
Pedestrian -1 -1 -0.9 -0.6938821077346802 175.8881072998047 128.86503207683563 352.03094482421875 1.7920923233032227 0.6532414555549622 0.6744066476821899 -6.804200649261475 1.8116239309310913 8.520137786865234 -1.5702575208084726 0.13679718971252441
Car -1 -1 -2.06 83.7490234375 188.8028564453125 269.6207275390625 279.3150329589844 1.700194239616394 1.68354070186615 3.971623659133911 -12.123705863952637 2.3347622752189636 20.79920768737793 -2.591093449996899 0.12792183458805084
Car -1 -1 -2.5 56.050994873046875 181.27029418945312 265.5244445800781 306.0265808105469 1.752752423286438 1.6743241548538208 4.221352577209473 -10.00226879119873 2.2891334891319275 14.598981857299805 -3.0996701034153924 0.10266311466693878