Car -1 -1 -2.06 57.960479736328125 204.4249267578125 210.90924072265625 271.33428955078125 1.3493086099624634 1.5428422689437866 3.327500820159912 -10.995054244995117 2.080219328403473 16.54219627380371 -2.64813765277688 0.863393247127533
Car -1 -1 1.34 535.8433227539062 181.6945343017578 619.0017700195312 230.8457489013672 1.4505475759506226 1.515799880027771 3.4181652069091797 -1.055380940437317 1.7412073016166687 22.542051315307617 1.295219071518348 0.8561244606971741
Car -1 -1 -2.14 223.3163299560547 172.49330139160156 476.2510986328125 295.8114318847656 1.726659893989563 1.6459600925445557 3.8427538871765137 -4.321731090545654 1.7359881401062012 11.749579429626465 -2.492152161525686 0.8541595935821533
Car -1 -1 1.6 457.6224365234375 182.23858642578125 534.2861938476562 226.20513916015625 1.3893259763717651 1.4984544515609741 3.4247145652770996 -3.9319231510162354 1.7325947880744934 25.102792739868164 1.4459858660212968 0.8435248732566833
Car -1 -1 0.75 597.4894409179688 174.38487243652344 716.7760009765625 220.5004425048828 1.432695746421814 1.5342086553573608 3.786790132522583 1.5837419033050537 1.5681325197219849 24.87095069885254 0.8104199271590913 0.7435225248336792
Car -1 -1 2.45 124.03627014160156 187.8651885986328 231.3220977783203 225.64044189453125 1.5433176755905151 1.693386197090149 4.3511247634887695 -18.131589889526367 2.147968113422394 30.43363380432129 1.9113625335598803 0.7284631729125977
Van -1 -1 -2.16 223.28631591796875 169.68238830566406 478.8412170410156 296.6743469238281 1.8794288635253906 1.775901198387146 4.396613597869873 -4.547544479370117 1.841804563999176 12.259161949157715 -2.518657642808976 0.711700975894928
Car -1 -1 2.75 104.65350341796875 190.87039184570312 224.69259643554688 233.432373046875 1.557172417640686 1.6814106702804565 4.158947467803955 -18.152820587158203 2.2322030663490295 29.93181610107422 2.199922172272905 0.3763233423233032
Car -1 -1 -2.31 68.3525161743164 197.71971130371094 219.18350982666016 261.8044128417969 1.4410433769226074 1.6482881307601929 3.7841105461120605 -10.812640190124512 1.9952818155288696 16.756908416748047 -2.8862374771399457 0.33412158489227295
Car -1 -1 2.48 38.01846694946289 192.0359344482422 149.00384902954102 229.5448455810547 1.5066570043563843 1.605145812034607 4.218499183654785 -23.943923950195312 2.3875522017478943 33.740779876708984 1.8661513107030103 0.25996094942092896
Car -1 -1 -1.89 53.08774948120117 199.32447814941406 190.2843132019043 257.2122497558594 1.4381083250045776 1.5705420970916748 3.5799221992492676 -12.86984634399414 2.13604336977005 18.845504760742188 -2.490352778057387 0.23323403298854828
Car -1 -1 0.43 734.329345703125 158.2683868408203 893.110595703125 221.42648315429688 1.66893470287323 1.6532230377197266 3.9365885257720947 6.012253761291504 1.5289695262908936 20.905099868774414 0.7051191088575042 0.22841477394104004
Car -1 -1 -1.95 83.66097259521484 195.99465942382812 221.50240325927734 252.20870971679688 1.483088731765747 1.6374646425247192 4.165560245513916 -18.919233322143555 2.2731844186782837 30.21413803100586 -2.507375711072382 0.21062663197517395
Van -1 -1 0.66 594.7801513671875 175.79714965820312 719.259033203125 221.9666290283203 1.76438307762146 1.7338151931762695 3.9825658798217773 1.7712820768356323 1.690066397190094 25.8338623046875 0.7243744320898795 0.20671576261520386
Van -1 -1 -0.76 743.7576904296875 152.47463989257812 905.5067749023438 214.0108184814453 2.159040689468384 2.0610618591308594 4.877313613891602 6.86362361907959 1.534250944852829 23.141983032226562 -0.47598622694777637 0.1869848668575287
Car -1 -1 2.39 55.212928771972656 192.17726135253906 159.69708251953125 230.7581329345703 1.4537312984466553 1.6051132678985596 3.9330971240997314 -23.734140396118164 2.4182465076446533 33.71889877319336 1.7735133120611906 0.1830229014158249
Car -1 -1 2.28 28.637683868408203 192.63760375976562 128.1745948791504 232.521240234375 1.4929295778274536 1.6187944412231445 4.128540992736816 -24.20585060119629 2.401627004146576 33.37461471557617 1.6484908996712022 0.16999974846839905
Car -1 -1 -0.09 747.489990234375 152.2421875 902.70947265625 215.33995056152344 1.818734049797058 1.7599197626113892 3.814368963241577 5.934176921844482 1.485167682170868 20.64925765991211 0.19040862841138084 0.16939888894557953
Car -1 -1 -1.28 58.89714813232422 193.11050415039062 185.70889282226562 242.75009155273438 1.4684903621673584 1.6411782503128052 3.955256223678589 -15.615872383117676 2.1934255361557007 23.0819091796875 -1.8796357053082815 0.13055934011936188