Car -1 -1 -1.28 290.8739013671875 180.07884216308594 461.26678466796875 291.4467468261719 1.5878978967666626 1.6608388423919678 4.110080242156982 -3.7581799030303955 1.5200097560882568 12.451348304748535 -1.5710540068199448 0.8994991779327393
Car -1 -1 -1.71 687.7232055664062 185.75820922851562 780.4892578125 252.1793212890625 1.432515263557434 1.5872036218643188 3.6693150997161865 3.094165086746216 1.4903028011322021 18.228605270385742 -1.5446419543636356 0.8944511413574219
Car -1 -1 -1.41 443.9375 178.92770385742188 508.03399658203125 230.82473754882812 1.5324430465698242 1.635975956916809 3.8577635288238525 -4.378558158874512 1.3851667046546936 24.621145248413086 -1.5887001586321947 0.8811520934104919
Car -1 -1 -1.65 631.0681762695312 180.0740966796875 664.8933715820312 205.756103515625 1.513012170791626 1.6350139379501343 4.24100923538208 2.4882972240448 1.2233100533485413 44.65862274169922 -1.5939116265981532 0.8516923785209656
Car -1 -1 -0.99 153.93101501464844 185.04930114746094 315.2857360839844 257.3144836425781 1.5488299131393433 1.6462881565093994 4.007441997528076 -8.673733711242676 1.5524857640266418 17.20607566833496 -1.4554904855324748 0.8419249057769775
Car -1 -1 -1.49 499.606201171875 180.73565673828125 537.0093383789062 210.9801483154297 1.451424479484558 1.6250661611557007 3.9523048400878906 -4.6614460945129395 1.2744141817092896 38.2327880859375 -1.6080014778800926 0.8351175785064697
Car -1 -1 -0.88 -1.4488924741744995 186.8094482421875 313.056112408638 375.9735107421875 1.5313186645507812 1.5987143516540527 3.729393482208252 -3.476811408996582 1.5733651518821716 4.594078540802002 -1.5322259702213792 0.8289263248443604
Car -1 -1 -1.6 585.3812255859375 177.4631805419922 616.9170532226562 205.42446899414062 1.6286519765853882 1.6914660930633545 4.098918914794922 -0.39983904361724854 1.2058443129062653 44.91587448120117 -1.606053754618518 0.816255509853363
Car -1 -1 -1.16 128.4981231689453 183.63893127441406 320.1644592285156 264.9369201660156 1.5317448377609253 1.6536799669265747 4.306338310241699 -8.45591926574707 1.5400983691215515 16.441328048706055 -1.6398104681265142 0.7060629725456238
Car -1 -1 -0.77 525.1110229492188 180.4281005859375 552.5071411132812 203.9700927734375 1.5189316272735596 1.5921595096588135 4.095802307128906 -4.762901306152344 1.2296319901943207 50.89313507080078 -0.8638965397844869 0.6920539140701294
Van -1 -1 -1.3 389.1771240234375 171.25376892089844 449.753173828125 215.453125 1.9822721481323242 1.9432599544525146 4.680792808532715 -9.401409149169922 1.3024357855319977 36.595611572265625 -1.5494299989739293 0.5866679549217224
Car -1 -1 -1.6 579.664794921875 176.3453826904297 609.9705200195312 203.16990661621094 1.6406762599945068 1.6383919715881348 4.249453544616699 -0.6042992472648621 1.1799079179763794 45.82582092285156 -1.6133390843818507 0.47789594531059265
Car -1 -1 -0.95 12.313233375549316 173.35267639160156 297.16961765289307 342.8585510253906 1.5105599164962769 1.646323800086975 3.761887788772583 -3.5287680625915527 1.4617159962654114 4.9537811279296875 -1.5685104654307302 0.35502293705940247
Car -1 -1 -2.06 506.8459167480469 179.59385681152344 542.3395385742188 208.3628692626953 1.5121456384658813 1.599350094795227 3.8279950618743896 -4.522944450378418 1.266246259212494 39.62248992919922 -2.1770224388883204 0.3337303698062897
Car -1 -1 -1.49 576.7384033203125 176.3640594482422 600.6598510742188 201.07594299316406 1.6221693754196167 1.661994218826294 4.286208152770996 -1.460640788078308 1.1185322701931 54.748626708984375 -1.5180706805041382 0.3332681357860565
Car -1 -1 -1.61 578.2652587890625 171.21852111816406 607.5932006835938 200.90965270996094 1.7065893411636353 1.6696468591690063 4.182923316955566 -0.8352855443954468 1.0934194922447205 47.40145492553711 -1.6243330417325392 0.30624517798423767
Car -1 -1 -0.32 542.0079956054688 178.58563232421875 560.813232421875 196.75238037109375 1.6279000043869019 1.6186976432800293 3.9295051097869873 -5.587839603424072 0.9020971432328224 75.19518280029297 -0.3985150979402925 0.30560439825057983
Car -1 -1 -1.13 98.80159759521484 181.0389862060547 319.4779281616211 297.91033935546875 1.5960891246795654 1.6533019542694092 4.149678707122803 -8.406240463256836 1.718599259853363 15.494819641113281 -1.6261821433092978 0.2908274233341217
Car -1 -1 -1.5 576.4979248046875 167.7126007080078 603.224365234375 199.15960693359375 1.686308741569519 1.6961593627929688 4.24056339263916 -1.3482868671417236 1.0014656484127045 54.166954040527344 -1.5292931123195528 0.2716977000236511
Car -1 -1 1.61 519.743408203125 180.00611877441406 549.2301025390625 203.8459930419922 1.5414108037948608 1.615256667137146 4.085651397705078 -4.961262226104736 1.1292861998081207 52.009246826171875 1.5196583021737533 0.2646028399467468
Car -1 -1 -0.86 55.123207092285156 195.4471435546875 329.49234771728516 375.3087463378906 1.5565463304519653 1.6169780492782593 3.8676116466522217 -3.2043704986572266 1.480488896369934 4.758142471313477 -1.4543371845466524 0.25995564460754395
Van -1 -1 -1.65 582.7185668945312 175.9606170654297 613.8267211914062 204.33241271972656 2.124300479888916 1.811845302581787 4.699174404144287 -0.7936176061630249 1.089262643828988 54.64568328857422 -1.6616747673785381 0.25755637884140015
Car -1 -1 -1.34 453.3341979980469 177.1363525390625 506.5050354003906 220.53392028808594 1.596575140953064 1.6579519510269165 3.9459493160247803 -4.526294708251953 1.374631404876709 25.38901710510254 -1.5199477541775694 0.25720149278640747
Car -1 -1 -1.33 306.7451171875 180.08590698242188 450.1028137207031 268.0003356933594 1.582118272781372 1.652305006980896 4.010354042053223 -3.953225612640381 1.4617573022842407 12.94713020324707 -1.6240803972682976 0.22520709037780762
Car -1 -1 -1.42 97.25004577636719 179.00999450683594 300.2808837890625 276.1717224121094 1.4397696256637573 1.6471065282821655 4.057906627655029 -8.741296768188477 1.508930265903473 16.26382064819336 -1.9102034538054653 0.21278023719787598
Car -1 -1 -1.31 393.1807861328125 172.311279296875 450.2095031738281 215.998291015625 1.6885449886322021 1.6465845108032227 4.178454875946045 -8.440600395202637 1.237776666879654 33.63941955566406 -1.56054951865221 0.21101410686969757
Car -1 -1 -1.5 441.4346008300781 178.130859375 494.5830078125 226.94342041015625 1.561196208000183 1.6431965827941895 3.906726121902466 -4.637803077697754 1.3538026809692383 24.77532196044922 -1.6841936874846803 0.2101675570011139
Pedestrian -1 -1 1.13 390.5505676269531 169.27259826660156 447.6744079589844 215.3824005126953 1.8814224004745483 0.6482707858085632 0.8928026556968689 -7.147972106933594 1.3064671754837036 26.867815017700195 0.8657338659500073 0.20129390060901642
Car -1 -1 0.92 534.3443603515625 179.18711853027344 556.1630859375 199.6427764892578 1.6031237840652466 1.5865193605422974 3.8031888008117676 -6.185922622680664 0.968136191368103 73.14122009277344 0.8318713932770105 0.20100656151771545
Car -1 -1 -1.46 512.8603515625 180.80914306640625 545.5415649414062 207.62759399414062 1.5150048732757568 1.6091684103012085 4.095708847045898 -4.4437336921691895 1.2906468510627747 39.75430679321289 -1.5676178967385734 0.187630295753479
Car -1 -1 1.64 529.7346801757812 180.81536865234375 552.1265869140625 200.0269012451172 1.604390263557434 1.65538489818573 3.8368077278137207 -5.313947677612305 1.235013335943222 56.14651107788086 1.5430692550646725 0.1840737760066986
Car -1 -1 -1.48 577.6673583984375 178.73501586914062 604.3768310546875 202.8402862548828 1.530118703842163 1.5991837978363037 4.144351005554199 -1.2756569385528564 1.1966547071933746 53.88848114013672 -1.5006562013567457 0.18188725411891937
Van -1 -1 -1.54 578.2652587890625 171.21852111816406 607.5932006835938 200.90965270996094 2.351790189743042 1.966099739074707 5.207774639129639 -1.2692900896072388 0.8910657167434692 60.122344970703125 -1.556940604440241 0.17359782755374908
Car -1 -1 -1.47 57.411808013916016 182.49546813964844 280.5630531311035 299.0614318847656 1.3937711715698242 1.6600173711776733 3.8629796504974365 -5.553103446960449 1.5063380002975464 8.579567909240723 -2.041336526294879 0.1735432744026184
Car -1 -1 -0.97 40.06262969970703 188.30970764160156 320.3323440551758 333.15802001953125 1.5231232643127441 1.678045392036438 3.866892099380493 -4.109244346618652 1.5426942110061646 6.384366035461426 -1.54063814503513 0.16148607432842255
Van -1 -1 -1.54 580.6138305664062 173.39492797851562 610.6329345703125 202.9718475341797 2.22851824760437 1.8956542015075684 4.992890357971191 -1.1746330261230469 0.8627423644065857 59.767303466796875 -1.557566447154362 0.15077337622642517
Car -1 -1 -0.04 78.83868408203125 183.21890258789062 273.8742370605469 271.3169250488281 1.4366588592529297 1.6698302030563354 4.059804439544678 -9.902894020080566 1.5021353960037231 16.993623733520508 -0.572222098794267 0.14696042239665985
Car -1 -1 -0.16 530.2085571289062 178.7531280517578 555.4940795898438 201.45309448242188 1.5274837017059326 1.6272329092025757 4.023949146270752 -4.8357930183410645 1.1327242255210876 51.72108840942383 -0.25809150751229737 0.14549173414707184