Car -1 -1 2.18 -2.4393563270568848 199.80992126464844 164.75781774520874 283.6162414550781 1.4889191389083862 1.5467727184295654 3.5757384300231934 -12.070379257202148 2.2038453221321106 16.549882888793945 1.5506248924848158 0.870948076248169
Car -1 -1 2.03 202.3784637451172 196.61488342285156 280.8305969238281 234.94482421875 1.414407730102539 1.547322392463684 3.761087417602539 -15.756292343139648 2.4892584085464478 31.0328311920166 1.5616940765964724 0.849933385848999
Car -1 -1 -1.59 599.0909423828125 174.99363708496094 631.3627319335938 205.66793823242188 1.6214895248413086 1.687532663345337 4.361872673034668 0.27853143215179443 1.7525232434272766 40.298919677734375 -1.5797355588942041 0.8335656523704529
Car -1 -1 1.72 459.615478515625 184.1099090576172 484.8771057128906 201.30035400390625 1.3999565839767456 1.5907179117202759 3.7432820796966553 -12.1638822555542 2.409739077091217 63.80298614501953 1.5361716884438374 0.75083988904953
Car -1 -1 1.77 384.39520263671875 175.29013061523438 424.0762023925781 209.45834350585938 2.097477436065674 1.8040467500686646 4.563649654388428 -14.128097534179688 2.3097695112228394 49.433990478515625 1.4908838769936805 0.49546363949775696
Van -1 -1 1.76 384.63763427734375 171.79298400878906 423.0335693359375 207.256103515625 2.417543411254883 2.0140931606292725 5.588109493255615 -14.994848251342773 2.4449180364608765 52.68978500366211 1.4784394540545902 0.4928072988986969
Car -1 -1 2.08 210.6421356201172 189.78851318359375 271.8870544433594 232.73373413085938 1.4864329099655151 1.4656270742416382 3.245069980621338 -15.465341567993164 2.3557586073875427 30.36276626586914 1.6089835850995744 0.4560997188091278
Car -1 -1 1.71 461.6969909667969 181.92135620117188 485.1971740722656 199.62835693359375 1.4565181732177734 1.5489712953567505 3.8456554412841797 -12.053606033325195 2.284180521965027 63.755523681640625 1.5192145281030855 0.38499635457992554
Car -1 -1 1.77 386.1354675292969 181.60923767089844 423.3420715332031 210.62744140625 1.7498595714569092 1.679484248161316 4.245707988739014 -14.361591339111328 2.3671458959579468 50.20289993286133 1.4889065789679323 0.3046720325946808
Car -1 -1 2.17 -2.277219295501709 198.99273681640625 179.2495903968811 302.87176513671875 1.4752675294876099 1.553418755531311 3.5587520599365234 -12.114182472229004 2.177237570285797 16.16387367248535 1.5277276889485263 0.2888564467430115
Van -1 -1 1.5 657.2655029296875 164.50897216796875 685.4158935546875 191.9731903076172 2.537067174911499 2.0946202278137207 6.3946967124938965 5.61423397064209 1.7553173303604126 64.48127746582031 1.5836703667221386 0.2738969027996063
Cyclist -1 -1 2.22 206.1453399658203 193.42491149902344 276.0028991699219 233.29754638671875 1.6716842651367188 0.5263842940330505 1.7179869413375854 -12.896766662597656 2.2003254890441895 24.97785186767578 1.7406845432794293 0.20527519285678864
Pedestrian -1 -1 -1.15 211.2012481689453 190.79920959472656 272.2237243652344 232.54495239257812 1.797451138496399 0.6143169403076172 0.6948705911636353 -14.735496520996094 2.332896649837494 28.639663696289062 -1.6232192287326361 0.19379845261573792
Car -1 -1 2.5 13.818751335144043 224.0293426513672 273.5052442550659 351.6175842285156 1.2545522451400757 1.53533935546875 3.223651885986328 -6.915719509124756 1.9928849339485168 9.370265007019043 1.8609350118099393 0.17019563913345337