Car -1 -1 1.96 169.394287109375 177.72108459472656 274.71710205078125 233.1603240966797 1.4984773397445679 1.537634253501892 3.546319007873535 -11.938057899475098 1.4837621450424194 22.138134002685547 1.4649530758296727 0.8467464447021484
Car -1 -1 1.43 444.22283935546875 174.5118865966797 496.03521728515625 206.1969451904297 1.481252670288086 1.6572343111038208 3.926041603088379 -6.644845485687256 1.1654242873191833 34.929752349853516 1.2392042632241074 0.8449506163597107
Car -1 -1 -0.8 2.7112185955047607 199.57460021972656 294.0820987224579 365.940185546875 1.5630900859832764 1.6360774040222168 3.9318008422851562 -3.337409019470215 1.6875608563423157 3.6325623989105225 -1.5463843044768337 0.8145085573196411
Car -1 -1 -0.44 1069.632568359375 153.2183837890625 1223.926513671875 203.23171997070312 1.4608515501022339 1.6505080461502075 4.203909397125244 17.977169036865234 0.6142868921160698 23.498397827148438 0.21270986721493523 0.7764581441879272
Pedestrian -1 -1 0.68 346.1181335449219 173.88668823242188 369.2574157714844 212.53045654296875 1.6944109201431274 0.6310322880744934 0.6744752526283264 -10.242233276367188 1.3847627639770508 29.36682891845703 0.3466785811744004 0.5236769318580627
Pedestrian -1 -1 -2.53 1013.2268676757812 151.49061584472656 1039.2213134765625 208.4657745361328 1.7918463945388794 0.6146782636642456 0.8114994168281555 11.65762710571289 0.9227048959583044 19.851215362548828 -1.9965593362300904 0.4156171977519989
Pedestrian -1 -1 2.99 1007.2722778320312 152.30982971191406 1033.705322265625 212.5234832763672 1.7738924026489258 0.6034349799156189 0.8269438743591309 11.585428237915039 0.9377704113721848 19.842199325561523 -2.7647565345162333 0.40196487307548523
Pedestrian -1 -1 1.53 1004.9889526367188 153.4173126220703 1026.3389892578125 215.6425323486328 1.7378500699996948 0.6110724806785583 0.7199955582618713 11.522788047790527 0.9850447773933411 19.720375061035156 2.0606821610043555 0.3423008620738983
Pedestrian -1 -1 2.5 881.2489624023438 153.44712829589844 900.3555908203125 195.22305297851562 1.809266448020935 0.6031191349029541 0.9513731002807617 12.727880477905273 0.6438980996608734 31.375091552734375 2.8847485802230057 0.33742591738700867
Pedestrian -1 -1 2.73 1012.7747192382812 158.1342010498047 1037.2589111328125 213.7093505859375 1.6436545848846436 0.596871554851532 0.737355649471283 11.532828330993652 0.9791733026504517 19.46424102783203 -3.013395484706095 0.3172050416469574
Cyclist -1 -1 1.6 344.77996826171875 171.73098754882812 371.8130187988281 212.12965393066406 1.77067232131958 0.5914939641952515 1.8291491270065308 -10.196320533752441 1.340119630098343 29.428499221801758 1.2657062780350934 0.3097294867038727
Pedestrian -1 -1 0.34 517.2651977539062 172.3778533935547 529.3687744140625 199.04251098632812 1.7273588180541992 0.5956450700759888 0.8570048809051514 -4.482568264007568 1.088159129023552 39.214744567871094 0.22484561701890904 0.30913010239601135
Car -1 -1 -2.02 1207.723388671875 154.55728149414062 1225.7105712890625 198.7957763671875 1.5100269317626953 1.5993558168411255 3.7255361080169678 21.676767349243164 0.7588621242903173 22.242429733276367 -1.2482942267891337 0.2824026942253113
Car -1 -1 -0.75 1086.072509765625 150.7289276123047 1218.611572265625 210.9767608642578 1.587256669998169 1.7287218570709229 4.250422477722168 18.286296844482422 0.6342615187168121 23.617294311523438 -0.08741654255132625 0.2650443911552429
Car -1 -1 1.87 345.3298034667969 178.23727416992188 372.3193664550781 212.92132568359375 1.559935212135315 1.6121217012405396 3.353691816329956 -13.488861083984375 1.5907586812973022 39.44337463378906 1.540213935244731 0.26410242915153503
Car -1 -1 1.97 154.25146484375 179.36688232421875 283.3011474609375 237.60409545898438 1.5737900733947754 1.6220884323120117 3.660388946533203 -12.032923698425293 1.520896315574646 22.22614860534668 1.4720920242650681 0.260788232088089
Pedestrian -1 -1 -3.07 1009.8163452148438 154.53224182128906 1038.392333984375 220.52577209472656 1.717085599899292 0.6342211961746216 0.9390479922294617 11.54712200164795 0.9904688596725464 19.556034088134766 -2.5326009392160262 0.2564184367656708
Pedestrian -1 -1 -2.2 1015.4066772460938 149.97926330566406 1042.5989990234375 204.23101806640625 1.839906096458435 0.5983471870422363 0.8720313310623169 12.703903198242188 0.8657722100615501 21.35892105102539 -1.6623215641370361 0.2528458535671234
Car -1 -1 -0.28 1203.3004150390625 150.96299743652344 1223.46728515625 197.242431640625 1.5489799976348877 1.5908524990081787 3.779402256011963 21.978551864624023 0.727070789784193 22.576509475708008 0.49524027055238395 0.25245872139930725
Van -1 -1 -0.7 1076.0299072265625 152.68975830078125 1216.752197265625 205.63800048828125 1.9030134677886963 1.878448247909546 4.5832390785217285 19.65812110900879 0.7718953341245651 25.269479751586914 -0.0385983861823318 0.23672612011432648
Cyclist -1 -1 0.69 517.99951171875 170.71005249023438 533.3617553710938 197.3834228515625 1.6917777061462402 0.5500520467758179 1.8146204948425293 -4.292213439941406 1.0080170333385468 38.11048126220703 0.5788673864747693 0.22749567031860352
Car -1 -1 0.01 1083.15185546875 158.00999450683594 1186.02294921875 207.68113708496094 1.507569670677185 1.6450624465942383 3.8669240474700928 18.134395599365234 0.7461812063120306 23.842206954956055 0.657148991710041 0.21590730547904968
Van -1 -1 -0.93 1207.49951171875 147.78555297851562 1223.7947998046875 195.8789520263672 1.9772151708602905 1.9180861711502075 4.505701065063477 21.307294845581055 0.7661979049444199 21.99977684020996 -0.16021224253999522 0.20948804914951324
Pedestrian -1 -1 -2.91 1003.739990234375 149.3649139404297 1041.9273681640625 213.5791015625 1.846572995185852 0.6234540939331055 0.7271016836166382 11.187827110290527 1.032432608306408 18.97121238708496 -2.3774403966094795 0.20347711443901062
Pedestrian -1 -1 -0.3 1002.3734130859375 152.49163818359375 1023.580810546875 212.0343780517578 1.721867322921753 0.5819907784461975 0.8936338424682617 11.676299095153809 0.9298460185527802 20.039127349853516 0.22586204716806613 0.20304454863071442
Car -1 -1 -2.48 1196.2891845703125 153.0206298828125 1223.277587890625 199.85159301757812 1.481650710105896 1.6598743200302124 3.851445436477661 21.492835998535156 0.6415639892220497 22.416149139404297 -1.7141580454832477 0.1950937956571579
Car -1 -1 -0.27 1069.9501953125 156.84556579589844 1176.7508544921875 201.03610229492188 1.440345287322998 1.6164271831512451 3.941758155822754 19.37126922607422 0.6391246542334557 25.798954010009766 0.37151096613229484 0.18601173162460327
Car -1 -1 -1.54 1207.49951171875 147.78555297851562 1223.7947998046875 195.8789520263672 1.6172997951507568 1.6103225946426392 3.968026638031006 21.574237823486328 0.7991852629929781 21.91721534729004 -0.7624101018771845 0.1752675324678421
Van -1 -1 0.31 1202.84033203125 147.28846740722656 1222.1766357421875 196.40721130371094 1.9625742435455322 1.8989607095718384 4.423638820648193 21.40913963317871 0.7418984472751617 22.26020622253418 1.0744430491939134 0.16741299629211426
Car -1 -1 -1.9 1204.423583984375 157.2907257080078 1225.280029296875 201.91641235351562 1.40719473361969 1.5532686710357666 3.820481061935425 21.180843353271484 0.7397627420723438 21.887104034423828 -1.1290259427801521 0.15863239765167236
Car -1 -1 2.18 134.689208984375 176.41392517089844 286.8786926269531 259.9989929199219 1.5500850677490234 1.655043125152588 3.7864151000976562 -12.542938232421875 1.8257100582122803 21.963687896728516 1.658478834481861 0.12218444794416428