Car -1 -1 -1.76 700.0037231445312 182.3636474609375 809.5040893554688 260.5643310546875 1.5147531032562256 1.5904611349105835 3.574946641921997 2.981386423110962 1.7328331470489502 15.553550720214844 -1.5678194644738568 0.8831128478050232
Car -1 -1 -1.76 675.3837280273438 179.62118530273438 752.8853759765625 237.16946411132812 1.4610689878463745 1.6063075065612793 3.836395263671875 2.9041075706481934 1.699249267578125 21.122697830200195 -1.6193383967736308 0.8679614067077637
Car -1 -1 1.58 517.5382690429688 177.7357177734375 556.3935546875 211.61004638671875 1.5644243955612183 1.6212843656539917 3.5029022693634033 -3.59938645362854 1.8256301283836365 35.59807586669922 1.4824205228765681 0.832528829574585
Van -1 -1 -1.71 653.7686767578125 155.34854125976562 722.07861328125 224.6930389404297 2.2908477783203125 1.9324150085449219 4.966426849365234 2.8101656436920166 1.7130894660949707 27.018678665161133 -1.6080989484516959 0.8006014823913574
Car -1 -1 -1.68 654.76171875 157.3749542236328 722.3510131835938 223.29656982421875 2.1112277507781982 1.7380321025848389 4.422710418701172 2.635758876800537 1.7407671213150024 25.46183967590332 -1.5734421609658016 0.6680797934532166
Car -1 -1 -1.74 667.5625 170.6661376953125 740.99658203125 235.0507354736328 1.6257107257843018 1.5962789058685303 3.7335968017578125 2.8272106647491455 1.6786245107650757 21.06521987915039 -1.603224107957284 0.5448573231697083
Car -1 -1 -1.67 659.5902099609375 164.00137329101562 735.634521484375 229.39590454101562 1.8496628999710083 1.667470932006836 3.952230930328369 2.5233216285705566 1.6518886089324951 21.18080711364746 -1.5541110659033777 0.46179941296577454
Car -1 -1 -1.71 680.6309204101562 178.0459747314453 767.6143798828125 243.37445068359375 1.4923473596572876 1.6230969429016113 3.682720184326172 2.9527618885040283 1.7305948734283447 20.792951583862305 -1.5643055925520546 0.456086128950119
Van -1 -1 -1.69 662.1201171875 160.11976623535156 734.4629516601562 226.75819396972656 2.2206475734710693 1.865030288696289 4.789207458496094 2.8337597846984863 1.788473129272461 27.243793487548828 -1.5869871699581424 0.38521692156791687
Car -1 -1 1.62 549.3128662109375 176.84317016601562 576.6893920898438 197.69557189941406 1.5636780261993408 1.587013840675354 4.190623760223389 -3.53302264213562 1.8114093542099 53.31264877319336 1.5584010449618049 0.34685075283050537
Car -1 -1 -1.71 689.6466674804688 179.70953369140625 791.4782104492188 254.74282836914062 1.4319044351577759 1.6005192995071411 3.7456228733062744 3.088275194168091 1.7629929184913635 18.835926055908203 -1.551007034686256 0.3458789885044098
Van -1 -1 -1.72 670.4111328125 170.81178283691406 750.0635986328125 236.52488708496094 2.011371612548828 1.779394507408142 4.621980667114258 3.127368211746216 1.9136265516281128 25.79997444152832 -1.6017673680876037 0.3148958384990692
Car -1 -1 -1.4 644.6669921875 170.4535675048828 683.14599609375 208.94873046875 1.7047452926635742 1.6180301904678345 4.0192389488220215 2.911752462387085 1.7927701473236084 39.06703567504883 -1.3298593888182157 0.3114016354084015
Car -1 -1 1.68 544.6914672851562 177.42816162109375 573.859375 200.2085418701172 1.5689983367919922 1.5686739683151245 3.978940486907959 -3.4737229347229004 1.8406891822814941 53.35905456542969 1.6175732486035956 0.31123411655426025
Car -1 -1 -0.82 645.9522705078125 176.8158416748047 679.787353515625 208.49630737304688 1.4590455293655396 1.5251508951187134 3.9053919315338135 2.7867727279663086 1.8233680129051208 39.1585807800293 -0.7444806091228551 0.3008284866809845
Car -1 -1 1.63 535.8171997070312 178.8670654296875 567.74853515625 201.67735290527344 1.448354721069336 1.5909368991851807 3.7701971530914307 -3.829882860183716 1.8469727039337158 48.92146301269531 1.549521930692415 0.26735955476760864
Cyclist -1 -1 -2.42 832.0442504882812 27.691143035888672 885.6187744140625 65.52906799316406 1.6678436994552612 0.533714234828949 1.891420602798462 8.984570503234863 -3.927934229373932 26.24709701538086 -2.0950889622005278 0.2654445171356201
Car -1 -1 -1.63 649.5868530273438 167.89952087402344 701.242919921875 218.617431640625 1.7148890495300293 1.660345435142517 4.288959503173828 2.9404683113098145 1.7734405398368835 31.56911849975586 -1.534874876129841 0.24491925537586212
Car -1 -1 1.6 530.9972534179688 177.61573791503906 564.2833862304688 204.57321166992188 1.470554232597351 1.5968294143676758 3.7334671020507812 -3.7490615844726562 1.8325594067573547 46.74278259277344 1.51744359570365 0.241188183426857
Car -1 -1 1.66 643.1062622070312 175.6160125732422 675.2352905273438 205.54788208007812 1.554425597190857 1.5291038751602173 3.7749996185302734 2.9176926612854004 1.8979749083518982 42.06674575805664 1.7243197330794144 0.2066935896873474
Cyclist -1 -1 -1.94 665.8104248046875 168.4011688232422 740.80126953125 234.0132598876953 1.7540736198425293 0.5083245635032654 1.722978949546814 2.248744487762451 1.6535621881484985 16.779428482055664 -1.802007963643466 0.18883776664733887
Car -1 -1 1.54 637.9742431640625 175.8551788330078 669.1130981445312 203.20188903808594 1.5759286880493164 1.5731076002120972 4.304986476898193 2.781097173690796 1.877065896987915 47.2640495300293 1.6031424829620633 0.14582471549510956