Pedestrian -1 -1 0.48 765.3964233398438 160.29360961914062 846.2353515625 339.43682861328125 1.5988528728485107 0.5708086490631104 0.6166228652000427 1.914342999458313 1.4334293007850647 6.822819709777832 0.7554505849624471 0.8398711681365967
Pedestrian -1 -1 0.81 699.302978515625 169.70484924316406 770.9199829101562 346.7338562011719 1.5746991634368896 0.5444839596748352 0.5411307215690613 1.1377637386322021 1.4426642656326294 6.381969451904297 0.9901745446274592 0.8072329163551331
Pedestrian -1 -1 0.95 515.876953125 136.36341857910156 553.6416625976562 246.4390106201172 1.7799417972564697 0.6789851188659668 0.8896418213844299 -1.1913151741027832 1.0750965625047684 12.027414321899414 0.8471464612767337 0.8011126518249512
Pedestrian -1 -1 1.76 591.2348022460938 138.49818420410156 628.7467041015625 241.640869140625 1.687296986579895 0.6414815187454224 0.7646487355232239 0.11280408501625061 1.035985916852951 12.34033489227295 1.7736625415574476 0.7756212949752808
Pedestrian -1 -1 1.57 628.4768676757812 144.85372924804688 656.0902099609375 219.55638122558594 1.6648766994476318 0.5929617881774902 0.7937437295913696 0.7858656644821167 0.8790905252099037 16.382055282592773 1.613709752481146 0.7529090046882629
Pedestrian -1 -1 1.54 575.0303344726562 139.13095092773438 610.5126342773438 236.18423461914062 1.8271923065185547 0.6690698862075806 0.8352183103561401 -0.2950427830219269 1.0064551308751106 13.444500923156738 1.522622622972123 0.7151637673377991
Pedestrian -1 -1 1.43 542.8973999023438 139.61785888671875 578.332275390625 243.4925994873047 1.7992689609527588 0.7021532654762268 0.8296554088592529 -0.8186326622962952 1.0718375146389008 12.768657684326172 1.369671142875898 0.6856155395507812
Cyclist -1 -1 2.66 379.64788818359375 145.6819610595703 424.9256591796875 206.85618591308594 1.6683939695358276 0.6620047092437744 1.5531443357467651 -6.4588422775268555 0.7095017805695534 22.80026626586914 2.3855675298560204 0.675217866897583
Pedestrian -1 -1 1.04 499.5856628417969 141.43560791015625 521.5690307617188 203.17054748535156 1.7995853424072266 0.6293976902961731 0.6153150796890259 -2.6979453563690186 0.6977260708808899 20.793563842773438 0.9142920844816338 0.6658059358596802
Pedestrian -1 -1 1.74 473.68890380859375 143.33360290527344 496.54644775390625 202.35293579101562 1.7680219411849976 0.632218599319458 0.5249212980270386 -3.630502223968506 0.6651646196842194 21.537343978881836 1.5777449956808471 0.630720317363739
Pedestrian -1 -1 1.61 521.74755859375 141.3502655029297 552.8162841796875 240.27040100097656 1.7948728799819946 0.7206804156303406 0.7238311171531677 -1.2594836950302124 1.0728165209293365 12.70788288116455 1.5109484760807215 0.6266418099403381
Cyclist -1 -1 2.52 405.45550537109375 144.18678283691406 445.76611328125 205.48651123046875 1.7051403522491455 0.667327880859375 1.7199431657791138 -5.899046897888184 0.6887271702289581 23.297584533691406 2.2695327716888647 0.6266276240348816
Pedestrian -1 -1 1.21 646.682373046875 144.2489013671875 666.6243286132812 204.7732391357422 1.6869126558303833 0.5649669766426086 0.4496661126613617 1.463739037513733 0.6985307484865189 20.208763122558594 1.2849479696303323 0.6118504405021667
Pedestrian -1 -1 1.11 464.8882751464844 144.88743591308594 501.8727111816406 202.79188537597656 1.79901921749115 0.6245692372322083 0.5418550372123718 -3.604339361190796 0.7021413296461105 21.44413185119629 0.9429121224588286 0.6071942448616028
Cyclist -1 -1 2.5 419.64080810546875 143.47715759277344 464.981201171875 203.66407775878906 1.6849428415298462 0.6925035119056702 1.6501833200454712 -5.291716575622559 0.6604826152324677 22.878400802612305 2.269736504854854 0.592037558555603
Pedestrian -1 -1 0.62 229.5727081298828 137.8843994140625 325.8238525390625 311.891357421875 1.7726311683654785 0.6550912857055664 0.8102487325668335 -3.51377534866333 1.3519667387008667 7.728743553161621 0.1957515870592168 0.5899725556373596
Pedestrian -1 -1 1.55 578.7833862304688 138.18399047851562 618.6219482421875 240.68226623535156 1.7730153799057007 0.6531793475151062 0.821584939956665 -0.1498643457889557 1.0156850516796112 13.2692289352417 1.5407172254385806 0.5881950855255127
Pedestrian -1 -1 1.82 495.3948974609375 140.57107543945312 526.2174072265625 202.84075927734375 1.7974201440811157 0.6546733975410461 0.7251675724983215 -2.8308162689208984 0.661316767334938 21.262004852294922 1.6902367254878197 0.5811492204666138
Cyclist -1 -1 2.82 395.8570251464844 146.9066162109375 448.963134765625 201.2948760986328 1.6732547283172607 0.6638389229774475 1.6251078844070435 -6.033023834228516 0.6728164553642273 23.424198150634766 2.5709539000862645 0.5668883919715881
Pedestrian -1 -1 1.54 635.4953002929688 145.7262725830078 659.493408203125 212.8025665283203 1.6597588062286377 0.581978976726532 0.4838106334209442 1.028517723083496 0.8182198135182261 17.813180923461914 1.6004471898498762 0.5499516725540161
Cyclist -1 -1 2.63 384.7972106933594 145.51536560058594 429.1273498535156 201.5166778564453 1.6718064546585083 0.6546568870544434 1.6336021423339844 -6.540896415710449 0.6602053493261337 23.55406951904297 2.357876096785435 0.5373052954673767
Cyclist -1 -1 2.44 422.4837646484375 145.4751434326172 457.0533752441406 205.18817138671875 1.7192046642303467 0.6592810750007629 1.7300093173980713 -5.554088592529297 0.6791402846574783 23.460203170776367 2.2047333527605133 0.5239084362983704
Cyclist -1 -1 -2.15 261.2496032714844 139.84010314941406 326.41937255859375 248.6691131591797 1.7773100137710571 0.5738688111305237 1.721937894821167 -5.5460405349731445 1.1101483553647995 12.551905632019043 -2.569725104453089 0.5195508599281311
Cyclist -1 -1 2.63 317.3500061035156 148.65838623046875 389.1357116699219 204.75399780273438 1.6562916040420532 0.6473291516304016 1.5294828414916992 -7.954898834228516 0.722758449614048 22.298391342163086 2.288866381532795 0.5134692788124084
Pedestrian -1 -1 1.59 623.340087890625 143.81629943847656 653.938720703125 224.73904418945312 1.7214609384536743 0.6059423685073853 0.7099961638450623 0.9082298874855042 0.8985271230340004 16.572086334228516 1.6477128002773718 0.5056645274162292
Pedestrian -1 -1 1.47 528.15283203125 135.99122619628906 565.5410766601562 247.46652221679688 1.7438513040542603 0.6519855856895447 0.7470526695251465 -0.9672444462776184 1.0543856173753738 12.39227294921875 1.395104702856365 0.4908767640590668
Pedestrian -1 -1 1.38 465.88275146484375 146.02256774902344 492.6422424316406 201.79527282714844 1.7960972785949707 0.6166549921035767 0.5386011600494385 -3.802260637283325 0.7155915349721909 21.02884864807129 1.2002433172236229 0.49067240953445435
Pedestrian -1 -1 1.31 462.11328125 145.18539428710938 482.80499267578125 203.28671264648438 1.7515398263931274 0.6135658025741577 0.5666549205780029 -3.9113070964813232 0.6953600347042084 20.953758239746094 1.1218895737158991 0.4809524118900299
Pedestrian -1 -1 1.75 268.95556640625 138.87127685546875 315.8917541503906 252.49388122558594 1.7707687616348267 0.6418195962905884 0.5857487320899963 -5.046233177185059 1.1785830855369568 11.566076278686523 1.3413264264858107 0.47957643866539
Cyclist -1 -1 2.48 461.7438049316406 144.75112915039062 503.7710876464844 202.99681091308594 1.7751712799072266 0.6711410284042358 1.5836976766586304 -4.044414043426514 0.6154116094112396 23.69484519958496 2.315678818170934 0.47729071974754333
Cyclist -1 -1 2.81 406.572265625 146.0955810546875 438.73980712890625 201.13050842285156 1.6903976202011108 0.6000851988792419 1.6408088207244873 -6.166992664337158 0.6487071663141251 24.108312606811523 2.55726448581761 0.46681079268455505
Pedestrian -1 -1 1.43 643.083251953125 145.11424255371094 663.434814453125 208.15049743652344 1.6657460927963257 0.605042040348053 0.6071134209632874 1.4335176944732666 0.6988253742456436 20.252708435058594 1.5049225778808095 0.4620317220687866
Pedestrian -1 -1 1.12 239.36085510253906 137.04220581054688 289.5013122558594 274.8332214355469 1.8532956838607788 0.6660453081130981 0.8236982822418213 -4.803112983703613 1.2497613430023193 9.96678638458252 0.6659892363249291 0.4604448080062866
Cyclist -1 -1 2.79 383.7766418457031 144.19940185546875 418.9000549316406 204.0167999267578 1.717920184135437 0.5927892327308655 1.6908982992172241 -6.716590404510498 0.6539643704891205 23.440759658813477 2.510374816086797 0.4501224458217621
Pedestrian -1 -1 1.21 534.8033447265625 136.9574737548828 573.541748046875 242.8340606689453 1.8332973718643188 0.7300992012023926 0.788425862789154 -0.8987286686897278 1.0227085202932358 12.809652328491211 1.1394891159608882 0.44937342405319214
Cyclist -1 -1 2.63 394.265869140625 147.0342559814453 435.6580505371094 204.96690368652344 1.6797820329666138 0.6811689138412476 1.546677827835083 -6.170729160308838 0.7004697024822235 23.329891204833984 2.3729200096971628 0.4490567147731781
Pedestrian -1 -1 0.83 254.32196044921875 129.80313110351562 323.44183349609375 308.7267150878906 1.8094531297683716 0.6737094521522522 0.7573086023330688 -3.5995569229125977 1.3644481003284454 8.015379905700684 0.4067605343279084 0.4465239942073822
Pedestrian -1 -1 1.36 518.881103515625 140.1894989013672 548.6634521484375 213.98239135742188 1.8534414768218994 0.6705568432807922 0.7152852416038513 -1.9578418731689453 0.7512285858392715 19.20211410522461 1.2607648861654779 0.44597041606903076
Cyclist -1 -1 2.16 455.035400390625 146.49508666992188 494.4654235839844 202.0068817138672 1.7124912738800049 0.6594237685203552 1.6154452562332153 -4.316486358642578 0.6314313113689423 23.2932071685791 1.9816491934284066 0.438128262758255
Pedestrian -1 -1 1.4 596.2086791992188 140.80995178222656 626.4559326171875 212.9350128173828 1.7409181594848633 0.6343417167663574 0.6867027282714844 0.16928397119045258 0.7430779039859772 17.13347816467285 1.4084561038238057 0.42667844891548157
Cyclist -1 -1 2.66 396.7970886230469 145.35104370117188 428.38690185546875 201.91409301757812 1.7127090692520142 0.598105788230896 1.6325492858886719 -6.509772777557373 0.6538984030485153 23.875137329101562 2.3917808523463346 0.42040494084358215
Pedestrian -1 -1 1.76 523.9653930664062 138.3202667236328 549.9142456054688 218.63949584960938 1.866103172302246 0.6971971392631531 0.627780556678772 -1.8688722848892212 0.8164707645773888 18.213069915771484 1.6591053620602079 0.41707247495651245
Cyclist -1 -1 2.65 309.1653137207031 148.6623077392578 377.6559753417969 205.28305053710938 1.6493865251541138 0.6113027334213257 1.508259654045105 -8.12763786315918 0.7228572443127632 22.142623901367188 2.298106532699883 0.4129774272441864
Pedestrian -1 -1 2.42 459.0146789550781 146.10629272460938 477.7147216796875 201.49371337890625 1.704136848449707 0.6191163063049316 0.5086971521377563 -4.088166236877441 0.6671688556671143 21.422048568725586 2.232775579799232 0.41276779770851135
Pedestrian -1 -1 1.15 556.3141479492188 138.17604064941406 593.6409301757812 238.07322692871094 1.7468713521957397 0.6472867727279663 0.7234942317008972 -0.5557370781898499 1.0093897432088852 13.443453788757324 1.1041415567846151 0.4121112525463104
Pedestrian -1 -1 0.73 455.035400390625 146.49508666992188 494.4654235839844 202.0068817138672 1.7554142475128174 0.6183660626411438 0.5345209836959839 -4.15894889831543 0.7034365236759186 21.931537628173828 0.5469763284259797 0.40035703778266907
Pedestrian -1 -1 1.44 512.0372924804688 141.3119659423828 538.5968627929688 202.44273376464844 1.873155117034912 0.6131024956703186 0.5607532262802124 -2.4087252616882324 0.6737915277481079 21.208961486816406 1.3283986580431133 0.38825520873069763
Pedestrian -1 -1 1.38 587.3328857421875 139.73402404785156 620.0342407226562 236.61587524414062 1.7259504795074463 0.6343920826911926 0.6755298376083374 -0.11950727552175522 0.9696053564548492 13.953548431396484 1.3756078942115755 0.3806461989879608
Pedestrian -1 -1 1.36 252.65347290039062 133.54287719726562 301.98760986328125 282.13653564453125 1.7657164335250854 0.6774593591690063 0.7042371034622192 -5.112889289855957 1.2361184060573578 10.874500274658203 0.9184445699210153 0.38053515553474426
Pedestrian -1 -1 0.31 755.5779418945312 166.52322387695312 820.79296875 343.11859130859375 1.5364359617233276 0.5609741806983948 0.7473484873771667 1.6804605722427368 1.3843372464179993 6.663900375366211 0.555992436573467 0.37193164229393005
Cyclist -1 -1 -0.87 236.63916015625 137.55030822753906 321.4989013671875 302.8316650390625 1.7718867063522339 0.5855746269226074 1.6772977113723755 -3.718637466430664 1.325300693511963 8.258110046386719 -1.2941447536497774 0.3717418611049652
Cyclist -1 -1 2.57 368.55889892578125 143.90853881835938 415.3305969238281 204.51162719726562 1.7226028442382812 0.6001436710357666 1.6756571531295776 -6.897340774536133 0.6622590571641922 23.2833309173584 2.2815725462323053 0.3715105652809143
Pedestrian -1 -1 1.51 259.26953125 134.46124267578125 311.92999267578125 277.6480407714844 1.7784582376480103 0.6847822070121765 0.6604359149932861 -5.276829242706299 1.2155820727348328 11.792044639587402 1.0888131407609896 0.36833667755126953
Cyclist -1 -1 1.75 495.45001220703125 140.77769470214844 528.02392578125 200.9169464111328 1.7793750762939453 0.6526728868484497 1.5944194793701172 -3.2274177074432373 0.49851399660110474 23.79424285888672 1.6170041908010857 0.3652555048465729
Pedestrian -1 -1 1.41 476.8998107910156 143.3044891357422 498.2691955566406 197.1066436767578 1.755571961402893 0.6470126509666443 0.6019090414047241 -3.5794100761413574 0.5716535449028015 21.979175567626953 1.250414020050588 0.36506104469299316
Cyclist -1 -1 2.7 430.8006286621094 146.070556640625 460.9495544433594 202.99607849121094 1.7704702615737915 0.6782131791114807 1.5830820798873901 -5.2898945808410645 0.6631687730550766 23.248329162597656 2.47297361787942 0.36401423811912537
Pedestrian -1 -1 2.61 501.7786560058594 141.155029296875 529.4741821289062 206.86489868164062 1.8240699768066406 0.6488065123558044 0.6795255541801453 -2.651534080505371 0.7221670299768448 21.004793167114258 2.4862149063956256 0.3623780608177185
Pedestrian -1 -1 1.11 494.2602844238281 142.4739990234375 514.6231079101562 196.96728515625 1.8395345211029053 0.6295585036277771 0.5676112174987793 -3.3892407417297363 0.5513628423213959 23.631000518798828 0.9680860568225933 0.3618903160095215
Cyclist -1 -1 0.29 499.3523864746094 143.84854125976562 538.2254638671875 196.65521240234375 1.8185930252075195 0.5949166417121887 1.6045340299606323 -2.872551441192627 0.5747755765914917 23.937463760375977 0.16814228829651512 0.355908066034317
Pedestrian -1 -1 1.01 499.1114196777344 143.06556701660156 536.0614013671875 198.89346313476562 1.7536166906356812 0.6207471489906311 0.674760103225708 -2.592329263687134 0.6725741028785706 21.3967227935791 0.885919177343915 0.3552882969379425
Pedestrian -1 -1 0.82 722.874267578125 161.003662109375 798.62109375 344.0746765136719 1.630077838897705 0.5764362215995789 0.6924057006835938 1.495976209640503 1.4633928537368774 6.531896591186523 1.0413387197052053 0.3538999855518341
Pedestrian -1 -1 1.23 489.7257995605469 142.9695281982422 508.8692321777344 194.0910186767578 1.8772591352462769 0.6202719807624817 0.5230008959770203 -3.6206297874450684 0.5634515881538391 24.08705711364746 1.081130676973923 0.3497786819934845
Pedestrian -1 -1 -2.8 455.51611328125 145.86424255371094 483.50823974609375 201.88470458984375 1.727571725845337 0.617574155330658 0.5307353734970093 -4.095430850982666 0.6764288544654846 21.603784561157227 -2.986456646284128 0.34972816705703735
Pedestrian -1 -1 1.55 524.4713134765625 144.8973846435547 558.2947998046875 244.72988891601562 1.705788493156433 0.6224011182785034 0.7108106017112732 -1.0408707857131958 1.0750324428081512 12.818313598632812 1.4645482896332878 0.34818533062934875
Pedestrian -1 -1 1.51 519.7594604492188 139.68020629882812 544.7470703125 205.363037109375 1.917824149131775 0.6443020105361938 0.5141598582267761 -2.3002119064331055 0.7119130045175552 20.504892349243164 1.3956344236803169 0.3461501896381378
Pedestrian -1 -1 0.77 247.79283142089844 133.9968719482422 311.5500793457031 305.4622802734375 1.773052453994751 0.6978285312652588 0.7658995389938354 -3.757575750350952 1.3534270524978638 8.163773536682129 0.3370720541833805 0.3461329936981201
Pedestrian -1 -1 1.73 505.44805908203125 141.35861206054688 525.7310180664062 203.05137634277344 1.7558690309524536 0.6151872873306274 0.7024670839309692 -2.6787171363830566 0.6975188106298447 20.948270797729492 1.606247940247279 0.345122754573822
Pedestrian -1 -1 0.98 493.0078125 143.6412353515625 519.0529174804688 198.9452667236328 1.8788964748382568 0.6303690075874329 0.5140438675880432 -3.4152209758758545 0.5925617516040802 23.80600929260254 0.8359179917834032 0.34274032711982727
Pedestrian -1 -1 1.61 565.7625732421875 137.39703369140625 597.711669921875 234.4136505126953 1.7112146615982056 0.6218567490577698 0.619742214679718 -0.37469080090522766 1.0110290944576263 13.37586498260498 1.5849161595049424 0.3420494794845581
Cyclist -1 -1 2.63 402.63165283203125 144.47872924804688 435.24542236328125 203.90939331054688 1.728797435760498 0.619082510471344 1.629715085029602 -5.93679666519165 0.6879274100065231 22.670007705688477 2.3709967964539596 0.3418072760105133
Pedestrian -1 -1 1.5 256.6783447265625 140.26039123535156 299.66754150390625 262.8408203125 1.7038421630859375 0.6330610513687134 0.6785073280334473 -4.969657897949219 1.1849677562713623 10.897268295288086 1.067555242493559 0.3396618068218231
Pedestrian -1 -1 0.97 513.116455078125 137.88999938964844 562.7669067382812 247.26353454589844 1.854879379272461 0.6490971446037292 0.8705546259880066 -1.1105759143829346 1.1000579595565796 12.034223556518555 0.8797464690945169 0.33816686272621155
Cyclist -1 -1 2.64 391.6541442871094 142.76739501953125 425.4301452636719 205.94796752929688 1.723751187324524 0.6038596034049988 1.6356669664382935 -6.143381118774414 0.6894183605909348 22.516403198242188 2.376330690231182 0.3378373086452484
Pedestrian -1 -1 1.88 619.0779418945312 140.04385375976562 650.6136474609375 229.552978515625 1.6835719347000122 0.6212303042411804 0.8191202878952026 0.6149834394454956 0.9414739981293678 15.531656265258789 1.9213377260605702 0.3367559611797333
Cyclist -1 -1 2.19 456.1651306152344 145.7271728515625 483.9122009277344 202.6168975830078 1.6641089916229248 0.6615393757820129 1.5876067876815796 -4.282481670379639 0.653954342007637 22.877676010131836 2.0061281539635676 0.33549758791923523
Cyclist -1 -1 2.31 410.0432434082031 145.59765625 462.7115173339844 201.50881958007812 1.7689228057861328 0.6244704723358154 1.786006212234497 -5.639858722686768 0.6056732833385468 23.85087776184082 2.0810495780837552 0.3346420228481293
Pedestrian -1 -1 1.68 573.9908447265625 140.6055145263672 603.6463012695312 219.83697509765625 1.7746806144714355 0.6340893507003784 0.7865049839019775 -0.30244436860084534 0.8888496879953891 14.757113456726074 1.6634947559584097 0.332792192697525
Pedestrian -1 -1 1.62 549.2443237304688 139.5383758544922 579.9846801757812 236.8645477294922 1.7537637948989868 0.6611348986625671 0.6674498915672302 -0.61805659532547 1.0269578695297241 13.33578872680664 1.5754318928327757 0.32895851135253906
Pedestrian -1 -1 1.75 598.6207275390625 144.4578857421875 633.9567260742188 237.71034240722656 1.6734366416931152 0.6516520380973816 0.8308421969413757 0.19686605036258698 1.0153424739837646 12.564581871032715 1.7647600654636184 0.32883337140083313
Pedestrian -1 -1 0.92 239.9398651123047 134.46298217773438 304.5770568847656 293.0887145996094 1.8414887189865112 0.6675793528556824 0.7910292744636536 -4.488400936126709 1.315314918756485 9.437705993652344 0.47324735198932144 0.3268512189388275
Cyclist -1 -1 -1.27 238.62811279296875 136.75936889648438 289.4687194824219 268.38330078125 1.7909739017486572 0.5315732359886169 1.6713624000549316 -5.005424499511719 1.2006545960903168 10.41209888458252 -1.7212672516115628 0.32614555954933167
Cyclist -1 -1 2.37 469.3684997558594 143.6682891845703 509.501708984375 199.85768127441406 1.749559998512268 0.6335816383361816 1.6064056158065796 -3.9340739250183105 0.48207414150238037 25.723834991455078 2.2224649943275505 0.3253876268863678
Pedestrian -1 -1 0.73 740.587158203125 160.96739196777344 829.1773071289062 343.54388427734375 1.6136400699615479 0.5832655429840088 0.7256205081939697 1.6362881660461426 1.4357385039329529 6.38573694229126 0.9781661210938992 0.32536646723747253
Pedestrian -1 -1 1.62 604.139892578125 140.44821166992188 639.6253662109375 237.70016479492188 1.753177285194397 0.6642899513244629 0.743287205696106 0.340816468000412 1.0177564024925232 13.359668731689453 1.6432094713119287 0.32483717799186707
Pedestrian -1 -1 1.49 551.6427612304688 139.0336151123047 588.9298706054688 242.48370361328125 1.7782334089279175 0.6495732665061951 0.7443087100982666 -0.524269163608551 1.0173867791891098 13.555656433105469 1.4510048371115936 0.3196680545806885
Cyclist -1 -1 2.29 472.084716796875 142.9904022216797 499.9494323730469 199.48721313476562 1.758878231048584 0.6493710875511169 1.5571049451828003 -3.959961175918579 0.5493711233139038 23.312400817871094 2.1227751771493466 0.31805434823036194
Cyclist -1 -1 2.59 389.8347473144531 145.99913024902344 440.2191162109375 200.00750732421875 1.6162525415420532 0.6042069792747498 1.5651860237121582 -6.477292060852051 0.561435729265213 23.736745834350586 2.321208474990094 0.3177928030490875
Car -1 -1 2.21 -12.22795295715332 128.4044647216797 266.4407482147217 377.10223388671875 1.5783629417419434 1.6742838621139526 3.7890076637268066 -3.33840012550354 1.5122681856155396 3.4921751022338867 1.4424175843814835 0.31683287024497986
Pedestrian -1 -1 1.61 612.1903686523438 142.11119079589844 647.2118530273438 231.95362854003906 1.6595451831817627 0.609995424747467 0.6886500120162964 0.547877848148346 0.9509062469005585 15.650602340698242 1.6436895362968755 0.3155028223991394
Cyclist -1 -1 2.94 413.9126892089844 145.06373596191406 446.53814697265625 201.9728546142578 1.7186728715896606 0.6043068766593933 1.661326289176941 -5.614832878112793 0.6645192950963974 23.663612365722656 2.703793490214415 0.31226155161857605
Pedestrian -1 -1 1.15 540.468017578125 137.01158142089844 573.9252319335938 225.83245849609375 1.7531620264053345 0.6561741232872009 0.6757601499557495 -0.9244091510772705 0.8718027696013451 13.8646879196167 1.0883305394216691 0.3102198541164398
Pedestrian -1 -1 1.07 480.50970458984375 144.450439453125 511.6952819824219 197.06398010253906 1.8572964668273926 0.6257427334785461 0.5253419876098633 -3.6741466522216797 0.6167117953300476 23.882658004760742 0.9192518378407186 0.303088515996933
Pedestrian -1 -1 0.95 521.6702880859375 137.43296813964844 570.2369995117188 249.33438110351562 1.8092310428619385 0.6554283499717712 0.8739027380943298 -1.0024281740188599 1.0875110477209091 12.085284233093262 0.8675249988799179 0.30237334966659546
Pedestrian -1 -1 1.49 593.1135864257812 139.7303009033203 625.0741577148438 227.79759216308594 1.731725811958313 0.6311753392219543 0.7438692450523376 0.035740286111831665 0.9111481532454491 15.164575576782227 1.4925576577848316 0.3011273741722107
Pedestrian -1 -1 2.28 260.31072998046875 143.3143310546875 323.8031921386719 251.87608337402344 1.6874277591705322 0.6099485754966736 0.6411306262016296 -5.455478191375732 1.151480793952942 12.352980613708496 1.8676229157525093 0.2999841570854187
Pedestrian -1 -1 0.96 784.6221313476562 163.63241577148438 837.9083862304688 276.5585632324219 1.551461100578308 0.5149744153022766 0.4548376500606537 2.897911310195923 1.3304929733276367 9.94626235961914 1.2436603673713655 0.2991493046283722
Pedestrian -1 -1 1.18 461.4073181152344 149.2168731689453 479.487548828125 205.50926208496094 1.6362371444702148 0.5659620761871338 0.628096878528595 -3.97221040725708 0.7360191345214844 20.914854049682617 0.987863051184501 0.2962128818035126
Pedestrian -1 -1 1.49 513.6278686523438 140.4461669921875 549.3922119140625 200.4551544189453 1.8945032358169556 0.6266549825668335 0.548425555229187 -2.2812952995300293 0.659192681312561 21.57415771484375 1.3882713608427864 0.29379427433013916
Cyclist -1 -1 0.88 505.20574951171875 143.6078338623047 550.0935668945312 194.3474578857422 1.8182934522628784 0.6412758827209473 1.6138626337051392 -2.6326894760131836 0.5058590173721313 24.43630027770996 0.772235559365317 0.2895636260509491
Pedestrian -1 -1 1.42 480.3124084472656 142.78419494628906 503.0337829589844 193.7939910888672 1.7579163312911987 0.6409540176391602 0.6141309142112732 -3.5066399574279785 0.5330827236175537 22.576589584350586 1.2643433001036328 0.2894389033317566
Cyclist -1 -1 0.94 516.4535522460938 140.81298828125 555.2276000976562 188.2226104736328 1.801011562347412 0.5856208801269531 1.648330569267273 -2.645218849182129 0.3174770474433899 27.279733657836914 0.8478320358436058 0.28707772493362427
Pedestrian -1 -1 1.3 496.7742919921875 141.88169860839844 516.8515625 199.68374633789062 1.7926357984542847 0.6484242677688599 0.6053847670555115 -3.1455514430999756 0.5839570462703705 22.574254989624023 1.160995619160019 0.2850932776927948
Cyclist -1 -1 1.07 267.697265625 139.6818389892578 316.87335205078125 241.2991485595703 1.8063912391662598 0.6771427989006042 1.7700971364974976 -6.038771629333496 1.105526179075241 13.721231460571289 0.6595703706301954 0.2848864793777466
Cyclist -1 -1 1.89 451.0989685058594 148.67652893066406 488.6330261230469 203.72433471679688 1.68657648563385 0.6268459558486938 1.6180739402770996 -4.431754112243652 0.6897923648357391 23.02224349975586 1.7006056674376255 0.2843846082687378
Pedestrian -1 -1 0.74 781.076904296875 162.658447265625 849.9410400390625 329.8180236816406 1.5325908660888672 0.5519442558288574 0.6226388216018677 1.9095897674560547 1.3622196316719055 6.652407169342041 1.019042536271594 0.2839301824569702
Cyclist -1 -1 2.32 411.28076171875 140.36050415039062 465.66864013671875 210.06028747558594 1.781511902809143 0.5896024703979492 1.7576665878295898 -4.08576774597168 0.8905633691174444 17.0952091217041 2.083591457665877 0.2820776104927063
Cyclist -1 -1 2.83 417.71588134765625 146.27854919433594 451.486328125 204.19046020507812 1.7397056818008423 0.6836892366409302 1.6148208379745483 -5.354333877563477 0.7234366238117218 22.44661521911621 2.598102158620704 0.28136172890663147
Pedestrian -1 -1 0.65 243.61312866210938 135.9414825439453 341.7405700683594 300.552978515625 1.766929268836975 0.6994706392288208 0.871824324131012 -3.4629509449005127 1.365594744682312 7.866788387298584 0.2364420936158993 0.2803189754486084
Cyclist -1 -1 -1.51 245.34075927734375 139.79119873046875 294.7183837890625 252.24591064453125 1.7473070621490479 0.5508289337158203 1.724061131477356 -5.751474380493164 1.1366521418094635 12.57089614868164 -1.9421117032945023 0.27590328454971313
Pedestrian -1 -1 1.59 430.6089172363281 145.38380432128906 460.3647155761719 202.9984588623047 1.8018286228179932 0.6118845343589783 0.4735228419303894 -4.816997528076172 0.7603017836809158 21.388591766357422 1.365174330287914 0.27540093660354614
Van -1 -1 2.22 -12.22750186920166 109.84345245361328 262.4524908065796 360.51139068603516 1.9334871768951416 1.7961255311965942 4.555514335632324 -3.6005914211273193 1.5107640624046326 4.033935070037842 1.4932871507490777 0.274343878030777
Cyclist -1 -1 2.47 488.06451416015625 142.92938232421875 510.58038330078125 192.68128967285156 1.7821354866027832 0.6407891511917114 1.6174118518829346 -4.13775634765625 0.37188786268234253 27.62890625 2.325889863933119 0.2742372155189514
Cyclist -1 -1 3.13 480.50970458984375 144.450439453125 511.6952819824219 197.06398010253906 1.7782220840454102 0.6392927169799805 1.6000560522079468 -4.09650993347168 0.47052979469299316 26.898710250854492 2.9835879014212754 0.2738480567932129
Pedestrian -1 -1 1.61 571.2694702148438 140.6190185546875 611.9898071289062 221.9991455078125 1.8014596700668335 0.6192899346351624 0.7227808833122253 -0.300565630197525 0.9083529794588685 14.910537719726562 1.5904358539575005 0.2723071873188019
Pedestrian -1 -1 0.82 712.554443359375 169.8828582763672 777.947021484375 341.7574768066406 1.4177851676940918 0.4934745728969574 0.6285051107406616 1.3248683214187622 1.361759901046753 6.271353721618652 1.0318303323859865 0.27055853605270386
Pedestrian -1 -1 2.0 258.88690185546875 138.2126007080078 304.0862731933594 237.8936767578125 1.7420213222503662 0.6206910014152527 0.5761407613754272 -5.906528949737549 1.095370888710022 13.006771087646484 1.5691701083623206 0.27035659551620483
Pedestrian -1 -1 1.47 525.7234497070312 139.48228454589844 561.7031860351562 220.31153869628906 1.7702674865722656 0.6906664371490479 0.7965813875198364 -1.1247016191482544 0.9392514899373055 13.978816986083984 1.3866925015280405 0.2622124254703522
Cyclist -1 -1 1.21 478.84869384765625 141.92103576660156 511.2664489746094 187.99380493164062 1.8086984157562256 0.5844008922576904 1.5925794839859009 -4.394017696380615 0.2738651633262634 28.555585861206055 1.0535325519859917 0.2611599564552307
Pedestrian -1 -1 1.49 582.4730224609375 141.1703338623047 618.2592163085938 216.11863708496094 1.7426021099090576 0.6061000227928162 0.6025657653808594 -0.07382161915302277 0.8220586068928242 16.502395629882812 1.4901310069176343 0.2603094279766083
Pedestrian -1 -1 1.29 249.67816162109375 141.8314208984375 291.14923095703125 263.7365417480469 1.7327455282211304 0.6412845849990845 0.7141976952552795 -4.8462114334106445 1.1894613206386566 10.33495044708252 0.8522876063597042 0.25945472717285156
Cyclist -1 -1 0.1 258.89678955078125 138.46841430664062 303.14398193359375 232.7489776611328 1.905617594718933 0.6823897957801819 1.706819772720337 -6.837821960449219 1.0676584839820862 15.107812881469727 -0.32315620268134815 0.25820276141166687
Cyclist -1 -1 1.96 510.8199157714844 138.97605895996094 558.2931518554688 202.7794189453125 1.8535913228988647 0.6077550649642944 1.5422064065933228 -1.9855643510818481 0.5343155264854431 21.868112564086914 1.8675891606172623 0.25630688667297363
Pedestrian -1 -1 1.86 543.9358520507812 142.58859252929688 574.9127197265625 216.08351135253906 1.8371994495391846 0.673054039478302 0.7518223524093628 -0.9529991149902344 0.9058466488495469 14.613831520080566 1.7915052102661422 0.25540944933891296
Pedestrian -1 -1 0.98 506.3978271484375 142.16632080078125 538.962158203125 192.8544464111328 1.7696837186813354 0.6191525459289551 0.6632246971130371 -2.349146604537964 0.662149116396904 20.531251907348633 0.8684656436153162 0.25464892387390137
Cyclist -1 -1 2.05 488.1639709472656 141.50350952148438 522.7697143554688 198.0758819580078 1.8202000856399536 0.6526716947555542 1.6613047122955322 -3.6887078285217285 0.45517924427986145 25.114133834838867 1.9079989964923314 0.25411713123321533
Cyclist -1 -1 0.71 476.5526428222656 143.75238037109375 506.6669006347656 192.19268798828125 1.8508453369140625 0.5882019400596619 1.6383748054504395 -4.189444065093994 0.42740151286125183 26.76567840576172 0.5498197103891691 0.25396814942359924
Pedestrian -1 -1 0.95 716.78759765625 174.92169189453125 789.373291015625 350.2711486816406 1.6286331415176392 0.5951567888259888 0.8040086627006531 1.371559977531433 1.5215129256248474 6.565214157104492 1.1531372867912495 0.2523665130138397
Pedestrian -1 -1 1.74 622.1644897460938 146.48165893554688 649.0963134765625 219.0738067626953 1.501238465309143 0.5260260701179504 0.7667149901390076 0.6731477379798889 0.8137179985642433 15.803035736083984 1.7874716559505357 0.2522718608379364
Pedestrian -1 -1 2.26 421.4013977050781 142.5692596435547 459.9862976074219 204.37669372558594 1.8758701086044312 0.6294465661048889 0.5917407274246216 -5.125039577484131 0.7009241282939911 22.345447540283203 2.038838575327625 0.2511634826660156
Pedestrian -1 -1 0.7 512.4630737304688 138.65673828125 547.7001953125 235.94131469726562 1.810533881187439 0.7000107765197754 0.8209331631660461 -1.2502580881118774 1.035278096795082 12.280360221862793 0.5995582305385057 0.25036582350730896
Cyclist -1 -1 2.55 415.0923156738281 149.9511260986328 462.0771484375 212.97366333007812 1.68715238571167 0.6525056958198547 1.6542599201202393 -5.1228742599487305 0.7925993464887142 21.673561096191406 2.3183598600994095 0.2501693367958069
Pedestrian -1 -1 1.39 631.901123046875 145.9872283935547 655.6046752929688 207.87127685546875 1.6548466682434082 0.5729401111602783 0.5387992262840271 1.0501885414123535 0.6593293398618698 18.996915817260742 1.4494270723764782 0.24854031205177307
Cyclist -1 -1 2.61 430.1983642578125 145.26193237304688 471.3731689453125 202.8931427001953 1.6709054708480835 0.6497942209243774 1.5782058238983154 -4.8451972007751465 0.6449969410896301 22.6274471282959 2.4033976325346798 0.2484380304813385
Pedestrian -1 -1 2.1 471.4913635253906 148.03025817871094 491.55413818359375 202.6542205810547 1.6479734182357788 0.5812382102012634 0.6718349456787109 -3.7398760318756104 0.7305278703570366 21.11116600036621 1.9274396706502381 0.24822059273719788
Pedestrian -1 -1 1.64 554.391357421875 139.9887237548828 581.9721069335938 229.42218017578125 1.7384613752365112 0.6632051467895508 0.6872493028640747 -0.6396925449371338 0.9746909514069557 13.630620956420898 1.5933464041702834 0.2479732185602188
Pedestrian -1 -1 1.42 640.5947265625 143.702392578125 665.6898803710938 213.40065002441406 1.717587947845459 0.6216500997543335 0.6308483481407166 1.3005359172821045 0.7786613181233406 18.772905349731445 1.484829895570595 0.24782904982566833
Pedestrian -1 -1 1.27 570.3451538085938 148.9846649169922 602.6298217773438 232.14862060546875 1.6677184104919434 0.6032454371452332 0.8048772811889648 -0.3556758761405945 0.9995055198669434 13.882752418518066 1.2441565269129926 0.24740932881832123
Pedestrian -1 -1 1.11 573.0938720703125 133.8094940185547 615.5809936523438 246.8363037109375 1.8019057512283325 0.6327608227729797 0.8445624709129333 -0.03955480456352234 1.098666489124298 12.359976768493652 1.1090560531854576 0.24483883380889893
Pedestrian -1 -1 1.06 774.8390502929688 172.90147399902344 854.4386596679688 348.11767578125 1.6632566452026367 0.6057906746864319 0.785631000995636 2.0800063610076904 1.513698935508728 6.970284938812256 1.349071965264958 0.24438799917697906
Pedestrian -1 -1 2.22 538.692626953125 135.75149536132812 585.84619140625 248.27191162109375 1.7648266553878784 0.651765763759613 0.8519948124885559 -0.724544107913971 1.0503874272108078 11.985164642333984 2.1620172585502635 0.24284127354621887
Pedestrian -1 -1 0.63 691.4537353515625 161.7896728515625 783.1884155273438 347.145263671875 1.6777160167694092 0.6183133125305176 0.8054084777832031 1.243083119392395 1.4364593625068665 6.351355075836182 0.8237434440986249 0.24235652387142181
Pedestrian -1 -1 1.22 250.2618408203125 140.37625122070312 304.98138427734375 252.64537048339844 1.6905092000961304 0.6316484212875366 0.6723067164421082 -5.558864116668701 1.1415854096412659 11.991706848144531 0.7810931453957153 0.24043992161750793
Pedestrian -1 -1 0.63 776.9267578125 166.1510772705078 872.7190551757812 325.66131591796875 1.5935285091400146 0.5798466205596924 0.6763375401496887 2.070655584335327 1.4231443405151367 6.783756732940674 0.9297634157538273 0.24023044109344482
Pedestrian -1 -1 1.9 505.57830810546875 139.47738647460938 533.44970703125 218.5102081298828 1.8898024559020996 0.6923551559448242 0.7370211482048035 -2.2888381481170654 0.8404868021607399 19.724624633789062 1.7823768559585158 0.2392839789390564
Pedestrian -1 -1 1.15 501.5389404296875 141.07302856445312 524.0993041992188 197.4459991455078 1.7688578367233276 0.6143035888671875 0.5916261672973633 -2.679656505584717 0.5921849012374878 20.131929397583008 1.0202243461767218 0.23853488266468048
Pedestrian -1 -1 1.15 483.7486877441406 142.2745819091797 509.37689208984375 190.4642333984375 1.7976816892623901 0.60445237159729 0.5649406313896179 -3.4759342670440674 0.4963236451148987 23.428335189819336 0.9999756590498983 0.23824772238731384
Cyclist -1 -1 2.0 513.6278686523438 140.4461669921875 549.3922119140625 200.4551544189453 1.768424153327942 0.5795243382453918 1.511602520942688 -2.455977439880371 0.5012637972831726 23.58125114440918 1.8935191839649992 0.2344379425048828
Pedestrian -1 -1 1.11 249.70616149902344 138.90440368652344 293.8924865722656 292.40509033203125 1.749803066253662 0.6684653759002686 0.8061562180519104 -4.517014026641846 1.2915847897529602 9.494362831115723 0.6637371324424359 0.23413892090320587
Pedestrian -1 -1 0.56 218.38059997558594 149.9348907470703 300.2137145996094 309.6495361328125 1.692448616027832 0.5865090489387512 0.7961606383323669 -3.7426040172576904 1.339386522769928 7.74418306350708 0.10665222563042498 0.2340255230665207
Pedestrian -1 -1 0.72 758.4778442382812 172.9370880126953 835.443115234375 336.73614501953125 1.4922555685043335 0.5233122110366821 0.7626566886901855 1.9651854038238525 1.448661744594574 6.936251163482666 0.9912885877997573 0.2337682992219925
Cyclist -1 -1 2.1 385.4631042480469 143.63636779785156 447.7777099609375 206.47608947753906 1.8096619844436646 0.68198162317276 1.844282627105713 -5.221436977386475 0.8111889138817787 19.927995681762695 1.8395726202205918 0.23301759362220764
Pedestrian -1 -1 1.64 251.5284881591797 138.40049743652344 296.654052734375 230.12890625 1.7364131212234497 0.6361808180809021 0.5225270986557007 -6.688295841217041 1.0192374736070633 14.366751670837402 1.2051816278982628 0.23106598854064941
Pedestrian -1 -1 1.38 603.9171752929688 143.43923950195312 630.1043701171875 214.5192108154297 1.6122798919677734 0.5706701278686523 0.7339909076690674 0.3642553389072418 0.7574609145522118 16.417207717895508 1.404897935529128 0.22936081886291504
Cyclist -1 -1 2.66 405.6491394042969 152.8349609375 456.8759765625 211.1473846435547 1.6760828495025635 0.6530877947807312 1.6422839164733887 -5.346442222595215 0.7714147865772247 21.920198440551758 2.4208848581823883 0.22904056310653687
Cyclist -1 -1 1.66 400.06390380859375 143.3895263671875 472.669921875 244.7050323486328 1.7734287977218628 0.6688786745071411 1.7855956554412842 -3.260253667831421 1.1930502355098724 13.284521102905273 1.4235332824994202 0.22698041796684265
Pedestrian -1 -1 1.06 476.127197265625 144.76922607421875 507.56732177734375 200.91761779785156 1.7437143325805664 0.6188932061195374 0.6210084557533264 -3.5500845909118652 0.6663780957460403 22.04960060119629 0.897887686357036 0.22679059207439423
Cyclist -1 -1 2.32 520.2986450195312 143.693603515625 557.970947265625 191.39402770996094 1.7900274991989136 0.6054749488830566 1.602471113204956 -2.513946533203125 0.39287859201431274 25.442745208740234 2.217362620446538 0.2266329675912857
Cyclist -1 -1 -1.75 251.70248413085938 133.93606567382812 298.4505920410156 278.83575439453125 1.8916431665420532 0.6195961833000183 1.7500544786453247 -5.191969394683838 1.2627443969249725 11.2839994430542 -2.1786914233609354 0.225473091006279
Cyclist -1 -1 2.71 335.6026306152344 148.69656372070312 386.6665344238281 203.0059051513672 1.616013765335083 0.6271263360977173 1.560027003288269 -8.08876895904541 0.7081521898508072 23.71613121032715 2.384173329318614 0.22533448040485382
Cyclist -1 -1 2.7 346.74896240234375 149.73463439941406 407.431884765625 206.75442504882812 1.7163223028182983 0.6496537327766418 1.5927190780639648 -7.058756351470947 0.7313229888677597 22.381061553955078 2.3930918652866975 0.22443628311157227
Van -1 -1 2.23 12.1683931350708 95.50406646728516 252.96743488311768 274.9487075805664 2.1483876705169678 1.9103883504867554 4.9956135749816895 -4.810305595397949 1.5879061818122864 5.696910858154297 1.524915900176648 0.22418390214443207
Pedestrian -1 -1 1.41 382.593505859375 144.12472534179688 419.2738952636719 204.77186584472656 1.8503448963165283 0.6063284873962402 0.5429692268371582 -6.410058498382568 0.7214448601007462 22.432191848754883 1.1355318844040632 0.22342826426029205
Pedestrian -1 -1 0.63 730.0473022460938 164.9975128173828 808.7330932617188 333.7432861328125 1.5816261768341064 0.5677248239517212 0.7081645727157593 1.4965546131134033 1.3944354057312012 6.4559326171875 0.8624356670651592 0.22278937697410583
Pedestrian -1 -1 1.01 536.610595703125 138.26646423339844 571.891845703125 214.63815307617188 1.7385424375534058 0.6126629710197449 0.6089544892311096 -1.1505132913589478 0.7704801484942436 16.438159942626953 0.9416928718808517 0.22244973480701447
Pedestrian -1 -1 1.65 426.4695739746094 145.14837646484375 454.481689453125 203.00588989257812 1.8415385484695435 0.6127316951751709 0.5487723350524902 -5.083209991455078 0.7124436646699905 22.223751068115234 1.4240140914763115 0.2223770171403885
Cyclist -1 -1 3.08 464.78192138671875 145.7439422607422 496.3441467285156 201.3683624267578 1.7456247806549072 0.5895052552223206 1.6391396522521973 -4.0908331871032715 0.6192111968994141 23.03791046142578 2.900998804178222 0.22184497117996216
Cyclist -1 -1 2.01 508.90863037109375 140.6791534423828 538.9203491210938 199.4689483642578 1.7795000076293945 0.5810719132423401 1.516514778137207 -2.694913387298584 0.4971453547477722 24.431798934936523 1.9023859893401136 0.22159385681152344
Pedestrian -1 -1 1.5 578.4688110351562 141.26419067382812 606.9566650390625 222.47308349609375 1.7703437805175781 0.6404377818107605 0.6790030598640442 -0.3563467264175415 0.91501384973526 15.611144065856934 1.4758981323174583 0.22087855637073517
Pedestrian -1 -1 1.17 510.8199157714844 138.97605895996094 558.2931518554688 202.7794189453125 1.8304997682571411 0.6853973865509033 0.609343945980072 -1.720244288444519 0.6435763239860535 19.340105056762695 1.08515240579122 0.2202378362417221
Cyclist -1 -1 2.16 423.81201171875 142.13047790527344 472.4248962402344 209.0061798095703 1.716588020324707 0.5923473238945007 1.7062288522720337 -4.293038368225098 0.8168851546943188 18.89252281188965 1.9343710123867615 0.21996258199214935
Pedestrian -1 -1 1.08 692.757568359375 155.6516571044922 768.0071411132812 331.1700744628906 1.6488771438598633 0.6745632886886597 0.8572683334350586 1.270157814025879 1.4189053773880005 6.427877426147461 1.2768867467827825 0.21847279369831085
Cyclist -1 -1 1.72 397.7335510253906 143.6517333984375 459.9432373046875 209.49874877929688 1.8323513269424438 0.6741358041763306 1.8570019006729126 -4.941770553588867 0.835739329457283 20.269119262695312 1.4800972445433924 0.21771174669265747
Cyclist -1 -1 -0.07 249.68307495117188 139.14306640625 308.434326171875 243.70619201660156 1.791985273361206 0.6352182030677795 1.7665557861328125 -6.124900817871094 1.1179099082946777 13.295554161071777 -0.5048667426525348 0.21677377820014954
Cyclist -1 -1 2.26 467.60736083984375 141.15618896484375 503.8006286621094 193.824462890625 1.7813717126846313 0.6008740067481995 1.6047966480255127 -4.109843730926514 0.42274338006973267 25.196123123168945 2.0987108695505796 0.21589280664920807
Cyclist -1 -1 2.37 356.9122009277344 146.61659240722656 401.880859375 202.88668823242188 1.653961181640625 0.6009877324104309 1.6028881072998047 -7.3959455490112305 0.6907423436641693 22.892526626586914 2.0530177577475417 0.2127733826637268
Cyclist -1 -1 2.41 378.3564147949219 144.8253173828125 438.76324462890625 203.98536682128906 1.843381404876709 0.6717391014099121 1.851763129234314 -5.85037088394165 0.7965148687362671 20.79108238220215 2.131813271959815 0.21171581745147705
Pedestrian -1 -1 1.51 588.5721435546875 142.2349853515625 625.452392578125 215.47950744628906 1.759055495262146 0.6076030135154724 0.5842089056968689 0.03563886880874634 0.8268501535058022 16.632478713989258 1.5162593686889858 0.21151934564113617
Car -1 -1 -0.87 463.29913330078125 145.55389404296875 502.1877746582031 202.17323303222656 1.6708601713180542 1.53363835811615 3.55509614944458 -4.753948211669922 0.5253894627094269 28.023773193359375 -1.0330666346038786 0.20899251103401184
Pedestrian -1 -1 1.56 407.77093505859375 146.0289764404297 439.610595703125 201.54515075683594 1.7711466550827026 0.6007486581802368 0.5109703540802002 -5.739227294921875 0.7059977650642395 22.81724739074707 1.3152559662998993 0.20819658041000366
Pedestrian -1 -1 1.29 464.5434265136719 147.58616638183594 487.8360900878906 203.8143310546875 1.6646349430084229 0.5924482941627502 0.6444969773292542 -3.7808687686920166 0.7354053407907486 20.77436065673828 1.1086815775898415 0.206903338432312
Pedestrian -1 -1 1.22 508.7529296875 136.34249877929688 550.3067016601562 257.1405334472656 1.7829217910766602 0.6554195880889893 0.9077249765396118 -1.293067455291748 1.1269615292549133 12.186064720153809 1.1146479837159227 0.20368923246860504
Pedestrian -1 -1 1.85 513.5411376953125 142.7700653076172 534.17431640625 200.8284912109375 1.7214667797088623 0.6114096641540527 0.7132545709609985 -2.4896883964538574 0.650292232632637 21.093263626098633 1.7286798840446016 0.20335178077220917
Pedestrian -1 -1 -2.13 400.3625793457031 144.31350708007812 445.46295166015625 202.65109252929688 1.813023567199707 0.6126936078071594 0.6143277883529663 -5.909056186676025 0.6599673330783844 22.802257537841797 -2.3861492186158024 0.20274502038955688
Cyclist -1 -1 1.9 412.658935546875 150.1591339111328 451.2549133300781 213.83560180664062 1.6538840532302856 0.606037437915802 1.6843781471252441 -5.524588584899902 0.8338082400150597 22.649616241455078 1.6624862990822855 0.20263853669166565
Cyclist -1 -1 -0.19 251.5284881591797 138.40049743652344 296.654052734375 230.12890625 1.8717948198318481 0.6778210401535034 1.683307409286499 -7.4159369468688965 1.0158074349164963 16.165088653564453 -0.6244500948002725 0.19980284571647644
Cyclist -1 -1 2.62 361.98651123046875 145.73696899414062 409.21234130859375 202.64109802246094 1.6789268255233765 0.5768218040466309 1.6189696788787842 -7.273259162902832 0.6287469267845154 23.52812385559082 2.3169117220286255 0.19938592612743378
Pedestrian -1 -1 1.24 503.55084228515625 142.764892578125 537.7254638671875 212.58644104003906 1.732141375541687 0.6771497130393982 0.7905353903770447 -2.122934579849243 0.8516343533992767 18.68334197998047 1.1228677694812603 0.1987854242324829
Pedestrian -1 -1 1.49 486.16754150390625 143.7903289794922 506.32830810546875 200.08770751953125 1.717020034790039 0.6140514016151428 0.6307528614997864 -3.3029394149780273 0.6510044038295746 21.332555770874023 1.333182415439194 0.19825345277786255
Cyclist -1 -1 -2.08 259.26953125 134.46124267578125 311.92999267578125 277.6480407714844 1.8134280443191528 0.6273291110992432 1.799149513244629 -5.518985748291016 1.1912024915218353 12.142390251159668 -2.51151746989418 0.1977795958518982
Pedestrian -1 -1 1.62 420.4261779785156 145.77462768554688 452.4327087402344 205.57972717285156 1.7981699705123901 0.6009888052940369 0.529853105545044 -4.972261428833008 0.7731394469738007 21.182369232177734 1.3907257032889309 0.19582103192806244
Cyclist -1 -1 1.73 381.1432800292969 144.5956573486328 483.19354248046875 244.8302459716797 1.812138557434082 0.759760856628418 1.9665111303329468 -2.7882535457611084 1.2760327756404877 12.263091087341309 1.5040907930344538 0.19559746980667114
Cyclist -1 -1 0.06 259.2296447753906 128.05764770507812 324.4851989746094 299.2381591796875 1.8510000705718994 0.6784720420837402 1.824615716934204 -4.020108222961426 1.3312483429908752 9.09189224243164 -0.35339335410231243 0.1953423172235489
Pedestrian -1 -1 1.65 522.0729370117188 144.45008850097656 553.263671875 194.19046020507812 1.7056422233581543 0.6110174655914307 0.670697033405304 -2.1536214351654053 0.5324195623397827 23.626361846923828 1.5616190208270115 0.1944260597229004
Cyclist -1 -1 1.91 375.6509704589844 144.19984436035156 444.9823303222656 231.9447784423828 1.804295301437378 0.6220189332962036 1.7956255674362183 -4.789988994598389 0.9909104555845261 17.50632095336914 1.6468433244293088 0.1923271268606186
Cyclist -1 -1 1.67 382.38311767578125 142.1682586669922 457.1891174316406 240.22972106933594 1.779465913772583 0.6389861106872559 1.781772255897522 -4.182704925537109 1.0429928600788116 16.314210891723633 1.4190708376263128 0.19213710725307465
Cyclist -1 -1 -0.49 247.1423797607422 136.22299194335938 339.3343200683594 287.4916076660156 1.8377938270568848 0.6882495880126953 1.806183934211731 -4.11604118347168 1.337643712759018 9.354547500610352 -0.906612648952704 0.1917540282011032
Pedestrian -1 -1 1.48 492.4219055175781 141.73037719726562 532.0192260742188 196.4915771484375 1.8351815938949585 0.7049739956855774 0.7183285355567932 -2.8795666694641113 0.5677918791770935 22.99367332458496 1.356669070366216 0.19023704528808594
Pedestrian -1 -1 1.58 514.8009643554688 140.9872589111328 541.2905883789062 210.07565307617188 1.7860058546066284 0.6692979335784912 0.8000510334968567 -2.1444199085235596 0.7426728457212448 19.212751388549805 1.4650345750232772 0.18883709609508514
Cyclist -1 -1 2.12 500.4931640625 142.427001953125 524.6134643554688 199.54904174804688 1.7229398488998413 0.6054288744926453 1.5100897550582886 -3.1112518310546875 0.5166929066181183 23.942840576171875 1.9928860749061643 0.18858788907527924
Cyclist -1 -1 0.76 488.9003601074219 142.7015838623047 516.762451171875 193.59266662597656 1.8458195924758911 0.6046464443206787 1.6377967596054077 -3.8894996643066406 0.4249708354473114 26.55677032470703 0.618670753301366 0.18834614753723145
Pedestrian -1 -1 2.25 597.3643798828125 139.09767150878906 635.5147094726562 254.30287170410156 1.744524359703064 0.6288437843322754 0.8238497376441956 0.222680002450943 1.0824756175279617 12.387720108032227 2.2680774265537176 0.18739987909793854
Cyclist -1 -1 1.72 438.97869873046875 146.23486328125 475.351318359375 201.86505126953125 1.7219746112823486 0.6288380026817322 1.6430304050445557 -5.085638999938965 0.6182029247283936 24.125566482543945 1.509230299048168 0.18576006591320038
Pedestrian -1 -1 1.03 514.8095092773438 142.96754455566406 547.3309936523438 190.00660705566406 1.7720528841018677 0.6222323775291443 0.5960960984230042 -2.5171821117401123 0.4370013475418091 24.65028190612793 0.926283593437379 0.1845925748348236
Cyclist -1 -1 -0.0 248.05516052246094 132.05050659179688 305.4853210449219 292.06256103515625 1.8602721691131592 0.6719292402267456 1.8160425424575806 -4.399954319000244 1.3232466280460358 9.656546592712402 -0.4279343595284515 0.1828772872686386
Cyclist -1 -1 -3.08 503.3680114746094 140.90611267089844 528.5570678710938 200.601806640625 1.7703044414520264 0.5788676738739014 1.5851629972457886 -2.9248857498168945 0.5267802774906158 24.510486602783203 3.0881212291086495 0.18249373137950897
Cyclist -1 -1 -3.14 493.0078125 143.6412353515625 519.0529174804688 198.9452667236328 1.7907058000564575 0.6139737963676453 1.5979878902435303 -3.7777605056762695 0.471761018037796 26.690174102783203 3.0042595570541177 0.18036726117134094
Pedestrian -1 -1 1.43 569.118408203125 139.68951416015625 595.045166015625 217.05706787109375 1.747301459312439 0.6716037392616272 0.7105092406272888 -0.4588763117790222 0.8577195163816214 15.733078002929688 1.3967685360215665 0.179776132106781
Pedestrian -1 -1 1.26 506.1342468261719 138.540283203125 539.3829345703125 230.25357055664062 1.827134609222412 0.6738061308860779 0.8889504075050354 -2.290642261505127 0.9220329253003001 17.864229202270508 1.1317582585347443 0.17856979370117188
Cyclist -1 -1 2.8 398.21563720703125 153.09759521484375 447.3578186035156 210.07302856445312 1.6770005226135254 0.6245922446250916 1.6294618844985962 -5.910449981689453 0.8090250436216593 23.273895263671875 2.5495085240661552 0.17586278915405273
Truck -1 -1 2.04 -4.328233242034912 81.12541961669922 252.67548990249634 334.1738815307617 3.1377851963043213 2.3841285705566406 6.925772666931152 -4.978055953979492 1.691044807434082 5.751918315887451 1.3236404495096554 0.175458624958992
Pedestrian -1 -1 1.15 485.8028564453125 142.59146118164062 519.6674194335938 194.8917694091797 1.8503265380859375 0.6955258250236511 0.729257345199585 -3.1308751106262207 0.6204260885715485 22.76641082763672 1.0109174251914386 0.16748405992984772
Pedestrian -1 -1 1.55 500.8588562011719 145.68228149414062 529.5481567382812 220.3251953125 1.8122870922088623 0.6588612198829651 0.7972154021263123 -2.600877523422241 0.8588989153504372 19.774555206298828 1.4176083091499372 0.16599759459495544
Cyclist -1 -1 2.79 516.7166137695312 139.54637145996094 551.4095458984375 210.27464294433594 1.805490255355835 0.641137421131134 1.533432126045227 -2.1082255840301514 0.6130071878433228 21.298648834228516 2.6950561727538105 0.1628408432006836
Cyclist -1 -1 1.93 409.6510314941406 146.78619384765625 475.817626953125 216.38092041015625 1.8473442792892456 0.7257565855979919 1.8040374517440796 -3.8158915042877197 0.9827596694231033 17.429723739624023 1.7153945174163763 0.16220726072788239
Cyclist -1 -1 2.62 520.9862060546875 140.9436492919922 564.4482421875 205.3098602294922 1.8612114191055298 0.603428065776825 1.666618824005127 -1.5462638139724731 0.7627410292625427 19.31696128845215 2.539775629105014 0.16054987907409668
Cyclist -1 -1 1.88 418.8359069824219 147.29388427734375 481.2567443847656 207.65158081054688 1.816062092781067 0.7155256271362305 1.852962613105774 -4.16497802734375 0.8496536053717136 19.436227798461914 1.6704009073845798 0.16052046418190002
Cyclist -1 -1 2.16 439.0484924316406 142.78981018066406 482.7222900390625 205.1691436767578 1.781484603881836 0.610589861869812 1.7179980278015137 -4.195136547088623 0.7799161225557327 19.847354888916016 1.9491531054686995 0.15387171506881714
Cyclist -1 -1 1.14 500.8152770996094 141.4315185546875 542.3289794921875 210.2940673828125 1.7574537992477417 0.6924540996551514 1.6662322282791138 -2.0778446197509766 0.6802830845117569 17.748571395874023 1.0278375316132244 0.10298801958560944
Car -1 -1 -0.69 12.866006851196289 302.3045654296875 44.63154983520508 365.4427795410156 1.4424288272857666 1.3964288234710693 3.4754199981689453 -3.3333332538604736 1.7433825731277466 3.1829192638397217 -1.494502718894518 0.09307076036930084