Car -1 -1 1.31 464.3087158203125 172.487548828125 528.5037841796875 207.73092651367188 1.4306734800338745 1.653455376625061 4.203417778015137 -4.946641445159912 1.1214421093463898 32.33005905151367 1.1592703575949734 0.8554243445396423
Car -1 -1 -0.83 6.848379611968994 204.5531463623047 289.8698945045471 366.3239440917969 1.4954930543899536 1.6566548347473145 3.9179763793945312 -3.2213804721832275 1.6291396021842957 3.6500072479248047 -1.5528765156131064 0.7917842268943787
Car -1 -1 2.08 72.32477569580078 181.9600830078125 227.85926055908203 248.7581329345703 1.5241525173187256 1.5520178079605103 3.5881969928741455 -11.273600578308105 1.5637874007225037 17.70651626586914 1.5085184528217974 0.7867385149002075
Car -1 -1 -0.93 1167.21826171875 150.65289306640625 1222.5050048828125 200.77378845214844 1.546339511871338 1.649597406387329 4.2287750244140625 22.105361938476562 0.5804312825202942 24.870853424072266 -0.20347714512656623 0.6911283135414124
Cyclist -1 -1 1.39 294.1236267089844 170.11328125 338.873291015625 226.41375732421875 1.806486964225769 0.6220696568489075 1.8417121171951294 -9.438225746154785 1.4570561051368713 23.2443904876709 1.004536865706223 0.5803263187408447
Pedestrian -1 -1 1.44 300.25225830078125 175.590087890625 335.97540283203125 225.0022735595703 1.6515508890151978 0.6355463266372681 0.4896809458732605 -9.269918441772461 1.4475549459457397 22.883649826049805 1.0531543088811173 0.5104255080223083
Pedestrian -1 -1 0.02 1008.121337890625 157.53012084960938 1029.4737548828125 213.8335723876953 1.6843385696411133 0.5993331074714661 0.747522234916687 12.062066078186035 0.9945842772722244 20.671613693237305 0.5531732209478339 0.44473588466644287
Pedestrian -1 -1 0.52 303.44525146484375 169.68783569335938 331.1787109375 226.34471130371094 1.769053339958191 0.6325037479400635 0.583346962928772 -9.190315246582031 1.452915906906128 22.371061325073242 0.13057260210714672 0.4152735471725464
Van -1 -1 2.16 73.76055145263672 184.31857299804688 229.80574798583984 243.9826202392578 1.7440389394760132 1.6587382555007935 3.8567187786102295 -11.588035583496094 1.7238214015960693 18.25677490234375 1.5926744035006122 0.4006943106651306
Car -1 -1 2.11 67.49776458740234 174.0455322265625 236.6050033569336 263.2429504394531 1.5679879188537598 1.578019380569458 3.6420276165008545 -10.426847457885742 1.5517842769622803 16.4851016998291 1.5503180546513518 0.3880700170993805
Pedestrian -1 -1 3.03 1015.323974609375 152.30160522460938 1038.151123046875 215.30198669433594 1.7414122819900513 0.6350891590118408 0.7752849459648132 11.82733154296875 0.9843423813581467 19.933500289916992 -2.7176329905176537 0.38672834634780884
Pedestrian -1 -1 -3.01 1013.4166259765625 154.77877807617188 1036.2279052734375 208.40731811523438 1.7498294115066528 0.6272127032279968 0.8167056441307068 12.238641738891602 0.9554950445890427 20.83152198791504 -2.474198251440793 0.37820500135421753
Pedestrian -1 -1 -0.12 1005.0350952148438 157.28953552246094 1025.29736328125 213.94677734375 1.684831976890564 0.6084784865379333 0.7600566148757935 12.05030345916748 0.9904432147741318 20.69967269897461 0.4024863756608177 0.3564002513885498
Pedestrian -1 -1 0.05 1010.8594970703125 157.02833557128906 1032.445556640625 211.882080078125 1.676686406135559 0.6159136295318604 0.7534549236297607 12.095038414001465 0.9857537001371384 20.627357482910156 0.5815183061343023 0.35112541913986206
Pedestrian -1 -1 2.36 882.35009765625 153.24888610839844 899.9105224609375 196.14715576171875 1.78950834274292 0.6104095578193665 0.908087432384491 12.767255783081055 0.6397036910057068 31.468019485473633 2.7486149804507125 0.30439648032188416
Pedestrian -1 -1 -0.23 1002.3255004882812 156.8920135498047 1022.4928588867188 213.43011474609375 1.7031879425048828 0.5972092747688293 0.7640870809555054 12.137317657470703 0.994903028011322 20.866727828979492 0.29493417785184706 0.2871320843696594
Pedestrian -1 -1 -2.66 1004.1344604492188 151.6254425048828 1032.19580078125 216.56484985351562 1.7968742847442627 0.6007722020149231 0.7636716365814209 11.890462875366211 1.034406617283821 20.356855392456055 -2.1323322850264264 0.2867806851863861
Van -1 -1 2.28 63.08309555053711 182.8077392578125 231.10456466674805 257.23516845703125 1.9547510147094727 1.6370927095413208 4.018332481384277 -11.693838119506836 2.087108612060547 17.614912033081055 1.6930530805689656 0.2851865291595459
Pedestrian -1 -1 -2.78 1015.5352172851562 152.699951171875 1043.0882568359375 226.92127990722656 1.7578989267349243 0.6358896493911743 0.9806783199310303 11.013948440551758 1.0401225984096527 18.583932876586914 -2.2424784524788794 0.28512006998062134
Car -1 -1 2.22 55.79999542236328 180.23385620117188 253.65302276611328 284.6820983886719 1.532721996307373 1.582481861114502 3.809816598892212 -10.193315505981445 1.9627363681793213 14.596890449523926 1.6106442958680018 0.2678822875022888
Car -1 -1 -1.0 10.608133316040039 195.4017333984375 275.37278175354004 333.1802978515625 1.4752339124679565 1.657020926475525 3.9809927940368652 -2.991506814956665 1.417719542980194 4.0146803855896 -1.6357995140751038 0.25931379199028015
Van -1 -1 -1.03 1168.2542724609375 151.35646057128906 1224.27001953125 199.7277374267578 1.817370891571045 1.8823999166488647 4.809995174407959 21.784183502197266 0.6817119866609573 24.600961685180664 -0.30872620432429976 0.24179038405418396
Cyclist -1 -1 2.66 1003.7396240234375 154.01658630371094 1032.978271484375 214.1652374267578 1.679768443107605 0.5912240147590637 1.7335153818130493 12.371419906616211 1.029762163758278 21.232816696166992 -3.0979660615342706 0.235370472073555
Pedestrian -1 -1 0.43 305.80889892578125 173.18092346191406 333.9677734375 223.6143341064453 1.6970123052597046 0.6055620312690735 0.6528022885322571 -9.560704231262207 1.4904319047927856 23.85746955871582 0.0473028280497636 0.22244738042354584
Cyclist -1 -1 -1.53 1167.7132568359375 147.83514404296875 1222.73291015625 203.8067169189453 1.7522896528244019 0.6003730297088623 1.820594072341919 16.931209564208984 0.8024529442191124 19.805280685424805 -0.8240438545137709 0.21697625517845154
Cyclist -1 -1 1.74 304.4970397949219 172.19505310058594 339.54144287109375 223.902587890625 1.734782338142395 0.590985894203186 1.802748680114746 -9.30138111114502 1.4273014068603516 23.232812881469727 1.3636282261586352 0.20594964921474457
Pedestrian -1 -1 -1.78 1017.362548828125 151.470703125 1040.1644287109375 207.02210998535156 1.8569175004959106 0.5772449970245361 0.9953916668891907 13.649219512939453 0.8905387185513973 22.816913604736328 -1.2414652992686754 0.19814717769622803
Pedestrian -1 -1 -2.99 1006.871337890625 149.7681427001953 1039.8614501953125 214.99574279785156 1.8397661447525024 0.6281173825263977 0.7152343392372131 11.544778823852539 1.0758544951677322 19.527158737182617 -2.4545412996761167 0.18903478980064392
Car -1 -1 0.36 46.33924102783203 180.3522491455078 269.66764068603516 308.84088134765625 1.600718379020691 1.6423958539962769 3.815107822418213 -7.046846389770508 1.965290606021881 9.57469654083252 -0.2757101965475237 0.18680864572525024
Pedestrian -1 -1 -2.81 1011.2894287109375 157.5659942626953 1039.9847412109375 211.15545654296875 1.7053048610687256 0.6198078393936157 0.7592438459396362 12.795731544494629 0.9967468082904816 21.468111038208008 -2.2697302543104794 0.18254056572914124
Car -1 -1 1.17 466.1722717285156 170.9368438720703 518.9105834960938 202.63453674316406 1.4469190835952759 1.6565462350845337 4.0598931312561035 -5.305429935455322 1.0440056920051575 34.12247085571289 1.0139433765246828 0.15222974121570587
Car -1 -1 1.66 466.62286376953125 170.81784057617188 503.3783264160156 195.2359619140625 1.458259105682373 1.611666202545166 4.007115364074707 -9.320322036743164 0.8889570385217667 54.66566467285156 1.4872020865950057 0.15220743417739868
Car -1 -1 1.72 426.42364501953125 169.42889404296875 443.78125 189.39646911621094 1.7156956195831299 1.6716269254684448 4.172942638397217 -15.751044273376465 0.6596874743700027 65.71612548828125 1.4884449579503825 0.1515389233827591
Van -1 -1 1.31 42.96726989746094 181.0830841064453 275.6795349121094 324.3325500488281 2.019981622695923 1.762551188468933 4.153021335601807 -11.042898178100586 2.4403669834136963 15.514863014221191 0.6866344421171657 0.11589321494102478