Car -1 -1 -1.85 607.1577758789062 180.2747039794922 731.0833129882812 261.086181640625 1.5539337396621704 1.5974884033203125 3.732083797454834 1.1817026138305664 1.7375209331512451 15.997688293457031 -1.7780045217640978 0.8849947452545166
Car -1 -1 -1.79 522.0363159179688 183.69517517089844 579.6796264648438 221.955810546875 1.4419339895248413 1.5318880081176758 3.443366765975952 -2.558838367462158 1.9339359402656555 30.19355010986328 -1.87812301541166 0.8727970719337463
Car -1 -1 2.5 930.6232299804688 183.644775390625 1239.621826171875 328.2203369140625 1.4586910009384155 1.5258588790893555 3.688882827758789 6.021017074584961 1.5700554251670837 8.484463691711426 3.1196710029557977 0.8366777896881104
Car -1 -1 1.36 468.5804748535156 180.92347717285156 534.7954711914062 206.23341369628906 1.5294724702835083 1.5972740650177002 3.609311103820801 -6.625941753387451 2.020767390727997 44.158809661865234 1.2064833626542413 0.7727338671684265
Cyclist -1 -1 -1.79 382.9873962402344 176.7323455810547 417.144287109375 246.9557342529297 1.7435704469680786 0.5039917826652527 1.7348344326019287 -5.2331719398498535 1.8197158575057983 18.01913833618164 -2.068683024322045 0.7129936218261719
Pedestrian -1 -1 1.29 385.8241882324219 178.10031127929688 414.7100830078125 247.0631866455078 1.6929320096969604 0.6211807131767273 0.7806037664413452 -5.073455333709717 1.8135414719581604 17.528858184814453 1.00742126998545 0.62605881690979
Car -1 -1 -0.74 568.3145751953125 179.20164489746094 633.7066650390625 205.42604064941406 1.4689992666244507 1.5825284719467163 3.8594248294830322 -0.46695181727409363 1.8807877898216248 42.4732666015625 -0.7505271696701818 0.38416051864624023
Car -1 -1 -1.93 1.3363046646118164 209.56935119628906 22.34611988067627 373.2536926269531 1.4833756685256958 1.5733400583267212 3.6435506343841553 -5.083385467529297 1.8053436875343323 3.2379024028778076 -2.928737900069624 0.3628699481487274
Car -1 -1 -2.21 2.4050419330596924 187.0325927734375 27.28503155708313 370.1783447265625 1.5633658170700073 1.5965138673782349 3.7180910110473633 -5.702207088470459 1.7923888564109802 3.8096320629119873 3.094093645084654 0.3540135324001312
Car -1 -1 -1.56 386.13031005859375 178.42916870117188 416.07037353515625 247.07728576660156 1.6069340705871582 1.558314561843872 3.5184202194213867 -6.297562122344971 1.9212877750396729 21.923606872558594 -1.8370061902847468 0.26612359285354614
Car -1 -1 -1.77 1.1478121280670166 181.97723388671875 39.15448784828186 354.7836608886719 1.7329879999160767 1.643947958946228 3.9894001483917236 -4.939306735992432 1.8344559073448181 2.6746418476104736 -2.8473436268794075 0.20873960852622986
Car -1 -1 1.51 620.435791015625 177.85618591308594 708.518798828125 226.3343963623047 1.462935447692871 1.600897192955017 3.5476982593536377 1.7250620126724243 1.6602922677993774 23.970020294189453 1.5852186462870774 0.2070849984884262
Car -1 -1 -1.7 -0.06336209923028946 173.9234161376953 32.059078238904476 361.59716796875 1.7050904035568237 1.6209423542022705 4.011707305908203 -4.892331123352051 1.8288583755493164 2.709871292114258 -2.768129234503288 0.20186519622802734
Car -1 -1 -1.29 1.0330820083618164 187.7997283935547 20.879761695861816 355.9126281738281 1.6083018779754639 1.575903058052063 3.8783633708953857 -4.540383815765381 1.6731296181678772 3.2433485984802246 -2.243712888384482 0.19358502328395844
Car -1 -1 -1.75 0.0 214.43035888671875 17.717607498168945 369.21258544921875 1.4958126544952393 1.6184749603271484 3.8647615909576416 -4.950983047485352 1.7779302597045898 3.374645948410034 -2.724813708050511 0.19005659222602844
Pedestrian -1 -1 -2.0 1.8927862644195557 195.28150939941406 26.326820611953735 272.52166748046875 1.6478025913238525 0.5379278063774109 0.6672483682632446 -11.767036437988281 2.041295647621155 13.930957794189453 -2.6984250632710314 0.18846386671066284
Cyclist -1 -1 -0.83 1.3562777042388916 179.04061889648438 26.94581437110901 363.4291687011719 1.7225979566574097 0.653235912322998 1.7628388404846191 -4.607838153839111 1.6968103051185608 4.395998001098633 -1.6420488485521583 0.18725477159023285
Car -1 -1 1.38 563.4920654296875 178.84628295898438 620.162841796875 205.99241638183594 1.4593547582626343 1.650557279586792 3.959357500076294 -0.9398759603500366 1.846778690814972 42.22307205200195 1.3605574256135728 0.18352773785591125
Car -1 -1 1.58 1189.9937744140625 201.59835815429688 1239.0855712890625 337.4718933105469 1.3648526668548584 1.5633552074432373 3.6978394985198975 7.093888282775879 1.6302980184555054 6.82936954498291 2.3814759099128597 0.1806696057319641
Car -1 -1 1.75 619.2254638671875 177.59963989257812 694.4596557617188 220.74929809570312 1.46516752243042 1.6109877824783325 3.6508333683013916 1.7262946367263794 1.7507187128067017 28.238689422607422 1.8103402833361493 0.1753070205450058
Car -1 -1 2.11 1160.640625 199.17218017578125 1245.5408935546875 336.6817932128906 1.4793833494186401 1.5869932174682617 3.664548873901367 7.299388408660889 1.7293016910552979 6.9590044021606445 2.91531252881655 0.16166143119335175