Car -1 -1 2.08 84.67540740966797 191.05661010742188 400.14412689208984 359.722900390625 1.3768833875656128 1.5865156650543213 3.9967925548553467 -4.0115227699279785 1.6758763194084167 8.568177223205566 1.6454748502193137 0.8857619762420654
Car -1 -1 1.82 507.468017578125 184.0175323486328 575.8004760742188 229.65530395507812 1.4277633428573608 1.5319522619247437 3.5447797775268555 -2.280677080154419 1.8261530995368958 24.840839385986328 1.7307377068743275 0.8840200901031494
Cyclist -1 -1 -1.44 695.1287231445312 169.06256103515625 735.7882080078125 252.9515380859375 1.7111315727233887 0.5146857500076294 1.749928593635559 2.3249635696411133 1.6953715085983276 16.225427627563477 -1.300308184755881 0.7762630581855774
Car -1 -1 1.82 628.62646484375 180.56393432617188 664.2091674804688 203.92356872558594 1.4460713863372803 1.5754557847976685 3.6104464530944824 2.431640625 1.976325273513794 47.764583587646484 1.8751294173675266 0.7530792951583862
Pedestrian -1 -1 1.7 699.8068237304688 171.23793029785156 736.7050170898438 248.32415771484375 1.714682698249817 0.6331217885017395 0.92170649766922 2.395341157913208 1.6845195293426514 16.24004364013672 1.8510310475999212 0.6118264198303223
Car -1 -1 1.81 512.274658203125 180.90469360351562 573.8435668945312 220.9619598388672 1.344192385673523 1.5257879495620728 3.5119550228118896 -2.3598382472991943 1.6867284178733826 25.11500358581543 1.719028465780715 0.3924899101257324
Pedestrian -1 -1 1.9 705.787353515625 170.80206298828125 741.09814453125 251.41510009765625 1.6735221147537231 0.626334547996521 0.8784023523330688 2.5181074142456055 1.6532999873161316 16.008991241455078 2.054216574779767 0.37582463026046753
Cyclist -1 -1 -1.73 704.389892578125 172.24337768554688 739.54150390625 250.3440399169922 1.6939815282821655 0.5390018224716187 1.6859066486358643 2.4756624698638916 1.6566134691238403 16.374610900878906 -1.5773653104788146 0.33442530035972595
Car -1 -1 -1.69 694.6973266601562 169.6169891357422 737.0408325195312 251.36929321289062 1.6443214416503906 1.5898327827453613 3.637838125228882 2.7870090007781982 1.778163731098175 19.93617820739746 -1.5524904266253499 0.3074249029159546
Car -1 -1 -1.63 698.623779296875 170.06796264648438 731.7896118164062 247.87330627441406 1.652359127998352 1.5648349523544312 3.3583028316497803 2.890913248062134 1.7777589559555054 19.727218627929688 -1.484896073916941 0.28876644372940063
Cyclist -1 -1 -2.24 697.7321166992188 173.8689422607422 731.8295288085938 244.60487365722656 1.7431292533874512 0.668732762336731 1.7635835409164429 2.5134189128875732 1.6997756361961365 17.149173736572266 -2.0909076177396297 0.26358741521835327
Pedestrian -1 -1 1.59 694.7413940429688 174.3993682861328 728.9815063476562 241.38690185546875 1.7103759050369263 0.7171444296836853 0.9635076522827148 2.411494731903076 1.6580371856689453 17.266189575195312 1.7293830774716366 0.23132218420505524
Car -1 -1 -2.77 521.7159423828125 178.14535522460938 573.5674438476562 211.877197265625 1.3234961032867432 1.5592796802520752 3.762721300125122 -3.1287600994110107 1.7001844644546509 34.67136001586914 -2.8599682839191356 0.22763481736183167
Pedestrian -1 -1 2.07 714.1566772460938 174.11041259765625 749.037109375 248.77188110351562 1.559056282043457 0.5619621872901917 0.7429177165031433 2.642162322998047 1.6306573748588562 15.820416450500488 2.231800783974574 0.21901094913482666
Car -1 -1 -2.55 1185.71533203125 254.0823211669922 1240.4168701171875 341.5907287597656 1.30538809299469 1.551482915878296 3.419377326965332 2.5280721187591553 1.295752763748169 1.7146660089492798 -1.5720546262589572 0.1636650562286377
Car -1 -1 -2.72 1189.652587890625 165.5714874267578 1238.4102783203125 371.8466796875 1.5716924667358398 1.6244208812713623 3.663687229156494 2.557098388671875 1.4087877869606018 1.296113133430481 -1.6214500755090526 0.14784640073776245
Car -1 -1 -2.56 1171.5357666015625 252.42633056640625 1234.6195068359375 341.2366638183594 1.294615626335144 1.5423799753189087 3.5592968463897705 2.468125820159912 1.3005096316337585 1.742030143737793 -1.6038458271065412 0.13388483226299286