Car -1 -1 -1.85 735.0482788085938 176.75308227539062 933.1543579101562 289.37408447265625 1.4115864038467407 1.6794655323028564 4.439260482788086 3.3032965660095215 1.5376638174057007 11.700430870056152 -1.579691220099643 0.8927310109138489
Car -1 -1 2.05 99.34981536865234 195.62918090820312 359.07723236083984 314.3979187011719 1.3362280130386353 1.6784759759902954 4.436789035797119 -5.468847274780273 1.7173152565956116 10.956794738769531 1.5886342215359663 0.8808599710464478
Car -1 -1 1.05 841.9149169921875 183.83908081054688 1242.7564697265625 375.3633728027344 1.456824541091919 1.6795552968978882 4.317092418670654 3.4895660877227783 1.6027195453643799 6.215656280517578 1.5634635380116313 0.8645068407058716
Car -1 -1 1.84 413.8631591796875 175.81536865234375 485.4819030761719 223.87164306640625 1.5706415176391602 1.60104501247406 3.751155138015747 -5.736037731170654 1.7161730527877808 26.09078598022461 1.6274328994850924 0.8582395911216736
Car -1 -1 -1.77 683.9285278320312 172.73806762695312 764.1276245117188 233.05828857421875 1.4906437397003174 1.5771868228912354 3.4147415161132812 3.1116769313812256 1.510374128818512 20.392742156982422 -1.6207875888240846 0.8563548922538757
Car -1 -1 -1.7 669.4088745117188 172.29864501953125 725.7767333984375 216.54766845703125 1.4622598886489868 1.5706707239151 3.4932029247283936 3.276780366897583 1.489118218421936 27.31410026550293 -1.5802949628767298 0.8423240780830383
Car -1 -1 1.72 446.3116760253906 177.19271850585938 508.4175720214844 215.6036376953125 1.4494965076446533 1.599406361579895 4.190828323364258 -5.662600994110107 1.694848656654358 31.26673126220703 1.53600639130004 0.7862864136695862
Car -1 -1 -1.72 675.9747924804688 172.07325744628906 751.5708618164062 226.25054931640625 1.494685411453247 1.5948861837387085 3.6033215522766113 3.5429654121398926 1.4922273755073547 28.073131561279297 -1.5909138673619756 0.5429691076278687
Pedestrian -1 -1 1.58 717.163330078125 155.884033203125 733.5225219726562 208.1824951171875 1.978613257408142 0.7088859677314758 0.9255089163780212 4.494884014129639 1.372992604970932 28.174930572509766 1.735081910896879 0.4955010414123535
Car -1 -1 -1.71 671.4028930664062 172.357177734375 737.3402709960938 220.9344940185547 1.4953492879867554 1.5554591417312622 3.554527759552002 3.3144636154174805 1.51387619972229 26.737987518310547 -1.5856715744555112 0.4757586419582367
Pedestrian -1 -1 1.84 720.5630493164062 157.4666290283203 736.3239135742188 206.5408477783203 1.9958635568618774 0.6872705817222595 0.9232043623924255 4.537227153778076 1.3968357741832733 27.702228546142578 2.0003302288041045 0.3834642469882965
Pedestrian -1 -1 1.16 728.3106079101562 157.8977508544922 743.8994140625 206.57647705078125 1.8803495168685913 0.6936434507369995 0.8632711172103882 4.792132377624512 1.3159490823745728 27.472721099853516 1.334216489482122 0.3344361186027527
Pedestrian -1 -1 1.57 717.895751953125 161.83364868164062 736.2391357421875 202.8242950439453 1.7890042066574097 0.706093966960907 0.8715606331825256 4.918476581573486 1.3119150698184967 29.674787521362305 1.729627376169974 0.3317171037197113
Pedestrian -1 -1 1.59 724.4020385742188 159.8217010498047 740.9834594726562 204.19485473632812 1.8208794593811035 0.7291796803474426 0.8861116766929626 4.901354789733887 1.3272415101528168 28.795745849609375 1.759625208159827 0.3306843042373657
Pedestrian -1 -1 2.61 717.9772338867188 160.29998779296875 730.8536376953125 202.09722900390625 1.8209136724472046 0.7029138207435608 0.849851667881012 4.70968770980835 1.336724579334259 29.152753829956055 2.771731999972971 0.31761157512664795
Pedestrian -1 -1 2.38 707.4935302734375 164.0757598876953 750.072021484375 222.1941680908203 1.913980484008789 0.6546763181686401 0.8525547981262207 3.7049620151519775 1.5402594208717346 22.721513748168945 2.5462684302826446 0.3115459084510803
Car -1 -1 -1.72 694.222900390625 170.79864501953125 761.9522094726562 225.3735809326172 1.4471304416656494 1.5923718214035034 3.3494701385498047 3.1902012825012207 1.4290151596069336 19.996023178100586 -1.5584472818197987 0.3053603768348694
Pedestrian -1 -1 1.39 723.715576171875 159.58856201171875 746.0881958007812 206.8981170654297 1.8910894393920898 0.684471845626831 0.8122475147247314 4.6396379470825195 1.3608191907405853 26.945629119873047 1.563883275556563 0.30006593465805054
Pedestrian -1 -1 2.19 685.2421875 171.36660766601562 762.055908203125 232.10105895996094 1.6892762184143066 0.6233199834823608 0.7670853137969971 2.671825647354126 1.4944604635238647 16.90565299987793 2.351645320040719 0.29416048526763916
Car -1 -1 1.82 421.0050964355469 177.87667846679688 491.9854736328125 220.9866943359375 1.4807982444763184 1.6033090353012085 3.9976048469543457 -5.6554484367370605 1.7046541571617126 25.933774948120117 1.6021772502737717 0.29377904534339905
Pedestrian -1 -1 2.51 725.7855834960938 159.32142639160156 738.6430053710938 202.2922821044922 1.8251672983169556 0.6850365996360779 0.8185234665870667 4.953873157501221 1.3273183703422546 29.17669105529785 2.6798942042035687 0.27367961406707764
Car -1 -1 0.46 212.39883422851562 181.21267700195312 311.29461669921875 217.6357421875 1.459035873413086 1.483171820640564 3.47007155418396 -14.949361801147461 1.9040281772613525 31.21929931640625 0.014702279811558583 0.2683558166027069
Pedestrian -1 -1 1.54 713.0599975585938 161.94578552246094 744.9454345703125 212.4031524658203 1.8491172790527344 0.6741679310798645 0.7652378678321838 4.5252156257629395 1.3667027056217194 27.176219940185547 1.7062871791174903 0.24395698308944702
Pedestrian -1 -1 2.69 712.4557495117188 161.1027374267578 731.3467407226562 202.3503875732422 1.7921637296676636 0.7062748670578003 0.8100821375846863 4.551830768585205 1.3301242589950562 28.970521926879883 2.8465201253497128 0.23930497467517853
Pedestrian -1 -1 2.19 717.6163330078125 158.52359008789062 742.748046875 209.91258239746094 1.9482510089874268 0.6879386305809021 0.8346951007843018 4.502285480499268 1.454095870256424 26.994361877441406 2.3504506022228098 0.23020648956298828
Pedestrian -1 -1 1.13 714.7692260742188 158.97325134277344 736.5068359375 209.50704956054688 1.924155831336975 0.6716943383216858 0.85077965259552 4.3381853103637695 1.4011636972427368 26.9002628326416 1.2869692313596612 0.2286241203546524
Car -1 -1 -1.71 702.6104736328125 164.3255157470703 748.7389526367188 223.57272338867188 1.616390585899353 1.6155198812484741 3.7081024646759033 3.165224552154541 1.424828052520752 20.82468605041504 -1.5543443172160512 0.2090933918952942
Car -1 -1 1.04 896.4545288085938 179.36593627929688 1225.81787109375 348.50396728515625 1.5569579601287842 1.5611059665679932 3.725478410720825 4.837117671966553 1.691058337688446 8.437847137451172 1.560981129164019 0.2038755863904953
Car -1 -1 2.43 1193.91796875 176.8443603515625 1243.721435546875 368.580322265625 1.6138877868652344 1.7041584253311157 4.187416076660156 3.9414002895355225 1.4453614354133606 2.3620734214782715 -2.822176694493832 0.19997213780879974
Car -1 -1 1.68 1179.8338623046875 175.6470947265625 1244.698974609375 372.4625244140625 1.5684739351272583 1.6786903142929077 4.419586181640625 4.353670597076416 1.5429372191429138 2.586076021194458 2.7175659064953983 0.1965300738811493
Pedestrian -1 -1 3.07 705.3588256835938 165.15658569335938 744.511962890625 214.45755004882812 1.846219778060913 0.6782265901565552 0.7518728971481323 4.326913356781006 1.4800548553466797 26.94878387451172 -3.048987383989532 0.19060808420181274
Pedestrian -1 -1 0.15 710.3463134765625 160.01702880859375 734.4523315429688 205.7543487548828 1.8037928342819214 0.7247281074523926 0.8409861326217651 4.631971836090088 1.3046269416809082 29.43857192993164 0.3082144829965414 0.18703670799732208
Car -1 -1 0.99 815.0703735351562 132.87728881835938 1254.3221435546875 368.4237060546875 1.623899221420288 1.4732089042663574 4.155134201049805 3.2188191413879395 1.7434660196304321 5.97569465637207 1.4866231297456398 0.1801958829164505
Pedestrian -1 -1 2.16 698.9078979492188 168.13754272460938 757.754638671875 228.40536499023438 1.8210335969924927 0.6616453528404236 0.7819720506668091 3.897517681121826 1.557989239692688 22.937774658203125 2.329947870045233 0.17931942641735077
Pedestrian -1 -1 2.35 714.9160766601562 164.17605590820312 752.0315551757812 212.12916564941406 1.8299797773361206 0.6957615613937378 0.7965071201324463 4.213555335998535 1.384234219789505 24.66373062133789 2.520296881486292 0.16280798614025116
Car -1 -1 2.83 1170.6925048828125 200.69586181640625 1244.3885498046875 384.0504150390625 1.5440016984939575 1.6190564632415771 4.182994842529297 2.7694127559661865 1.3751192688941956 1.4582651853561401 -2.3622307846244297 0.1398998349905014
Car -1 -1 1.48 1136.4923095703125 218.94601440429688 1246.959228515625 377.60205078125 1.436415433883667 1.567714810371399 4.012080192565918 2.1301066875457764 1.2481974959373474 1.1092897653579712 2.5700403017474684 0.11134170740842819
Car -1 -1 -1.7 25.530664443969727 30.11719512939453 172.64690589904785 124.42955017089844 1.899404525756836 2.059931993484497 5.395496845245361 -18.53359603881836 -2.045623540878296 28.508947372436523 -2.2718431610491 0.10023387521505356