Car -1 -1 1.8 388.4446716308594 176.37301635742188 524.8518676757812 269.0303649902344 1.49952232837677 1.648341178894043 4.076478958129883 -2.8291831016540527 1.6118659377098083 14.187772750854492 1.6051165300655947 0.8885375261306763
Car -1 -1 -1.7 657.8929443359375 171.79632568359375 722.7177124023438 222.566650390625 1.5007221698760986 1.6038808822631836 3.8271710872650146 2.597587823867798 1.4810239672660828 24.15894317626953 -1.5949400736615944 0.8832640647888184
Car -1 -1 -2.13 815.8780517578125 124.56656646728516 1231.6439208984375 371.6491470336914 1.9580392837524414 1.676981806755066 4.085376739501953 2.77874755859375 1.6674766540527344 4.839886665344238 -1.6053323958089418 0.8462783694267273
Car -1 -1 1.66 541.5985107421875 169.4013214111328 575.9345703125 198.7962646484375 1.6149625778198242 1.707334041595459 4.251051425933838 -3.0771641731262207 1.449021816253662 43.757286071777344 1.5861354432781383 0.7921155691146851
Car -1 -1 -0.84 -3.1806914806365967 205.37246704101562 328.3979523181915 373.64312744140625 1.494354248046875 1.6984047889709473 4.250377655029297 -2.7661895751953125 1.662436842918396 3.0452840328216553 -1.5758745962806096 0.7889460921287537
Car -1 -1 -2.58 639.9573364257812 170.0717010498047 676.4107666015625 201.55540466308594 1.5261882543563843 1.573632836341858 3.8075623512268066 2.484057664871216 1.4605806469917297 38.207794189453125 -2.514232058040438 0.7695521116256714
Car -1 -1 1.64 551.4760131835938 171.07432556152344 580.9014892578125 195.1822509765625 1.576782464981079 1.673536777496338 4.216797351837158 -3.1345713138580322 1.523954451084137 44.360618591308594 1.573819708435611 0.4096424877643585
Car -1 -1 -1.07 636.6905517578125 169.35862731933594 668.1216430664062 199.27235412597656 1.6987555027008057 1.6598904132843018 3.913884401321411 2.5095484256744385 1.4693402647972107 39.18982696533203 -1.0031288288393627 0.38961660861968994
Car -1 -1 -1.71 652.21630859375 172.984375 710.6728515625 218.8563995361328 1.5232294797897339 1.6313068866729736 3.5527076721191406 2.521533250808716 1.4920660853385925 24.294124603271484 -1.6031517785885452 0.3796504735946655
Car -1 -1 1.61 564.1185913085938 171.20094299316406 586.3922729492188 191.06732177734375 1.580011010169983 1.6583809852600098 4.301565170288086 -2.905735969543457 1.4387916326522827 57.688194274902344 1.562467003053393 0.31467628479003906
Car -1 -1 -2.08 824.1577758789062 127.4443130493164 1119.771484375 350.2724380493164 1.8512108325958252 1.5938563346862793 3.7720799446105957 2.781285285949707 1.638286828994751 5.017752647399902 -1.5778040897871985 0.3028455972671509
Car -1 -1 1.63 554.7140502929688 170.31649780273438 583.2449340820312 193.3816375732422 1.5537220239639282 1.6233317852020264 4.259575366973877 -3.015178918838501 1.4350728392601013 56.908695220947266 1.5794985944097943 0.2872949540615082
Car -1 -1 0.56 631.8388061523438 167.91165161132812 655.0956420898438 192.05319213867188 1.7080013751983643 1.726752758026123 4.356339454650879 2.732487201690674 1.3596407771110535 59.61827087402344 0.607933771030531 0.28604915738105774
Car -1 -1 0.37 630.4605712890625 168.47109985351562 651.6575927734375 190.41275024414062 1.7041159868240356 1.7012922763824463 4.222060680389404 2.648731231689453 1.3257148563861847 59.974327087402344 0.4152082332838294 0.26497724652290344
Car -1 -1 3.08 639.4159545898438 171.1000518798828 685.3925170898438 208.23764038085938 1.5417813062667847 1.483455777168274 3.4906630516052246 2.31034779548645 1.4445018768310547 36.84710693359375 -3.1383468848560714 0.2590411603450775
Car -1 -1 1.66 546.3020629882812 171.2266387939453 579.0639038085938 200.10560607910156 1.5644807815551758 1.6716034412384033 4.236534595489502 -2.99888277053833 1.4931318759918213 43.75940704345703 1.59249424630024 0.2308645099401474
Car -1 -1 2.45 0.801770031452179 222.3921661376953 62.96446305513382 364.0245666503906 1.436344027519226 1.5622594356536865 3.758925199508667 -7.090060710906982 1.906390130519867 6.32316780090332 1.6104642654234214 0.22382284700870514
Car -1 -1 -1.61 642.8419189453125 171.5574493408203 680.1744384765625 204.65713500976562 1.4195364713668823 1.5539541244506836 3.751250982284546 2.5684702396392822 1.4170014262199402 37.78923416137695 -1.5448406033126396 0.20680545270442963
Car -1 -1 2.47 5.435853004455566 214.16976928710938 75.03946018218994 357.77423095703125 1.445866584777832 1.558174967765808 3.677905797958374 -7.3087286949157715 1.8918259143829346 6.692622661590576 1.6391401197736553 0.19369319081306458
Van -1 -1 -2.07 813.1123046875 117.57108306884766 1243.9547119140625 374.1054153442383 1.9832030534744263 1.6973135471343994 4.268899440765381 3.213052749633789 1.6344343423843384 5.513909339904785 -1.5407402883550771 0.19170425832271576
Car -1 -1 1.09 925.0115966796875 123.87403869628906 1233.1402587890625 373.23541259765625 1.7915743589401245 1.6776303052902222 3.9698336124420166 3.1166529655456543 1.6597766876220703 4.193299770355225 1.7245395090727902 0.18890519440174103
Car -1 -1 -2.59 1191.4210205078125 156.8451690673828 1237.456298828125 370.9767150878906 1.556315541267395 1.597519040107727 3.7967453002929688 1.5506477355957031 1.15309339761734 0.8247729539871216 -1.5040758498855444 0.1746596246957779
Pedestrian -1 -1 1.78 1203.864990234375 186.09974670410156 1238.482666015625 393.66796875 1.6253795623779297 0.7410874366760254 0.4429219365119934 2.911954164505005 1.7200420498847961 2.7652390003204346 2.586239924237587 0.17353980243206024
Car -1 -1 2.49 -0.6246021389961243 231.0105438232422 48.14143484830856 369.5426025390625 1.4597622156143188 1.5680609941482544 3.9033150672912598 -6.371311664581299 1.8960508704185486 5.407847881317139 1.6219097687648283 0.16513566672801971
Car -1 -1 -1.52 635.9808349609375 168.0815887451172 661.8328247070312 194.53173828125 1.6441667079925537 1.662998080253601 3.8717846870422363 2.485675573348999 1.4129911065101624 43.17123031616211 -1.4673924072412516 0.16351239383220673
Car -1 -1 -2.57 1202.2489013671875 168.1474609375 1239.2669677734375 386.6589050292969 1.586193323135376 1.6825361251831055 3.7056777477264404 1.8053843975067139 1.2192670404911041 0.8862033486366272 -1.4590774450348416 0.1519259661436081
Car -1 -1 -2.57 1210.724365234375 205.11672973632812 1240.3590087890625 373.7214660644531 1.533511996269226 1.6363788843154907 3.5843682289123535 1.047387957572937 1.0164688974618912 0.570024311542511 -1.5017864404573835 0.12847739458084106