Car -1 -1 -1.56 409.1766357421875 161.4947052001953 470.2492980957031 211.48721313476562 1.4624446630477905 1.6165491342544556 3.677319288253784 -5.591526508331299 1.1174476444721222 23.895524978637695 -1.7873315120696276 0.8849430680274963
Van -1 -1 -1.99 613.6946411132812 110.75224304199219 751.5020751953125 210.3192901611328 2.376249313354492 1.9952558279037476 5.467775344848633 1.938642144203186 0.7926004528999329 21.37233543395996 -1.8979678367889399 0.8388310074806213
Car -1 -1 -1.49 437.611572265625 157.8485870361328 484.38055419921875 192.8986053466797 1.4773359298706055 1.6018232107162476 3.792814254760742 -6.827185153961182 0.815160408616066 33.24151611328125 -1.6899719817088314 0.769652783870697
Car -1 -1 -0.13 848.0885009765625 131.4932403564453 1047.5072021484375 201.8804931640625 1.6723650693893433 1.713767647743225 4.486166000366211 8.61871337890625 0.6411983668804169 18.888973236083984 0.30220116838697564 0.7302022576332092
Car -1 -1 -1.56 429.2430419921875 159.47145080566406 481.1582336425781 199.15245056152344 1.5295511484146118 1.6041089296340942 4.1456708908081055 -6.997740268707275 0.876846008002758 34.34507751464844 -1.7637795639543148 0.5129826068878174
Car -1 -1 -1.98 616.1879272460938 111.4600601196289 755.9810791015625 207.11294555664062 2.263103485107422 1.8542691469192505 4.754536151885986 1.9249533414840698 0.825648844242096 21.07501792907715 -1.893441630639522 0.3862445652484894
Car -1 -1 -1.56 416.5711669921875 160.5641326904297 476.59722900390625 205.9549102783203 1.4647276401519775 1.5895694494247437 4.024142742156982 -6.978687763214111 0.9729547500610352 32.25563430786133 -1.7764929934618197 0.3715572953224182
Car -1 -1 -2.06 492.466064453125 148.8716278076172 518.8330078125 167.693359375 1.6078335046768188 1.6818207502365112 4.1999640464782715 -9.711597442626953 -0.5342409014701843 67.53672790527344 -2.2013842111403967 0.34643569588661194
Car -1 -1 -0.05 835.131103515625 132.60174560546875 1007.5482177734375 198.85279846191406 1.6744964122772217 1.6695045232772827 4.71121072769165 8.969528198242188 0.6198449730873108 20.161773681640625 0.36963798677730964 0.2915319502353668
Truck -1 -1 -1.88 612.7015380859375 107.06938934326172 758.5323486328125 210.4919891357422 3.326951742172241 2.5713539123535156 7.8087944984436035 2.076870918273926 1.1733756065368652 24.452367782592773 -1.7940430141716117 0.23567815124988556
Car -1 -1 0.0 826.7875366210938 140.07420349121094 950.9008178710938 191.6063232421875 1.5666459798812866 1.7155519723892212 4.457212924957275 9.934367179870605 0.5170826315879822 25.488182067871094 0.37473882193082275 0.2140614539384842
Car -1 -1 -0.13 880.2059936523438 134.51229858398438 1081.5308837890625 198.32760620117188 1.6347514390945435 1.6916860342025757 4.451009273529053 8.835771560668945 0.6074652969837189 18.145837783813477 0.31980979386825226 0.21175023913383484
Car -1 -1 -0.34 858.8967895507812 136.4111328125 1104.3602294921875 211.1746063232422 1.5876020193099976 1.5853856801986694 3.8264925479888916 8.378479957580566 0.7356451451778412 17.101978302001953 0.11779003799396737 0.19477146863937378
Car -1 -1 -0.16 864.605224609375 135.86647033691406 1004.572998046875 193.9812774658203 1.5131869316101074 1.7029390335083008 4.422403335571289 8.798639297485352 0.5677990615367889 19.60304069519043 0.26330860298985925 0.18411606550216675
Car -1 -1 -0.06 846.9563598632812 134.99911499023438 967.45849609375 191.4984893798828 1.6220951080322266 1.726831316947937 4.508815765380859 9.478584289550781 0.536948561668396 22.851099014282227 0.3367811806103944 0.17589563131332397
Car -1 -1 -0.05 830.2376708984375 120.39897155761719 1065.5770263671875 203.2898406982422 1.9360157251358032 1.71671462059021 4.3736982345581055 8.436797142028809 0.7947146445512772 18.306089401245117 0.3803690538208677 0.16728295385837555
Car -1 -1 0.42 873.2882690429688 132.57752990722656 995.4530029296875 185.91493225097656 1.5040949583053589 1.6620995998382568 4.369375228881836 10.437068939208984 0.3499215245246887 23.36642837524414 0.8364216621972336 0.16161538660526276