Car -1 -1 -1.89 747.93115234375 178.61624145507812 993.700927734375 342.1963195800781 1.5028915405273438 1.5587388277053833 3.497617483139038 2.7923901081085205 1.6039544343948364 8.48190689086914 -1.5713817980248592 0.8984387516975403
Car -1 -1 -1.38 428.2583923339844 179.64828491210938 504.9676208496094 238.72488403320312 1.611638069152832 1.618740200996399 3.8326773643493652 -4.34657096862793 1.8874739408493042 22.60042381286621 -1.5690368318725092 0.8853933215141296
Car -1 -1 -1.66 678.7534790039062 180.43154907226562 753.3130493164062 243.05673217773438 1.463584542274475 1.5610839128494263 3.2282001972198486 2.7001750469207764 1.691589891910553 19.169662475585938 -1.5237887474990215 0.8729559183120728
Car -1 -1 -1.34 338.2076721191406 195.49166870117188 456.7818908691406 279.31463623046875 1.4016664028167725 1.5419504642486572 3.3294765949249268 -4.000245571136475 1.8193576335906982 14.099010467529297 -1.6176716685880717 0.8699967861175537
Car -1 -1 -1.6 646.9852905273438 176.41912841796875 684.55810546875 211.78692626953125 1.6373569965362549 1.5590670108795166 3.471863031387329 2.578864336013794 1.8077802062034607 34.663902282714844 -1.5255322741704056 0.8363964557647705
Car -1 -1 1.71 490.2944641113281 183.5509796142578 533.2192993164062 215.4996337890625 1.4162664413452148 1.5335363149642944 3.6020987033843994 -4.713064193725586 1.9376150369644165 34.893009185791016 1.5718260285786982 0.7963899374008179
Pedestrian -1 -1 1.97 390.21435546875 173.3515625 412.4241027832031 239.08152770996094 1.7519513368606567 0.6272232532501221 0.5342984199523926 -5.526483535766602 1.7577105164527893 19.399940490722656 1.6883974444617174 0.6336923241615295
Pedestrian -1 -1 -1.69 385.7944641113281 177.93411254882812 417.9678649902344 238.84146118164062 1.7417150735855103 0.6230780482292175 0.6181904077529907 -5.540984630584717 1.8754289746284485 19.48245620727539 -1.9630132720700164 0.46392399072647095
Pedestrian -1 -1 0.37 351.1838073730469 186.82496643066406 446.83599853515625 269.7955322265625 1.7562685012817383 0.6120812892913818 0.6011207103729248 -5.368897914886475 1.935999870300293 18.4813232421875 0.09225485263490985 0.31222617626190186
Car -1 -1 -1.69 680.147216796875 178.78334045410156 742.8270874023438 235.60044860839844 1.4918674230575562 1.5297574996948242 3.199976682662964 2.6431593894958496 1.6551178693771362 18.96307945251465 -1.549652154275293 0.2981976866722107
Pedestrian -1 -1 0.34 336.0093688964844 195.1341552734375 455.63897705078125 279.2587890625 1.7058981657028198 0.6258614659309387 0.6037504076957703 -5.206540107727051 2.019678294658661 17.888690948486328 0.05228176842674559 0.2710398733615875
Pedestrian -1 -1 2.59 387.4942932128906 175.8898468017578 410.05267333984375 243.0857696533203 1.7582261562347412 0.6033198833465576 0.6718663573265076 -5.672257900238037 1.8790916204452515 19.395456314086914 2.309392212214802 0.24725505709648132
Pedestrian -1 -1 1.57 380.8537902832031 179.99220275878906 423.0659484863281 250.7340545654297 1.8226131200790405 0.6112033724784851 0.7249852418899536 -5.409359931945801 1.9911914467811584 18.763347625732422 1.285438330239824 0.23916658759117126
Pedestrian -1 -1 0.75 378.7687072753906 180.1851348876953 411.00604248046875 246.72666931152344 1.7943881750106812 0.5844061374664307 0.6525524854660034 -5.281984329223633 1.9523125290870667 17.704959869384766 0.4586365214611643 0.23147161304950714
Car -1 -1 -1.45 345.474365234375 189.97052001953125 444.7105407714844 271.2633361816406 1.3069514036178589 1.5204265117645264 3.3421525955200195 -4.012697219848633 1.6433067917823792 14.02443790435791 -1.7261402706283961 0.2068820744752884
Cyclist -1 -1 -0.93 335.0990295410156 195.18414306640625 455.3538513183594 280.8204345703125 1.7011280059814453 0.5118119716644287 1.6095608472824097 -3.7321486473083496 1.8911927938461304 13.198003768920898 -1.207722427180844 0.19822245836257935
Pedestrian -1 -1 1.02 371.3336181640625 176.41839599609375 400.69488525390625 239.66738891601562 1.6722410917282104 0.5569078326225281 0.5074782967567444 -5.575973987579346 1.7077073454856873 18.360698699951172 0.7213691734288723 0.1948038637638092
Pedestrian -1 -1 -0.82 361.8658447265625 184.1956787109375 412.1689147949219 244.6670684814453 1.7237906455993652 0.6018508672714233 0.6615368723869324 -5.588108539581299 1.9274848699569702 18.316930770874023 -1.1138632143243923 0.1841539740562439
Pedestrian -1 -1 1.3 377.21942138671875 177.44285583496094 402.37261962890625 242.9698944091797 1.7473034858703613 0.5956546068191528 0.604398250579834 -5.535076141357422 1.796407163143158 18.29763412475586 1.0108527848669961 0.18362925946712494
Pedestrian -1 -1 0.65 366.9283752441406 183.51902770996094 400.6099853515625 244.4359588623047 1.751900553703308 0.5723963379859924 0.6404047608375549 -5.589273929595947 1.9232633709907532 17.97654914855957 0.34694334256042936 0.18107643723487854
Pedestrian -1 -1 -0.71 369.447998046875 183.95323181152344 422.6861877441406 252.6850128173828 1.6356385946273804 0.6170076131820679 0.7094751000404358 -5.408242702484131 1.9259724020957947 18.497764587402344 -0.9981979639893801 0.1637757569551468
Car -1 -1 -2.69 1206.7711181640625 208.98434448242188 1243.8966064453125 391.5397033691406 1.5689629316329956 1.6245278120040894 3.665834426879883 2.1938798427581787 1.3703373074531555 1.0595275163650513 -1.5641830168363793 0.1628173142671585
Car -1 -1 -2.7 1191.7183837890625 211.34957885742188 1240.2061767578125 390.0624084472656 1.5541629791259766 1.649351954460144 3.717186450958252 2.2283473014831543 1.3832461833953857 1.056172490119934 -1.5693717041621786 0.1624039262533188
Car -1 -1 -2.7 1201.5103759765625 266.35430908203125 1242.735107421875 382.28424072265625 1.501483678817749 1.6090515851974487 3.9175844192504883 1.6950167417526245 1.1975038349628448 0.8620418906211853 -1.602731741104365 0.15644413232803345
Car -1 -1 -2.65 1212.7835693359375 264.50537109375 1241.5948486328125 383.15386962890625 1.5456417798995972 1.6191344261169434 3.6758031845092773 1.2650388479232788 1.0887247025966644 0.6939793229103088 -1.5794138599677723 0.14402082562446594
Car -1 -1 -2.72 1181.0330810546875 258.7303161621094 1241.8370361328125 376.2283630371094 1.4674773216247559 1.6758105754852295 3.936880350112915 1.1723721027374268 1.070234328508377 0.606096625328064 -1.626471078499378 0.13931214809417725
Car -1 -1 -2.62 1218.50048828125 255.486572265625 1242.2288818359375 371.0478210449219 1.552402138710022 1.6316535472869873 3.7298262119293213 1.1242245435714722 1.0447995066642761 0.6465667486190796 -1.5722850623784161 0.13813646137714386
Car -1 -1 -2.65 1222.2669677734375 246.28428649902344 1242.4996337890625 364.9438171386719 1.5769015550613403 1.6213889122009277 3.7073709964752197 1.0294984579086304 1.0270492136478424 0.6126127243041992 -1.617940776264204 0.12773855030536652