Car -1 -1 1.83 292.51104736328125 185.46470642089844 488.518310546875 329.8531494140625 1.4483574628829956 1.621870994567871 3.806614875793457 -2.784409761428833 1.6662006974220276 9.812675476074219 1.5513153464341016 0.8861892223358154
Car -1 -1 1.81 470.31585693359375 173.6555633544922 557.419921875 237.58155822753906 1.6391204595565796 1.5885212421417236 3.6793394088745117 -2.6266181468963623 1.6571520566940308 20.386831283569336 1.6821530464409271 0.8697029948234558
Car -1 -1 1.76 415.19158935546875 171.7355194091797 523.5298461914062 261.0550537109375 1.693136215209961 1.6341941356658936 3.8246233463287354 -2.930569648742676 1.6835352778434753 15.633005142211914 1.5731148940637345 0.8677797317504883
Car -1 -1 -1.29 644.423828125 173.666748046875 688.82666015625 205.2477264404297 1.5346287488937378 1.6040818691253662 3.581080198287964 2.885401725769043 1.5063940286636353 35.96054458618164 -1.2061365696937232 0.8282253742218018
Car -1 -1 2.53 -2.170759677886963 144.11326599121094 183.74076986312866 375.2450256347656 1.5979491472244263 1.6672688722610474 4.288534164428711 -3.6974546909332275 1.7417497038841248 2.388359785079956 1.5317732051373847 0.6814076900482178
Car -1 -1 1.75 456.548095703125 172.60797119140625 545.236083984375 244.1474609375 1.6245430707931519 1.5922678709030151 3.893354654312134 -2.734363079071045 1.6943138241767883 20.458730697631836 1.6173618924856275 0.4146110415458679
Van -1 -1 1.75 412.6498718261719 171.71026611328125 521.6708374023438 261.5151672363281 1.8915735483169556 1.7422142028808594 4.13658332824707 -3.1097161769866943 1.8406609296798706 16.13410758972168 1.5592871899647305 0.4107930064201355
Van -1 -1 2.54 2.9586856365203857 142.3699493408203 185.918799161911 368.3775329589844 2.064297914505005 1.8831934928894043 4.60966157913208 -3.30591082572937 1.7417659759521484 2.4291515350341797 1.6061584969684333 0.34600377082824707
Van -1 -1 1.8 469.9787292480469 173.0039825439453 556.4495849609375 237.6602020263672 1.819611668586731 1.7190359830856323 4.233307361602783 -2.8516643047332764 1.8565045595169067 21.541027069091797 1.6703655789545664 0.3223191797733307
Pedestrian -1 -1 -1.29 6.9827141761779785 135.40542602539062 187.56552362442017 377.5795593261719 1.873323678970337 0.674223005771637 0.800306499004364 -3.093451499938965 1.8366705179214478 3.7394464015960693 -1.9840462420245961 0.27620935440063477
Car -1 -1 1.78 389.4523010253906 175.05210876464844 522.9583740234375 268.4913024902344 1.5023833513259888 1.617754578590393 4.0219831466674805 -3.045375347137451 1.6918157935142517 15.990878105163574 1.5872846790101969 0.24834001064300537
Car -1 -1 1.71 441.50445556640625 174.25927734375 536.3189086914062 255.7077178955078 1.6047372817993164 1.6052817106246948 3.8061294555664062 -3.0531117916107178 1.7547515034675598 20.10697364807129 1.556627339423951 0.24684591591358185
Cyclist -1 -1 2.06 2.8777050971984863 146.0388946533203 189.16344118118286 371.1026916503906 1.8096240758895874 0.4738881587982178 1.771294116973877 -2.1894688606262207 1.4871740937232971 2.24149751663208 1.2909982726062452 0.24645967781543732
Car -1 -1 2.65 19.032705307006836 131.47830200195312 206.59413719177246 356.1737060546875 1.7066991329193115 1.6126434803009033 4.2721943855285645 -3.6620967388153076 1.640971839427948 2.5730369091033936 1.689024438941649 0.22483401000499725
Car -1 -1 1.79 362.5523376464844 178.74822998046875 514.1412963867188 286.2796936035156 1.48628830909729 1.6027467250823975 3.848374843597412 -3.1791558265686035 1.8235292434692383 15.475919723510742 1.58650376538829 0.2220465987920761
Cyclist -1 -1 2.51 1213.1422119140625 172.7491455078125 1245.24560546875 382.2344970703125 1.6697977781295776 0.5973988175392151 1.648635745048523 3.4793264865875244 1.6714624762535095 2.846095085144043 -2.8845623993236487 0.20373010635375977
Car -1 -1 2.52 32.838871002197266 161.58872985839844 194.86175918579102 372.9951477050781 1.6560094356536865 1.6398237943649292 4.072354793548584 -3.3941824436187744 1.7630541920661926 2.2729570865631104 1.5396859772526108 0.1933669149875641
Car -1 -1 1.77 430.6715087890625 173.74078369140625 525.3758544921875 249.58499145507812 1.554783582687378 1.5908071994781494 3.65427827835083 -3.105466365814209 1.65632563829422 18.42222785949707 1.6006771340584054 0.19057989120483398
Car -1 -1 -0.42 735.02978515625 161.95802307128906 792.398193359375 202.96351623535156 1.6003262996673584 1.6948548555374146 3.9045348167419434 7.89522123336792 1.2646794617176056 36.951576232910156 -0.20906088753653007 0.18293026089668274
Car -1 -1 -1.59 648.9644775390625 169.33505249023438 687.1848754882812 198.03822326660156 1.4771891832351685 1.6231250762939453 3.71168851852417 2.9646847248077393 1.3207902312278748 37.00081253051758 -1.5100579747755827 0.17459233105182648
Car -1 -1 1.91 443.3679504394531 171.40097045898438 526.36181640625 237.1153564453125 1.5959858894348145 1.5931189060211182 3.689074754714966 -3.4267289638519287 1.6399524807929993 21.139619827270508 1.744516885040337 0.16721902787685394
Pedestrian -1 -1 1.39 1198.593505859375 180.81211853027344 1240.966552734375 376.8223571777344 1.662139892578125 0.6393769979476929 0.5110498666763306 4.007715225219727 1.9055753946304321 4.021700859069824 2.1694912331991674 0.1518326997756958
Car -1 -1 2.81 6.417020797729492 160.7447052001953 127.23782157897949 340.1125793457031 1.7538789510726929 1.6086751222610474 3.9770078659057617 -5.206592559814453 2.0131621956825256 3.893012762069702 1.8766491773127045 0.1308639943599701