Car -1 -1 2.04 217.79742431640625 181.39036560058594 298.402099609375 224.3903350830078 1.504951000213623 1.5792673826217651 3.337921380996704 -14.057708740234375 1.8844125270843506 28.935203552246094 1.5899076035859263 0.8801443576812744
Car -1 -1 2.11 168.08883666992188 184.47242736816406 255.15391540527344 223.9505157470703 1.4183248281478882 1.5157214403152466 3.312871217727661 -16.363859176635742 1.9572752118110657 29.787338256835938 1.612499289707479 0.8495121598243713
Car -1 -1 1.88 360.4815368652344 180.3132781982422 407.01611328125 205.34120178222656 1.5030503273010254 1.6123912334442139 3.7621209621429443 -14.237589836120605 1.9836212396621704 45.470455169677734 1.5779131709122192 0.8283666968345642
Car -1 -1 2.14 71.18643188476562 173.67506408691406 172.7592315673828 221.90447998046875 1.8772892951965332 1.660338282585144 3.904578447341919 -20.159076690673828 1.9043180346488953 29.952146530151367 1.545457353931674 0.819932222366333
Car -1 -1 1.99 326.06573486328125 177.47592163085938 376.5839538574219 205.92733764648438 1.726133108139038 1.632267713546753 3.681946277618408 -16.350557327270508 2.021503210067749 45.80404281616211 1.6502942878167763 0.7449245452880859
Car -1 -1 2.06 176.09475708007812 181.7152099609375 268.047607421875 224.0487060546875 1.483879566192627 1.510191559791565 3.3854570388793945 -16.265972137451172 1.964238166809082 29.63422393798828 1.5551014905209275 0.45763909816741943
Car -1 -1 1.74 446.03826904296875 177.7095184326172 472.15625 196.41366577148438 1.4654295444488525 1.6115736961364746 3.811363935470581 -13.748381614685059 2.0408002138137817 65.35894775390625 1.5350906416436487 0.429575651884079
Car -1 -1 1.93 78.10336303710938 176.49261474609375 188.05296325683594 218.8273468017578 1.8997504711151123 1.7825133800506592 4.268027305603027 -20.34729766845703 1.9468254446983337 30.515277862548828 1.3462288468722647 0.42424914240837097
Car -1 -1 2.06 201.30368041992188 182.72225952148438 282.4813537597656 222.53858947753906 1.5574318170547485 1.4764190912246704 3.4609272480010986 -15.536991119384766 1.935145914554596 29.735042572021484 1.581729959306906 0.36985018849372864
Car -1 -1 2.26 7.987953186035156 203.5723114013672 213.60248565673828 354.7859191894531 1.3994834423065186 1.5329545736312866 3.5410642623901367 -6.043934345245361 1.7516553401947021 7.345922470092773 1.5680291819198686 0.2718968987464905
Car -1 -1 2.09 229.46031188964844 179.73602294921875 298.866455078125 219.31719970703125 1.443604826927185 1.5062893629074097 3.314561128616333 -14.20175552368164 1.803218424320221 29.496978759765625 1.6380331883258918 0.22736695408821106
Van -1 -1 2.14 68.65450286865234 175.3072052001953 168.85914611816406 221.56422424316406 2.0314974784851074 1.8401892185211182 4.698913097381592 -22.080171585083008 2.0550793409347534 32.779781341552734 1.5437662261009466 0.21891318261623383
Car -1 -1 2.18 62.50033950805664 177.474609375 157.37971878051758 220.9730987548828 1.6350992918014526 1.6823179721832275 4.126173496246338 -20.130138397216797 1.8105206489562988 29.425159454345703 1.5786761582783022 0.204919695854187
Car -1 -1 2.34 63.101966857910156 176.46371459960938 190.97303771972656 227.62376403808594 1.6029115915298462 1.6842963695526123 4.532093524932861 -20.95060157775879 2.0936378836631775 30.5008602142334 1.7398228679851222 0.19439077377319336
Car -1 -1 2.04 343.64874267578125 178.44871520996094 391.43536376953125 203.72784423828125 1.5428646802902222 1.5769165754318237 3.725809097290039 -15.544378280639648 1.9108473658561707 45.86087417602539 1.710825138247297 0.1920337677001953
Car -1 -1 2.4 13.803356170654297 200.4183807373047 259.0863609313965 334.65887451171875 1.3430345058441162 1.534957766532898 3.4819369316101074 -6.100574493408203 1.8446747064590454 8.034431457519531 1.7546772541382678 0.1727806180715561