Car -1 -1 -1.77 695.0580444335938 183.19598388671875 797.3721923828125 256.8149719238281 1.4594380855560303 1.6205780506134033 3.731027364730835 3.099191665649414 1.4603238701820374 16.735122680664062 -1.5890101439385464 0.8931227922439575
Car -1 -1 -1.43 460.7584533691406 179.14169311523438 517.8349609375 222.80905151367188 1.4845465421676636 1.6547561883926392 4.20510196685791 -4.475241661071777 1.3140411376953125 27.86336326599121 -1.5935029671934657 0.8852217793464661
Car -1 -1 -1.17 102.5750732421875 176.9224090576172 409.0022888183594 370.1734924316406 1.588709831237793 1.6026833057403564 3.6161293983459473 -3.4895787239074707 1.5517807602882385 7.882965087890625 -1.5831143967110615 0.8768346309661865
Car -1 -1 -1.33 361.5301208496094 180.77828979492188 486.8623962402344 263.5072021484375 1.526900291442871 1.6526504755020142 4.114124774932861 -3.8062310218811035 1.4551963806152344 15.763197898864746 -1.5690487672273967 0.8736674189567566
Car -1 -1 -1.63 636.5082397460938 178.73880004882812 675.2846069335938 206.89378356933594 1.5107673406600952 1.6748239994049072 4.27669095993042 2.732267379760742 1.1825316548347473 41.418983459472656 -1.5638188142883367 0.8603493571281433
Car -1 -1 -0.77 4.445318698883057 188.12461853027344 150.5250916481018 314.9208679199219 1.4174174070358276 1.6203067302703857 3.5608999729156494 -7.769958972930908 1.4751393795013428 9.080817222595215 -1.480563566607196 0.8444839715957642
Car -1 -1 -1.49 508.9839782714844 179.78753662109375 542.13916015625 207.28004455566406 1.4588605165481567 1.629391074180603 4.050776958465576 -4.729058742523193 1.20929616689682 42.004940032958984 -1.5999511025544173 0.8363568186759949
Car -1 -1 -1.62 585.1806640625 175.64065551757812 616.0646362304688 203.31744384765625 1.7086941003799438 1.7021065950393677 4.261594295501709 -0.4727329611778259 1.1342431604862213 47.824642181396484 -1.6250424509751902 0.8034554123878479
Car -1 -1 1.29 531.6587524414062 179.47406005859375 555.2073364257812 201.5463409423828 1.530022144317627 1.5866458415985107 3.8614864349365234 -4.66131067276001 1.0971891283988953 53.444923400878906 1.2070151758219794 0.5836170315742493
Van -1 -1 1.08 411.1584167480469 170.21531677246094 457.8904724121094 202.58172607421875 2.1315910816192627 1.9331339597702026 4.936403274536133 -11.175433158874512 1.1524835526943207 46.812156677246094 0.8470982065784725 0.48266369104385376
Car -1 -1 1.66 526.886474609375 178.503173828125 552.7389526367188 201.57119750976562 1.544646143913269 1.584722638130188 3.850158214569092 -4.625269412994385 1.0447165668010712 51.32673645019531 1.5718520605935753 0.4305539131164551
Car -1 -1 1.84 517.9598999023438 178.60552978515625 547.466064453125 204.2161407470703 1.52971351146698 1.547226905822754 3.7985665798187256 -4.388753414154053 1.2392105460166931 41.35951614379883 1.7377764395240067 0.40685322880744934
Car -1 -1 -1.56 579.5809936523438 176.3871612548828 608.2802124023438 200.41258239746094 1.640175700187683 1.6415293216705322 4.219603538513184 -0.9783949851989746 1.0239888727664948 52.716285705566406 -1.5765596979832157 0.37794676423072815
Car -1 -1 -2.63 343.92401123046875 183.89161682128906 424.4776611328125 224.67127990722656 1.5391275882720947 1.6517828702926636 4.057183265686035 -8.293580055236816 1.4295613765716553 27.256725311279297 -2.9257207370687732 0.36655083298683167
Car -1 -1 -1.6 582.4970092773438 173.59934997558594 611.2053833007812 201.01556396484375 1.7069989442825317 1.6916455030441284 3.9480321407318115 -0.44475141167640686 1.1720657646656036 47.83502960205078 -1.6138961143955823 0.3633310794830322
Car -1 -1 -1.32 353.8465881347656 180.5946044921875 476.3558044433594 251.3996124267578 1.531851887702942 1.6723768711090088 3.9175260066986084 -3.9941153526306152 1.3893274664878845 15.639341354370117 -1.5670946370525618 0.3526139557361603
Car -1 -1 -1.56 579.0048217773438 169.3105010986328 607.220703125 199.5529327392578 1.6659411191940308 1.6755726337432861 4.04801607131958 -0.7574133276939392 1.0636952817440033 49.15264892578125 -1.5778525221915283 0.2905190885066986
Van -1 -1 -1.64 584.2244873046875 174.69859313964844 615.09326171875 202.9635772705078 1.9965918064117432 1.8299027681350708 4.566580772399902 -0.5981537699699402 1.1186410635709763 52.203033447265625 -1.6530935218743856 0.2633998394012451
Car -1 -1 2.22 179.6310272216797 187.17770385742188 276.3275451660156 227.70184326171875 1.4221776723861694 1.5632030963897705 4.198781490325928 -15.168890953063965 1.5755712985992432 29.23375129699707 1.73677495067858 0.2531597912311554
Car -1 -1 -0.6 11.562928199768066 185.55316162109375 175.40901279449463 304.8898010253906 1.4599722623825073 1.6551631689071655 4.1485466957092285 -7.579165458679199 1.5077354907989502 9.238125801086426 -1.2906299773143033 0.24090445041656494
Car -1 -1 -1.33 379.8165588378906 177.49334716796875 482.3415832519531 251.36135864257812 1.5444772243499756 1.594067096710205 3.967977523803711 -3.7745730876922607 1.4239546060562134 15.948196411132812 -1.5600852644501826 0.23636649549007416
Car -1 -1 1.45 536.1258544921875 179.4378204345703 558.20263671875 199.05755615234375 1.6739299297332764 1.6463006734848022 3.7397546768188477 -4.943912982940674 1.1568562388420105 57.077823638916016 1.367122514717881 0.22978970408439636
Car -1 -1 2.2 203.3736572265625 188.34364318847656 286.1289367675781 224.65289306640625 1.463940978050232 1.5816893577575684 4.223908424377441 -15.349583625793457 1.6279008388519287 30.561845779418945 1.7314254009675576 0.22199130058288574
Car -1 -1 -1.5 577.5697021484375 177.7359619140625 602.0914306640625 200.130859375 1.508164405822754 1.6213268041610718 4.1522345542907715 -1.3084322214126587 1.0133868157863617 55.34661102294922 -1.5264642543160383 0.22111335396766663
Van -1 -1 -1.35 413.6680908203125 170.0396728515625 463.80120849609375 209.0621337890625 1.9864789247512817 1.7742362022399902 4.483667373657227 -9.430848121643066 1.2487795650959015 40.964786529541016 -1.5754591988131814 0.2208966761827469
Car -1 -1 -1.5 577.1859741210938 172.86093139648438 601.8392944335938 198.2769012451172 1.5891653299331665 1.6493936777114868 4.105372428894043 -1.2725825309753418 0.9847934693098068 54.49420166015625 -1.5217666779095556 0.21714751422405243
Car -1 -1 1.75 521.1560668945312 177.12130737304688 552.0828247070312 203.03298950195312 1.608534574508667 1.6193468570709229 3.9916162490844727 -4.8225603103637695 0.9707702845335007 50.9373779296875 1.6512961966504554 0.2127944976091385
Van -1 -1 -0.82 0.028688129037618637 181.6454315185547 138.0291001163423 317.29119873046875 1.8141697645187378 1.7828172445297241 4.230701923370361 -7.903586387634277 1.648359477519989 9.21728229522705 -1.5255464606788287 0.20710834860801697
Car -1 -1 -1.17 134.20556640625 180.72836303710938 389.5321044921875 343.3711242675781 1.5152628421783447 1.6106880903244019 3.7979419231414795 -3.646709442138672 1.5151914954185486 8.097078323364258 -1.5899543713508475 0.20621639490127563
Car -1 -1 2.15 222.3094024658203 188.0072784423828 285.41302490234375 228.69618225097656 1.5167293548583984 1.5582332611083984 3.8166821002960205 -14.929073333740234 1.6898639798164368 30.47105598449707 1.6930399683660529 0.20577692985534668
Car -1 -1 2.18 219.3741455078125 188.32183837890625 294.36260986328125 223.01869201660156 1.4786608219146729 1.571268081665039 4.18406867980957 -15.3621244430542 1.6412818431854248 31.358600616455078 1.7261240061503393 0.2054978907108307
Car -1 -1 -1.66 590.32958984375 177.5171661376953 619.5941162109375 200.8223419189453 1.6442935466766357 1.6606782674789429 4.261439800262451 -0.3733454644680023 1.1273275017738342 47.602996826171875 -1.6692772471144712 0.19491995871067047
Car -1 -1 2.26 78.7007827758789 179.6005859375 287.20178985595703 298.81689453125 1.4467453956604004 1.6022295951843262 3.883711576461792 -7.979269504547119 1.6150768399238586 14.540796279907227 1.759073607902562 0.1938941776752472
Car -1 -1 2.16 234.07496643066406 187.98995971679688 305.0381774902344 223.0571746826172 1.5040677785873413 1.5621317625045776 4.102563381195068 -15.428471565246582 1.6497187614440918 32.3484992980957 1.7182340624261432 0.19185875356197357
Car -1 -1 -2.35 344.4434814453125 184.72276306152344 435.6791687011719 231.03663635253906 1.479004979133606 1.6062564849853516 3.979769468307495 -8.37830638885498 1.427760660648346 27.015460968017578 -2.646775651922331 0.19119419157505035
Car -1 -1 -0.48 349.1006164550781 180.2232208251953 449.8678283691406 239.21734619140625 1.5061416625976562 1.6596192121505737 3.9973113536834717 -7.2054314613342285 1.4818089604377747 24.739046096801758 -0.7631630082277221 0.19107979536056519
Car -1 -1 -1.12 96.3418197631836 176.7234649658203 368.2820358276367 335.7391357421875 1.5395256280899048 1.6160945892333984 3.871976613998413 -3.8191733360290527 1.5018191933631897 8.264129638671875 -1.556482461329601 0.18308106064796448
Car -1 -1 -0.19 543.3947143554688 178.55593872070312 560.8721923828125 196.25125122070312 1.5689769983291626 1.5896732807159424 3.8109405040740967 -5.1668171882629395 0.8584458380937576 72.6739273071289 -0.26403376135106216 0.1802634447813034
Car -1 -1 2.23 66.51646423339844 181.67869567871094 251.3953399658203 293.2850036621094 1.4273141622543335 1.6058405637741089 3.8594980239868164 -8.868218421936035 1.6467196345329285 14.928815841674805 1.6946617177286543 0.1778050810098648
Car -1 -1 0.14 520.749755859375 181.04603576660156 549.7234497070312 205.6697540283203 1.4525339603424072 1.5866438150405884 3.976407527923584 -4.40008020401001 1.2353377938270569 44.66602325439453 0.042559099012691615 0.17655619978904724
Van -1 -1 -1.28 579.9468383789062 164.5885467529297 608.727294921875 197.51287841796875 2.364194393157959 1.9752185344696045 5.330007076263428 -1.563172698020935 0.5017517805099487 69.7030029296875 -1.3011133524966434 0.16897708177566528
Car -1 -1 2.14 243.83187866210938 187.75682067871094 316.298095703125 224.90521240234375 1.5283043384552002 1.5422964096069336 3.9855942726135254 -15.45864200592041 1.672280490398407 33.22686767578125 1.7006984587194625 0.16878768801689148
Car -1 -1 2.27 186.62867736816406 187.8107147216797 284.59375 235.712890625 1.5542731285095215 1.4631682634353638 3.8815572261810303 -13.989855766296387 1.6980677247047424 27.427566528320312 1.8016233256664576 0.15678070485591888
Car -1 -1 2.24 160.02493286132812 184.10011291503906 261.9422302246094 229.02255249023438 1.3666820526123047 1.5227916240692139 4.038839817047119 -15.60684585571289 1.49361652135849 28.79570960998535 1.7392629332964633 0.15384609997272491
Car -1 -1 -1.49 470.004638671875 174.37118530273438 516.416748046875 215.89666748046875 1.5775233507156372 1.654675841331482 4.064093112945557 -4.6784539222717285 1.3087459206581116 29.61089515686035 -1.6492595066971836 0.14926846325397491
Van -1 -1 -1.51 578.0071411132812 172.71966552734375 606.0162353515625 200.0103759765625 2.247783660888672 1.995097279548645 5.090280532836914 -1.3479039669036865 0.8512108325958252 59.260581970214844 -1.5376973856597331 0.14384734630584717
Car -1 -1 2.12 196.36854553222656 190.92437744140625 282.6521301269531 228.99856567382812 1.444972276687622 1.539103627204895 4.002320766448975 -15.359321594238281 1.628749668598175 30.367523193359375 1.650460410736759 0.13867607712745667
Car -1 -1 2.08 250.6841278076172 187.67529296875 327.1138610839844 227.56544494628906 1.5477855205535889 1.5227972269058228 3.8829245567321777 -15.285082817077637 1.715471625328064 33.839134216308594 1.6527869309779746 0.1286584436893463
Car -1 -1 -2.53 1196.4078369140625 248.66807556152344 1241.2432861328125 352.7309265136719 1.3202567100524902 1.496240258216858 3.428081512451172 3.1726768016815186 1.390117347240448 2.121349811553955 -1.5458692990426854 0.12745288014411926
Car -1 -1 1.56 483.6247863769531 177.9580841064453 525.8936157226562 213.1216583251953 1.5711489915847778 1.6170845031738281 3.9384560585021973 -5.06942081451416 1.2066487967967987 38.08711242675781 1.427689698900088 0.1130003035068512