Car -1 -1 -2.47 7.024799823760986 172.0000457763672 233.1391797065735 330.7076721191406 1.761845588684082 1.621832013130188 3.871721029281616 -6.804763317108154 1.7370541095733643 8.719374656677246 -3.1353447808922352 0.8603427410125732
Car -1 -1 -2.38 719.6267700195312 176.71029663085938 809.6744995117188 212.1774139404297 1.5213927030563354 1.6287283897399902 3.7886457443237305 6.7714409828186035 1.6787948608398438 31.79090118408203 -2.1716054595683083 0.8507974147796631
Car -1 -1 -2.21 841.534912109375 171.7010040283203 1235.191650390625 371.1632995605469 1.6566693782806396 1.661510944366455 3.9542336463928223 2.960177183151245 1.6552712321281433 4.268975734710693 -1.6066314620574342 0.8457046151161194
Car -1 -1 -1.71 626.5119018554688 174.78085327148438 662.5357055664062 201.6073760986328 1.4534804821014404 1.5646519660949707 3.262874126434326 1.982688307762146 1.652005672454834 42.68674850463867 -1.667270749135934 0.8351238369941711
Car -1 -1 0.51 102.0494384765625 180.70803833007812 389.3878173828125 287.42108154296875 1.514090657234192 1.6118338108062744 4.073636054992676 -5.6105241775512695 1.6458154916763306 11.350549697875977 0.04699549407382264 0.8037137389183044
Car -1 -1 -2.78 292.098876953125 172.28054809570312 444.2062683105469 236.24595642089844 1.594294786453247 1.6062921285629272 3.393266439437866 -6.520220756530762 1.649928092956543 19.670347213745117 -3.101850267833779 0.7548910975456238
Car -1 -1 -2.45 2.6164612770080566 172.65054321289062 84.77526712417603 368.7022399902344 1.6702873706817627 1.6175239086151123 4.188542366027832 -7.0934977531433105 1.7127259969711304 5.787912845611572 2.945590971978741 0.7001246213912964
Car -1 -1 -2.84 339.4772033691406 162.45370483398438 494.2381896972656 223.09336853027344 1.8494958877563477 1.763424277305603 4.49537467956543 -6.524110317230225 1.6090903878211975 24.651933670043945 -3.0984862528163095 0.6670894622802734
Car -1 -1 -2.84 317.1071472167969 169.53921508789062 470.5423583984375 229.2183380126953 1.598009467124939 1.6426973342895508 3.8390748500823975 -6.441260814666748 1.6322084069252014 21.373952865600586 -3.130691046800475 0.6333180665969849
Car -1 -1 -2.83 363.42999267578125 165.50985717773438 496.7044982910156 218.41819763183594 1.7853859663009644 1.7439290285110474 4.568368434906006 -6.439816951751709 1.613894760608673 25.264543533325195 -3.0819835293008344 0.6216357350349426
Car -1 -1 -0.85 133.34523010253906 180.90426635742188 411.5082550048828 274.2395935058594 1.4884603023529053 1.5468605756759644 4.113936901092529 -6.090439319610596 1.7061861157417297 13.43315601348877 -1.276609756812169 0.6037120819091797
Car -1 -1 0.44 24.497196197509766 174.02195739746094 367.9277992248535 301.7789001464844 1.6894431114196777 1.7090049982070923 4.124660015106201 -5.8112311363220215 1.7169640064239502 11.06004524230957 -0.04341171333148752 0.5990498661994934
Car -1 -1 -2.9 427.7223205566406 171.5991973876953 520.2318115234375 205.16400146484375 1.621180772781372 1.702867865562439 4.035746097564697 -6.7583489418029785 1.627832055091858 35.401737213134766 -3.0852332605306803 0.5075334906578064
Van -1 -1 -2.79 337.351806640625 161.1685333251953 495.5956726074219 223.02532958984375 1.9063992500305176 1.7542474269866943 4.8236846923828125 -6.689180850982666 1.6178949475288391 25.273731231689453 -3.048240662259998 0.5012021660804749
Car -1 -1 -1.71 622.307861328125 175.6208953857422 656.868408203125 199.78797912597656 1.4187709093093872 1.581368088722229 3.3382773399353027 2.127110242843628 1.7028767466545105 43.07504653930664 -1.6602272320575588 0.48147666454315186
Car -1 -1 -1.68 613.9957275390625 174.13145446777344 645.31005859375 196.89913940429688 1.4616203308105469 1.5752921104431152 3.28009033203125 1.220219612121582 1.5326296091079712 49.09714126586914 -1.6546678670219732 0.42664942145347595
Car -1 -1 -1.68 619.2887573242188 174.31565856933594 652.8295288085938 198.37403869628906 1.4474469423294067 1.58078134059906 3.6858296394348145 1.714416742324829 1.6099298596382141 43.77018737792969 -1.6439880184052127 0.41665545105934143
Car -1 -1 -2.84 255.15211486816406 180.8884735107422 434.7757873535156 241.24749755859375 1.6289616823196411 1.6560142040252686 3.900496482849121 -6.498615264892578 1.7362582683563232 19.18233871459961 3.114188853159468 0.40609192848205566
Car -1 -1 -2.32 -13.02579116821289 170.54335021972656 114.52152633666992 358.361328125 1.676198124885559 1.6708165407180786 3.974355697631836 -6.016495227813721 1.5477327704429626 5.59027624130249 -3.1376437918075695 0.3696119487285614
Car -1 -1 -1.11 0.4724743068218231 171.7739715576172 319.23776361346245 320.1187744140625 1.5678167343139648 1.5789247751235962 3.818592071533203 -5.5625739097595215 1.6114143133163452 9.49234390258789 -1.6405739666647268 0.3633972704410553
Car -1 -1 -2.43 -0.6922630667686462 163.2172088623047 198.0886817574501 342.965576171875 1.694357991218567 1.6720789670944214 3.8514928817749023 -7.216233253479004 1.6984072923660278 8.679535865783691 -3.120427931132779 0.3377111256122589
Car -1 -1 -2.39 2.240557909011841 198.3560333251953 82.42547917366028 344.5470275878906 1.6838458776474 1.6135398149490356 3.864513397216797 -5.925707817077637 1.68336820602417 5.742469310760498 3.0954356277011676 0.3263707756996155
Van -1 -1 -2.92 323.7386474609375 167.65533447265625 483.0206298828125 225.03555297851562 1.9527853727340698 1.7978533506393433 4.5076727867126465 -6.7619781494140625 1.6363027691841125 24.64449691772461 3.0954908930869305 0.31324276328086853
Car -1 -1 -2.66 177.7487335205078 182.6625213623047 413.4296875 263.1204833984375 1.4558165073394775 1.5943007469177246 3.9107747077941895 -5.9403605461120605 1.5646833777427673 13.388229370117188 -3.078228198544158 0.27991950511932373
Car -1 -1 -2.37 -16.09050750732422 174.20590209960938 147.20624542236328 347.41986083984375 1.6746842861175537 1.6541162729263306 3.99668550491333 -6.148059368133545 1.5641344785690308 6.2513275146484375 3.1349562646600315 0.27900367975234985
Van -1 -1 0.57 52.74680709838867 176.8981475830078 391.76606369018555 291.4000244140625 1.82205069065094 1.804280161857605 4.54264497756958 -6.330644130706787 1.8057088255882263 12.613112449645996 0.10938613703320499 0.26101911067962646
Car -1 -1 -2.32 226.95782470703125 182.38900756835938 413.8741455078125 253.6590118408203 1.5370562076568604 1.5693182945251465 3.5756306648254395 -6.305364608764648 1.6824983358383179 15.766654968261719 -2.697032887291712 0.25890955328941345
Car -1 -1 -2.25 8.34323787689209 175.28411865234375 278.7397222518921 303.3312072753906 1.66866934299469 1.6633312702178955 3.7623023986816406 -6.867260932922363 1.7189937233924866 9.999003410339355 -2.8469236139844725 0.24560797214508057
Car -1 -1 -2.31 0.4338563084602356 159.02012634277344 136.09572154283524 355.13885498046875 1.674846887588501 1.6928012371063232 4.024365425109863 -6.000373840332031 1.5379427671432495 5.368392467498779 3.130259231572623 0.24455979466438293
Car -1 -1 -0.66 72.85256958007812 180.91661071777344 339.6168518066406 297.6448059082031 1.6118824481964111 1.6434881687164307 3.9337780475616455 -6.353604316711426 1.7667732238769531 11.623804092407227 -1.1556894047181512 0.23351052403450012
Pedestrian -1 -1 -3.0 -1.207722544670105 174.1372833251953 92.40070641040802 366.445556640625 1.7801846265792847 0.5997809171676636 0.8808592557907104 -4.800893306732178 1.7039101719856262 5.675315856933594 2.5765450109010644 0.22945652902126312
Van -1 -1 -2.31 0.7179189920425415 187.57823181152344 90.78819334506989 363.7999267578125 1.7176908254623413 1.7262085676193237 4.095574855804443 -8.224996566772461 1.9334654211997986 7.248044967651367 3.1261001569454088 0.22608759999275208
Car -1 -1 -3.05 442.4472351074219 174.4554901123047 521.7869873046875 204.5500030517578 1.4434186220169067 1.595893383026123 4.196152687072754 -6.652369976043701 1.5952386260032654 36.46031951904297 3.048278764168053 0.2119949460029602
Car -1 -1 -2.45 -4.375339508056641 186.58787536621094 72.6312370300293 366.5367431640625 1.647881269454956 1.634313702583313 4.0403666496276855 -6.592563152313232 1.6813714504241943 5.567402362823486 2.966553050620707 0.21116046607494354
Pedestrian -1 -1 -3.04 -10.24267864227295 170.9552764892578 125.70571613311768 351.843017578125 1.9932652711868286 0.6830457448959351 0.9463465213775635 -4.667799949645996 1.7640639543533325 5.6484055519104 2.551193247896805 0.2056400030851364
Car -1 -1 -2.62 -1.614946722984314 163.41786193847656 104.99018633365631 338.0303649902344 1.6500709056854248 1.6821993589401245 4.062469959259033 -6.383364200592041 1.6118026971817017 5.884305000305176 2.835024264132036 0.1971607506275177
Cyclist -1 -1 -2.79 -3.3893871307373047 185.1370086669922 97.31345558166504 364.8547668457031 1.7408336400985718 0.6697190999984741 1.8205945491790771 -4.765666961669922 1.70024573802948 5.176419734954834 2.746911952308965 0.19669191539287567
Van -1 -1 -2.26 840.5086669921875 166.235107421875 1242.0223388671875 376.376220703125 1.8181865215301514 1.6984474658966064 3.798211097717285 3.4486520290374756 1.7727282643318176 4.803817272186279 -1.6365828639957511 0.19541771709918976
Car -1 -1 -2.5 477.6258544921875 172.96197509765625 533.943359375 197.76412963867188 1.5427350997924805 1.6470251083374023 4.02530574798584 -6.87896203994751 1.5613206028938293 47.36876678466797 -2.64560408479203 0.193266823887825
Car -1 -1 -2.9 281.9028625488281 175.54652404785156 419.8580017089844 240.98794555664062 1.5064705610275269 1.630225658416748 3.6305041313171387 -6.541782855987549 1.6905599236488342 18.53492546081543 3.043817028430932 0.18763208389282227
Car -1 -1 -2.56 257.6880187988281 171.13729858398438 452.9439392089844 244.90802001953125 1.5483407974243164 1.6297674179077148 4.132273197174072 -5.701571464538574 1.5784855484962463 15.53592300415039 -2.912981512456998 0.18522793054580688
Car -1 -1 -2.61 -1.9701874256134033 196.3988800048828 128.27325129508972 366.2287902832031 1.5200762748718262 1.611006736755371 4.012382507324219 -6.561133861541748 1.7525809407234192 6.125580310821533 2.8530406222049667 0.1851615607738495
Car -1 -1 -2.86 417.5231628417969 168.1223602294922 511.5436096191406 206.29864501953125 1.7050477266311646 1.7072479724884033 4.359406471252441 -6.633246898651123 1.5874140858650208 33.594852447509766 -3.0593758619230123 0.1850413829088211
Car -1 -1 -2.45 1.4840906858444214 227.128662109375 74.01914775371552 352.776123046875 1.6156028509140015 1.6092628240585327 3.931939125061035 -6.336366653442383 1.8515673279762268 6.040851593017578 3.021632099748839 0.17762887477874756
Car -1 -1 -0.71 754.5527954101562 176.13739013671875 1252.8287353515625 396.3443908691406 1.2712302207946777 1.690000057220459 4.413985252380371 2.697826623916626 1.5925506949424744 5.140351295471191 -0.22523454356992145 0.1681400090456009
Car -1 -1 0.24 939.317626953125 173.09359741210938 1262.312255859375 399.54437255859375 1.5414485931396484 1.7197253704071045 4.918266296386719 2.503523588180542 1.4909292459487915 3.8599817752838135 0.8150397563774443 0.1478549838066101