Car -1 -1 1.02 481.69036865234375 171.45945739746094 579.1026000976562 214.17828369140625 1.5066531896591187 1.6869525909423828 4.341708183288574 -2.7895917892456055 1.1797306537628174 27.02399444580078 0.91984669826528 0.8721891641616821
Car -1 -1 -0.8 3.0683937072753906 199.50662231445312 296.53503799438477 366.3675231933594 1.5489002466201782 1.6249189376831055 3.92681622505188 -3.286689281463623 1.6747435927391052 3.572666645050049 -1.5486571658875459 0.8099200129508972
Pedestrian -1 -1 1.0 1058.9681396484375 145.77166748046875 1099.5657958984375 239.22303771972656 1.8761171102523804 0.6795346736907959 0.7919812798500061 8.852622985839844 1.1380841881036758 13.231451988220215 1.5864545403532304 0.7589275240898132
Pedestrian -1 -1 0.29 1087.279296875 145.11097717285156 1126.7320556640625 246.73785400390625 1.7758656740188599 0.656960666179657 0.6692348718643188 8.897870063781738 1.1630356907844543 12.535386085510254 0.910814821357679 0.7405834197998047
Pedestrian -1 -1 1.07 1080.0208740234375 147.4761962890625 1131.428955078125 249.87757873535156 1.7344292402267456 0.6362782120704651 0.7497035264968872 8.883246421813965 1.158784657716751 12.495280265808105 1.684955926604414 0.6655188798904419
Pedestrian -1 -1 1.13 1074.8856201171875 145.18765258789062 1120.47119140625 247.26109313964844 1.7230610847473145 0.63570636510849 0.7299615740776062 8.774595260620117 1.1266774535179138 12.588794708251953 1.7346478352549433 0.5773013234138489
Pedestrian -1 -1 1.23 1067.3828125 147.09217834472656 1114.6800537109375 244.19992065429688 1.701974868774414 0.6252825856208801 0.7502172589302063 9.088861465454102 1.1304799616336823 13.252577781677246 1.8354397398312825 0.5592877268791199
Pedestrian -1 -1 3.11 1016.8436279296875 149.69850158691406 1038.18994140625 209.3488311767578 1.827510952949524 0.6076687574386597 0.9163985848426819 12.086949348449707 0.9077618815936148 20.265182495117188 -2.63281275722286 0.5480725765228271
Pedestrian -1 -1 2.14 880.610107421875 153.1402587890625 898.8997192382812 194.8377227783203 1.8361172676086426 0.609885036945343 0.955558717250824 12.545538902282715 0.6437407732009888 31.08841323852539 2.5269893036766984 0.3981643617153168
Cyclist -1 -1 -0.51 1058.86669921875 145.80433654785156 1098.69140625 234.24630737304688 1.7597802877426147 0.5592313408851624 1.7452008724212646 9.933058738708496 1.0801966339349747 14.750439643859863 0.08178871390312992 0.3426898419857025
Pedestrian -1 -1 -2.43 1013.442626953125 147.91807556152344 1035.6300048828125 211.3780975341797 1.8895167112350464 0.6175676584243774 1.0669565200805664 12.1911039352417 0.9158924445509911 20.641006469726562 -1.9010147231347423 0.31720849871635437
Pedestrian -1 -1 -0.01 1073.30078125 139.8448944091797 1142.6607666015625 244.3106231689453 1.8495539426803589 0.6628134846687317 0.9737229943275452 8.732963562011719 1.2119565606117249 12.294957160949707 0.6064699644832743 0.2846634089946747
Cyclist -1 -1 -1.18 1080.0208740234375 147.4761962890625 1131.428955078125 249.87757873535156 1.7461482286453247 0.5315102338790894 1.7086423635482788 9.136286735534668 1.1541011929512024 12.834314346313477 -0.5578135619144975 0.27171260118484497
Pedestrian -1 -1 1.67 1074.9632568359375 139.47091674804688 1127.4603271484375 257.8340148925781 1.8017258644104004 0.6545894742012024 0.8527941703796387 8.549853324890137 1.1534857749938965 12.194534301757812 2.2827738324211664 0.26362308859825134
Pedestrian -1 -1 0.44 1090.3660888671875 148.933349609375 1136.61474609375 248.80958557128906 1.6658942699432373 0.5951429009437561 0.8318734765052795 8.951231956481934 1.1501374542713165 12.452910423278809 1.0611102524790788 0.25073519349098206
Pedestrian -1 -1 -2.46 1008.0689086914062 147.1217803955078 1029.1566162109375 212.3502197265625 1.9072505235671997 0.6316134333610535 1.0698424577713013 12.071879386901855 0.9231621399521828 20.568925857543945 -1.9334420376315649 0.24378222227096558
Pedestrian -1 -1 -0.37 1014.1402587890625 152.26010131835938 1041.2763671875 218.02313232421875 1.7227832078933716 0.6325042247772217 0.8397368788719177 11.429281234741211 0.9567979499697685 19.186729431152344 0.16400778377451175 0.24252578616142273
Pedestrian -1 -1 2.07 882.9613037109375 153.41278076171875 902.0042724609375 196.48291015625 1.7676684856414795 0.6085894703865051 0.8770830035209656 12.728665351867676 0.6771253794431686 31.350492477416992 2.4538199263006524 0.2424241006374359
Pedestrian -1 -1 0.52 1053.12158203125 148.89601135253906 1095.3134765625 227.9453582763672 1.6627187728881836 0.5929924845695496 0.7402106523513794 10.541468620300293 1.028905302286148 15.816509246826172 1.1033459874947162 0.24041321873664856
Cyclist -1 -1 -1.36 1068.9490966796875 146.7522430419922 1117.2559814453125 246.73226928710938 1.8093993663787842 0.5491944551467896 1.750227928161621 9.238198280334473 1.1542202830314636 13.383743286132812 -0.7594816247758542 0.22683903574943542
Pedestrian -1 -1 1.87 1021.0032348632812 148.89283752441406 1042.94873046875 207.67527770996094 1.804901123046875 0.6020973324775696 0.9131984114646912 12.55686092376709 0.8762455843389034 20.832874298095703 2.416506093376606 0.22511711716651917
Van -1 -1 1.74 421.51593017578125 164.28591918945312 443.80145263671875 187.1666717529297 2.241962194442749 1.9332605600357056 5.473596572875977 -16.53553581237793 0.7134594023227692 68.9630126953125 1.5071328596648472 0.21165205538272858
Car -1 -1 1.29 496.3570251464844 171.43983459472656 566.2322387695312 206.89695739746094 1.449101209640503 1.6193137168884277 3.9564878940582275 -2.8161613941192627 1.091562569141388 27.127254486083984 1.1867037892826584 0.21097172796726227
Cyclist -1 -1 -1.65 1074.9632568359375 139.47091674804688 1127.4603271484375 257.8340148925781 1.7008997201919556 0.6078544855117798 1.746506690979004 8.706212997436523 1.1359519064426422 12.4801607131958 -1.0406610602239752 0.20319972932338715
Pedestrian -1 -1 1.79 1058.275146484375 139.90084838867188 1121.682861328125 246.1949920654297 1.8099992275238037 0.6865343451499939 0.9220309257507324 8.53331184387207 1.1976373195648193 12.497030258178711 2.386400563096056 0.19631792604923248
Pedestrian -1 -1 1.31 1007.5443115234375 153.68287658691406 1046.7420654296875 205.86273193359375 1.7609785795211792 0.6212136745452881 0.6622205376625061 12.468681335449219 0.9291694425046444 21.184276580810547 1.843728862283287 0.1950112134218216
Pedestrian -1 -1 -0.4 1016.8579711914062 152.84414672851562 1045.230224609375 221.24642944335938 1.685375452041626 0.6205207705497742 0.8056936264038086 11.545804977416992 0.9759583026170731 19.06934356689453 0.14094198500350963 0.18812881410121918
Pedestrian -1 -1 2.39 1019.2039184570312 147.04759216308594 1039.519775390625 203.47560119628906 1.8770606517791748 0.5665909051895142 1.0151798725128174 12.938196182250977 0.8132534027099609 21.61004066467285 2.9310576472648737 0.18702156841754913
Pedestrian -1 -1 -3.03 1003.2256469726562 148.53697204589844 1022.4130859375 204.7974090576172 1.8712403774261475 0.6037992238998413 0.9263750910758972 12.17142105102539 0.8495127111673355 20.865800857543945 -2.50140334222853 0.1831486076116562
Pedestrian -1 -1 1.32 1061.11669921875 147.03253173828125 1095.71728515625 216.4915771484375 1.7946281433105469 0.6763409376144409 0.8011964559555054 11.936995506286621 0.9723714217543602 17.71475601196289 1.9177794946685927 0.16867858171463013
Car -1 -1 1.75 495.7063903808594 171.71661376953125 537.0254516601562 195.9890899658203 1.4567357301712036 1.5023547410964966 3.810969829559326 -5.963677883148193 0.9841571748256683 47.650550842285156 1.6297133339134788 0.16016344726085663
Car -1 -1 1.63 495.0892639160156 171.4658203125 553.1293334960938 202.23324584960938 1.458543300628662 1.5481860637664795 3.93296480178833 -4.366428852081299 1.0487506985664368 38.70880126953125 1.5188856312534558 0.13754424452781677