Car -1 -1 1.72 510.6178283691406 179.51905822753906 567.3252563476562 222.99842834472656 1.4302252531051636 1.550679087638855 3.542938709259033 -2.5139451026916504 1.685985803604126 26.467918395996094 1.6229296001864677 0.8815680742263794
Car -1 -1 -1.83 724.1599731445312 186.5342559814453 904.1641235351562 301.21905517578125 1.4249731302261353 1.6151561737060547 3.834240436553955 2.9530491828918457 1.6771461367607117 11.28110122680664 -1.572256474462863 0.8812609314918518
Car -1 -1 -1.7 651.5946044921875 173.472412109375 705.6058349609375 215.37826538085938 1.5740100145339966 1.6752413511276245 4.12218713760376 2.7325494289398193 1.634102463722229 29.725618362426758 -1.6046665994905611 0.8771885633468628
Car -1 -1 -2.68 251.29127502441406 177.50686645507812 428.7099914550781 244.69297790527344 1.4753588438034058 1.651739478111267 4.161025524139404 -6.334672927856445 1.6187869310379028 17.4229793548584 -3.0325014047461245 0.7857091426849365
Car -1 -1 -2.78 430.2817077636719 176.16085815429688 515.6751098632812 210.48390197753906 1.4983110427856445 1.6441842317581177 3.8189117908477783 -6.3835320472717285 1.6785918474197388 33.42100143432617 -2.969652521466683 0.7781863808631897
Car -1 -1 0.68 -8.642867088317871 185.67051696777344 307.88533115386963 335.1689147949219 1.4840530157089233 1.6134487390518188 4.180148124694824 -5.873719215393066 1.6507003903388977 8.06599235534668 0.05088991569950352 0.7397140264511108
Car -1 -1 1.38 48.865333557128906 181.37657165527344 383.84900665283203 293.529052734375 1.5164867639541626 1.6223026514053345 4.358855724334717 -5.611964702606201 1.655207097530365 11.138945579528809 0.9107888545638048 0.7008229494094849
Car -1 -1 -2.65 990.5938110351562 202.24444580078125 1213.2255859375 376.73095703125 1.5210058689117432 1.6806530952453613 4.208131313323975 3.2373545169830322 1.645473599433899 1.7912076711654663 -1.5823901493998438 0.6463028788566589
Car -1 -1 0.57 108.92318725585938 178.5352325439453 408.54705810546875 275.91162109375 1.5342397689819336 1.606669306755066 4.335355281829834 -5.93956995010376 1.6771187782287598 12.849823951721191 0.13628214369367164 0.637442946434021
Car -1 -1 -2.54 7.3324103355407715 186.10140991210938 367.62025213241577 307.00164794921875 1.5187852382659912 1.5938364267349243 4.21619987487793 -5.5921196937561035 1.6841440200805664 10.535643577575684 -3.0290491905569974 0.6274405717849731
Car -1 -1 0.74 198.84994506835938 180.81268310546875 403.1302795410156 258.6555480957031 1.4431124925613403 1.6238422393798828 4.0588555335998535 -6.404916286468506 1.6034098267555237 14.37441635131836 0.31593380601091425 0.5482726693153381
Car -1 -1 -2.65 1040.056396484375 208.88636779785156 1231.7823486328125 378.05950927734375 1.6074907779693604 1.6309616565704346 4.1234517097473145 3.0964865684509277 1.6922276616096497 1.6937261819839478 -1.5758669205565061 0.5382426381111145
Car -1 -1 -2.66 1099.2921142578125 218.830078125 1235.7508544921875 375.0589904785156 1.5155863761901855 1.6452456712722778 4.028338432312012 2.9491050243377686 1.5585216879844666 1.5071179866790771 -1.562956937953878 0.38835787773132324
Car -1 -1 -1.05 159.1975555419922 176.72999572753906 419.0266571044922 264.8466491699219 1.4802764654159546 1.5573835372924805 4.165838718414307 -6.067533016204834 1.652018129825592 14.522905349731445 -1.4428638419370419 0.359915167093277
Car -1 -1 -2.24 0.6429250836372375 202.0553741455078 29.541591465473175 359.123046875 1.503908395767212 1.6053903102874756 3.9111101627349854 -7.039613246917725 1.6803582906723022 5.9886555671691895 -3.1081681914061523 0.3413040041923523
Car -1 -1 -0.52 451.019287109375 176.18301391601562 529.3436889648438 207.84706115722656 1.491559386253357 1.6177589893341064 3.6444849967956543 -5.888785362243652 1.682073712348938 36.29641342163086 -0.6822444381506623 0.33375558257102966
Car -1 -1 -2.62 1004.8533325195312 204.87705993652344 1172.282470703125 382.6304931640625 1.4805684089660645 1.6521049737930298 4.057278633117676 2.992568254470825 1.5483935475349426 1.909143328666687 -1.6145148647807472 0.29620662331581116
Car -1 -1 1.63 503.5248107910156 176.15614318847656 563.3563842773438 214.20211791992188 1.4102492332458496 1.5777158737182617 3.474536180496216 -2.6417932510375977 1.5802077651023865 26.152956008911133 1.5323350005661291 0.2902689278125763
Car -1 -1 -1.61 627.8379516601562 175.4266357421875 648.6168823242188 192.33975219726562 1.4343550205230713 1.6264033317565918 3.8855605125427246 2.428082227706909 1.668475091457367 61.577110290527344 -1.5724485472841687 0.2858595848083496
Car -1 -1 -2.43 221.85073852539062 180.6156768798828 410.29278564453125 246.36817932128906 1.4001500606536865 1.5776017904281616 3.9171664714813232 -6.3271307945251465 1.587365984916687 16.4365234375 -2.7947185142160214 0.2847486436367035
Car -1 -1 0.65 25.843027114868164 187.36146545410156 337.71119117736816 287.2129821777344 1.4592708349227905 1.6506198644638062 4.23206090927124 -5.857754707336426 1.6131977438926697 10.819831848144531 0.15364428718958267 0.27703073620796204
Car -1 -1 -2.18 -0.03651350736618042 216.50645446777344 25.097416698932648 353.238037109375 1.5163447856903076 1.6071958541870117 3.9174671173095703 -6.8939714431762695 1.7694724798202515 5.789474964141846 -3.055012185208204 0.2765869200229645
Car -1 -1 -2.67 1129.46923828125 212.02383422851562 1236.2760009765625 376.6759338378906 1.5304880142211914 1.622230052947998 4.029456615447998 2.901028633117676 1.5064327120780945 1.4922171831130981 -1.569643327983754 0.26380693912506104
Car -1 -1 -2.25 4.118655204772949 192.0300750732422 24.630881309509277 368.6928405761719 1.5026990175247192 1.5953962802886963 3.8192806243896484 -6.765129089355469 1.6404165029525757 5.312016010284424 3.12932525956887 0.2547449469566345
Car -1 -1 1.29 360.19830322265625 178.14154052734375 436.656494140625 219.71786499023438 1.3826260566711426 1.449090838432312 3.22223162651062 -7.654362201690674 1.6180145740509033 26.37614631652832 1.0107136194371833 0.2400025576353073
Car -1 -1 0.71 12.800028800964355 182.35157775878906 267.03151988983154 316.8175964355469 1.4630125761032104 1.589813232421875 3.6914689540863037 -5.998210906982422 1.6523078083992004 8.019477844238281 0.07083217135374387 0.23724481463432312
Car -1 -1 -2.7 1108.1771240234375 191.55848693847656 1230.38818359375 363.24017333984375 1.5137726068496704 1.6591273546218872 3.8811287879943848 2.332010507583618 1.3187997937202454 1.3382998704910278 -1.6458437531104835 0.2301984280347824
Car -1 -1 -2.69 984.1607666015625 177.9104766845703 1243.9886474609375 364.862548828125 1.646058440208435 1.6860157251358032 4.196418762207031 2.7629036903381348 1.5870863199234009 1.4977167844772339 -1.6110535095659415 0.22950975596904755
Car -1 -1 -2.16 2.885978937149048 204.0082550048828 36.809730768203735 359.99859619140625 1.4680041074752808 1.5647646188735962 3.7575478553771973 -6.532252788543701 1.6896836757659912 5.48862361907959 -3.033954902225119 0.21746554970741272
Car -1 -1 1.43 494.9338684082031 174.76580810546875 561.0956420898438 210.53170776367188 1.4878454208374023 1.6059147119522095 3.682241201400757 -2.900339126586914 1.647167146205902 27.684978485107422 1.3262711598788677 0.2160685658454895
Car -1 -1 2.14 347.27313232421875 178.02944946289062 426.4485778808594 218.5001678466797 1.3498499393463135 1.4785066843032837 3.753750801086426 -8.4485502243042 1.5404604077339172 27.30936050415039 1.8392050930350816 0.21483731269836426
Car -1 -1 -2.1 -1.5664840936660767 218.54934692382812 37.05803143978119 346.6633605957031 1.4245189428329468 1.587173342704773 3.8505074977874756 -7.132970333099365 1.816607654094696 6.145069122314453 -2.9597296522851035 0.21189287304878235
Car -1 -1 -2.15 -0.1753883957862854 189.9840545654297 25.931762635707855 340.2057800292969 1.5502989292144775 1.6755026578903198 4.001619338989258 -7.027177333831787 1.6536868810653687 6.202159404754639 -3.0015451928182006 0.20967024564743042
Van -1 -1 -1.69 650.3920288085938 172.8036651611328 704.7859497070312 215.35137939453125 1.7662060260772705 1.7207399606704712 4.112152576446533 2.861725330352783 1.7719407081604004 31.049421310424805 -1.5981165471153513 0.20489268004894257
Car -1 -1 2.06 -8.34228801727295 200.98565673828125 276.7563753128052 352.7212829589844 1.5754640102386475 1.6999051570892334 4.304845333099365 -5.579128265380859 1.6346796751022339 7.951681613922119 1.4454459645802533 0.19882242381572723
Car -1 -1 2.86 279.62042236328125 178.741455078125 435.12158203125 236.7480926513672 1.4104386568069458 1.6190844774246216 3.943682909011841 -7.729775428771973 1.591105341911316 23.677778244018555 2.5400586467497144 0.19690459966659546
Car -1 -1 -1.31 474.2039794921875 173.6907196044922 548.1040649414062 205.1459503173828 1.4689152240753174 1.603834867477417 3.872016668319702 -5.714694499969482 1.618205726146698 42.041839599609375 -1.4413411036434436 0.19302619993686676
Car -1 -1 -1.58 -2.4794225692749023 188.74240112304688 40.677002906799316 342.5304870605469 1.4741162061691284 1.671808123588562 3.9694550037384033 -6.287731647491455 1.5705384016036987 5.2591376304626465 -2.4501614952613284 0.18933898210525513
Car -1 -1 -2.69 1173.6612548828125 220.6372528076172 1242.619140625 370.5734558105469 1.5282979011535645 1.6113810539245605 4.0074005126953125 2.7451236248016357 1.422304093837738 1.5380899906158447 -1.629799235666841 0.1892814040184021
Car -1 -1 1.57 42.20975875854492 185.2265167236328 335.8948173522949 327.0491638183594 1.471468448638916 1.6209887266159058 4.009401798248291 -5.262347221374512 1.6913433074951172 8.881866455078125 1.0379654743798614 0.18644878268241882
Car -1 -1 -2.66 1178.961669921875 195.7429656982422 1237.9974365234375 370.2581481933594 1.6026661396026611 1.666317343711853 3.992039442062378 2.550672769546509 1.358401894569397 1.4072377681732178 -1.5903010326848905 0.18604475259780884
Pedestrian -1 -1 2.7 1092.66552734375 219.58367919921875 1237.4725341796875 373.0627136230469 1.564099907875061 0.7230126857757568 0.690901517868042 3.6340620517730713 2.0551629662513733 3.8291070461273193 -2.8199200471767947 0.1805441826581955
Car -1 -1 -2.37 236.49002075195312 174.74795532226562 406.4234313964844 234.23300170898438 1.3996894359588623 1.5789968967437744 3.8672966957092285 -6.817123889923096 1.5337771773338318 17.665742874145508 -2.738086374432898 0.17983168363571167
Car -1 -1 -0.05 -22.712020874023438 147.7408447265625 289.3439483642578 328.6575927734375 1.4508150815963745 1.656306505203247 4.1012725830078125 -5.711481094360352 1.5612359642982483 8.084298133850098 -0.6689878862552439 0.17967434227466583
Van -1 -1 0.5 11.978864669799805 185.4098358154297 384.3360424041748 302.0719909667969 1.8302407264709473 1.973145604133606 5.0906219482421875 -6.47023868560791 1.9615426063537598 13.411665916442871 0.047111902494386015 0.1733371466398239
Car -1 -1 -2.56 1028.03759765625 237.033935546875 1247.6263427734375 405.9133605957031 1.5195897817611694 1.6742721796035767 4.18773078918457 2.9234259128570557 1.6460672616958618 2.6071617603302 -1.7134715952026136 0.17123213410377502
Car -1 -1 -2.48 -3.09269642829895 215.2593994140625 54.47042155265808 347.2685241699219 1.6209266185760498 1.5882664918899536 4.01539421081543 -6.162877559661865 1.7858768701553345 5.618357181549072 2.9746480979401255 0.16981925070285797
Car -1 -1 -2.41 500.56744384765625 171.20138549804688 548.97021484375 199.71728515625 1.488572120666504 1.6349965333938599 3.9670472145080566 -4.301065444946289 1.656555712223053 39.03369140625 -2.516329285760955 0.16848042607307434
Car -1 -1 -2.95 1147.568603515625 214.7626953125 1225.1630859375 360.4718322753906 1.4423799514770508 1.651865839958191 4.176546573638916 2.389329195022583 1.2810003161430359 1.4371767044067383 -1.9251899319289816 0.16737106442451477
Car -1 -1 -3.06 1204.5189208984375 183.503662109375 1240.6278076171875 362.5636291503906 1.626828908920288 1.660542607307434 3.9036829471588135 3.4196059703826904 1.4460161328315735 2.0736236572265625 -2.035715949985774 0.16459815204143524
Car -1 -1 -2.72 1124.7744140625 209.8814239501953 1218.7215576171875 367.5487976074219 1.578658938407898 1.6373639106750488 3.86126446723938 3.3453142642974854 1.6236266493797302 2.113798141479492 -1.7106665858012011 0.15952008962631226
Car -1 -1 0.45 483.6080322265625 169.9039306640625 549.8328857421875 196.8501739501953 1.4221478700637817 1.5990447998046875 4.026873588562012 -5.811768054962158 1.5258314609527588 44.17280578613281 0.32040836929645833 0.15506260097026825
Car -1 -1 -2.77 1196.5186767578125 192.68736267089844 1241.274658203125 371.63232421875 1.6116242408752441 1.65468168258667 3.896419048309326 3.206674814224243 1.4295387864112854 1.8731322288513184 -1.7298629896191944 0.1548335999250412
Car -1 -1 -2.75 1031.466064453125 165.7058868408203 1229.7723388671875 344.7131042480469 1.7030256986618042 1.749570608139038 4.216331481933594 2.743313789367676 1.4912626147270203 1.571561336517334 -1.699069580731269 0.1543997973203659
Car -1 -1 2.84 1217.2781982421875 214.68150329589844 1240.1517333984375 351.671630859375 1.5733628273010254 1.6587945222854614 3.944122314453125 3.589869976043701 1.4498873949050903 2.323164939880371 -2.449249104755175 0.15270110964775085
Car -1 -1 1.62 500.12762451171875 173.30126953125 556.6024169921875 203.0034942626953 1.3891838788986206 1.570600152015686 3.5920417308807373 -2.983504295349121 1.5503286123275757 27.81564712524414 1.510588524165457 0.15064363181591034
Car -1 -1 -2.31 -3.0803799629211426 192.49293518066406 70.54902219772339 360.52191162109375 1.5226070880889893 1.6152737140655518 3.96034574508667 -5.424443244934082 1.5575308203697205 4.889192581176758 3.1378158617823875 0.14778679609298706
Car -1 -1 2.05 1222.073974609375 207.19647216796875 1240.0352783203125 337.7027282714844 1.6035006046295166 1.665498971939087 4.030819416046143 3.496661901473999 1.3986052870750427 2.3681352138519287 3.0262640953935973 0.14007236063480377
Car -1 -1 -1.55 493.4352111816406 168.35435485839844 553.1145629882812 194.52743530273438 1.3891737461090088 1.558640480041504 3.9744553565979004 -5.331676483154297 1.4268924593925476 46.46168518066406 -1.6596639735106526 0.1356263905763626
Car -1 -1 -2.61 1176.5914306640625 200.47506713867188 1243.028564453125 325.2994689941406 1.654674768447876 1.5743005275726318 3.6839518547058105 2.710171937942505 1.3997064232826233 1.9435774087905884 -1.6625899858103548 0.13406307995319366
Car -1 -1 -2.79 1187.599609375 182.96595764160156 1240.6689453125 346.7399597167969 1.6242390871047974 1.6778663396835327 4.13456916809082 2.714387893676758 1.322730004787445 1.604074478149414 -1.7524560499711965 0.1316281408071518
Car -1 -1 -2.85 1123.0198974609375 192.48500061035156 1234.5687255859375 343.3164367675781 1.5436360836029053 1.6645985841751099 4.111677169799805 1.886989951133728 1.20426544547081 1.2416951656341553 -1.8574493126631122 0.11874452233314514
Car -1 -1 -2.84 1155.8631591796875 188.3241424560547 1239.3682861328125 347.84222412109375 1.5664986371994019 1.6708041429519653 4.204404354095459 2.0614657402038574 1.2196508347988129 1.2493221759796143 -1.812021635780761 0.10935982316732407