Car -1 -1 -2.26 907.0426635742188 196.97056579589844 1231.92041015625 372.6564025878906 1.421093463897705 1.570164442062378 3.6010565757751465 3.183990001678467 1.6415020823478699 3.9448206424713135 -1.5766878332338568 0.8269565105438232
Car -1 -1 -2.67 208.0489959716797 173.28195190429688 355.78863525390625 231.3052215576172 1.8631391525268555 1.7851455211639404 4.261082649230957 -11.274534225463867 1.908681035041809 24.793155670166016 -3.097454818396927 0.799655020236969
Car -1 -1 2.7 818.2478637695312 167.2490692138672 923.7969360351562 204.4793701171875 1.5122289657592773 1.6619218587875366 3.9627835750579834 11.391923904418945 1.312884271144867 31.828998565673828 3.043804849910968 0.7893585562705994
Pedestrian -1 -1 1.75 987.0455322265625 130.70838928222656 1057.9998779296875 268.871337890625 1.921431303024292 0.6485551595687866 0.8493344187736511 5.941806316375732 1.3488280773162842 10.375202178955078 2.2679960897236056 0.7721601128578186
Pedestrian -1 -1 1.41 934.611328125 139.0537109375 991.7257080078125 282.8197021484375 1.8773170709609985 0.6665346622467041 0.9101948738098145 4.85653018951416 1.434715986251831 10.012886047363281 1.8664309675424455 0.7658377885818481
Car -1 -1 -2.66 27.355003356933594 199.07347106933594 149.6502685546875 239.15390014648438 1.396048903465271 1.5285077095031738 3.5155410766601562 -19.96989631652832 2.4603660702705383 27.381195068359375 2.99106630186518 0.7446238398551941
Car -1 -1 0.94 1.3329492807388306 203.00025939941406 72.28953802585602 266.2882080078125 1.451114535331726 1.545859694480896 3.6317877769470215 -14.410111427307129 2.1186171174049377 16.09392547607422 0.2115279988986507 0.6016454100608826
Pedestrian -1 -1 1.81 983.851806640625 131.29263305664062 1071.3243408203125 299.438232421875 1.9300174713134766 0.6999107003211975 0.8178393244743347 6.000181674957275 1.3865106403827667 10.359766960144043 2.3399030207457576 0.5074414610862732
Cyclist -1 -1 -1.31 932.9486694335938 132.19949340820312 995.569580078125 281.86077880859375 1.8608900308609009 0.5266389846801758 1.7500457763671875 5.168535232543945 1.3731602132320404 10.583864212036133 -0.8553017794977826 0.4949679374694824
Cyclist -1 -1 -1.44 986.5891723632812 134.4832305908203 1060.350830078125 267.515380859375 1.823815107345581 0.5039677619934082 1.7604814767837524 6.39812707901001 1.3276710510253906 11.216622352600098 -0.9202996381575366 0.4649856984615326
Van -1 -1 -2.8 212.68194580078125 175.5552520751953 354.2228088378906 230.7477264404297 1.8687365055084229 1.807283639907837 4.106565952301025 -11.643075942993164 1.9697109460830688 25.553009033203125 3.0564948818949054 0.4334681034088135
Car -1 -1 1.24 13.162413597106934 197.74240112304688 66.00563716888428 262.34576416015625 1.4799436330795288 1.5756021738052368 3.6549930572509766 -14.322732925415039 2.1247450709342957 15.839077949523926 0.5042039486208036 0.41648510098457336
Pedestrian -1 -1 1.64 943.3640747070312 142.3690948486328 998.9910278320312 267.1642150878906 1.761300802230835 0.7166348695755005 0.9071661829948425 5.096916198730469 1.3032845258712769 10.364803314208984 2.1009572751325454 0.38709333539009094
Pedestrian -1 -1 0.67 964.390869140625 140.87387084960938 1096.6810302734375 302.5357971191406 1.9349133968353271 0.7566507458686829 0.8835974931716919 5.847278594970703 1.3287374079227448 10.05029010772705 1.1937866056917628 0.3776959776878357
Car -1 -1 1.08 3.791696786880493 202.66395568847656 54.80891251564026 259.2076416015625 1.4529238939285278 1.5861880779266357 3.650374412536621 -16.021900177001953 2.1823671460151672 17.633758544921875 0.34065979968812243 0.37722933292388916
Pedestrian -1 -1 2.28 995.2399291992188 139.29248046875 1066.086669921875 256.0218505859375 1.8237656354904175 0.6382232904434204 0.8899452090263367 6.155967712402344 1.3024503886699677 10.693808555603027 2.79924873758965 0.33404138684272766
Car -1 -1 1.13 16.975461959838867 196.9273681640625 72.06091117858887 252.32655334472656 1.3879497051239014 1.546547532081604 3.6623623371124268 -14.187877655029297 2.023121953010559 16.06574821472168 0.40470540744398065 0.32730647921562195
Car -1 -1 0.69 120.38027954101562 191.8695526123047 194.84832763671875 221.53614807128906 1.4002795219421387 1.5312368869781494 3.4073753356933594 -23.588939666748047 2.434158205986023 37.547489166259766 0.12743300970525695 0.321555495262146
Pedestrian -1 -1 2.04 977.0053100585938 134.98651123046875 1052.411865234375 295.5414733886719 1.8395718336105347 0.7009286880493164 0.8658657073974609 5.54415225982666 1.3867449462413788 10.179125785827637 2.536187122438953 0.3186625838279724
Pedestrian -1 -1 1.39 949.2739868164062 129.53680419921875 1025.7664794921875 291.0213623046875 1.8842449188232422 0.7053478956222534 0.940809428691864 5.2740254402160645 1.395345002412796 10.172345161437988 1.8688148947058272 0.3141975998878479
Pedestrian -1 -1 1.79 925.90478515625 134.8960418701172 1005.0457763671875 299.37579345703125 1.8809401988983154 0.6974607110023499 0.8828989267349243 4.8007731437683105 1.3602948784828186 10.078727722167969 2.2318118706917485 0.2941662669181824
Pedestrian -1 -1 1.8 913.9161987304688 141.48458862304688 995.464111328125 265.9913024902344 1.8382431268692017 0.7095231413841248 1.0133328437805176 5.005803108215332 1.4147868752479553 10.227689743041992 2.2584413163019503 0.29019245505332947
Car -1 -1 2.17 19.589963912963867 194.56150817871094 135.4117259979248 242.8672332763672 1.4362176656723022 1.5923571586608887 3.6457672119140625 -20.53870391845703 2.3459352850914 27.698101043701172 1.5345777897115473 0.28946009278297424
Pedestrian -1 -1 1.72 954.3130493164062 141.35585021972656 1009.4478759765625 260.77996826171875 1.7478057146072388 0.7239400148391724 0.914747953414917 5.315484523773193 1.313668578863144 10.621729850769043 2.1796642037899296 0.28188490867614746
Car -1 -1 1.97 4.57376766204834 199.58921813964844 80.37943935394287 257.5638427734375 1.4204449653625488 1.6171492338180542 3.997713565826416 -15.000018119812012 2.1140856742858887 16.823060989379883 1.2431533225053109 0.2720807194709778
Car -1 -1 0.98 4.712411880493164 197.98439025878906 42.00796699523926 252.59921264648438 1.4712942838668823 1.4914584159851074 3.3890652656555176 -17.487369537353516 2.227073013782501 19.25518226623535 0.24600698120230513 0.2709905207157135
Car -1 -1 -1.49 934.3497314453125 140.62794494628906 993.90380859375 278.3113708496094 1.7020831108093262 1.597161889076233 3.8224432468414307 6.642259120941162 1.3844701647758484 13.87977123260498 -1.048053296502336 0.2617587447166443
Pedestrian -1 -1 1.34 962.4717407226562 133.15098571777344 1034.5517578125 285.7103271484375 1.9061182737350464 0.6592512130737305 0.957969069480896 5.341372013092041 1.4413960576057434 9.95219898223877 1.8313730662680712 0.2572177052497864
Pedestrian -1 -1 1.18 981.3471069335938 136.93284606933594 1042.299072265625 261.0823669433594 1.8193378448486328 0.710448682308197 0.897478461265564 5.931149005889893 1.3040174841880798 10.482390403747559 1.6939140371808241 0.25438040494918823
Pedestrian -1 -1 3.12 911.032470703125 192.2298583984375 1229.3021240234375 370.59368896484375 1.7253092527389526 0.7408734560012817 0.8321735858917236 3.043505907058716 1.54605233669281 4.64581298828125 -2.582592930768686 0.2519969046115875
Cyclist -1 -1 -1.92 938.3798828125 141.70631408691406 1003.94970703125 263.60614013671875 1.7850604057312012 0.5839796662330627 1.757909893989563 5.534710884094238 1.3205734193325043 11.312954902648926 -1.4649879218813684 0.24982060492038727
Pedestrian -1 -1 1.76 954.7532958984375 142.34410095214844 1020.80029296875 248.39498901367188 1.7434443235397339 0.7191501259803772 0.8875804543495178 5.7648162841796875 1.2851413488388062 11.36642074584961 2.233363318618734 0.24812662601470947
Pedestrian -1 -1 1.49 956.025146484375 148.48936462402344 1120.9659423828125 323.4203796386719 1.9490933418273926 0.6911376118659973 0.7238183617591858 5.180931568145752 1.5188605785369873 9.32852840423584 2.000698302769033 0.24796801805496216
Pedestrian -1 -1 1.66 943.9110717773438 140.25338745117188 1033.7274169921875 303.5934753417969 1.8713937997817993 0.663776695728302 0.809220552444458 5.00200891494751 1.3769098222255707 9.833784103393555 2.131811626305822 0.24113990366458893
Car -1 -1 2.16 7.862732410430908 199.47366333007812 93.86290788650513 248.1705322265625 1.3882523775100708 1.5736379623413086 3.8144381046295166 -14.886537551879883 2.0624329447746277 17.711990356445312 1.4651982544394864 0.2276514619588852
Car -1 -1 -2.68 14.435809135437012 201.9866943359375 125.3828535079956 243.4936065673828 1.4088826179504395 1.5543183088302612 3.734147548675537 -19.990154266357422 2.463963508605957 26.944292068481445 2.962491514179135 0.2259235680103302
Cyclist -1 -1 -1.38 972.0587768554688 133.2800750732422 1052.794677734375 266.0581970214844 1.9048603773117065 0.6128160357475281 1.8400349617004395 5.946760177612305 1.3945452868938446 11.058391571044922 -0.8893195399545908 0.22304219007492065
Pedestrian -1 -1 2.02 965.7658081054688 140.1526641845703 1029.5693359375 245.2621307373047 1.8293484449386597 0.7343780994415283 0.868878960609436 6.333534240722656 1.288375735282898 11.827425956726074 2.516490817473585 0.22072239220142365
Pedestrian -1 -1 2.16 996.3028564453125 135.18426513671875 1052.738525390625 273.4530029296875 1.8287882804870605 0.6758299469947815 0.7846553325653076 5.806848049163818 1.3581906259059906 10.15999984741211 2.683444799656778 0.20925061404705048
Pedestrian -1 -1 2.32 934.5369262695312 166.6286163330078 1184.1949462890625 348.6773681640625 1.871769666671753 0.6816686391830444 0.7727555632591248 4.120058059692383 1.6461493968963623 6.644367218017578 2.8725379969292133 0.20512375235557556
Car -1 -1 -1.48 938.3798828125 141.70631408691406 1003.94970703125 263.60614013671875 1.6144688129425049 1.5493369102478027 3.8156192302703857 7.409130573272705 1.3516597747802734 15.406262397766113 -1.0326040487912156 0.20244134962558746
Pedestrian -1 -1 1.96 916.1832275390625 142.80711364746094 1017.4365844726562 307.6966247558594 1.8044320344924927 0.6824999451637268 0.7650641798973083 4.619020938873291 1.3760381042957306 9.772481918334961 2.4055506580765087 0.19980131089687347
Cyclist -1 -1 -2.15 911.032470703125 192.2298583984375 1229.3021240234375 370.59368896484375 1.7078884840011597 0.6695474982261658 1.546818733215332 2.4933483600616455 1.4305713176727295 3.7247087955474854 -1.557123834170282 0.1983291506767273
Pedestrian -1 -1 2.13 974.4312133789062 140.9088897705078 1026.7493896484375 259.22125244140625 1.7688326835632324 0.6979998350143433 0.919730544090271 5.819974422454834 1.3483735024929047 10.86447811126709 2.6196662215689646 0.19795964658260345
Cyclist -1 -1 -1.26 961.7947387695312 133.67893981933594 1028.7628173828125 264.49505615234375 1.8331294059753418 0.5298401713371277 1.777159571647644 5.965245723724365 1.3158831894397736 11.179308891296387 -0.7690066222921854 0.19656231999397278
Pedestrian -1 -1 1.56 932.2936401367188 126.56694793701172 1013.2763061523438 278.36006927490234 1.8981032371520996 0.6288781762123108 0.9773170351982117 5.057453155517578 1.4483875930309296 10.107963562011719 2.0212320987965704 0.19627663493156433
Pedestrian -1 -1 2.4 980.8785400390625 140.0906982421875 1077.3958740234375 253.8647003173828 1.9817849397659302 0.682429850101471 0.9256988167762756 6.2491888999938965 1.3732287287712097 10.848553657531738 2.9231546280065563 0.1948140561580658
Pedestrian -1 -1 2.05 910.6650390625 160.85450744628906 1018.8031005859375 331.5287170410156 1.848878264427185 0.674953281879425 0.8078095316886902 4.7161407470703125 1.4498382806777954 9.667510986328125 2.5043891603507173 0.1933506280183792
Cyclist -1 -1 -2.13 921.893310546875 146.94032287597656 1003.9379272460938 314.09197998046875 1.7101417779922485 0.5722683668136597 1.5992114543914795 4.625411033630371 1.431151032447815 9.286502838134766 -1.6662019281093796 0.19067777693271637
Pedestrian -1 -1 1.62 939.6141967773438 162.18072509765625 1132.7628173828125 340.5541687011719 1.903597354888916 0.7078554034233093 0.77066969871521 5.223374843597412 1.625542402267456 8.790365219116211 2.1595135141550257 0.19004496932029724
Car -1 -1 -2.09 934.5369262695312 166.6286163330078 1184.1949462890625 348.6773681640625 1.516607642173767 1.6419079303741455 3.617298126220703 2.8586130142211914 1.4107958674430847 3.956589460372925 -1.4646662749491641 0.18596810102462769
Cyclist -1 -1 -2.39 983.851806640625 131.29263305664062 1071.3243408203125 299.438232421875 1.797978401184082 0.5604462027549744 1.5996403694152832 5.208304405212402 1.3903950452804565 8.79804801940918 -1.8574509429584474 0.18014101684093475
Car -1 -1 0.57 329.40118408203125 179.68658447265625 417.9467468261719 208.756103515625 1.4206687211990356 1.5885827541351318 3.9508986473083496 -12.60736083984375 1.7478219866752625 38.456565856933594 0.25517782583056814 0.1799672693014145
Pedestrian -1 -1 1.35 952.112548828125 140.25701904296875 1077.97216796875 311.3889465332031 1.9552783966064453 0.7213125228881836 0.893600583076477 5.384383678436279 1.4339353740215302 10.07664966583252 1.843450564757946 0.17923861742019653
Car -1 -1 2.46 11.230045318603516 196.37136840820312 52.40348815917969 257.4201965332031 1.4348315000534058 1.6079552173614502 3.9807794094085693 -15.553679466247559 2.1072476506233215 17.069625854492188 1.7203951406136646 0.1719561070203781
Cyclist -1 -1 -2.25 954.7532958984375 142.34410095214844 1020.80029296875 248.39498901367188 1.821350336074829 0.6360048055648804 1.8668676614761353 6.906952857971191 1.2856490314006805 13.56658935546875 -1.7824282255979336 0.16794991493225098
Car -1 -1 0.83 796.8726196289062 164.8589630126953 912.9034423828125 202.00668334960938 1.4508742094039917 1.6392570734024048 4.223689556121826 10.771500587463379 1.3235853910446167 31.141042709350586 1.162558516712778 0.16220204532146454
Car -1 -1 0.51 824.522216796875 161.8897705078125 926.7952270507812 209.6716766357422 1.4432917833328247 1.648734450340271 4.083105087280273 11.308062553405762 1.3020622730255127 31.480913162231445 0.8552530087290902 0.16159401834011078
Cyclist -1 -1 -2.16 965.7658081054688 140.1526641845703 1029.5693359375 245.2621307373047 1.9307339191436768 0.6162422299385071 1.8053228855133057 7.718724727630615 1.3124442398548126 14.312939643859863 -1.6628971073234426 0.15495514869689941
Car -1 -1 2.56 18.690982818603516 197.0003204345703 83.29660415649414 247.36279296875 1.3914066553115845 1.517790675163269 3.5978031158447266 -14.939692497253418 2.0146326422691345 17.61577033996582 1.8578240536019175 0.15492422878742218
Car -1 -1 -2.63 1205.0667724609375 257.4789733886719 1239.868408203125 377.3609313964844 1.4709627628326416 1.5987762212753296 3.6675994396209717 1.3106602430343628 1.135356605052948 0.7500714659690857 -1.580867721911254 0.12870332598686218