Car -1 -1 -0.81 3.407310962677002 199.37086486816406 295.9932179450989 366.50830078125 1.5477733612060547 1.6225874423980713 3.9115865230560303 -3.2868919372558594 1.6749123334884644 3.587073802947998 -1.5488402591417723 0.808932363986969
Car -1 -1 1.65 448.2316589355469 174.30406188964844 483.5195007324219 198.70608520507812 1.4714022874832153 1.666756510734558 4.162712097167969 -8.668770790100098 1.079860359430313 44.138587951660156 1.46012881835403 0.8031286001205444
Pedestrian -1 -1 0.62 555.7479858398438 156.21153259277344 610.3990478515625 280.4094543457031 1.8354988098144531 0.6277179718017578 1.0195938348770142 -0.28643009066581726 1.461504340171814 10.901001930236816 0.5973014459094639 0.7979646325111389
Car -1 -1 -1.61 641.4072265625 169.55218505859375 661.9434814453125 186.7471160888672 1.448071837425232 1.6356555223464966 3.8066020011901855 4.14307165145874 0.5197982490062714 62.21249008178711 -1.542042296763639 0.6724594235420227
Pedestrian -1 -1 -2.61 1013.4319458007812 146.91189575195312 1037.441650390625 212.10719299316406 1.905375599861145 0.6073129773139954 1.1249842643737793 12.09858512878418 0.9073610417544842 20.37638282775879 -2.0712363761443697 0.5107148885726929
Pedestrian -1 -1 -2.43 1009.1654052734375 150.15110778808594 1041.7021484375 209.321044921875 1.8512240648269653 0.6231116652488708 0.9258553981781006 12.395851135253906 0.9350045006722212 21.000795364379883 -1.9001250937809058 0.4639934301376343
Pedestrian -1 -1 2.58 880.5540161132812 153.79798889160156 899.44921875 195.2444305419922 1.8406639099121094 0.6125112175941467 0.9691171646118164 12.841060638427734 0.6593934595584869 31.827648162841797 2.9649373095415577 0.415185809135437
Pedestrian -1 -1 0.82 569.9374389648438 159.55731201171875 615.4573974609375 276.2990417480469 1.8060652017593384 0.6580612659454346 0.9254266619682312 -0.232065811753273 1.4522842764854431 10.828285217285156 0.7973506268625101 0.40202751755714417
Pedestrian -1 -1 2.87 1007.888916015625 149.9105987548828 1031.583740234375 213.6692352294922 1.8186521530151367 0.6243836879730225 0.8700430393218994 11.725132942199707 0.9213944859802723 20.072797775268555 -2.879687577249599 0.38514360785484314
Cyclist -1 -1 0.78 1203.8424072265625 142.0058135986328 1223.7254638671875 209.22657775878906 1.7727333307266235 0.626740038394928 1.9652355909347534 16.128061294555664 0.8584588300436735 18.049257278442383 1.5099487131665503 0.37572944164276123
Pedestrian -1 -1 0.96 554.3356323242188 161.71054077148438 600.191650390625 274.24468994140625 1.8187065124511719 0.6685121059417725 0.9478756785392761 -0.38669660687446594 1.464669644832611 11.072488784790039 0.922208139300265 0.3578106760978699
Pedestrian -1 -1 2.07 1004.3602294921875 150.12594604492188 1028.0626220703125 213.27435302734375 1.7995326519012451 0.6293012499809265 0.7472478151321411 11.97387409210205 0.9432943798601627 20.50511932373047 2.602513603998993 0.3279992341995239
Cyclist -1 -1 -1.11 555.62890625 155.3145294189453 611.49755859375 278.3980407714844 1.8783831596374512 0.5389276742935181 1.9033819437026978 -0.23845334351062775 1.4632272720336914 11.226178169250488 -1.1294492501545967 0.32532069087028503
Cyclist -1 -1 -0.55 1203.1556396484375 129.29640197753906 1223.0736083984375 224.41563415527344 1.7171293497085571 0.6345916390419006 1.899327278137207 15.326797485351562 0.8266002126038074 16.591630935668945 0.19960633958772434 0.31770241260528564
Cyclist -1 -1 2.86 1006.1861572265625 151.4420623779297 1043.0302734375 209.52256774902344 1.8489339351654053 0.6283572912216187 1.9493408203125 13.243108749389648 0.9342302596196532 22.463090896606445 -2.887117974523642 0.28598445653915405
Pedestrian -1 -1 2.23 1202.473876953125 139.37600708007812 1223.4793701171875 212.2329864501953 1.8969019651412964 0.6378470659255981 0.8485472202301025 14.722635269165039 0.8627535998821259 16.625194549560547 2.9513915351386615 0.273787260055542
Pedestrian -1 -1 -0.07 1205.8211669921875 120.82876586914062 1223.0218505859375 217.043701171875 1.8742971420288086 0.6251954436302185 0.9228744506835938 14.783780097961426 0.770005851984024 16.59740447998047 0.653336586273384 0.271718829870224
Cyclist -1 -1 -0.87 516.7901611328125 170.36073303222656 532.9564208984375 198.1284637451172 1.7177702188491821 0.5409969687461853 1.7291162014007568 -4.207587718963623 0.9570833295583725 37.72898483276367 -0.9766421009394834 0.25748735666275024
Pedestrian -1 -1 -2.99 1002.2546997070312 154.83221435546875 1045.5142822265625 210.81488037109375 1.7973946332931519 0.6321969628334045 0.7760273814201355 12.52505111694336 0.9868062660098076 21.191640853881836 -2.4543699573788658 0.2551325261592865
Pedestrian -1 -1 2.28 1016.2481079101562 150.1566925048828 1043.846435546875 224.23959350585938 1.7406011819839478 0.6150308847427368 0.9447321891784668 11.394198417663574 1.0059727281332016 19.007463455200195 2.8238301833880115 0.25070491433143616
Pedestrian -1 -1 -0.15 517.2398071289062 171.2550506591797 529.365234375 199.78958129882812 1.6943848133087158 0.6324523091316223 0.7492791414260864 -4.554289817810059 1.1026476323604584 39.811500549316406 -0.26583032991003597 0.24947339296340942
Car -1 -1 -1.5 558.046875 157.445068359375 611.3409423828125 278.5331115722656 1.7002578973770142 1.6114991903305054 3.8750195503234863 -0.3651195168495178 1.4603077173233032 13.623783111572266 -1.521858808694895 0.244905024766922
Cyclist -1 -1 -1.18 1199.980224609375 124.75100708007812 1220.100830078125 289.3768310546875 1.7623229026794434 0.680349588394165 1.740411400794983 6.305305004119873 1.2729840576648712 6.252653121948242 -0.3899438084242419 0.24273301661014557
Pedestrian -1 -1 -2.14 1016.8093872070312 148.94168090820312 1041.1783447265625 209.1405792236328 1.8208659887313843 0.5797969102859497 0.9665478467941284 12.116138458251953 0.8982039811089635 20.33891487121582 -1.6068856186458191 0.23056955635547638
Cyclist -1 -1 -2.92 997.1226196289062 147.2073974609375 1045.643310546875 210.8470001220703 1.7547471523284912 0.5669780373573303 1.8534191846847534 11.863685607910156 0.9262760430574417 20.189908981323242 -2.390663373930071 0.22879056632518768
Pedestrian -1 -1 -2.41 1003.0175170898438 147.36782836914062 1023.904052734375 206.66065979003906 1.8850558996200562 0.5996584296226501 1.0193885564804077 12.01873779296875 0.850557878613472 20.514957427978516 -1.877346170115409 0.2281116396188736
Cyclist -1 -1 -1.32 1205.8211669921875 120.82876586914062 1223.0218505859375 217.043701171875 1.7989238500595093 0.581701397895813 1.8256680965423584 15.454429626464844 0.7558856010437012 16.84168243408203 -0.5771302926880439 0.22003576159477234
Pedestrian -1 -1 0.25 1209.3465576171875 134.9390869140625 1225.5284423828125 198.33038330078125 1.9304245710372925 0.5599372982978821 0.9868162870407104 13.59640884399414 0.8032005876302719 15.215888023376465 0.9806379732073545 0.21412286162376404
Cyclist -1 -1 -0.99 1197.68359375 132.6233367919922 1219.96533203125 313.9910888671875 1.7325910329818726 0.6465538144111633 1.6926302909851074 5.96272087097168 1.323556900024414 5.865114688873291 -0.19450232213112129 0.2097560465335846
Pedestrian -1 -1 -0.29 1203.282958984375 128.32127380371094 1225.797607421875 213.66436767578125 1.8545951843261719 0.5843073129653931 0.9327988028526306 16.12892723083496 0.7683973461389542 18.048809051513672 0.43898627656089273 0.20836001634597778
Cyclist -1 -1 -1.22 1204.649169921875 147.14015197753906 1220.2718505859375 279.3230285644531 1.7238578796386719 0.6193599700927734 1.7397758960723877 7.114709854125977 1.2821914851665497 7.484919548034668 -0.45707478928281065 0.1794038563966751
Pedestrian -1 -1 0.29 1197.309326171875 119.53561401367188 1220.8734130859375 274.386962890625 1.9553022384643555 0.7624223828315735 0.9292473793029785 6.6805267333984375 1.4049984514713287 7.123279571533203 1.0401275170565718 0.1781274825334549
Cyclist -1 -1 -0.92 1206.0142822265625 138.56736755371094 1221.4837646484375 232.22946166992188 1.6588199138641357 0.606447696685791 1.8128560781478882 13.048747062683105 0.9336640685796738 14.00143051147461 -0.16574084436194036 0.17008759081363678
Cyclist -1 -1 -1.31 1203.5863037109375 139.13095092773438 1220.5579833984375 247.99801635742188 1.635546088218689 0.5883365869522095 1.6735090017318726 8.981996536254883 1.1167159676551819 9.636977195739746 -0.557375732253778 0.14599357545375824
Car -1 -1 1.73 423.07208251953125 169.458740234375 444.8701171875 188.90354919433594 1.6815376281738281 1.594875454902649 4.115867614746094 -15.90431022644043 0.6128070950508118 65.98169708251953 1.4929420838669287 0.14207391440868378