Car -1 -1 -1.73 680.6174926757812 182.92213439941406 766.5348510742188 246.90884399414062 1.4276190996170044 1.6256436109542847 3.772425889968872 2.851444721221924 1.7472195029258728 18.703176498413086 -1.5764129262665447 0.8906307220458984
Car -1 -1 -2.07 788.1572875976562 197.61434936523438 1175.4412841796875 369.4096374511719 1.4694710969924927 1.5403711795806885 3.386237382888794 2.939401149749756 1.7117776274681091 6.609121799468994 -1.6491634249775924 0.8760992288589478
Car -1 -1 -1.7 650.877685546875 174.79351806640625 705.2190551757812 218.01358032226562 1.6278600692749023 1.62879478931427 3.663642644882202 2.612236976623535 1.721181869506836 28.704221725463867 -1.6089389654353887 0.8562185168266296
Car -1 -1 -2.86 326.1673889160156 167.7040557861328 482.2362976074219 230.16094970703125 1.7265182733535767 1.7292535305023193 3.9088480472564697 -6.0069990158081055 1.627825915813446 21.48246192932129 -3.132236505294985 0.8197401762008667
Car -1 -1 0.43 208.66915893554688 174.10308837890625 438.0243835449219 247.88050842285156 1.531021237373352 1.6307947635650635 4.1622209548950195 -6.267867565155029 1.5982040762901306 16.46597671508789 0.06558897701296207 0.8064297437667847
Car -1 -1 0.8 4.742788791656494 174.98431396484375 220.90569162368774 365.24298095703125 1.6224751472473145 1.6495674848556519 4.212797164916992 -6.290637969970703 1.668458104133606 6.5682573318481445 0.03200121223594543 0.7718284130096436
Car -1 -1 -2.64 -9.38276481628418 168.8245086669922 318.7730884552002 311.749267578125 1.5981101989746094 1.6204326152801514 4.215915203094482 -6.355916500091553 1.606216311454773 9.338485717773438 3.0437706359501355 0.7638490796089172
Car -1 -1 -2.9 396.48687744140625 175.35623168945312 509.2033386230469 218.66566467285156 1.6155588626861572 1.6618857383728027 4.228771686553955 -6.107054233551025 1.738756239414215 27.9356746673584 -3.119578003017338 0.7208000421524048
Car -1 -1 -2.75 432.7937316894531 178.14332580566406 516.8016967773438 211.86029052734375 1.506537675857544 1.5720022916793823 4.0831298828125 -6.2100653648376465 1.7705175876617432 33.36503982543945 -2.9305453597030127 0.5958526730537415
Car -1 -1 -2.86 464.91455078125 174.69601440429688 538.7774658203125 205.83172607421875 1.5923199653625488 1.6630152463912964 4.25090217590332 -5.875215530395508 1.7760227918624878 39.738067626953125 -3.0079620860490994 0.5922641158103943
Car -1 -1 1.18 -2.1768076419830322 164.14984130859375 262.8628957271576 343.6893005371094 1.5973953008651733 1.6658231019973755 4.153991222381592 -6.03349494934082 1.576085090637207 6.554623126983643 0.43322019248888743 0.5827602744102478
Car -1 -1 -2.84 452.82293701171875 177.16506958007812 532.82275390625 208.57257080078125 1.5098462104797363 1.6076838970184326 4.12113094329834 -5.887691974639893 1.7273259162902832 37.588314056396484 -2.994038446645183 0.5723926424980164
Car -1 -1 -2.69 27.877483367919922 174.33641052246094 327.2329521179199 290.12841796875 1.5073037147521973 1.6033549308776855 3.7794029712677 -6.668778419494629 1.6010265350341797 11.682806015014648 3.0711600296290236 0.5547761917114258
Car -1 -1 -2.94 416.7520446777344 176.82174682617188 513.50634765625 214.3280487060547 1.463873267173767 1.6317758560180664 3.8938443660736084 -6.110846042633057 1.6646960973739624 32.421287536621094 -3.122669387602363 0.4937901496887207
Car -1 -1 -1.69 646.2719116210938 175.26231384277344 694.2720947265625 214.6122589111328 1.5555686950683594 1.566902756690979 3.9071855545043945 2.504153251647949 1.6952053904533386 30.923812866210938 -1.6045454031117012 0.4687120318412781
Car -1 -1 -2.91 361.4093322753906 169.69754028320312 498.7159423828125 222.3038330078125 1.5776318311691284 1.6505167484283447 4.110862731933594 -6.106038570404053 1.6711041331291199 26.5743408203125 -3.1364858482425175 0.4544655382633209
Car -1 -1 -2.81 476.5862731933594 171.8187255859375 545.6491088867188 201.2128448486328 1.6345669031143188 1.650192379951477 4.212603569030762 -5.728109836578369 1.6467230916023254 43.028804779052734 -2.945336998955633 0.44271761178970337
Car -1 -1 -3.07 291.3937683105469 172.86289978027344 468.47747802734375 231.0159149169922 1.5708295106887817 1.6505422592163086 4.069859981536865 -6.508631229400635 1.583207368850708 22.056781768798828 2.9301069850627304 0.4408031702041626
Car -1 -1 -3.07 499.8210754394531 174.4126434326172 560.8519287109375 200.23182678222656 1.6437515020370483 1.67714524269104 4.227063179016113 -5.446382999420166 1.7630512714385986 48.577110290527344 3.104770228568321 0.4036831855773926
Car -1 -1 -2.68 73.24993133544922 179.56027221679688 328.12523651123047 277.58258056640625 1.5236867666244507 1.6228508949279785 3.8202946186065674 -6.766777515411377 1.6018996834754944 11.767070770263672 3.0844253797537604 0.3938957154750824
Car -1 -1 -2.64 488.18634033203125 172.06809997558594 550.5364379882812 199.91201782226562 1.631774663925171 1.684770107269287 4.211214542388916 -5.45685338973999 1.6411499977111816 45.64476776123047 -2.757564772490756 0.3876611590385437
Car -1 -1 -1.65 642.1076049804688 175.7689971923828 676.68896484375 205.95303344726562 1.4670004844665527 1.5666354894638062 3.8221278190612793 2.463946580886841 1.6443729996681213 39.05205535888672 -1.5867885061715707 0.3472628593444824
Car -1 -1 -2.78 111.78622436523438 182.89292907714844 336.4551086425781 271.35162353515625 1.5403114557266235 1.626084566116333 3.703766107559204 -6.739539623260498 1.6969719529151917 12.536307334899902 3.007579449603833 0.32951784133911133
Car -1 -1 -0.5 260.0611267089844 175.053955078125 442.413818359375 244.36669921875 1.5158121585845947 1.63114595413208 4.072201728820801 -6.060139179229736 1.5147464275360107 16.186948776245117 -0.8550242773659407 0.3270229995250702
Car -1 -1 0.44 233.85337829589844 166.5684356689453 472.40167236328125 243.92481994628906 1.5156551599502563 1.5705167055130005 4.357007026672363 -6.092471122741699 1.6300779581069946 16.25950050354004 0.07986884311265818 0.3206798732280731
Car -1 -1 -1.64 639.838134765625 174.509521484375 682.578857421875 207.3705596923828 1.5388084650039673 1.5813980102539062 3.6128807067871094 2.5037713050842285 1.7245543003082275 39.29698181152344 -1.5723423172984505 0.31637048721313477
Car -1 -1 1.91 169.6360626220703 171.6221923828125 399.8845520019531 255.2991485595703 1.541762351989746 1.662650227546692 4.098476409912109 -6.20546817779541 1.5613502860069275 15.829598426818848 1.5383671676118187 0.29332199692726135
Car -1 -1 0.82 13.56643295288086 178.1207275390625 155.68496322631836 371.3277282714844 1.5277981758117676 1.614898443222046 3.9313690662384033 -6.084943771362305 1.5359241962432861 6.186132907867432 0.04212649013604164 0.2672441601753235
Car -1 -1 0.87 12.272242546081543 166.1891326904297 192.5290174484253 346.1950378417969 1.591622233390808 1.626265525817871 4.072651386260986 -6.367389678955078 1.577074944972992 6.889392375946045 0.12089009509753978 0.24999220669269562
Van -1 -1 -2.81 331.54095458984375 166.58714294433594 486.05987548828125 229.2472686767578 1.8064818382263184 1.6916223764419556 4.328463077545166 -6.307309627532959 1.6506380438804626 22.97336769104004 -3.07384182168419 0.24099881947040558
Car -1 -1 -1.67 643.2327880859375 176.2905731201172 686.8798217773438 213.0762176513672 1.4882683753967285 1.5839896202087402 3.9846675395965576 2.4062466621398926 1.678390920162201 31.250795364379883 -1.592109804551809 0.230216845870018
Car -1 -1 -2.97 381.9093933105469 170.394775390625 512.4202880859375 223.5649871826172 1.5932657718658447 1.670466423034668 4.232995986938477 -5.808901786804199 1.5781255960464478 26.054285049438477 3.0964451272775317 0.22959837317466736
Car -1 -1 -2.58 148.42933654785156 181.46963500976562 352.7846374511719 259.396728515625 1.4902913570404053 1.610404372215271 3.690424680709839 -6.463935852050781 1.652525007724762 13.140962600708008 -3.036367346101902 0.226168692111969
Car -1 -1 -0.36 267.059814453125 161.39678955078125 487.060302734375 236.52899169921875 1.4766216278076172 1.583458423614502 4.563333988189697 -5.890908241271973 1.6614183187484741 18.153602600097656 -0.6706626655410366 0.21320971846580505
Car -1 -1 -2.03 957.7003784179688 215.12400817871094 1191.755126953125 368.79644775390625 1.3787778615951538 1.5230435132980347 3.3112127780914307 3.4075403213500977 1.7832913994789124 5.5629706382751465 -1.481180655854046 0.2094956338405609
Car -1 -1 0.91 8.476825714111328 200.71604919433594 185.96881484985352 375.564453125 1.388901710510254 1.579092264175415 3.8427646160125732 -6.177981853485107 1.7359066009521484 6.632724285125732 0.15690748311505232 0.20656758546829224
Car -1 -1 0.23 185.46534729003906 180.9935302734375 373.68133544921875 250.2687225341797 1.4783775806427002 1.632668137550354 3.948817491531372 -6.611428260803223 1.624326467514038 15.86157512664795 -0.16379864353314355 0.2015126496553421
Car -1 -1 0.82 920.927734375 195.77001953125 1154.7894287109375 301.82342529296875 1.3911975622177124 1.4499794244766235 3.1410927772521973 6.604532241821289 1.8778141140937805 11.726468086242676 1.3282611984043662 0.19679482281208038
Car -1 -1 -2.83 489.70538330078125 176.69761657714844 551.579345703125 206.65052795410156 1.5538161993026733 1.6097421646118164 4.041452407836914 -5.4532976150512695 1.8505584597587585 43.9850959777832 -2.954043717355729 0.19054998457431793
Car -1 -1 -2.84 474.3046569824219 176.04319763183594 541.9927978515625 208.34066772460938 1.5022648572921753 1.589476466178894 3.9847278594970703 -5.351226806640625 1.7521702647209167 38.462623596191406 -2.9786677481404986 0.19001087546348572
Car -1 -1 0.99 3.6439461708068848 159.71151733398438 221.64655542373657 326.81048583984375 1.6025257110595703 1.6251765489578247 4.030877113342285 -6.98583984375 1.5668306350708008 7.764519691467285 0.26209148292084095 0.17002789676189423
Car -1 -1 1.68 3.4856302738189697 212.7874755859375 73.12290596961975 375.634765625 1.5168371200561523 1.6070704460144043 3.90732479095459 -5.0344557762146 1.6264232993125916 4.33017110824585 0.8158625706584566 0.16325460374355316
Car -1 -1 0.93 4.105742931365967 187.94703674316406 88.16603803634644 363.7118225097656 1.5570881366729736 1.6466532945632935 4.006629467010498 -4.934267044067383 1.4411784410476685 4.380613327026367 0.0881559169923758 0.14601197838783264
Car -1 -1 0.89 928.3280029296875 205.2283172607422 1180.5179443359375 346.02783203125 1.4209096431732178 1.527713418006897 3.1984219551086426 5.940099716186523 1.906649112701416 10.615808486938477 1.3975192845369513 0.14418751001358032