Car -1 -1 -1.9 744.7488403320312 165.8682861328125 983.6909790039062 346.7682189941406 1.7818933725357056 1.5774873495101929 3.2261157035827637 2.732541799545288 1.7018375396728516 8.698031425476074 -1.5956466894383423 0.8804295063018799
Car -1 -1 -1.7 668.375732421875 181.39328002929688 734.77880859375 232.84471130371094 1.4154789447784424 1.5972330570220947 3.541188955307007 2.7890992164611816 1.7369188070297241 22.77140235900879 -1.5816051664265727 0.8740397095680237
Car -1 -1 -0.2 717.5084838867188 174.968994140625 816.657470703125 217.7627716064453 1.5795080661773682 1.6654020547866821 3.966101884841919 5.9698052406311035 1.6672820448875427 27.875797271728516 0.006406608105013145 0.8237000107765198
Car -1 -1 -2.83 373.8417053222656 174.69650268554688 499.4686279296875 223.37994384765625 1.5651849508285522 1.6038053035736084 3.973919630050659 -5.943718433380127 1.6809019446372986 24.49855613708496 -3.065520913692553 0.7703593373298645
Car -1 -1 0.8 0.4300362467765808 181.6740264892578 266.75028771162033 349.1370544433594 1.5842312574386597 1.5714354515075684 3.8205528259277344 -5.731878757476807 1.6912142038345337 7.320633888244629 0.13699458772051543 0.7495472431182861
Car -1 -1 -2.86 317.50018310546875 175.50599670410156 480.6810607910156 236.64865112304688 1.5991253852844238 1.6205586194992065 3.975090503692627 -5.728562831878662 1.6810691356658936 19.89691734313965 -3.1382053189378123 0.7424274682998657
Car -1 -1 -2.35 126.38587951660156 164.96128845214844 372.852783203125 266.41192626953125 1.8227314949035645 1.7336591482162476 4.043006896972656 -6.921979904174805 1.6724040508270264 13.945128440856934 -2.8130823304159804 0.7396569848060608
Car -1 -1 -1.95 273.5786437988281 181.04556274414062 448.7940368652344 246.4854736328125 1.4908336400985718 1.5817649364471436 3.888110876083374 -5.926082611083984 1.6842133402824402 17.470638275146484 -2.2727793603485695 0.7223541140556335
Car -1 -1 -1.66 630.1016235351562 177.47691345214844 654.925048828125 197.63192749023438 1.4472136497497559 1.636561393737793 3.7432854175567627 2.4871058464050293 1.851117730140686 54.77405548095703 -1.609928727857457 0.695968747138977
Car -1 -1 0.84 -5.72625207901001 178.35397338867188 318.53372716903687 307.31658935546875 1.6511467695236206 1.5949186086654663 3.996735095977783 -6.487163066864014 1.6999160051345825 9.873781204223633 0.2631416575878882 0.6794426441192627
Car -1 -1 -2.92 423.5579833984375 171.54690551757812 517.954833984375 210.88587951660156 1.7589647769927979 1.7199296951293945 4.042625427246094 -6.307731628417969 1.7681129574775696 32.46056365966797 -3.1142606741691816 0.6550952196121216
Car -1 -1 -2.37 162.24522399902344 173.61891174316406 373.6370544433594 262.51617431640625 1.6313652992248535 1.6521443128585815 3.6579043865203857 -7.0797810554504395 1.6734655499458313 15.234708786010742 -2.8006250729572306 0.6401428580284119
Car -1 -1 -2.87 286.4020690917969 178.2163543701172 463.86871337890625 238.74618530273438 1.5378632545471191 1.6494394540786743 4.121700286865234 -6.024478912353516 1.673216700553894 19.117212295532227 3.105871114148531 0.5922284126281738
Car -1 -1 -2.55 59.61655807495117 167.5195770263672 355.8437614440918 287.1295166015625 1.6689882278442383 1.6541986465454102 3.926673412322998 -6.820720672607422 1.688862144947052 12.840792655944824 -3.033702454105261 0.5619212985038757
Car -1 -1 -3.0 398.3623352050781 174.1541748046875 512.2677001953125 216.63487243652344 1.6091727018356323 1.6722334623336792 4.365200519561768 -6.164816856384277 1.7266172170639038 30.95766258239746 3.0914832897399247 0.5363250374794006
Car -1 -1 -1.65 671.0546264648438 177.9448699951172 732.9247436523438 224.46006774902344 1.4583269357681274 1.5923800468444824 3.472658157348633 2.867661714553833 1.6700257658958435 22.69083595275879 -1.522557854234372 0.511691153049469
Car -1 -1 2.89 673.3154907226562 176.66110229492188 726.949951171875 219.0736083984375 1.4966777563095093 1.514901041984558 3.3939478397369385 4.2361159324646 1.781739056110382 32.57176971435547 3.0184543926852694 0.48360350728034973
Car -1 -1 -2.78 345.2767333984375 175.96885681152344 496.37847900390625 228.07940673828125 1.5289866924285889 1.6636286973953247 4.11074161529541 -5.912612438201904 1.6904491186141968 24.918071746826172 -3.0134857685549186 0.4789120554924011
Car -1 -1 2.17 679.9793090820312 176.16119384765625 731.8536376953125 215.23463439941406 1.4550080299377441 1.5419334173202515 3.4674041271209717 3.569962501525879 1.6829086542129517 27.878707885742188 2.295612757561063 0.4469132125377655
Car -1 -1 1.12 683.6934814453125 175.1605987548828 734.4945068359375 209.69479370117188 1.4886212348937988 1.5195285081863403 3.524401903152466 4.3601813316345215 1.6865232586860657 32.59031677246094 1.2548543715546039 0.4172878861427307
Car -1 -1 1.12 678.0992431640625 174.7339630126953 726.1339111328125 210.79031372070312 1.5242531299591064 1.5804591178894043 3.5035243034362793 4.639278888702393 1.7061101794242859 35.04702377319336 1.256263333085002 0.38733893632888794
Van -1 -1 -2.91 421.6357116699219 171.1774444580078 516.6087646484375 211.46902465820312 1.8657742738723755 1.744431734085083 4.262175559997559 -6.703620433807373 1.828379511833191 35.130897521972656 -3.099917030456931 0.3407725691795349
Car -1 -1 -2.79 232.3983917236328 175.60699462890625 431.819580078125 254.54214477539062 1.5752311944961548 1.6128634214401245 4.015261173248291 -6.194049835205078 1.6523194909095764 17.66734504699707 -3.127527647363916 0.3260512351989746
Van -1 -1 -2.54 10.641915321350098 169.16458129882812 354.7833642959595 315.35638427734375 2.0977883338928223 1.986682653427124 4.913631916046143 -7.571737766265869 1.9105472564697266 13.83592414855957 -3.0370606927150767 0.31339314579963684
Car -1 -1 -0.43 704.3329467773438 176.6376495361328 798.327392578125 217.7565460205078 1.4662203788757324 1.6394362449645996 3.8474514484405518 5.667457103729248 1.6746806502342224 28.060771942138672 -0.22934209009337359 0.2764352560043335
Van -1 -1 -2.5 98.70398712158203 160.9933319091797 358.14310455322266 274.3241882324219 1.9329053163528442 1.758072853088379 4.369790077209473 -6.98645544052124 1.7704654932022095 13.549595832824707 -2.9771536014850657 0.2610477805137634
Car -1 -1 -2.71 205.35423278808594 172.21119689941406 398.2499694824219 251.49176025390625 1.5831891298294067 1.6115972995758057 3.8863353729248047 -6.543481826782227 1.6466014385223389 16.08555030822754 -3.0993162984434584 0.25936105847358704
Car -1 -1 1.57 3.880391836166382 180.6557159423828 71.91811919212341 366.0725402832031 1.702811360359192 1.66041898727417 4.169655799865723 -5.969388961791992 1.7318010926246643 4.924368381500244 0.6846921656669949 0.2578338384628296
Car -1 -1 -1.74 680.1919555664062 182.00308227539062 741.516357421875 226.33181762695312 1.4067999124526978 1.5431718826293945 3.5582141876220703 3.347229480743408 1.7405372262001038 24.333141326904297 -1.6039709370606001 0.25388169288635254
Car -1 -1 -1.23 685.6006469726562 176.77581787109375 741.8051147460938 214.3162078857422 1.4993128776550293 1.5411486625671387 3.770824670791626 4.57015323638916 1.7803815603256226 32.043067932128906 -1.0839613180805063 0.25264090299606323
Car -1 -1 -1.96 755.1416015625 168.81906127929688 972.81494140625 311.9612731933594 1.5412665605545044 1.5721582174301147 3.440117359161377 3.0820226669311523 1.5908299088478088 9.186694145202637 -1.6391870666634984 0.24829281866550446
Car -1 -1 -3.14 259.4792175292969 183.30087280273438 418.8988952636719 242.7887725830078 1.472662091255188 1.5905531644821167 3.564491033554077 -6.496926784515381 1.6592355966567993 17.405227661132812 2.78763593385625 0.24436023831367493
Car -1 -1 -0.16 720.0549926757812 173.6398162841797 830.5535278320312 225.54318237304688 1.5568935871124268 1.6425498723983765 3.8707497119903564 6.25703763961792 1.722702145576477 28.901647567749023 0.05058586003760723 0.23654602468013763
Van -1 -1 -1.87 744.8576049804688 166.88856506347656 988.8563842773438 353.8412780761719 1.9291189908981323 1.7575294971466064 4.385136604309082 2.973283052444458 1.913991391658783 8.985879898071289 -1.5532789417296557 0.2293504923582077
Car -1 -1 -2.87 423.95953369140625 177.96095275878906 509.22467041015625 215.75550842285156 1.6054457426071167 1.6333715915679932 3.864736557006836 -6.387388229370117 1.8839800953865051 32.15616989135742 -3.0652334039649833 0.22158682346343994
Car -1 -1 0.8 15.35263442993164 182.1509246826172 183.83765029907227 364.8208923339844 1.5829746723175049 1.6154825687408447 4.046692371368408 -6.179812431335449 1.6374384760856628 6.527255535125732 0.04147933308155416 0.22064842283725739
Car -1 -1 0.96 -1.1726337671279907 181.0066375732422 240.00249135494232 290.02349853515625 1.4376806020736694 1.591381311416626 3.6417980194091797 -7.525125503540039 1.6116615533828735 10.815272331237793 0.35056009564214996 0.2205076813697815
Car -1 -1 -2.87 433.77783203125 175.5665283203125 514.2897338867188 213.4591522216797 1.5539664030075073 1.6306284666061401 4.251523971557617 -6.436532020568848 1.7833921313285828 34.26808166503906 -3.058473390359775 0.20727334916591644
Car -1 -1 -0.94 1003.6204833984375 17.04924774169922 1059.2666015625 46.870426177978516 1.6964857578277588 1.6991654634475708 4.44312047958374 24.386083602905273 -7.220287203788757 42.046173095703125 -0.4133580579320473 0.20561401546001434
Van -1 -1 0.96 -0.2335752248764038 171.97955322265625 315.40711081027985 352.2083435058594 1.9468439817428589 1.8693833351135254 5.210897445678711 -8.904248237609863 2.1895386576652527 13.944354057312012 0.39220809647038823 0.20474569499492645
Van -1 -1 -2.84 410.0466613769531 173.1960906982422 511.30157470703125 217.34201049804688 1.8144588470458984 1.6472793817520142 4.191429138183594 -6.829489231109619 1.8741161823272705 34.53766632080078 -3.0331408218096376 0.20376642048358917
Car -1 -1 -2.94 443.8648681640625 172.8660430908203 528.5690307617188 208.70535278320312 1.5750116109848022 1.718031644821167 4.284816741943359 -6.117319107055664 1.6572171449661255 35.489768981933594 -3.111386246947813 0.20325018465518951
Car -1 -1 2.49 3.818650722503662 214.04669189453125 50.97104787826538 353.290771484375 1.7349637746810913 1.6636178493499756 4.186793327331543 -6.027504920959473 1.851625680923462 5.265913486480713 1.6354267758922978 0.20307356119155884
Car -1 -1 -2.78 301.6029357910156 181.81597900390625 444.7206726074219 240.21678161621094 1.446280598640442 1.5667996406555176 3.7232697010040283 -6.120953559875488 1.69765704870224 18.677949905395508 -3.101222527078776 0.1945798397064209
Car -1 -1 -2.94 484.7200927734375 177.0824737548828 546.99365234375 202.08567810058594 1.5426969528198242 1.6486530303955078 4.342417240142822 -5.914627552032471 1.799705147743225 45.677982330322266 -3.0685280549186817 0.19313788414001465
Car -1 -1 -1.61 627.46435546875 177.2621612548828 650.2424926757812 196.1536407470703 1.4049373865127563 1.63894784450531 3.7751529216766357 2.4409568309783936 1.8610654473304749 55.730445861816406 -1.567639813561299 0.19060128927230835
Pedestrian -1 -1 -2.82 387.6234130859375 175.9085235595703 499.7597961425781 221.96633911132812 1.775782823562622 0.6510106325149536 0.880822479724884 -4.771575450897217 1.6871787309646606 20.58745765686035 -3.0496166489163006 0.1875058263540268
Car -1 -1 -1.55 688.411376953125 178.13467407226562 768.3025512695312 218.55307006835938 1.4758952856063843 1.6222901344299316 3.74833345413208 5.348350524902344 1.7052257657051086 31.159006118774414 -1.3832545025270422 0.1868053525686264
Car -1 -1 0.97 11.085028648376465 181.1746063232422 121.10781764984131 365.24908447265625 1.669432520866394 1.6381454467773438 4.141997814178467 -6.1206889152526855 1.6425018310546875 5.600144863128662 0.1358210164972924 0.18409763276576996
Car -1 -1 -0.15 707.5932006835938 177.80137634277344 820.90380859375 224.46728515625 1.5319387912750244 1.6712113618850708 3.9227750301361084 6.04394006729126 1.677553117275238 28.04140281677246 0.05795809916769379 0.18385151028633118
Car -1 -1 -0.51 694.3162231445312 176.83323669433594 781.3854370117188 216.2670135498047 1.4791706800460815 1.6016970872879028 3.9076662063598633 5.442704200744629 1.7328742146492004 32.741275787353516 -0.34370725413740866 0.18246158957481384
Car -1 -1 -0.32 729.4337768554688 177.79859924316406 852.8179321289062 230.5776824951172 1.5578432083129883 1.6390076875686646 3.9862661361694336 6.308777809143066 1.789933204650879 27.693492889404297 -0.09773408782953208 0.18200796842575073
Car -1 -1 0.66 -16.78605079650879 172.44387817382812 327.88756370544434 348.59503173828125 1.3768914937973022 1.5541099309921265 4.004066467285156 -5.358931064605713 1.546404480934143 8.101763725280762 0.08000814267583412 0.1789654940366745
Car -1 -1 1.77 -5.034799575805664 189.01058959960938 57.54007530212402 328.8922424316406 1.6287668943405151 1.5629535913467407 4.00025749206543 -5.379779815673828 1.6378867030143738 4.8933587074279785 0.9353561587555532 0.17604659497737885
Car -1 -1 -1.8 676.2029418945312 178.33682250976562 755.2532348632812 225.50608825683594 1.4997386932373047 1.6103121042251587 3.7512195110321045 3.7935314178466797 1.7615433931350708 26.949996948242188 -1.6589947501595308 0.17120343446731567
Car -1 -1 2.96 2.6172821521759033 208.978515625 65.2013771533966 375.7756652832031 1.6174261569976807 1.6345100402832031 4.153107166290283 -5.233122825622559 1.6657174825668335 4.205239772796631 2.063783451897609 0.16815167665481567