Car -1 -1 -1.72 682.5114135742188 177.62442016601562 774.0948486328125 245.49293518066406 1.4586710929870605 1.639219045639038 3.9146599769592285 2.85315203666687 1.6186851263046265 18.22475814819336 -1.5631342013732716 0.8959068059921265
Car -1 -1 -1.84 721.9966430664062 178.8182830810547 925.8842163085938 317.28900146484375 1.4264827966690063 1.6246565580368042 3.8942103385925293 2.6314117908477783 1.5686218738555908 9.938759803771973 -1.582891163142845 0.8942983150482178
Car -1 -1 -1.37 412.72796630859375 179.76263427734375 521.3927612304688 258.2100524902344 1.606588363647461 1.6720025539398193 4.012210369110107 -3.1627743244171143 1.810760736465454 16.75758171081543 -1.5533517192666473 0.8750863671302795
Car -1 -1 -2.16 848.4190063476562 183.67433166503906 1231.5208740234375 374.2926025390625 1.5168062448501587 1.5830204486846924 3.6389260292053223 2.771512031555176 1.6288734078407288 4.189907073974609 -1.5753211908893672 0.8707838654518127
Car -1 -1 -1.68 655.5586547851562 177.69049072265625 712.0382080078125 222.0345458984375 1.5273253917694092 1.6010730266571045 3.38291335105896 2.7214272022247314 1.736391544342041 27.121540069580078 -1.5785320114197292 0.859589695930481
Car -1 -1 1.69 478.0660095214844 179.58326721191406 535.1414794921875 226.83108520507812 1.5833024978637695 1.6055837869644165 3.806147575378418 -3.6899516582489014 1.8573601245880127 26.237276077270508 1.5474739304355936 0.8499049544334412
Car -1 -1 -1.57 636.284912109375 177.42559814453125 676.4484252929688 208.79220581054688 1.4661295413970947 1.6214290857315063 4.055309295654297 2.377354860305786 1.788045048713684 37.428409576416016 -1.5094690514340527 0.7779026627540588
Car -1 -1 -1.64 633.3204345703125 169.5657196044922 674.6618041992188 210.30419921875 1.5349717140197754 1.5817029476165771 3.7382426261901855 2.2192037105560303 1.7804315090179443 36.060874938964844 -1.5742220136147278 0.6217142939567566
Truck -1 -1 -1.84 624.3099365234375 148.46771240234375 672.85986328125 199.15428161621094 3.4402520656585693 2.4575109481811523 8.081890106201172 2.6192502975463867 1.8946469873189926 48.26287078857422 -1.7841023705026107 0.5611476898193359
Van -1 -1 -1.54 627.8616333007812 152.46820068359375 672.2391967773438 203.67617797851562 2.544900894165039 2.147695302963257 5.8540263175964355 2.2286603450775146 1.646330565214157 43.375694274902344 -1.489177477791804 0.5546905994415283
Car -1 -1 -1.66 643.0325317382812 177.90269470214844 692.3428955078125 215.09390258789062 1.5319693088531494 1.5628652572631836 3.7098731994628906 2.297175645828247 1.7896409034729004 37.09970474243164 -1.5989265215795765 0.44898536801338196
Car -1 -1 -1.62 628.7913208007812 161.6159210205078 672.7971801757812 208.29183959960938 1.6972366571426392 1.622493863105774 3.891301155090332 2.099329948425293 1.6634570956230164 36.697471618652344 -1.5591649138905677 0.41761165857315063
Van -1 -1 -1.63 629.8387451171875 160.7236785888672 673.8209228515625 206.62594604492188 2.5485317707061768 2.031148672103882 5.5436224937438965 2.356502056121826 1.687028408050537 42.464900970458984 -1.5758767249661636 0.3838139474391937
Car -1 -1 1.58 552.8409423828125 177.9901885986328 574.0557250976562 194.46006774902344 1.5461585521697998 1.6412994861602783 4.055509567260742 -4.654876232147217 2.0794694423675537 71.49410247802734 1.5186318174831115 0.3313584327697754
Truck -1 -1 -1.79 628.3792724609375 153.68270874023438 669.9574584960938 202.80641174316406 3.3324077129364014 2.454167127609253 7.923287868499756 2.572749376296997 1.9846217036247253 47.70045852661133 -1.7405024570554515 0.3295934796333313
Car -1 -1 -1.67 651.1555786132812 177.7382049560547 699.3326416015625 214.88316345214844 1.4515208005905151 1.5713343620300293 3.630040168762207 2.654494285583496 1.6317787766456604 27.744810104370117 -1.5741905594172794 0.3037072718143463
Car -1 -1 -1.56 640.8734130859375 178.60548400878906 682.7203979492188 210.8376922607422 1.4420832395553589 1.6190820932388306 3.914961099624634 2.508556842803955 1.7690389752388 36.4427490234375 -1.4950684129241347 0.2842339277267456
Car -1 -1 -1.67 630.9380493164062 171.34695434570312 669.1571044921875 205.0492401123047 1.5199165344238281 1.6350460052490234 3.9725399017333984 2.211108922958374 1.7049278020858765 38.08845520019531 -1.616773086236143 0.2633891701698303
Car -1 -1 -1.7 648.8135375976562 169.55857849121094 699.1951293945312 218.7423095703125 1.487184762954712 1.6611226797103882 3.767942190170288 2.5636086463928223 1.7164434790611267 27.447629928588867 -1.6118435966227054 0.23794911801815033
Car -1 -1 2.87 466.0741882324219 182.1831817626953 536.0991821289062 235.9757843017578 1.5392351150512695 1.6271377801895142 3.9805610179901123 -3.6555187702178955 1.9202109575271606 25.894515991210938 2.7255189424237116 0.2226652204990387
Car -1 -1 -0.42 0.30885446071624756 242.6719970703125 56.18174111843109 376.3807067871094 1.5033830404281616 1.7026044130325317 4.054567813873291 -2.3196299076080322 1.3962714076042175 1.2233555316925049 -1.5089784367581025 0.21986375749111176
Pedestrian -1 -1 1.72 626.07421875 152.4036102294922 670.142822265625 202.31768798828125 1.912784457206726 0.6593222618103027 0.8123708367347717 1.7916491031646729 1.5487216114997864 36.941898345947266 1.7665760609180747 0.20091554522514343
Van -1 -1 2.86 -3.790569305419922 134.8041534423828 188.39839553833008 291.0211181640625 2.632974863052368 2.1791837215423584 5.981792449951172 -11.347360610961914 2.0231942534446716 12.569396018981934 2.121878544807256 0.19228841364383698
Car -1 -1 1.75 485.8044128417969 176.88511657714844 534.2457275390625 220.86036682128906 1.5138037204742432 1.6055753231048584 3.7028861045837402 -3.680428981781006 1.6861695647239685 26.296035766601562 1.6134401812337806 0.19031380116939545
Van -1 -1 -1.63 633.22900390625 168.6419677734375 676.0037841796875 208.726806640625 2.2922489643096924 1.8875782489776611 5.133335590362549 2.3649821281433105 1.7776973843574524 42.086421966552734 -1.5698685952061417 0.18884676694869995
Car -1 -1 -0.41 -2.256700038909912 233.71717834472656 43.52225732803345 375.31268310546875 1.556018590927124 1.6791633367538452 3.988407850265503 -2.6140589714050293 1.485137701034546 1.298599123954773 -1.5220968884404495 0.17924585938453674
Car -1 -1 -1.13 436.1092529296875 182.13047790527344 520.3666381835938 244.6448974609375 1.5541456937789917 1.6381397247314453 3.7284889221191406 -3.387301206588745 1.8088706135749817 19.87523651123047 -1.300547822489909 0.15755148231983185
Car -1 -1 -0.4 -3.051842212677002 234.01107788085938 71.97349500656128 375.0093688964844 1.5190397500991821 1.7133995294570923 4.229597568511963 -2.300804376602173 1.3896957635879517 1.162114143371582 -1.5008326183132894 0.14896796643733978
Car -1 -1 0.6 1085.81005859375 185.30226135253906 1237.277587890625 361.2147216796875 1.462050199508667 1.6099238395690918 3.997781753540039 6.485033988952637 1.7662849426269531 5.707974433898926 1.4458667747505878 0.14650513231754303
Car -1 -1 -0.43 2.8560619354248047 248.7637176513672 102.18993186950684 373.6670837402344 1.4543747901916504 1.7636525630950928 4.208922386169434 -2.2355101108551025 1.3649908304214478 1.2621101140975952 -1.4905013647560157 0.143744096159935
Car -1 -1 -0.52 -3.6735949516296387 269.754638671875 54.88198900222778 362.863525390625 1.5256379842758179 1.6866434812545776 3.654073715209961 -0.15077492594718933 0.810586728155613 0.10000000149011612 -1.5053541036130706 0.10271165519952774