Car -1 -1 -0.75 1007.26025390625 187.30848693847656 1242.44384765625 376.0320129394531 1.4715266227722168 1.6010867357254028 3.979386329650879 5.747721195220947 1.6109085083007812 5.94578218460083 0.019691701266207673 0.8921225070953369
Car -1 -1 -1.71 664.8016357421875 181.72994995117188 739.3095703125 237.73643493652344 1.4312680959701538 1.6303385496139526 4.08095645904541 2.5818264484405518 1.7199377417564392 21.020259857177734 -1.5894016014938082 0.8887998461723328
Car -1 -1 -2.45 -2.3575563430786133 196.25193786621094 231.03364849090576 339.16046142578125 1.3987900018692017 1.6288548707962036 4.274331092834473 -6.816799640655518 1.6796775460243225 8.378164291381836 -3.1312194518511927 0.8471067547798157
Car -1 -1 0.47 155.40261840820312 179.6291961669922 420.7969665527344 263.3888854980469 1.5066133737564087 1.6562360525131226 4.218285083770752 -6.013240814208984 1.6292254328727722 13.763542175292969 0.05836673483714705 0.8062583208084106
Car -1 -1 1.66 551.8568725585938 177.42947387695312 584.0704956054688 200.78102111816406 1.4970694780349731 1.6297671794891357 3.651571035385132 -2.6476588249206543 1.7663115859031677 46.12795639038086 1.6032055496151365 0.7897511720657349
Car -1 -1 -1.67 653.1900024414062 178.60975646972656 696.5186767578125 215.46322631835938 1.43159818649292 1.5711525678634644 3.563558578491211 2.7831645011901855 1.7421847581863403 31.088958740234375 -1.582772459296792 0.787330150604248
Car -1 -1 0.09 394.6038513183594 176.94627380371094 512.5914916992188 221.2977752685547 1.4639068841934204 1.5886636972427368 3.85601544380188 -5.715647220611572 1.6708216667175293 26.590490341186523 -0.1180009232809951 0.7829667925834656
Car -1 -1 -2.35 2.1175525188446045 201.89544677734375 149.71905398368835 372.3589782714844 1.379425287246704 1.5881880521774292 4.088559627532959 -6.392792224884033 1.7104531526565552 6.098021984100342 3.122151522698841 0.751388669013977
Car -1 -1 -2.38 1.420194149017334 196.49806213378906 191.9163794517517 356.57806396484375 1.4509062767028809 1.6380854845046997 4.293647766113281 -6.247439861297607 1.5957104563713074 6.121763706207275 3.105033780221669 0.7252507209777832
Car -1 -1 -2.56 285.9003601074219 174.74159240722656 447.8169860839844 242.26646423339844 1.5329161882400513 1.6249583959579468 3.6170971393585205 -5.88359260559082 1.5886431336402893 17.318574905395508 -2.8833874392147845 0.6572326421737671
Car -1 -1 -2.74 444.315185546875 176.06578063964844 528.2099609375 212.43893432617188 1.5291708707809448 1.608703851699829 3.5989887714385986 -5.605212688446045 1.6729995012283325 31.468257904052734 -2.9116370238164846 0.6504001021385193
Car -1 -1 2.03 364.950927734375 178.56094360351562 483.3292541503906 224.28366088867188 1.4592918157577515 1.5612637996673584 3.7476298809051514 -6.450899124145508 1.7395381331443787 24.25988006591797 1.7688962455057151 0.5967866778373718
Car -1 -1 1.6 635.515380859375 173.35650634765625 663.9292602539062 197.54811096191406 1.6457788944244385 1.6744043827056885 3.818228244781494 2.741414785385132 1.7301550507545471 50.78850555419922 1.65309506006699 0.5954935550689697
Car -1 -1 -2.87 420.62677001953125 177.1015167236328 519.1718139648438 216.58848571777344 1.4584189653396606 1.5736678838729858 3.8896331787109375 -5.588756084442139 1.6512945890426636 30.479257583618164 -3.0472814983803023 0.5937570333480835
Car -1 -1 -2.63 486.9462890625 174.806640625 552.8223266601562 200.51690673828125 1.4992377758026123 1.618775725364685 3.884756326675415 -5.774491310119629 1.6143132448196411 45.6162109375 -2.751118339079218 0.5837458968162537
Car -1 -1 -2.79 242.1502227783203 176.24740600585938 453.173583984375 246.46966552734375 1.5654256343841553 1.6202735900878906 3.851940393447876 -5.925110340118408 1.6363950371742249 17.133699417114258 -3.127782914816068 0.5331196784973145
Car -1 -1 3.11 198.65017700195312 175.52850341796875 444.7674865722656 254.65431213378906 1.5350804328918457 1.647373080253601 3.991107940673828 -6.12200927734375 1.648624062538147 17.022127151489258 2.7680396893371677 0.5244480967521667
Car -1 -1 -2.7 343.5206298828125 177.50047302246094 473.19989013671875 226.6698760986328 1.3929303884506226 1.563980221748352 3.644148349761963 -6.202248573303223 1.5646750330924988 22.549118041992188 -2.9670952966572752 0.4765971302986145
Car -1 -1 -1.69 651.6113891601562 178.5810546875 713.8502807617188 224.7235870361328 1.5426030158996582 1.5873762369155884 3.894155263900757 2.672816038131714 1.784592866897583 29.967243194580078 -1.598411219983337 0.45488908886909485
Car -1 -1 0.93 379.7469787597656 179.40045166015625 501.7837829589844 223.7582550048828 1.4441503286361694 1.5808693170547485 4.111671447753906 -5.793486595153809 1.6405006051063538 25.07615852355957 0.7011126194454427 0.4512811601161957
Car -1 -1 -1.7 655.519287109375 180.08811950683594 723.943359375 230.78201293945312 1.5091726779937744 1.572033166885376 3.897935628890991 2.7418830394744873 1.780430793762207 27.835227966308594 -1.6020415849852725 0.4302315413951874
Car -1 -1 -1.31 318.92962646484375 174.965576171875 470.84063720703125 231.00636291503906 1.5314375162124634 1.6015392541885376 3.805290937423706 -6.368855953216553 1.6437987685203552 23.053388595581055 -1.5835227907882397 0.38945841789245605
Car -1 -1 -1.66 654.9812622070312 178.7657928466797 706.7230224609375 219.0709686279297 1.5030863285064697 1.597707986831665 3.717313528060913 2.7489421367645264 1.773400068283081 29.8770751953125 -1.5662227535123296 0.3323248326778412
Car -1 -1 0.24 95.62757110595703 190.28854370117188 396.9983596801758 264.0993957519531 1.5192774534225464 1.675829529762268 4.368218898773193 -6.075673580169678 1.6925771832466125 13.674249649047852 -0.17767806697444843 0.32285600900650024
Car -1 -1 -0.08 305.79351806640625 172.03172302246094 451.2091979980469 229.14491271972656 1.5386934280395508 1.5517734289169312 3.8829689025878906 -6.675543308258057 1.5473103523254395 20.99489402770996 -0.3853939105433386 0.3036344349384308
Car -1 -1 -2.73 480.0019836425781 175.7037353515625 545.3079223632812 202.24375915527344 1.4837769269943237 1.5570597648620605 3.620182752609253 -5.727799415588379 1.6476044058799744 44.310089111328125 -2.853629502301282 0.2709612548351288
Car -1 -1 -2.83 468.9264221191406 175.68588256835938 540.8812255859375 206.34178161621094 1.5298775434494019 1.5995324850082397 3.625203847885132 -5.597810745239258 1.6666744947433472 34.763641357421875 -2.989897310397035 0.2594982087612152
Car -1 -1 0.47 134.75865173339844 182.8104248046875 379.26593017578125 261.0923767089844 1.4542990922927856 1.6247729063034058 4.330528736114502 -6.300293922424316 1.6763166785240173 13.767532348632812 0.036915878404181424 0.23954176902770996
Car -1 -1 -2.37 642.5658569335938 177.68963623046875 684.720703125 210.92356872558594 1.4663935899734497 1.5847280025482178 3.8595972061157227 2.9294681549072266 1.785203993320465 36.08887481689453 -2.29328382630273 0.22292622923851013
Car -1 -1 -0.88 1204.572998046875 187.13711547851562 1241.4345703125 373.8778381347656 1.6435203552246094 1.651710867881775 4.126559257507324 5.26373815536499 1.67420095205307 3.5940921306610107 0.09595586376745846 0.21262826025485992
Car -1 -1 -1.61 651.272705078125 177.55865478515625 692.6148071289062 210.15887451171875 1.4482882022857666 1.5833725929260254 3.5616252422332764 2.7058308124542236 1.6303291320800781 31.59821891784668 -1.5243091978891679 0.20881520211696625
Car -1 -1 -1.08 1217.939208984375 187.99266052246094 1240.2451171875 374.5623474121094 1.5375325679779053 1.6512330770492554 4.14168119430542 5.161126613616943 1.629885733127594 3.3781886100769043 -0.08881790760480524 0.20852400362491608
Car -1 -1 -0.83 979.923828125 193.25660705566406 1236.6832275390625 351.6685485839844 1.5416638851165771 1.5858057737350464 3.9196419715881348 5.749954700469971 1.7489331364631653 6.625011444091797 -0.1109969591370854 0.20355096459388733
Van -1 -1 0.38 142.085205078125 181.21426391601562 440.31109619140625 266.0443115234375 1.8117475509643555 1.8014062643051147 4.623555660247803 -6.464768886566162 1.9190289974212646 15.315824508666992 -0.020093460123548734 0.2031293362379074
Car -1 -1 0.4 110.88252258300781 190.5099334716797 414.3593292236328 283.8590393066406 1.567872166633606 1.6127821207046509 4.299984455108643 -5.975771903991699 1.642681360244751 13.809731483459473 -0.010114915263518487 0.2022404968738556
Car -1 -1 -0.09 94.28892517089844 184.6979522705078 374.8558807373047 279.19586181640625 1.488836407661438 1.6718311309814453 4.318493843078613 -6.305045127868652 1.599152386188507 13.2767333984375 -0.5371709267063851 0.2000627964735031
Car -1 -1 -2.41 11.901946067810059 186.64273071289062 272.2585439682007 302.96466064453125 1.4036834239959717 1.620827555656433 3.931037425994873 -5.518246650695801 1.4982324838638306 7.695773124694824 -3.0309553539680785 0.19726000726222992
Car -1 -1 -2.46 353.7456359863281 182.79725646972656 469.3195495605469 231.1031951904297 1.487377405166626 1.5348281860351562 3.6265196800231934 -6.2716383934021 1.766445279121399 22.40682029724121 -2.7301192775960654 0.18949095904827118
Car -1 -1 2.8 637.5381469726562 175.26507568359375 669.2119140625 202.46881103515625 1.5731594562530518 1.545417308807373 3.7304768562316895 2.836601734161377 1.8361878395080566 51.04177474975586 2.852954472751833 0.18582071363925934
Car -1 -1 -1.04 1200.140869140625 174.8326873779297 1244.00634765625 351.24237060546875 1.6422854661941528 1.6128343343734741 3.9986917972564697 5.590702056884766 1.588195264339447 4.253101348876953 -0.11571521921558325 0.1660984307527542
Car -1 -1 -2.76 454.5643005371094 176.12525939941406 531.4442749023438 208.0650634765625 1.457887053489685 1.6290351152420044 3.9208502769470215 -5.836563587188721 1.6159645318984985 35.0712776184082 -2.9294407934963305 0.16333536803722382
Car -1 -1 -2.58 -0.8313990235328674 192.41085815429688 168.17439931631088 315.47576904296875 1.5903174877166748 1.5925263166427612 3.9768478870391846 -5.098977565765381 1.476953387260437 5.8027191162109375 2.98388352680737 0.16026820242404938
Car -1 -1 -2.22 17.500303268432617 198.90194702148438 298.991849899292 317.012939453125 1.3867753744125366 1.5940895080566406 4.113502025604248 -5.295139789581299 1.5536527037620544 7.755155086517334 -2.8196355826755486 0.15513677895069122
Car -1 -1 -1.32 27.758974075317383 196.4538116455078 328.87329292297363 294.4160461425781 1.4794409275054932 1.6195685863494873 4.187539577484131 -6.247940540313721 1.6393312215805054 10.532538414001465 -1.8509041142846439 0.15373820066452026