Car -1 -1 -1.63 642.6663208007812 170.8531494140625 682.9706420898438 203.50735473632812 1.5926240682601929 1.7105635404586792 4.487509727478027 2.8961167335510254 0.8938984572887421 38.675907135009766 -1.5513041894904456 0.8709126114845276
Car -1 -1 -1.58 572.3184204101562 174.12860107421875 614.0658569335938 212.6281280517578 1.5007526874542236 1.6423826217651367 3.7422211170196533 -0.5992118120193481 1.07487553358078 30.5191707611084 -1.602501688108065 0.8637551665306091
Car -1 -1 -1.56 570.2374267578125 171.0050048828125 599.0678100585938 199.23394775390625 1.539219856262207 1.674675703048706 4.122138977050781 -1.4203548431396484 0.7149031572043896 43.4752311706543 -1.5915093638638371 0.6458420753479004
Car -1 -1 -1.57 613.0389404296875 169.8455352783203 630.038330078125 184.99974060058594 1.5821471214294434 1.692490816116333 4.216824531555176 1.4332269430160522 0.014315426349639893 75.38737487792969 -1.5477576851549868 0.623470664024353
Car -1 -1 -1.54 571.5370483398438 172.20460510253906 604.6093139648438 203.76817321777344 1.5948184728622437 1.6578840017318726 4.031792163848877 -1.3914979696273804 0.8444484546780586 42.52887725830078 -1.577185128163178 0.5672705173492432
Car -1 -1 -1.57 614.4657592773438 167.98220825195312 633.55712890625 184.81185913085938 1.5968660116195679 1.6263664960861206 4.197835445404053 1.6175469160079956 -0.028903067111968994 73.5281982421875 -1.5524809556308465 0.4126276969909668
Car -1 -1 2.38 15.080731391906738 152.61141967773438 372.9170961380005 368.5200500488281 1.721070408821106 1.6894100904464722 4.48737907409668 -2.9513909816741943 1.5698979496955872 2.9163286685943604 1.585114982918185 0.2759937644004822
Car -1 -1 -1.58 571.3031616210938 170.90402221679688 609.8834228515625 209.1490020751953 1.503989815711975 1.606809139251709 3.8168139457702637 -0.6877709627151489 0.966156929731369 30.659975051879883 -1.6030370830877922 0.2623099386692047
Car -1 -1 -1.55 568.5703125 170.80496215820312 594.2420654296875 197.62733459472656 1.5032495260238647 1.6586427688598633 4.279411315917969 -1.7729657888412476 0.6411378458142281 46.55455780029297 -1.5887810835697191 0.23138278722763062
Cyclist -1 -1 1.21 803.8833618164062 177.5348663330078 834.6987915039062 203.51275634765625 1.6308985948562622 0.5261486768722534 1.5707788467407227 11.948744773864746 1.066759169101715 40.6335563659668 1.497456936890142 0.18984360992908478
Cyclist -1 -1 1.12 798.3439331054688 180.0106201171875 830.0668334960938 205.957763671875 1.6158875226974487 0.523609459400177 1.5560688972473145 11.572601318359375 1.085010677576065 40.26777648925781 1.4024190455341738 0.17028264701366425
Cyclist -1 -1 1.18 793.4085083007812 179.9700927734375 824.4755249023438 206.34764099121094 1.6214022636413574 0.528084933757782 1.5567190647125244 11.309555053710938 1.083645612001419 40.392242431640625 1.450519245758259 0.16748037934303284
Cyclist -1 -1 0.97 805.6270141601562 179.4236297607422 839.2513427734375 205.47247314453125 1.612195372581482 0.509253740310669 1.5482722520828247 12.007709503173828 1.0940908789634705 39.99126052856445 1.2609272433122278 0.1610417366027832
Cyclist -1 -1 0.76 796.8209228515625 182.546142578125 831.2003784179688 210.20516967773438 1.560873031616211 0.5169633030891418 1.5420633554458618 10.36984634399414 1.1728668510913849 36.04085159301758 1.0371031758871752 0.14367341995239258