Car -1 -1 -1.52 478.7411193847656 180.391845703125 518.1241455078125 216.09292602539062 1.5512346029281616 1.5877468585968018 3.5934853553771973 -5.282876014709473 1.9265857338905334 34.095062255859375 -1.6748716563901844 0.8209434747695923
Car -1 -1 2.35 -3.6605732440948486 193.60879516601562 246.40148425102234 374.3123474121094 1.5913337469100952 1.6139558553695679 3.8756537437438965 -3.649430751800537 1.7813725471496582 3.5774526596069336 1.5545718423907458 0.819057822227478
Car -1 -1 -3.02 296.24884033203125 173.95355224609375 418.8081359863281 222.90921020507812 1.6837049722671509 1.7507641315460205 4.224400520324707 -9.172581672668457 1.7471964955329895 26.267356872558594 2.922302765494443 0.6878719329833984
Car -1 -1 -1.44 485.10345458984375 179.7949676513672 522.59716796875 213.12210083007812 1.5198709964752197 1.6085845232009888 3.677466630935669 -5.165406227111816 1.8998864889144897 33.895633697509766 -1.5896235771598324 0.5944810509681702
Car -1 -1 -0.3 828.3171997070312 183.17684936523438 970.66455078125 252.54962158203125 1.4640737771987915 1.5691566467285156 3.5288279056549072 6.990312099456787 1.7972460389137268 17.53426170349121 0.08286612929226145 0.4157332479953766
Car -1 -1 0.51 489.635986328125 178.30545043945312 526.0986938476562 209.5100860595703 1.4796793460845947 1.6103004217147827 3.8315529823303223 -5.279487133026123 1.8303762674331665 37.49099349975586 0.3667631936307769 0.3116057515144348
Pedestrian -1 -1 1.94 1165.770263671875 160.64126586914062 1235.735107421875 389.1137390136719 1.6395208835601807 0.6538366079330444 0.3517937958240509 4.0308613777160645 2.0511386394500732 3.934417963027954 2.7336086632125802 0.3049708604812622
Pedestrian -1 -1 2.0 1180.3372802734375 170.95849609375 1237.8546142578125 388.80462646484375 1.6324342489242554 0.6245508790016174 0.3176661729812622 3.8743789196014404 2.018100321292877 3.695864200592041 2.8040649211900703 0.2950897216796875
Car -1 -1 -2.61 1157.836669921875 152.2364959716797 1232.1778564453125 366.4975280761719 1.7577604055404663 1.4473172426223755 3.2381300926208496 2.0125911235809326 1.440426766872406 1.1715837717056274 -1.5631304000727662 0.2861044406890869
Car -1 -1 -2.64 1133.97119140625 150.84153747558594 1230.5682373046875 375.0174865722656 1.6970317363739014 1.5465087890625 3.571579933166504 2.299589157104492 1.460924506187439 1.2525566816329956 -1.5655324768755081 0.27268481254577637
Pedestrian -1 -1 2.43 1057.919677734375 175.12655639648438 1225.577392578125 375.8138122558594 1.6517990827560425 0.7057800889015198 0.5108879208564758 3.1176705360412598 1.7836647033691406 3.5140175819396973 -3.1298667328029843 0.2716810703277588
Pedestrian -1 -1 1.57 1137.314453125 180.0941925048828 1235.575439453125 378.2210388183594 1.7557131052017212 0.6855994462966919 0.3320106565952301 3.035386323928833 2.028552830219269 3.189911127090454 2.3303525128584344 0.25951090455055237
Car -1 -1 -2.64 1057.919677734375 175.12655639648438 1225.577392578125 375.8138122558594 1.612603783607483 1.4951133728027344 3.3727824687957764 2.8652472496032715 1.6132344007492065 1.7288826704025269 -1.6148411565517957 0.24868522584438324
Car -1 -1 -2.66 1101.0965576171875 153.2227020263672 1225.8780517578125 378.2893981933594 1.6517168283462524 1.5437328815460205 3.5030579566955566 2.7423181533813477 1.5583158135414124 1.5551952123641968 -1.6049247380873428 0.2326136827468872
Pedestrian -1 -1 2.0 1198.30859375 170.62648010253906 1241.1473388671875 386.520263671875 1.6049938201904297 0.5801434516906738 0.32664749026298523 3.6553609371185303 1.9002423286437988 3.4555044174194336 2.808901055249544 0.22690215706825256
Car -1 -1 -2.65 1115.7120361328125 181.91778564453125 1231.0858154296875 376.40887451171875 1.6388881206512451 1.4924588203430176 3.5729591846466064 2.1267685890197754 1.4275804162025452 1.1474562883377075 -1.5706862034282816 0.22677728533744812
Pedestrian -1 -1 1.56 1158.24755859375 207.5305938720703 1237.0963134765625 379.2356872558594 1.7128512859344482 0.6728331446647644 0.3492365777492523 3.7597522735595703 2.175547957420349 3.9071033000946045 2.3253707128809022 0.21767857670783997
Pedestrian -1 -1 1.88 1120.8919677734375 213.04473876953125 1219.5408935546875 373.345458984375 1.5898171663284302 0.6718672513961792 0.35695651173591614 4.159524917602539 2.0506141781806946 4.688830375671387 2.6006702009096045 0.21340779960155487
Pedestrian -1 -1 1.69 1193.3380126953125 192.27734375 1237.29638671875 376.0760192871094 1.6592047214508057 0.6095730662345886 0.33118417859077454 4.3885178565979 2.0803182125091553 4.392112731933594 2.4781835068103257 0.2129986584186554
Pedestrian -1 -1 1.94 1182.52978515625 208.03843688964844 1230.223876953125 372.2845153808594 1.6871845722198486 0.5996200442314148 0.3287217915058136 4.497349739074707 2.1454964876174927 4.644693851470947 2.711302531609805 0.21245631575584412
Van -1 -1 -3.09 291.0337219238281 173.3055419921875 417.9872131347656 217.22767639160156 1.9420334100723267 1.883074164390564 4.9459943771362305 -10.536893844604492 1.873411476612091 30.058116912841797 2.8574742560376736 0.20709793269634247
Car -1 -1 -1.95 492.2280578613281 182.04103088378906 527.3828125 213.49449157714844 1.448140263557434 1.5598217248916626 3.850234270095825 -5.236283302307129 1.9942682385444641 38.65945816040039 -2.0804630867963816 0.20155368745326996
Car -1 -1 -2.64 1146.3765869140625 185.81370544433594 1236.109375 373.4525146484375 1.7151609659194946 1.4241740703582764 3.3573954105377197 1.9059373140335083 1.4362261891365051 1.094846487045288 -1.588302504592825 0.19359110295772552
Car -1 -1 2.32 52.22740173339844 220.85333251953125 268.1515197753906 365.5372314453125 1.6310771703720093 1.5868438482284546 3.6994307041168213 -3.825012445449829 1.9522542357444763 4.281425476074219 1.5872179972924592 0.19263191521167755
Pedestrian -1 -1 2.55 1010.8074951171875 195.0155487060547 1224.510009765625 369.9762878417969 1.589872121810913 0.6796178817749023 0.5336974859237671 2.9765520095825195 1.76107519865036 3.6934823989868164 -3.0532131533557516 0.1911950409412384
Car -1 -1 -2.55 1177.9520263671875 173.38150024414062 1235.9603271484375 334.7185974121094 1.7946324348449707 1.5507164001464844 3.564039945602417 1.9794437885284424 1.356466293334961 1.3721503019332886 -1.5854680124366718 0.1755909025669098
Car -1 -1 -2.52 1181.162353515625 153.59725952148438 1239.41162109375 316.5758972167969 1.809974193572998 1.5361638069152832 3.4863765239715576 2.343414068222046 1.3885389864444733 1.6535460948944092 -1.5686875483494047 0.1645466834306717