Car -1 -1 -1.41 431.67205810546875 186.28598022460938 506.1383972167969 237.30389404296875 1.4644855260849 1.6624022722244263 4.100121974945068 -4.40810489654541 1.5435841083526611 23.37891960144043 -1.5957560899784573 0.8640784621238708
Car -1 -1 -1.61 574.2833251953125 181.49530029296875 606.8294067382812 212.31150817871094 1.6499881744384766 1.6997190713882446 3.9385156631469727 -0.9500144124031067 1.4633052945137024 39.98112869262695 -1.633699753548889 0.8356994986534119
Van -1 -1 -1.14 109.40680694580078 81.58383178710938 446.6675796508789 326.2743225097656 2.5899245738983154 2.136868953704834 5.901608467102051 -4.147267818450928 1.4927523285150528 10.570839881896973 -1.5146522380525536 0.8234809637069702
Car -1 -1 -0.88 16.63570213317871 192.59478759765625 262.2439022064209 296.4631042480469 1.4855244159698486 1.6157478094100952 3.717050552368164 -8.212057113647461 1.685524821281433 12.848451614379883 -1.4458698816146098 0.809499979019165
Car -1 -1 -1.81 485.162841796875 184.5659942626953 525.3107299804688 216.66937255859375 1.5095456838607788 1.6275626420974731 4.103166103363037 -5.0983123779296875 1.5253773927688599 36.06998062133789 -1.9529307421968864 0.7677400708198547
Car -1 -1 2.46 420.6771545410156 191.2957763671875 487.39337158203125 241.64642333984375 1.3844830989837646 1.5995105504989624 3.757553815841675 -4.590943336486816 1.5781587958335876 21.769006729125977 2.2552989948721036 0.6013068556785583
Car -1 -1 1.98 -0.8630492687225342 195.2310333251953 52.60641026496887 333.1051330566406 1.5323628187179565 1.6305406093597412 4.326557159423828 -8.759765625 1.6921368837356567 7.983847618103027 1.144719547797349 0.5743148922920227
Car -1 -1 2.54 -0.1801804006099701 210.91123962402344 38.36946025490761 325.88714599609375 1.4153510332107544 1.5310312509536743 3.6108791828155518 -8.76855182647705 1.7345535159111023 8.021256446838379 1.7142954565861315 0.5263651609420776
Car -1 -1 -0.76 16.30849266052246 159.83924865722656 283.73476219177246 308.2867431640625 1.7006466388702393 1.6480332612991333 3.9512581825256348 -7.640033721923828 1.6474088430404663 11.9716215133667 -1.3309961395641325 0.5150074362754822
Car -1 -1 0.96 785.5390014648438 195.62277221679688 1178.9267578125 374.2767639160156 1.6737396717071533 1.4968398809432983 3.972829818725586 1.4367411136627197 1.6100397109985352 2.3071677684783936 1.5133150727870444 0.48880234360694885
Truck -1 -1 -1.14 101.0539321899414 49.64305877685547 451.9063186645508 337.9010238647461 3.7084383964538574 2.549039125442505 8.479887962341309 -5.089496612548828 1.7369213700294495 11.748438835144043 -1.5447922228019655 0.46072036027908325
Car -1 -1 0.59 803.607177734375 180.2571563720703 1234.3238525390625 384.62054443359375 1.6697105169296265 1.652428150177002 3.9903578758239746 1.9109190702438354 1.4824411273002625 1.9397778511047363 1.3682545734388452 0.34330204129219055
Car -1 -1 -1.43 430.1357421875 189.10317993164062 494.58624267578125 240.6423797607422 1.4848169088363647 1.6354480981826782 3.8527908325195312 -4.447179317474365 1.5935330986976624 22.4664249420166 -1.6271576287280203 0.34153032302856445
Car -1 -1 -1.84 0.372984915971756 199.24810791015625 42.666529685258865 303.74530029296875 1.465800166130066 1.6536309719085693 3.9942002296447754 -8.568726539611816 1.6260586380958557 8.032916069030762 -2.6562673426857426 0.3363248109817505
Car -1 -1 1.3 -4.389009475708008 185.34744262695312 45.96999931335449 326.415283203125 1.5694084167480469 1.6156519651412964 4.053143501281738 -8.924772262573242 1.7152155637741089 8.15884017944336 0.46528502143889305 0.3188038170337677
Car -1 -1 -1.1 0.6690775752067566 200.39654541015625 54.45744580030441 294.3520202636719 1.577026605606079 1.6697697639465332 4.095319747924805 -9.079034805297852 1.7066961526870728 8.549762725830078 -1.9136871753105043 0.31834155321121216
Truck -1 -1 1.02 776.001220703125 136.21107482910156 1215.8907470703125 379.9571533203125 3.24654483795166 2.43153715133667 6.826723575592041 2.136960029602051 1.8718900829553604 2.4750783443450928 1.7368934189564218 0.31015023589134216
Van -1 -1 2.57 -1.8750942945480347 234.61961364746094 37.22339355945587 325.41265869140625 1.7409002780914307 1.7953376770019531 4.211565017700195 -11.881473541259766 2.513556718826294 11.839441299438477 1.778037266152407 0.3063882291316986
Car -1 -1 -1.48 490.1807861328125 183.67532348632812 528.1880493164062 214.25796508789062 1.4801108837127686 1.6172932386398315 4.057908535003662 -5.478394031524658 1.470738708972931 41.319976806640625 -1.6080150430011724 0.3022299110889435
Car -1 -1 -0.82 2.6945290565490723 198.83056640625 79.1976113319397 278.9783935546875 1.6375035047531128 1.6827806234359741 4.138913154602051 -11.62283992767334 1.8672242760658264 11.69518756866455 -1.6030227679193514 0.3021015226840973
Van -1 -1 0.64 778.3345947265625 160.141845703125 1231.678466796875 380.0352783203125 2.0819802284240723 1.8722548484802246 5.00514030456543 1.7797335386276245 1.5400923788547516 1.8285207748413086 1.4105102291185956 0.30187252163887024
Car -1 -1 1.31 -5.193268775939941 187.0828094482422 61.38980770111084 337.6805419921875 1.6324154138565063 1.6648647785186768 4.247701644897461 -8.6992826461792 1.7376066446304321 7.516297340393066 0.45501955958748397 0.2988743484020233
Cyclist -1 -1 0.89 1.250955581665039 193.09596252441406 47.42566108703613 334.1055603027344 1.6803064346313477 0.5945218205451965 1.7580643892288208 -6.844321250915527 1.671569585800171 7.401299476623535 0.14846713903624575 0.29095259308815
Car -1 -1 -0.75 24.9906005859375 129.853515625 310.08538818359375 302.1556396484375 1.869328498840332 1.690598487854004 3.9803595542907715 -7.770435810089111 1.647662878036499 12.75908374786377 -1.295835498320212 0.27344509959220886
Car -1 -1 -2.68 429.0419006347656 183.98387145996094 481.1808166503906 224.6837158203125 1.4312973022460938 1.6424200534820557 4.008017539978027 -4.634710311889648 1.495231032371521 22.900503158569336 -2.8764813764571118 0.27245432138442993
Van -1 -1 -1.04 33.994476318359375 138.82723999023438 304.9776611328125 298.9936828613281 2.260655641555786 2.037872791290283 5.332266330718994 -6.674376010894775 1.6465463638305664 12.594162940979004 -1.5288958822704863 0.26672762632369995
Cyclist -1 -1 1.5 -5.763684272766113 189.99996948242188 59.556559562683105 343.423828125 1.6875922679901123 0.6124952435493469 1.830458164215088 -6.620485305786133 1.7247264385223389 7.112265586853027 0.7493400918077171 0.25410163402557373
Van -1 -1 -1.17 135.96246337890625 117.1863021850586 428.5399169921875 301.1340560913086 2.3720967769622803 2.104156494140625 5.863997459411621 -4.394196033477783 1.4762383103370667 11.0547513961792 -1.5488750345190905 0.23879127204418182
Car -1 -1 -1.53 498.31207275390625 184.62161254882812 532.6719360351562 212.27142333984375 1.4254999160766602 1.5870778560638428 4.15516996383667 -5.6259307861328125 1.4769545197486877 45.024513244628906 -1.6591803329579307 0.23599141836166382
Cyclist -1 -1 1.73 4.250546932220459 198.56968688964844 39.12846899032593 327.2120361328125 1.7100422382354736 0.5956021547317505 1.8613132238388062 -6.6531171798706055 1.6825072169303894 7.139774322509766 0.9828008268695658 0.23057761788368225
Car -1 -1 -1.28 942.3487548828125 226.61354064941406 1223.110595703125 373.1568603515625 1.6211934089660645 1.6216081380844116 4.041229724884033 2.3813817501068115 1.6268677711486816 1.7688380479812622 -0.35250296133361614 0.22562873363494873
Van -1 -1 -1.33 42.66254425048828 100.464599609375 426.21497344970703 323.1406555175781 2.548999547958374 2.1135613918304443 6.236217498779297 -4.708033561706543 1.5305383205413818 10.95039176940918 -1.7384458818999526 0.2255079299211502
Car -1 -1 1.32 -3.468290328979492 188.78773498535156 72.10135078430176 316.1951599121094 1.4878448247909546 1.6155312061309814 3.9061968326568604 -8.375383377075195 1.6538270711898804 8.04651927947998 0.519309515096877 0.2192700356245041
Car -1 -1 -1.33 431.0621337890625 182.39739990234375 490.5948791503906 230.60971069335938 1.500598669052124 1.6435749530792236 3.7968828678131104 -4.53428840637207 1.5069741606712341 22.93370819091797 -1.5301434433956889 0.2144283950328827
Pedestrian -1 -1 -1.53 -1.193099021911621 195.31991577148438 44.05300998687744 329.6291198730469 1.7539561986923218 0.6229638457298279 0.8433808088302612 -6.449304103851318 1.7463841438293457 7.25212287902832 -2.2534457000216754 0.21359121799468994
Car -1 -1 0.86 748.75390625 147.02760314941406 1145.61376953125 378.7666931152344 1.6864120960235596 1.621176838874817 4.015189170837402 2.521690607070923 1.6128599047660828 3.063211441040039 1.5461539099824435 0.21234306693077087
Car -1 -1 -0.83 2.974841594696045 197.68397521972656 98.72538328170776 272.80059814453125 1.6077346801757812 1.6693298816680908 4.030414581298828 -13.068437576293945 1.9636256694793701 14.091673851013184 -1.573126886466902 0.21180331707000732
Car -1 -1 -1.08 135.28611755371094 99.81464385986328 445.3304901123047 325.34278106689453 2.1088356971740723 1.7930835485458374 4.700931072235107 -5.420359134674072 1.459562510251999 14.376190185546875 -1.4373617588664391 0.21094439923763275
Car -1 -1 3.13 505.3062744140625 183.46182250976562 535.266357421875 209.5594482421875 1.526715636253357 1.6058604717254639 4.185844898223877 -5.608034610748291 1.505184292793274 48.00798797607422 3.0151451819041757 0.2108631432056427
Truck -1 -1 1.17 761.6712646484375 100.5954360961914 1122.0592041015625 361.7068862915039 3.1140365600585938 2.2481768131256104 5.96230936050415 2.6671226024627686 1.7437122911214828 4.464117527008057 1.7119625410315678 0.21036578714847565
Car -1 -1 2.2 -11.016161918640137 188.25450134277344 83.64398670196533 340.0401916503906 1.499408483505249 1.652052402496338 4.268089294433594 -8.360702514648438 1.6934430003166199 7.55538272857666 1.3596932995625224 0.2088482826948166
Car -1 -1 -0.07 146.0885009765625 181.05767822265625 274.0228576660156 225.84317016601562 1.3638005256652832 1.5864403247833252 3.8441872596740723 -13.061822891235352 1.3232418894767761 23.58231544494629 -0.579869998914281 0.20482265949249268
Cyclist -1 -1 1.08 -3.9783835411071777 180.89039611816406 45.44950723648071 323.94927978515625 1.7070211172103882 0.6168792247772217 1.7047847509384155 -6.82835054397583 1.6492875218391418 7.3860979080200195 0.3294818908272985 0.2042326033115387
Car -1 -1 -0.31 904.1890869140625 197.51882934570312 1242.1634521484375 370.65008544921875 1.671657919883728 1.6666102409362793 4.293309211730957 2.652003526687622 1.730522632598877 1.8090541362762451 0.6576964213020222 0.19979971647262573
Truck -1 -1 -1.08 154.90673828125 30.192108154296875 466.0872802734375 315.865478515625 3.8428940773010254 2.6582396030426025 8.932785034179688 -5.2264227867126465 1.7109178006649017 11.82291030883789 -1.4923702456790888 0.19731786847114563
Car -1 -1 2.28 -6.514434814453125 168.74525451660156 54.8497200012207 318.6897888183594 1.64564049243927 1.6451075077056885 4.027595043182373 -8.952569007873535 1.7927945852279663 7.982835292816162 1.4352221098303763 0.19711263477802277
Car -1 -1 3.06 862.18701171875 216.23057556152344 1206.1640625 378.8522644042969 1.5509685277938843 1.679458737373352 4.249377727508545 2.043928384780884 1.5411831736564636 2.3604326248168945 -2.5081990682709296 0.1962166130542755
Van -1 -1 -1.33 120.14498138427734 33.38983917236328 465.7396469116211 314.7797317504883 2.635617971420288 2.1405832767486572 6.336395263671875 -4.026483535766602 1.4401696547865868 9.328604698181152 -1.7341004189462614 0.19456544518470764
Car -1 -1 -0.49 11.118243217468262 187.02590942382812 212.88289165496826 288.67303466796875 1.5186829566955566 1.6416257619857788 3.705101728439331 -11.55482292175293 1.7343870997428894 15.857678413391113 -1.1218496660546542 0.19311058521270752
Pedestrian -1 -1 -2.55 0.3601424992084503 189.6011505126953 56.05757215619087 340.2721252441406 1.7127306461334229 0.6258178949356079 0.8229058980941772 -6.257548809051514 1.7586414813995361 7.2166900634765625 3.0162628047590694 0.19128112494945526
Car -1 -1 1.19 -8.901129722595215 188.09291076660156 47.08662509918213 301.7366027832031 1.67271888256073 1.6194390058517456 4.121382236480713 -7.642494201660156 1.5614354610443115 7.105090618133545 0.36561082931362066 0.18754830956459045
Car -1 -1 -2.23 217.19956970214844 178.83309936523438 350.91070556640625 229.2244873046875 1.407169222831726 1.6515754461288452 3.83488392829895 -10.70577335357666 1.2492327094078064 23.550437927246094 -2.6569505878582973 0.18657949566841125
Car -1 -1 -1.54 164.16702270507812 179.367919921875 288.8210754394531 225.67311096191406 1.4246385097503662 1.5819480419158936 3.8660545349121094 -12.212713241577148 1.2573336958885193 23.17629623413086 -2.025095078473794 0.17997761070728302
Truck -1 -1 -1.08 72.35889434814453 102.00787353515625 436.75394439697266 316.0494079589844 3.1337172985076904 2.5520355701446533 7.930683135986328 -5.151255130767822 1.716981202363968 12.402809143066406 -1.4716897064796512 0.17874810099601746
Van -1 -1 1.19 706.1605224609375 66.41297149658203 1244.551513671875 390.9699478149414 1.8870052099227905 1.8421005010604858 5.384206771850586 1.910284399986267 1.3541261851787567 4.377509117126465 1.6007370237334841 0.17525969445705414
Car -1 -1 2.18 -0.2222820371389389 181.41273498535156 98.80312384665012 305.4913635253906 1.5560131072998047 1.6777042150497437 4.076622009277344 -8.982715606689453 1.7665007710456848 9.059040069580078 1.4002530313039312 0.1636037975549698
Car -1 -1 2.26 3.707021713256836 195.38380432128906 67.49237632751465 299.6782531738281 1.5252304077148438 1.6388676166534424 4.026125431060791 -11.284431457519531 1.862381935119629 10.76479721069336 1.450926496145633 0.13638362288475037
Car -1 -1 -1.1 -4.455608367919922 179.1460418701172 126.02829360961914 299.3415222167969 1.55396568775177 1.6448661088943481 4.038964748382568 -10.23656940460205 1.629774808883667 10.786453247070312 -1.8550446958601823 0.13220882415771484
Car -1 -1 -0.48 -10.71962833404541 182.21563720703125 114.02992153167725 318.9067687988281 1.466015100479126 1.602778673171997 3.965693235397339 -8.965574264526367 1.5847984552383423 9.451889038085938 -1.2365098808448387 0.12994937598705292
Car -1 -1 -0.48 0.003240082412958145 197.6591033935547 28.286286804825068 291.5424499511719 1.5965713262557983 1.7081512212753296 4.208176136016846 -11.189413070678711 1.7790019512176514 10.473958969116211 -1.3023679704859568 0.12021449953317642