Car -1 -1 1.96 33.87023162841797 188.39108276367188 406.70613861083984 375.29931640625 1.4740580320358276 1.5838953256607056 3.7497398853302 -3.1337015628814697 1.6551637649536133 6.664437770843506 1.5242382406499102 0.8764057159423828
Car -1 -1 1.79 325.3692932128906 161.03253173828125 481.7774658203125 281.0689697265625 1.6920729875564575 1.6793229579925537 4.092800617218018 -3.356801748275757 1.4930516481399536 12.172834396362305 1.5171653461416739 0.864391028881073
Car -1 -1 1.83 416.1427307128906 162.7687225341797 528.2108764648438 238.57528686523438 1.5794556140899658 1.5764529705047607 3.609483003616333 -3.104464292526245 1.3439328074455261 16.82268714904785 1.6484214135789275 0.8499249219894409
Car -1 -1 -1.39 647.2332763671875 161.1666717529297 691.51806640625 194.51234436035156 1.5135772228240967 1.6168547868728638 3.6393537521362305 2.903487205505371 0.9149830192327499 35.16279983520508 -1.3089369812936393 0.8431988954544067
Car -1 -1 1.61 639.3471069335938 157.5106964111328 668.4849243164062 177.86599731445312 1.6020965576171875 1.6699823141098022 4.534945487976074 3.5156209468841553 0.3356373608112335 58.05998992919922 1.6658672890438115 0.5844278931617737
Car -1 -1 2.03 642.0073852539062 158.9744873046875 674.132080078125 180.96067810058594 1.4481439590454102 1.6036276817321777 4.260073661804199 3.7109973430633545 0.4067671597003937 59.198909759521484 2.0953872061302805 0.38456499576568604
Car -1 -1 1.82 342.9206237792969 159.1207275390625 490.97930908203125 268.91046142578125 1.6483182907104492 1.6190929412841797 3.9801313877105713 -3.455770492553711 1.5136868953704834 14.96733283996582 1.5901070918979565 0.3585784137248993
Car -1 -1 1.5 644.122802734375 158.5478973388672 683.4698486328125 187.5759735107422 1.581200122833252 1.6753934621810913 4.024279594421387 2.803534507751465 0.8141453582793474 37.08889389038086 1.572144465477054 0.32534900307655334
Van -1 -1 1.81 418.04010009765625 160.4965362548828 521.7623901367188 240.5525665283203 1.777358889579773 1.703993797302246 4.166784763336182 -3.2615597248077393 1.453590452671051 17.673185348510742 1.6263888691012953 0.249134823679924
Van -1 -1 1.75 321.23016357421875 158.22035217285156 479.0583801269531 280.9788513183594 1.8990638256072998 1.7402408123016357 4.48472785949707 -3.553522825241089 1.6833193898200989 12.603275299072266 1.4742678738036563 0.2409851998090744
Car -1 -1 1.99 18.213382720947266 207.63528442382812 321.842716217041 373.0150451660156 1.4792463779449463 1.558518648147583 3.520185947418213 -2.836228847503662 1.661642849445343 5.133394718170166 1.4898561379016906 0.234170064330101
Car -1 -1 1.83 357.9874572753906 160.20913696289062 510.64501953125 257.9720764160156 1.661187767982483 1.6832070350646973 4.2784423828125 -3.139009714126587 1.469966173171997 14.510440826416016 1.6212204256359701 0.23408851027488708
Car -1 -1 1.68 393.5186462402344 163.560302734375 522.1014404296875 248.6439208984375 1.5392568111419678 1.5929250717163086 3.8983917236328125 -3.1879827976226807 1.3608193397521973 16.998132705688477 1.4927594979082297 0.21316735446453094
Car -1 -1 1.46 646.2409057617188 157.9267120361328 679.7298583984375 182.3107452392578 1.5422786474227905 1.6493335962295532 3.9592690467834473 3.68179988861084 0.47828102111816406 49.931373596191406 1.5382977021466067 0.19275371730327606
Car -1 -1 1.52 644.08203125 156.35385131835938 674.3504638671875 177.8241424560547 1.487080454826355 1.6432725191116333 4.173173904418945 3.9404232501983643 0.20547014474868774 57.61397933959961 1.5876869863396461 0.18110378086566925
Car -1 -1 -1.72 1147.504150390625 320.36578369140625 1232.5052490234375 399.8597412109375 1.397491455078125 1.5249968767166138 3.9217257499694824 2.089763641357422 1.540627360343933 1.7152079343795776 -0.8360229099638907 0.17179012298583984
Car -1 -1 1.78 645.950439453125 162.4647674560547 681.237548828125 190.2764434814453 1.437021017074585 1.6481115818023682 3.8638014793395996 3.1649959087371826 0.9483913630247116 40.814117431640625 1.8562092640655683 0.1685705929994583
Car -1 -1 -2.93 651.5278930664062 159.2655029296875 688.9130859375 187.615478515625 1.422767996788025 1.5890861749649048 3.723414421081543 3.173686981201172 0.8312834426760674 37.75539016723633 -2.8484401488302034 0.14873167872428894
Car -1 -1 -0.39 1156.7301025390625 332.3916015625 1225.1661376953125 397.9663391113281 1.367577075958252 1.5559428930282593 3.997034788131714 2.4264700412750244 1.7913155555725098 2.263002395629883 0.4273252140549282 0.13960163295269012