Car -1 -1 -1.33 725.4752197265625 182.2764434814453 849.305908203125 263.79925537109375 1.37514328956604 1.608927607536316 3.794236660003662 3.9011082649230957 1.6148728728294373 15.080184936523438 -1.072236321736388 0.8757283687591553
Car -1 -1 1.96 518.32763671875 175.4681854248047 744.2935791015625 328.7871398925781 1.4902026653289795 1.5760303735733032 3.74200701713562 0.5590705275535583 1.583637773990631 9.419330596923828 2.0191608585472904 0.8701444864273071
Car -1 -1 -1.67 1022.4188842773438 187.23728942871094 1102.9393310546875 251.50686645507812 1.4819813966751099 1.6154208183288574 3.6475696563720703 11.972716331481934 1.9171102643013 19.177122116088867 -1.1162093221955924 0.8646431565284729
Car -1 -1 1.68 873.5547485351562 174.39410400390625 925.663818359375 215.93661499023438 1.5689212083816528 1.7065297365188599 4.228384494781494 12.488818168640137 1.692723274230957 30.89107322692871 2.0627456613606965 0.8576197624206543
Car -1 -1 -0.94 57.341121673583984 173.6133575439453 584.3148765563965 374.96295166015625 1.629235029220581 1.570032000541687 3.529191255569458 -1.6654757261276245 1.6394421458244324 5.1019206047058105 -1.2559505352530973 0.8259718418121338
Car -1 -1 -1.76 1058.5484619140625 209.2198486328125 1241.2244873046875 373.37567138671875 1.419586181640625 1.5336521863937378 3.3410935401916504 5.293862819671631 1.7383100986480713 6.688234806060791 -1.0891974683492824 0.8235890865325928
Car -1 -1 2.15 899.7161865234375 177.45846557617188 944.2113647460938 211.30905151367188 1.5144466161727905 1.5964511632919312 3.8697032928466797 15.766429901123047 1.7883681654930115 36.4041633605957 2.5572474046656133 0.7570211291313171
Car -1 -1 1.54 1011.2206420898438 181.15399169921875 1040.084228515625 204.85626220703125 1.487347960472107 1.6819217205047607 4.00468635559082 27.318471908569336 2.068019926548004 47.34781265258789 2.0614373408525344 0.731077253818512
Car -1 -1 1.65 892.014404296875 175.956787109375 939.9754028320312 210.46815490722656 1.5464200973510742 1.6431704759597778 3.994860887527466 16.13480567932129 1.793196678161621 37.22297286987305 2.060253031471772 0.5442729592323303
Car -1 -1 -2.59 752.6288452148438 170.88572692871094 823.0890502929688 206.88905334472656 1.5137622356414795 1.6079050302505493 4.117569446563721 8.436184883117676 1.4834200739860535 33.793975830078125 -2.349664138092539 0.5267521142959595
Car -1 -1 1.73 881.9536743164062 175.57586669921875 933.3189086914062 212.01734924316406 1.6121045351028442 1.6475372314453125 3.928471565246582 13.258953094482422 1.7816769480705261 32.17129898071289 2.1190773772560725 0.45181819796562195
Car -1 -1 -0.52 948.2155151367188 173.3289031982422 972.65869140625 192.79904174804688 1.5254337787628174 1.6615750789642334 3.9896962642669678 30.45018196105957 1.6230576038360596 62.22731018066406 -0.06936273964607276 0.2895776033401489
Car -1 -1 -1.22 183.62136840820312 183.1756134033203 634.6327514648438 350.3606262207031 1.6018850803375244 1.491347074508667 4.63477087020874 -1.993677020072937 1.6361279487609863 5.364743709564209 -1.5780319979070754 0.25224006175994873
Car -1 -1 -1.24 82.32304382324219 198.82879638671875 548.6852874755859 386.1645202636719 1.652875304222107 1.4637690782546997 4.254763126373291 -2.1145830154418945 1.6431819796562195 5.14817476272583 -1.6327216414104884 0.2451547384262085
Car -1 -1 -2.48 99.99011993408203 114.78694915771484 694.743049621582 414.8672103881836 1.7653697729110718 1.5189166069030762 3.931915044784546 -1.9118425846099854 1.9789491295814514 4.972446918487549 -2.849969395235627 0.23226626217365265
Car -1 -1 -2.27 64.04130554199219 156.26123046875 683.1706390380859 388.5069885253906 1.6649600267410278 1.5281567573547363 4.154394149780273 -2.0520570278167725 1.9141423106193542 6.2294511795043945 -2.5926187653798394 0.23185379803180695
Car -1 -1 -0.89 304.2985534667969 167.2349853515625 590.0772094726562 373.4633483886719 1.5568815469741821 1.631639003753662 3.6983625888824463 -1.8102604150772095 1.6206294894218445 4.866866588592529 -1.248488631431794 0.20618295669555664
Car -1 -1 -1.6 1076.52783203125 203.7881317138672 1232.63232421875 351.21820068359375 1.4808775186538696 1.5791200399398804 3.3604183197021484 4.920668601989746 1.654162049293518 6.38132905960083 -0.9468384090003337 0.2043161243200302
Pedestrian -1 -1 2.62 1070.2264404296875 201.53758239746094 1246.5650634765625 372.5539245605469 1.588496208190918 0.622052013874054 0.6565030217170715 4.400501728057861 1.6793760061264038 5.8037519454956055 -3.01677250999942 0.2017795294523239
Car -1 -1 1.86 584.9588012695312 184.3429718017578 716.8092041015625 269.0982666015625 1.5301588773727417 1.5468107461929321 3.540757179260254 0.7779836654663086 1.6675969958305359 14.12102222442627 1.9187689465171713 0.19338101148605347
Car -1 -1 -0.38 32.556949615478516 135.29649353027344 545.6084022521973 391.6151580810547 1.7867751121520996 1.5600775480270386 4.093929767608643 -1.4134489297866821 1.9872490167617798 5.433808326721191 -0.6363095173184021 0.19010528922080994
Car -1 -1 -1.33 742.448974609375 174.00018310546875 826.2464599609375 227.62588500976562 1.479067087173462 1.6237179040908813 4.033697605133057 5.989710330963135 1.643743634223938 24.274690628051758 -1.0843896407759068 0.1884670853614807
Van -1 -1 -0.77 48.38841247558594 150.77345275878906 441.60716247558594 377.45452880859375 1.7119734287261963 1.5793174505233765 3.535839319229126 -2.377101182937622 1.6792091727256775 5.64096736907959 -1.1647727560556715 0.1865292638540268
Van -1 -1 -2.22 100.75995635986328 187.41957092285156 628.5469436645508 389.60968017578125 1.5741251707077026 1.791046142578125 5.106780052185059 -1.9190101623535156 1.619316279888153 6.6237711906433105 -2.5037696109967325 0.18061916530132294
Car -1 -1 0.03 251.48106384277344 137.89561462402344 711.4853973388672 359.6042175292969 1.7521318197250366 1.480728030204773 4.334575653076172 -1.6758928298950195 1.9674403071403503 6.696225643157959 -0.21697621419573743 0.17507179081439972
Car -1 -1 -1.67 -14.316781997680664 152.86546325683594 273.38637351989746 406.1002197265625 1.5202381610870361 1.7491819858551025 5.327475070953369 -2.51261568069458 1.5687777996063232 4.139639854431152 -2.2160555775793656 0.14471988379955292