Car -1 -1 -1.85 730.7892456054688 188.1691436767578 958.1272583007812 337.5809326171875 1.4178460836410522 1.594853401184082 3.7172117233276367 2.7461936473846436 1.676373541355133 9.323636054992676 -1.568285905053596 0.9035956859588623
Car -1 -1 1.71 484.5525817871094 181.29660034179688 556.48095703125 233.2673797607422 1.477204442024231 1.6745699644088745 4.3450751304626465 -2.8356683254241943 1.7770383954048157 23.58298683166504 1.587859245253064 0.8890769481658936
Car -1 -1 -1.35 350.4780578613281 188.5267333984375 509.455078125 300.31414794921875 1.412709355354309 1.609978437423706 3.9206533432006836 -2.686490297317505 1.7198424935340881 11.621335983276367 -1.5737986345785213 0.8846608996391296
Car -1 -1 -1.64 647.687255859375 176.75140380859375 691.822265625 211.21922302246094 1.4587526321411133 1.6073806285858154 3.847646713256836 2.6925241947174072 1.6749522686004639 33.065086364746094 -1.5578697296772237 0.8630653023719788
Car -1 -1 -1.79 697.3700561523438 165.47885131835938 838.819091796875 275.43231201171875 1.7939515113830566 1.6841304302215576 4.1243977546691895 2.810746908187866 1.687942385673523 13.88619613647461 -1.5872373471846348 0.8510568141937256
Car -1 -1 -2.22 851.5238037109375 207.92074584960938 1236.9736328125 372.6883544921875 1.4532784223556519 1.540825605392456 3.458698272705078 2.805699110031128 1.7084463834762573 4.292119979858398 -1.6414936145050918 0.8316856026649475
Car -1 -1 1.65 555.9771118164062 176.08016967773438 583.1621704101562 198.7451629638672 1.6061264276504517 1.6858410835266113 4.213525772094727 -3.0183608531951904 1.867057979106903 54.906829833984375 1.5990275197689634 0.8024906516075134
Car -1 -1 -1.6 637.928466796875 173.77857971191406 665.4884033203125 201.22750854492188 1.5936241149902344 1.5895893573760986 3.8752198219299316 2.652647018432617 1.7224379181861877 46.82954025268555 -1.5422501529487285 0.5539677143096924
Car -1 -1 -1.79 699.5225830078125 173.0938262939453 857.7047729492188 286.6318359375 1.5980730056762695 1.6505746841430664 3.888639450073242 2.7225306034088135 1.6684285402297974 13.672773361206055 -1.593365810072509 0.5024799108505249
Car -1 -1 -1.88 710.1942138671875 181.61769104003906 922.6742553710938 318.151611328125 1.5245295763015747 1.6511822938919067 3.714043617248535 2.5265772342681885 1.6150763630867004 9.934307098388672 -1.627408091613285 0.42989382147789
Car -1 -1 -1.55 639.1652221679688 175.15914916992188 670.4898681640625 202.4202423095703 1.6009441614151 1.5621013641357422 4.058252811431885 2.60479474067688 1.850444495677948 49.22859191894531 -1.492961266244917 0.3944670855998993
Van -1 -1 -1.78 697.6780395507812 162.1011199951172 840.2633056640625 276.4541015625 1.874454379081726 1.8118430376052856 4.3297038078308105 2.9447007179260254 1.7327603697776794 14.198047637939453 -1.5745545428977712 0.32846036553382874
Car -1 -1 -1.88 640.3167724609375 175.83396911621094 681.5035400390625 207.17198181152344 1.4874297380447388 1.5749889612197876 3.8245742321014404 2.8593671321868896 1.7393553853034973 41.948829650878906 -1.8148219127344483 0.2889373004436493
Car -1 -1 -1.84 749.7639770507812 198.439453125 1028.8599853515625 345.1523742675781 1.5169697999954224 1.6117267608642578 4.002651691436768 3.004403591156006 1.8588737845420837 9.829607009887695 -1.5420056588042899 0.24562151730060577
Car -1 -1 1.66 563.936279296875 177.02191162109375 587.1754150390625 196.97869873046875 1.5661605596542358 1.650498390197754 4.1182122230529785 -2.9943604469299316 1.8994937539100647 55.368350982666016 1.6034993859280995 0.22952815890312195
Car -1 -1 -1.59 636.13525390625 174.40199279785156 660.1685791015625 198.39529418945312 1.5790868997573853 1.5727360248565674 3.912862777709961 2.6790096759796143 1.7214351892471313 46.830989837646484 -1.5367246166295843 0.22045330703258514
Car -1 -1 -1.83 698.6209106445312 168.78297424316406 809.15625 267.70086669921875 1.5938798189163208 1.5340750217437744 3.590564012527466 2.8633944988250732 1.644546627998352 14.751176834106445 -1.6375722801861858 0.2005470097064972
Car -1 -1 -1.78 709.18359375 173.77552795410156 893.027587890625 298.4247131347656 1.5627847909927368 1.6289125680923462 3.6578469276428223 2.7300615310668945 1.662892758846283 10.871700286865234 -1.5331321139916163 0.1995783895254135
Car -1 -1 -1.87 709.3204345703125 188.9701385498047 880.1278686523438 316.12713623046875 1.46913743019104 1.530822515487671 3.6602072715759277 2.9059183597564697 1.8087471723556519 12.341246604919434 -1.638860237802664 0.1974027305841446
Van -1 -1 1.8 636.8242797851562 173.7820587158203 662.0137329101562 199.8112030029297 2.075824737548828 1.8624576330184937 4.832305908203125 2.812288999557495 2.0926737785339355 53.08673858642578 1.8539302176225219 0.1856193244457245
Car -1 -1 -1.66 646.8773803710938 173.7433624267578 682.8106689453125 205.79336547851562 1.3805696964263916 1.5338977575302124 3.6877102851867676 2.7629966735839844 1.6299657821655273 37.31044387817383 -1.5889589516041944 0.17556537687778473