Car -1 -1 1.81 308.26446533203125 188.2585906982422 472.19720458984375 305.615234375 1.505914330482483 1.6538864374160767 4.149466514587402 -3.473417043685913 1.815144956111908 12.022543907165527 1.5276269451612157 0.8892013430595398
Car -1 -1 1.72 468.66290283203125 185.10142517089844 528.376953125 227.266845703125 1.4034804105758667 1.5892868041992188 4.002117156982422 -4.1662445068359375 1.9108745455741882 27.17654037475586 1.5685242088862283 0.8751696944236755
Car -1 -1 -1.01 1.0665918588638306 203.0986328125 327.9152857065201 375.4443359375 1.520032286643982 1.528257131576538 3.3143205642700195 -3.508338212966919 1.7596749067306519 5.439603805541992 -1.5848807671614944 0.8525446653366089
Car -1 -1 1.63 528.383056640625 175.974365234375 554.3442993164062 198.59042358398438 1.6590375900268555 1.6812665462493896 4.327264785766602 -5.278552055358887 1.9291974306106567 55.96630859375 1.5404532689460186 0.6652500033378601
Car -1 -1 1.64 530.6775512695312 174.2378692626953 556.720458984375 197.11741638183594 1.6211459636688232 1.6932308673858643 4.275735378265381 -5.097163677215576 1.8290843963623047 54.777671813964844 1.5436198770966403 0.5652303695678711
Car -1 -1 1.69 481.3617858886719 181.524169921875 532.4916381835938 221.4899139404297 1.499954342842102 1.5992003679275513 3.913764238357544 -3.9588475227355957 1.8796095252037048 26.869062423706055 1.5454075565348253 0.5203551650047302
Car -1 -1 1.64 490.7008972167969 177.41275024414062 534.8309936523438 214.46151733398438 1.6557561159133911 1.6429340839385986 4.105738639831543 -4.639503002166748 1.8802888989448547 35.30685043334961 1.5069576588165097 0.4941040873527527
Car -1 -1 1.61 494.13555908203125 176.62364196777344 537.4493408203125 208.57421875 1.6729052066802979 1.6768343448638916 4.001392841339111 -4.604761600494385 1.8754487037658691 34.54949188232422 1.4822068188153068 0.21575793623924255
Car -1 -1 -1.05 25.736597061157227 199.0027618408203 277.020715713501 364.4423522949219 1.5424283742904663 1.527358055114746 3.4399030208587646 -3.672736167907715 1.7705149054527283 5.749880313873291 -1.6229416306268343 0.2113581746816635
Car -1 -1 -0.03 642.4984130859375 166.02719116210938 747.6131591796875 207.81289672851562 1.6108503341674805 1.664297103881836 4.032676696777344 3.5741002559661865 1.3632185459136963 31.53307342529297 0.078540067498448 0.1658034473657608
Car -1 -1 1.58 522.6244506835938 174.97959899902344 553.5027465820312 200.02720642089844 1.6748957633972168 1.6922698020935059 4.182271957397461 -5.396115779876709 1.952627182006836 56.502037048339844 1.4874424532133625 0.1466284990310669