Car -1 -1 -0.87 644.4688720703125 191.9971160888672 746.5501098632812 239.0392608642578 1.6238982677459717 1.6221662759780884 3.6863348484039307 3.05226731300354 2.2945022583007812 25.264217376708984 -0.7450612678322335 0.8562483191490173
Van -1 -1 -1.63 527.4131469726562 165.18667602539062 590.1358642578125 228.55894470214844 2.0912396907806396 1.881251335144043 4.823335647583008 -1.8961352109909058 1.8257407546043396 26.61212730407715 -1.7006897171690838 0.8428000211715698
Van -1 -1 1.62 426.9061584472656 158.27880859375 466.8373718261719 198.1367950439453 2.250098705291748 2.037153482437134 5.515778541564941 -10.272175788879395 1.420764446258545 45.27114486694336 1.3970234822581489 0.7635301947593689
Car -1 -1 2.2 1168.6031494140625 213.80885314941406 1238.177978515625 311.14544677734375 1.4930623769760132 1.6118112802505493 4.079322814941406 11.348481178283691 2.1278530955314636 11.337728500366211 2.989334707056292 0.7410102486610413
Car -1 -1 -1.57 527.8546752929688 165.64601135253906 592.112548828125 228.491943359375 1.8730627298355103 1.6848658323287964 3.9844698905944824 -1.609734058380127 1.6530097723007202 23.487266540527344 -1.6356654145929825 0.4837239980697632
Van -1 -1 2.17 1167.8089599609375 216.8443145751953 1239.6298828125 311.0826110839844 1.731613278388977 1.7195249795913696 4.36957311630249 12.7167329788208 2.5199418663978577 13.140573501586914 2.9377919693352954 0.4224158823490143
Car -1 -1 2.42 1155.234375 194.29171752929688 1250.237548828125 313.2099609375 1.589271903038025 1.5822193622589111 3.971562623977661 9.801761627197266 1.9524038434028625 9.233412742614746 -3.050897483343851 0.2908279597759247
Car -1 -1 2.34 1160.6119384765625 206.0276336669922 1244.762451171875 324.40625 1.453681468963623 1.5814146995544434 3.7630274295806885 11.015440940856934 2.1864699125289917 10.739431381225586 3.1384549127439456 0.24116581678390503
Truck -1 -1 2.39 429.64056396484375 158.11505126953125 468.0118713378906 198.06581115722656 3.0833520889282227 2.425473213195801 7.899498462677002 -10.517346382141113 1.7402720153331757 48.141357421875 2.176084978211178 0.22757065296173096
Car -1 -1 1.58 427.3736267089844 158.93785095214844 466.909912109375 198.0535430908203 2.0952677726745605 1.8362364768981934 4.399433135986328 -9.422750473022461 1.3771097362041473 41.8643684387207 1.3553545526264088 0.22451834380626678
Car -1 -1 2.39 1167.4976806640625 198.4863739013672 1247.77001953125 291.2501525878906 1.556372880935669 1.525219202041626 3.717440128326416 7.897563457489014 1.6674154996871948 7.842288017272949 -3.1062791562240113 0.21455977857112885
Car -1 -1 2.3 1167.239013671875 217.0913543701172 1224.18994140625 303.90374755859375 1.4878175258636475 1.5701960325241089 4.07676887512207 12.408145904541016 2.3534528017044067 12.46927261352539 3.0851701029534393 0.20575353503227234
Van -1 -1 2.05 1175.0010986328125 219.35951232910156 1233.77392578125 304.8368225097656 1.8484790325164795 1.7677608728408813 4.577759742736816 12.514691352844238 2.4778528213500977 12.94459056854248 2.8167790385367306 0.2028319090604782
Car -1 -1 2.32 1159.521240234375 199.65228271484375 1234.6063232421875 299.3607177734375 1.5703825950622559 1.5690358877182007 3.9571869373321533 10.650456428527832 2.0109463930130005 10.04030704498291 3.1371607677597027 0.19220471382141113
Van -1 -1 2.24 1167.6929931640625 221.91220092773438 1224.8995361328125 303.1991271972656 1.7408745288848877 1.6992697715759277 4.386943817138672 13.936365127563477 2.6191986799240112 14.365108489990234 3.0119879560556733 0.1843658685684204
Car -1 -1 2.27 1177.958251953125 226.81639099121094 1240.76708984375 317.3450622558594 1.5162889957427979 1.538182258605957 3.8215701580047607 9.774145126342773 2.127219796180725 9.742656707763672 3.0526626809995028 0.1793266087770462