Pedestrian -1 -1 2.0 285.1354675292969 163.42990112304688 386.3261413574219 365.01214599609375 1.7431730031967163 0.620891273021698 0.6119233965873718 -1.9730679988861084 1.5771735310554504 5.369450569152832 1.6520472877805812 0.8215811252593994
Car -1 -1 1.64 552.9972534179688 171.36553955078125 587.4237060546875 200.81471252441406 1.5342073440551758 1.6652928590774536 4.418797016143799 -1.7111613750457764 0.9901912659406662 41.428653717041016 1.5975619021534628 0.8014330267906189
Pedestrian -1 -1 1.84 637.7490844726562 161.9237060546875 669.8233032226562 249.1765594482422 1.7358794212341309 0.7298267483711243 0.96091628074646 1.0745623111724854 1.3652255535125732 15.128677368164062 1.9059297876348884 0.7764244675636292
Pedestrian -1 -1 1.79 675.1412963867188 163.23895263671875 708.1207885742188 248.42196655273438 1.7675641775131226 0.6611878871917725 0.8923114538192749 1.8784211874008179 1.3439982235431671 14.844645500183105 1.9130688132770874 0.7252453565597534
Pedestrian -1 -1 1.24 143.83895874023438 173.17266845703125 349.8478698730469 371.257080078125 1.698334813117981 0.6552198529243469 0.6574158072471619 -1.949888825416565 1.5996248126029968 3.9300341606140137 0.775028034499365 0.6989436149597168
Pedestrian -1 -1 2.01 465.921630859375 169.04800415039062 484.5557861328125 225.07814025878906 1.6571789979934692 0.5832329392433167 0.4809257686138153 -3.56315541267395 1.2936050295829773 20.994089126586914 1.8431907036829278 0.6512580513954163
Pedestrian -1 -1 1.29 143.661865234375 158.56497192382812 305.8515319824219 373.1802978515625 1.6510564088821411 0.6361534595489502 0.6403204202651978 -2.0267956256866455 1.5195950865745544 3.9131813049316406 0.814324402520481 0.6506901383399963
Pedestrian -1 -1 2.61 617.6732788085938 163.48558044433594 643.2974243164062 223.42013549804688 1.7814924716949463 0.6742104887962341 0.7873925566673279 0.8039407730102539 1.1945796310901642 21.607587814331055 2.642848036449955 0.6345088481903076
Pedestrian -1 -1 -0.07 51.762428283691406 187.21322631835938 176.1646728515625 376.72540283203125 1.6058682203292847 0.6472341418266296 0.3901393413543701 -2.794426202774048 1.648146152496338 4.146770000457764 -0.6647916554956765 0.6323870420455933
Pedestrian -1 -1 1.06 280.898193359375 167.6108856201172 319.7344970703125 267.75018310546875 1.7171164751052856 0.5964791774749756 0.3875678777694702 -5.532491207122803 1.4512797594070435 13.121322631835938 0.6578632322979292 0.5827701091766357
Pedestrian -1 -1 1.4 751.1815185546875 152.60707092285156 777.6332397460938 230.5640106201172 1.8958494663238525 0.6592769026756287 0.5835472941398621 4.248100280761719 1.19513601064682 18.699607849121094 1.626217610056659 0.577743411064148
Pedestrian -1 -1 1.91 210.62367248535156 164.8667755126953 347.4883117675781 364.3070068359375 1.658151626586914 0.6306712627410889 0.5580307245254517 -1.9176294803619385 1.5845459699630737 4.308038234710693 1.4921900432434274 0.5773301124572754
Pedestrian -1 -1 1.65 706.0040893554688 165.35411071777344 731.9365234375 236.7566680908203 1.586957335472107 0.5939251184463501 0.7441814541816711 2.7390544414520264 1.225192129611969 16.678314208984375 1.812924791393006 0.5713605880737305
Pedestrian -1 -1 1.56 450.2509460449219 166.0408172607422 470.3537292480469 226.78411865234375 1.6629704236984253 0.5801572203636169 0.4577660858631134 -3.895686388015747 1.2658215165138245 20.243619918823242 1.3717450453964846 0.5563424825668335
Pedestrian -1 -1 1.82 247.09036254882812 163.63467407226562 370.48187255859375 361.69366455078125 1.683416485786438 0.5841835141181946 0.5856095552444458 -1.8428375720977783 1.6043365597724915 4.754446029663086 1.4462637815705497 0.5531435608863831
Pedestrian -1 -1 1.6 720.4164428710938 158.9252166748047 744.8232421875 228.01150512695312 1.8078051805496216 0.6682665348052979 0.7359026074409485 3.5118565559387207 1.2058570086956024 18.860836029052734 1.7798815787240096 0.5291982889175415
Pedestrian -1 -1 1.89 670.7272338867188 164.58718872070312 702.818359375 244.1438751220703 1.7346876859664917 0.7279096841812134 0.8108110427856445 1.8728930950164795 1.3350147604942322 16.228944778442383 2.002512807781301 0.5156552791595459
Pedestrian -1 -1 1.37 183.9441680908203 159.03904724121094 319.2589111328125 376.2864990234375 1.650445580482483 0.6106403470039368 0.619260847568512 -2.008528232574463 1.5467484593391418 4.245365142822266 0.9255806085222735 0.5043199062347412
Pedestrian -1 -1 1.59 710.1943359375 162.8959197998047 735.5379028320312 233.5303497314453 1.7655627727508545 0.6736662983894348 0.7947550415992737 2.9083728790283203 1.2641421258449554 17.589982986450195 1.7563904201598595 0.5041157007217407
Pedestrian -1 -1 1.68 748.95654296875 149.97572326660156 781.242919921875 239.3988494873047 1.8862577676773071 0.6829016208648682 0.6519570350646973 4.206583023071289 1.191286101937294 18.4831600189209 1.9006143945016039 0.4952063262462616
Pedestrian -1 -1 2.05 448.4508056640625 168.32260131835938 466.99774169921875 223.45338439941406 1.6171605587005615 0.592340350151062 0.4887792468070984 -4.000988960266113 1.265428364276886 20.351444244384766 1.851608601309291 0.47621288895606995
Pedestrian -1 -1 1.65 459.8647155761719 167.01791381835938 482.64764404296875 225.3204345703125 1.6572535037994385 0.5853762030601501 0.44725871086120605 -3.638911724090576 1.2725069224834442 20.694564819335938 1.475442938088646 0.4678681492805481
Pedestrian -1 -1 1.41 714.4547729492188 159.0222625732422 738.1499633789062 236.48948669433594 1.7831298112869263 0.665256917476654 0.6366839408874512 3.0096704959869385 1.2721265256404877 17.121187210083008 1.5817877578618473 0.46128350496292114
Pedestrian -1 -1 2.01 268.7488708496094 164.542724609375 357.1299743652344 352.8907775878906 1.6911784410476685 0.6254884600639343 0.674695611000061 -2.056861639022827 1.54134601354599 5.280325412750244 1.6356276954322357 0.45421427488327026
Pedestrian -1 -1 1.58 725.1201782226562 157.96766662597656 747.40380859375 229.66629028320312 1.8201100826263428 0.6806566715240479 0.7410727143287659 3.4967997074127197 1.2176854610443115 18.61022186279297 1.7656092594450348 0.4342932403087616
Pedestrian -1 -1 1.66 717.607177734375 157.71385192871094 741.38134765625 233.89988708496094 1.802655577659607 0.6630207300186157 0.7127100229263306 3.260852813720703 1.2615529596805573 18.077190399169922 1.834222664937153 0.42721331119537354
Cyclist -1 -1 0.77 824.3258666992188 177.4176788330078 1195.5810546875 371.501953125 1.606951117515564 0.6793383359909058 1.828810214996338 3.001823663711548 1.5707715153694153 4.736984729766846 1.339070679950634 0.4214162826538086
Pedestrian -1 -1 1.59 454.3395080566406 165.91909790039062 476.5448303222656 225.9390106201172 1.662132978439331 0.5777961611747742 0.4579593241214752 -3.7726552486419678 1.2752574980258942 20.604076385498047 1.4095776911711084 0.41525721549987793
Pedestrian -1 -1 1.04 272.9989929199219 172.0987548828125 317.3412170410156 279.5885925292969 1.6348270177841187 0.5965454578399658 0.5798686146736145 -5.634467601776123 1.5484672784805298 13.295313835144043 0.6424288899469079 0.4150107502937317
Pedestrian -1 -1 1.9 666.594482421875 165.40867614746094 696.0349731445312 242.67721557617188 1.7093497514724731 0.6606294512748718 0.8336129784584045 1.8086986541748047 1.3481881022453308 16.792978286743164 2.0097818482523166 0.40589097142219543
Pedestrian -1 -1 1.76 702.2467651367188 165.67446899414062 728.4169311523438 234.9202880859375 1.7238277196884155 0.6284769773483276 0.7822929620742798 2.7802867889404297 1.287925809621811 17.758047103881836 1.9131587810878123 0.40180912613868713
Pedestrian -1 -1 2.43 36.08607482910156 183.4142303466797 206.75692749023438 375.0340576171875 1.549131155014038 0.651410698890686 0.47402921319007874 -2.6421308517456055 1.56189626455307 3.8941476345062256 1.8358889220127477 0.3963451385498047
Car -1 -1 -0.58 803.6790771484375 193.43104553222656 1162.7591552734375 369.53973388671875 1.4473025798797607 1.4419090747833252 3.193753480911255 4.02913761138916 1.6867090463638306 5.331688404083252 0.06431271555252316 0.38767340779304504
Pedestrian -1 -1 1.74 747.4783935546875 153.62310791015625 786.5311279296875 250.1151580810547 1.934092402458191 0.7395036816596985 0.7275053262710571 3.9743311405181885 1.2630327641963959 17.35664176940918 1.969879816188258 0.38622063398361206
Cyclist -1 -1 1.03 855.4702758789062 186.28521728515625 1138.7025146484375 370.3937072753906 1.5677754878997803 0.5669141411781311 1.6454858779907227 2.647005796432495 1.5936524868011475 4.6923041343688965 1.5423598201890192 0.3752375841140747
Pedestrian -1 -1 1.74 748.0836791992188 154.44268798828125 795.8927612304688 262.57977294921875 1.8787249326705933 0.7189303040504456 0.7052967548370361 3.9921061992645264 1.3172124028205872 16.993038177490234 1.969312741216946 0.3738059103488922
Pedestrian -1 -1 1.33 218.2712860107422 152.91700744628906 380.6305236816406 360.9566955566406 1.7296528816223145 0.6273480653762817 0.6911190748214722 -1.8956348896026611 1.6099974513053894 4.9269280433654785 0.9596414855455144 0.36633121967315674
Pedestrian -1 -1 0.37 101.49763488769531 146.85385131835938 348.4716796875 378.4177551269531 1.733489751815796 0.6134496331214905 0.7342633008956909 -2.240393877029419 1.4891524910926819 4.774348735809326 -0.07160563266955222 0.36522382497787476
Pedestrian -1 -1 0.34 121.44682312011719 169.16244506835938 271.0797424316406 374.3634338378906 1.5319743156433105 0.5892678499221802 0.5323418378829956 -2.226548671722412 1.5629034042358398 3.9585793018341064 -0.1678024159815963 0.3644371032714844
Pedestrian -1 -1 1.42 238.48727416992188 167.37081909179688 342.0153503417969 348.5953369140625 1.6446118354797363 0.6307981610298157 0.6573982238769531 -2.0464491844177246 1.4976962804794312 4.804960250854492 1.0218403514593177 0.3642426133155823
Cyclist -1 -1 -1.68 744.8717041015625 155.53262329101562 791.8729248046875 259.0306091308594 1.6422606706619263 0.5482044816017151 1.592063307762146 2.770906686782837 1.2833955883979797 11.90450668334961 -1.453119943358912 0.36012759804725647
Pedestrian -1 -1 1.4 685.7357177734375 160.80599975585938 718.3207397460938 244.0512237548828 1.7325912714004517 0.6501868963241577 0.7858214378356934 2.334010124206543 1.2913228273391724 15.94245433807373 1.547712027121304 0.3591688573360443
Pedestrian -1 -1 1.77 632.8599243164062 160.31378173828125 666.9082641601562 245.15147399902344 1.6898185014724731 0.6661988496780396 0.9046754837036133 1.00949227809906 1.258214384317398 14.33506965637207 1.841129067027441 0.35903334617614746
Cyclist -1 -1 -1.7 748.5330810546875 163.9859619140625 802.6133422851562 266.3267822265625 1.6560763120651245 0.5398821234703064 1.6265933513641357 3.0317437648773193 1.3916927576065063 12.272235870361328 -1.4622658452350557 0.35885491967201233
Pedestrian -1 -1 2.07 619.9378662109375 162.34339904785156 647.9805297851562 230.68316650390625 1.7199221849441528 0.6731905341148376 0.8211397528648376 0.9643234610557556 1.240667998790741 20.768821716308594 2.1148232711606676 0.3576400578022003
Pedestrian -1 -1 1.37 624.4816284179688 162.13475036621094 653.967529296875 235.50961303710938 1.8300615549087524 0.713564395904541 0.9353328347206116 1.016929268836975 1.314266949892044 19.623275756835938 1.4180204714878677 0.3472127914428711
Pedestrian -1 -1 1.53 112.27323913574219 142.5499267578125 294.44921875 378.7444763183594 1.6047064065933228 0.5799843072891235 0.7101103663444519 -2.1213982105255127 1.5198121666908264 4.000064373016357 1.0381451679643057 0.34421610832214355
Pedestrian -1 -1 0.27 68.69949340820312 178.1473388671875 224.57408142089844 374.2634582519531 1.522395133972168 0.5551970601081848 0.5002792477607727 -2.467156171798706 1.561964750289917 3.948948860168457 -0.28778366430798563 0.34392237663269043
Pedestrian -1 -1 -0.71 824.3258666992188 177.4176788330078 1195.5810546875 371.501953125 1.6969820261001587 0.5678433775901794 0.6807858943939209 2.5432894229888916 1.5496643781661987 4.407477855682373 -0.18670231765722312 0.3437707722187042
Pedestrian -1 -1 1.52 652.8657836914062 164.12820434570312 681.5460205078125 244.160400390625 1.7607520818710327 0.6989239454269409 1.0382975339889526 1.4094420671463013 1.3625157177448273 15.698628425598145 1.6124313294117334 0.33964183926582336
Pedestrian -1 -1 2.45 307.96343994140625 164.59339904785156 392.2088928222656 360.0733642578125 1.6047000885009766 0.622412919998169 0.7364410758018494 -1.8965239524841309 1.435807228088379 5.103757381439209 2.092414835195938 0.33831602334976196
Pedestrian -1 -1 0.95 100.86091613769531 185.1713104248047 325.186767578125 366.89251708984375 1.7321765422821045 0.6708521842956543 0.6987094283103943 -2.016831159591675 1.6677868366241455 3.906447410583496 0.4750815145886893 0.33046025037765503
Pedestrian -1 -1 1.35 629.70751953125 160.96176147460938 661.0609130859375 242.43441772460938 1.7639548778533936 0.6928415298461914 0.9595908522605896 1.0323399305343628 1.3239129185676575 16.28643226623535 1.4138316592997562 0.3304421305656433
Pedestrian -1 -1 1.74 640.5574340820312 163.3993377685547 668.2575073242188 233.1297149658203 1.738845944404602 0.7457866072654724 0.8942574262619019 1.1418797969818115 1.273927479982376 16.32555389404297 1.809792935504582 0.3218649923801422
Cyclist -1 -1 1.03 873.650390625 141.49740600585938 1217.9534912109375 374.239990234375 1.7387751340866089 0.6282253861427307 1.8006086349487305 2.7640504837036133 1.4560792446136475 3.8269824981689453 1.6603883343601096 0.3192960023880005
Pedestrian -1 -1 1.59 747.8872680664062 153.42706298828125 773.53857421875 229.42709350585938 1.825756549835205 0.6612686514854431 0.6247242093086243 4.045774936676025 1.1779227554798126 18.341745376586914 1.802673322986566 0.3178327977657318
Pedestrian -1 -1 2.02 281.1199035644531 155.4615020751953 370.7868957519531 353.707763671875 1.6628165245056152 0.6640670895576477 0.7123540639877319 -1.9593008756637573 1.4764407873153687 5.244223117828369 1.6582018669611198 0.3136439919471741
Cyclist -1 -1 1.9 776.2529907226562 175.8834686279297 1008.6593017578125 359.45941162109375 1.6376069784164429 0.6452434062957764 1.6790575981140137 2.5007400512695312 1.6024399399757385 6.342238426208496 2.280551391562592 0.31185412406921387
Pedestrian -1 -1 1.87 680.556884765625 161.44827270507812 711.6934204101562 239.5414581298828 1.7142417430877686 0.6871845722198486 0.8890417814254761 1.9601949453353882 1.268890380859375 14.947774887084961 2.0047459735455995 0.306163489818573
Pedestrian -1 -1 1.64 697.92529296875 167.86412048339844 725.6675415039062 237.37277221679688 1.7079969644546509 0.6206700801849365 0.8021531701087952 2.6337196826934814 1.3280047178268433 17.18986701965332 1.7941882658636557 0.3030228018760681
Pedestrian -1 -1 1.35 692.518798828125 160.5095672607422 723.0908203125 240.9157257080078 1.791439414024353 0.6654615998268127 0.8391804695129395 2.574608325958252 1.2989952564239502 16.606815338134766 1.5007530290103848 0.30003753304481506
Pedestrian -1 -1 1.77 739.8963012695312 152.40199279785156 771.3267822265625 240.8450469970703 1.7786067724227905 0.7046675086021423 0.6235339045524597 3.8512985706329346 1.2029318809509277 18.578306198120117 1.97740982014777 0.299683153629303
Car -1 -1 -0.87 846.807373046875 159.57508850097656 1208.376220703125 373.0506591796875 1.6351487636566162 1.5732265710830688 3.638731002807617 4.186521530151367 1.7395548224449158 5.170779228210449 -0.1939647218937086 0.29655539989471436
Pedestrian -1 -1 1.68 9.228107452392578 176.8513641357422 188.27435684204102 379.28448486328125 1.6043857336044312 0.6906070709228516 0.5307936668395996 -2.5893187522888184 1.488572895526886 3.63423490524292 1.0566203214180163 0.29611945152282715
Cyclist -1 -1 -1.77 132.1595916748047 135.7810821533203 371.08941650390625 378.68701171875 1.7405352592468262 0.5853605270385742 1.7046055793762207 -2.2651076316833496 1.4980401992797852 4.936217308044434 -2.1955361016882353 0.29525065422058105
Pedestrian -1 -1 1.77 735.5202026367188 156.0180206298828 768.1478271484375 233.82595825195312 1.8707507848739624 0.6717513203620911 0.6995584964752197 3.821866035461426 1.2212544679641724 18.7647647857666 1.9659998123280653 0.294540137052536
Pedestrian -1 -1 1.78 204.18634033203125 178.62710571289062 324.81683349609375 370.2397766113281 1.4539368152618408 0.577454149723053 0.5751004815101624 -1.769497275352478 1.4423012137413025 3.9367527961730957 1.3609702426707875 0.29447421431541443
Pedestrian -1 -1 2.0 263.5552062988281 152.3704376220703 341.7446594238281 341.82452392578125 1.7640882730484009 0.7084777355194092 0.7232862114906311 -2.090219259262085 1.464231014251709 5.085224151611328 1.6072934298858854 0.2917649745941162
Truck -1 -1 2.65 914.3380126953125 86.85015869140625 1236.324462890625 377.9061584472656 3.175554037094116 2.5287303924560547 6.715217113494873 3.2486562728881836 1.7432466000318527 3.3670969009399414 -2.8633500992888568 0.28962188959121704
Pedestrian -1 -1 1.02 127.2247085571289 186.88800048828125 300.91809844970703 356.02099609375 1.6157206296920776 0.6024300456047058 0.5401039719581604 -2.139246702194214 1.5837454795837402 3.9013025760650635 0.5165401585061424 0.2872169315814972
Pedestrian -1 -1 1.76 743.4122314453125 157.69090270996094 765.6602172851562 229.7078094482422 1.7199256420135498 0.6109744310379028 0.6780223250389099 3.8366665840148926 1.1628673672676086 18.309078216552734 1.9640383070073986 0.2867545783519745
Pedestrian -1 -1 0.26 154.61045837402344 182.77330017089844 283.08563232421875 368.6146545410156 1.4231915473937988 0.5822242498397827 0.4762272834777832 -2.115399122238159 1.4721902012825012 4.051219463348389 -0.22487883462634262 0.2865670919418335
Cyclist -1 -1 -1.51 672.0673217773438 162.47508239746094 707.8818969726562 248.47576904296875 1.7029454708099365 0.5399218797683716 1.6993341445922852 1.879095196723938 1.2841348946094513 14.958253860473633 -1.380047467419824 0.2852202355861664
Cyclist -1 -1 -0.14 75.44630432128906 153.92892456054688 330.3663024902344 375.9847717285156 1.7423251867294312 0.6987970471382141 1.745378017425537 -2.4727466106414795 1.5723215341567993 4.999029159545898 -0.6036905276785496 0.28516721725463867
Pedestrian -1 -1 1.85 738.8052368164062 155.01502990722656 764.2280883789062 227.8544158935547 1.8524388074874878 0.6494499444961548 0.6178498268127441 3.863927125930786 1.211935669183731 18.82929229736328 2.0540026858260134 0.27967050671577454
Pedestrian -1 -1 0.72 176.84011840820312 145.75877380371094 395.0986328125 368.8480224609375 1.7030420303344727 0.5626421570777893 0.6670700907707214 -1.9839650392532349 1.4406206011772156 5.168614864349365 0.3508471659427279 0.2791321873664856
Cyclist -1 -1 -1.82 747.994384765625 166.2396240234375 812.2156982421875 277.08740234375 1.6774177551269531 0.5733598470687866 1.674871563911438 2.788841485977173 1.434055209159851 11.314269065856934 -1.5790813160809574 0.277393639087677
Pedestrian -1 -1 0.7 263.0310974121094 181.2315673828125 324.7370910644531 298.9829406738281 1.516516089439392 0.5944055914878845 0.6794527769088745 -4.632181167602539 1.5728291273117065 10.94538688659668 0.299018291489503 0.2762428820133209
Truck -1 -1 -2.94 869.1005859375 114.9457015991211 1212.173095703125 380.69127655029297 3.080615282058716 2.4355356693267822 6.756521701812744 3.417330503463745 1.7312352508306503 4.2310709953308105 -2.256266484356921 0.2755385935306549
Pedestrian -1 -1 1.79 727.517822265625 156.11590576171875 750.3514404296875 226.97219848632812 1.7526311874389648 0.6231557726860046 0.6585001945495605 3.630662441253662 1.1577483713626862 18.78141975402832 1.9819408517094352 0.2709181606769562
Cyclist -1 -1 1.09 784.9803466796875 195.4910430908203 1164.9119873046875 364.39910888671875 1.6513571739196777 0.586697518825531 1.6805708408355713 2.60933256149292 1.5668371319770813 4.678023338317871 1.6013521146060716 0.2677195966243744
Cyclist -1 -1 0.29 277.88177490234375 168.0108184814453 316.6037902832031 266.0211181640625 1.6089550256729126 0.617705762386322 1.6027010679244995 -5.819052696228027 1.3807790875434875 13.951546669006348 -0.10314988732615227 0.26731306314468384
Pedestrian -1 -1 1.69 70.02127075195312 155.83187866210938 251.45742797851562 370.742431640625 1.6755086183547974 0.5953009724617004 0.690681517124176 -2.1726808547973633 1.5666311383247375 3.7933390140533447 1.1671937562915895 0.26043182611465454
Cyclist -1 -1 -1.85 744.1138305664062 155.59283447265625 784.9606323242188 247.61492919921875 1.7439333200454712 0.606186032295227 1.7276532649993896 3.570478916168213 1.2881967425346375 16.361661911010742 -1.6340315523378655 0.2599819302558899
Pedestrian -1 -1 1.74 713.6168823242188 157.20420837402344 745.0824584960938 237.1180419921875 1.7960277795791626 0.6827428340911865 0.6698725819587708 3.3514678478240967 1.2508249282836914 18.18778419494629 1.9233786412434473 0.2575184404850006
Cyclist -1 -1 -1.79 180.39547729492188 143.7661590576172 385.2880859375 376.1917419433594 1.7118606567382812 0.5818525552749634 1.7105498313903809 -2.1533806324005127 1.4987069368362427 5.185609817504883 -2.188144317231801 0.25320377945899963
Pedestrian -1 -1 -0.11 99.5654296875 186.52720642089844 255.44638061523438 366.285888671875 1.5187115669250488 0.5995652079582214 0.5386516451835632 -2.2415618896484375 1.526215374469757 3.9849534034729004 -0.6262643350802457 0.2500620186328888
Truck -1 -1 2.44 974.6625366210938 60.68748092651367 1239.103271484375 366.7711296081543 3.156449794769287 2.405322790145874 6.784783840179443 3.0961782932281494 1.6595122888684273 2.910640239715576 -3.028071946234272 0.24943888187408447
Pedestrian -1 -1 1.8 664.4097290039062 162.39675903320312 692.4435424804688 238.0581512451172 1.7906029224395752 0.6633936166763306 0.9194567799568176 1.6458933353424072 1.345145732164383 15.983850479125977 1.9000924742162706 0.24583746492862701
Pedestrian -1 -1 1.61 278.6514892578125 164.751220703125 310.74822998046875 285.3014831542969 1.6928435564041138 0.6289283037185669 0.5366148352622986 -4.246244430541992 1.4047045707702637 10.137921333312988 1.2106155207277212 0.245326966047287
Pedestrian -1 -1 1.17 248.96591186523438 167.55108642578125 325.9165954589844 350.5350341796875 1.6212538480758667 0.6411872506141663 0.6556340456008911 -2.2004566192626953 1.4739485383033752 5.040811538696289 0.7535917542108699 0.24459657073020935
Pedestrian -1 -1 0.8 35.30485534667969 189.17007446289062 147.91343688964844 369.71649169921875 1.6339577436447144 0.6277064085006714 0.41285577416419983 -2.837590217590332 1.6671836972236633 4.033141613006592 0.18403073059420283 0.24139441549777985
Pedestrian -1 -1 1.58 737.6041259765625 156.2612762451172 759.3619384765625 231.8489532470703 1.7708549499511719 0.630466639995575 0.6651529669761658 3.6792221069335938 1.2015132009983063 18.350027084350586 1.7802994711253701 0.24042685329914093
Pedestrian -1 -1 -0.22 873.650390625 141.49740600585938 1217.9534912109375 374.239990234375 1.9358981847763062 0.5795420408248901 0.8847005367279053 2.687429189682007 1.59575754404068 4.0119242668151855 0.36927564616000197 0.24011027812957764
Pedestrian -1 -1 -1.03 789.00439453125 196.87059020996094 1101.3380126953125 360.3505554199219 1.5612871646881104 0.5173686146736145 0.7137341499328613 2.063772678375244 1.4644875526428223 4.278735160827637 -0.577944027144671 0.2381061315536499
Pedestrian -1 -1 1.79 748.4559326171875 160.55438232421875 810.033203125 271.8038024902344 1.7530627250671387 0.6425779461860657 0.7350486516952515 2.884692907333374 1.401246428489685 11.568537712097168 2.032483026057097 0.23601870238780975
Pedestrian -1 -1 1.46 275.1948547363281 167.95761108398438 329.994140625 275.6258850097656 1.651991844177246 0.6025387644767761 0.5561130046844482 -5.298973083496094 1.456697702407837 12.82043170928955 1.0687640610982179 0.23479007184505463
Car -1 -1 -0.67 777.0626220703125 200.5395050048828 1108.3731689453125 365.2877197265625 1.3953297138214111 1.4350162744522095 3.0704586505889893 3.7030510902404785 1.6797654628753662 5.5804290771484375 -0.0862706824441628 0.23422060906887054
Cyclist -1 -1 2.48 445.9974670410156 167.7335662841797 469.6698303222656 229.60133361816406 1.6151268482208252 0.5675141215324402 1.630036473274231 -4.054776668548584 1.2596655189990997 20.707279205322266 2.283581762749379 0.2341221123933792
Pedestrian -1 -1 1.72 627.3803100585938 163.4476776123047 655.673828125 225.8065948486328 1.7530977725982666 0.659225583076477 0.8698281645774841 1.0961719751358032 1.2154605984687805 20.267169952392578 1.7717408467882558 0.23292867839336395
Pedestrian -1 -1 1.79 642.5730590820312 160.14222717285156 676.406005859375 241.2456817626953 1.7756727933883667 0.7011184692382812 0.8423252701759338 1.27753746509552 1.2980120778083801 15.090182304382324 1.8759721100027962 0.23183773458003998
Pedestrian -1 -1 1.09 268.0597839355469 179.88002014160156 335.75439453125 303.2173767089844 1.571959376335144 0.5814495086669922 0.6964616179466248 -4.285763740539551 1.5660918951034546 10.36390209197998 0.6980562048011123 0.23120710253715515
Pedestrian -1 -1 -0.02 44.9429817199707 154.9152374267578 297.08191299438477 375.9458312988281 1.68788743019104 0.5788195133209229 0.7698862552642822 -2.6888606548309326 1.5213077068328857 4.581854343414307 -0.548055410751298 0.23087596893310547
Cyclist -1 -1 -0.25 267.4176025390625 168.15472412109375 333.7823181152344 261.5858459472656 1.5812089443206787 0.5619171857833862 1.5458197593688965 -5.379260063171387 1.3213371634483337 13.036758422851562 -0.6451137769702253 0.23017457127571106
Van -1 -1 -1.48 55.979923248291016 113.538330078125 316.2663917541504 386.62127685546875 1.9042274951934814 1.7256666421890259 4.400541305541992 -3.20478892326355 1.582198679447174 5.322634220123291 -2.024283955855026 0.22608493268489838
Pedestrian -1 -1 1.39 264.2931213378906 160.1652374267578 396.0161437988281 362.6330261230469 1.693834900856018 0.6158866286277771 0.7529699206352234 -2.020261526107788 1.4790322184562683 5.410554885864258 1.0320533828272414 0.225823312997818
Pedestrian -1 -1 1.35 286.2882995605469 157.61680603027344 325.43780517578125 293.28863525390625 1.7195234298706055 0.7075963616371155 0.638691246509552 -4.190854072570801 1.4717509150505066 10.301309585571289 0.964362794152466 0.22547608613967896
Pedestrian -1 -1 2.47 348.563720703125 174.4123077392578 409.8787536621094 342.63043212890625 1.5923882722854614 0.6001677513122559 0.7165098786354065 -2.023355484008789 1.5275188088417053 6.416957855224609 2.1617086158164494 0.22514046728610992
Pedestrian -1 -1 -2.82 1015.7286987304688 160.7414093017578 1089.20849609375 279.3694763183594 1.6741687059402466 0.6041054725646973 0.42315125465393066 6.222625732421875 1.3227691352367401 9.743247032165527 -2.2563250709275184 0.22475041449069977
Pedestrian -1 -1 1.05 252.36871337890625 162.78933715820312 338.7196044921875 327.48809814453125 1.7469511032104492 0.7072207927703857 0.7306419014930725 -2.547553777694702 1.51350998878479 6.027912139892578 0.6531741866297516 0.22328898310661316
Truck -1 -1 -2.97 836.5521240234375 145.29054260253906 1174.9947509765625 374.6473388671875 3.0110554695129395 2.291438579559326 6.768237113952637 3.9679393768310547 1.7417081743478775 5.850266933441162 -2.3713719371821798 0.22306610643863678
Cyclist -1 -1 -1.65 637.595947265625 161.20654296875 670.5759887695312 249.32090759277344 1.716067910194397 0.5278699994087219 1.7096136808395386 1.0953973531723022 1.2956255376338959 15.042594909667969 -1.5816995326966854 0.22175240516662598
Pedestrian -1 -1 0.88 31.82357406616211 196.85153198242188 272.21108627319336 370.11004638671875 1.70229971408844 0.6716100573539734 0.6763546466827393 -2.1387035846710205 1.65262371301651 3.7459025382995605 0.3610633559043728 0.22169369459152222
Pedestrian -1 -1 1.76 282.2024841308594 157.2169647216797 345.5476989746094 336.0400695800781 1.7884447574615479 0.652776837348938 0.6749634742736816 -2.241522789001465 1.4677008986473083 5.718413352966309 1.384713113145498 0.22000619769096375
Pedestrian -1 -1 1.25 273.3738708496094 157.77659606933594 329.9337158203125 328.0141906738281 1.8384616374969482 0.6832349300384521 0.6809580326080322 -2.9682271480560303 1.5298949480056763 7.202077865600586 0.8607445224044525 0.2195153683423996
Van -1 -1 -1.58 57.347660064697266 84.92581939697266 293.809024810791 345.93323516845703 2.01200795173645 1.8997313976287842 4.6620917320251465 -3.209643602371216 1.492826759815216 5.037646293640137 -2.1449210391060856 0.2186746746301651
Pedestrian -1 -1 2.51 322.8315734863281 169.62086486816406 400.89483642578125 352.1428527832031 1.629604697227478 0.6285898089408875 0.7385061979293823 -1.8169115781784058 1.4501630663871765 5.235237121582031 2.1758001858019416 0.2167627513408661
Pedestrian -1 -1 1.53 713.23193359375 159.73556518554688 734.7568359375 222.64434814453125 1.826422929763794 0.6535335183143616 0.7915804982185364 3.333491802215576 1.1672477424144745 19.064373016357422 1.7038885489925022 0.2143203169107437
Cyclist -1 -1 0.97 787.344970703125 174.54747009277344 1097.291015625 355.1573486328125 1.6904350519180298 0.7142494320869446 1.9470469951629639 2.8686318397521973 1.8295859694480896 6.213953971862793 1.3980814163857929 0.21361301839351654
Pedestrian -1 -1 1.86 50.61576843261719 144.64129638671875 215.38014221191406 374.77642822265625 1.5610637664794922 0.5858030915260315 0.6405951380729675 -2.340773820877075 1.4883570075035095 3.7825355529785156 1.3014552344354007 0.21215130388736725
Pedestrian -1 -1 1.7 704.2026977539062 162.0043487548828 737.3759155273438 236.47286987304688 1.7855308055877686 0.6653649806976318 0.6806738972663879 2.9086191654205322 1.370706468820572 16.83712387084961 1.8669356238605666 0.21180211007595062
Pedestrian -1 -1 2.28 613.450439453125 164.4196319580078 640.6861572265625 229.31903076171875 1.7478808164596558 0.6409382224082947 0.7889637351036072 0.7148457765579224 1.2459887266159058 20.88997459411621 2.3181755932557158 0.21058952808380127
Pedestrian -1 -1 1.67 275.0140380859375 171.7162628173828 345.04931640625 293.41168212890625 1.6198612451553345 0.5757471323013306 0.641241729259491 -4.950414657592773 1.5288475155830383 12.176202774047852 1.2867382350264407 0.20722590386867523
Cyclist -1 -1 2.38 763.2476196289062 196.37477111816406 1055.57763671875 359.71966552734375 1.5894478559494019 0.6175432801246643 1.633947491645813 2.684631109237671 1.6718295216560364 6.4268717765808105 2.7775642502819196 0.20006461441516876
Pedestrian -1 -1 1.69 645.996826171875 160.2196502685547 682.779296875 253.05897521972656 1.7288905382156372 0.6532483100891113 0.8583678007125854 1.3709821701049805 1.3300209045410156 15.024236679077148 1.7825849941659921 0.19957399368286133
Pedestrian -1 -1 0.69 253.3805694580078 186.68710327148438 334.3458251953125 313.6778869628906 1.4168821573257446 0.5694624185562134 0.7397406101226807 -3.775864601135254 1.5625126957893372 8.914055824279785 0.29388214228003307 0.19243566691875458
Pedestrian -1 -1 0.1 141.66830444335938 146.2599639892578 378.99560546875 384.64276123046875 1.6075674295425415 0.6253064870834351 0.7539682388305664 -2.14204740524292 1.3919065594673157 5.191281795501709 -0.29022210905506673 0.19180861115455627
Pedestrian -1 -1 1.5 731.1781005859375 149.75503540039062 755.3473510742188 233.7987060546875 1.8287959098815918 0.6745533347129822 0.688768744468689 3.6239776611328125 1.2124085128307343 18.622222900390625 1.6945761933819714 0.19158244132995605
Car -1 -1 -1.42 55.979923248291016 113.538330078125 316.2663917541504 386.62127685546875 1.8026658296585083 1.647283673286438 3.913317918777466 -3.1698808670043945 1.8286756873130798 5.478394508361816 -1.9418252446474185 0.1896294206380844
Car -1 -1 1.83 146.92135620117188 23.286697387695312 199.5420379638672 54.91941833496094 1.4514132738113403 1.5533026456832886 4.305118083953857 -20.867815017700195 -6.147526204586029 34.99834060668945 1.2880615074583428 0.18866528570652008
Pedestrian -1 -1 -3.0 1025.3154296875 150.281005859375 1084.531494140625 266.8635559082031 1.7624592781066895 0.6424490809440613 0.38097718358039856 6.84061861038208 1.2837251424789429 10.688043594360352 -2.4340829665644943 0.18795301020145416
Pedestrian -1 -1 1.55 732.4874267578125 156.04006958007812 766.0164794921875 247.648193359375 1.8371175527572632 0.7030904293060303 0.7160473465919495 3.378936290740967 1.2764964699745178 17.129030227661133 1.7463473043922724 0.18725714087486267
Pedestrian -1 -1 0.8 220.81431579589844 168.6693878173828 337.9326477050781 327.2578125 1.6605510711669922 0.6942375898361206 0.7487503886222839 -2.363947868347168 1.4644830226898193 5.21437931060791 0.379077991147291 0.18463240563869476
Pedestrian -1 -1 2.85 1.5623027086257935 231.1746063232422 21.31038200855255 375.3339538574219 1.4516502618789673 0.6784883141517639 0.6658989191055298 -3.245922327041626 1.5945188403129578 3.487783670425415 2.1033248138356413 0.18087038397789001
Pedestrian -1 -1 1.51 708.359619140625 161.0035858154297 732.8790283203125 226.5065460205078 1.7486729621887207 0.6796042323112488 0.8036423325538635 3.120908498764038 1.1723107397556305 18.755653381347656 1.6767888277864476 0.18021127581596375
Pedestrian -1 -1 1.75 645.1852416992188 162.6689910888672 671.559326171875 231.27960205078125 1.7053264379501343 0.7234660387039185 0.8633235692977905 1.2772505283355713 1.2656872272491455 16.102584838867188 1.830643044538391 0.17659330368041992
Van -1 -1 -0.31 846.954833984375 154.8064727783203 1204.918212890625 375.7328186035156 1.9696708917617798 1.6612114906311035 4.566545486450195 3.1318037509918213 1.6350140571594238 4.136147975921631 0.33361844485519043 0.17522603273391724
Pedestrian -1 -1 -1.23 4.766249179840088 186.2585906982422 35.7505841255188 367.9897766113281 1.646519660949707 0.6526980400085449 0.6925767064094543 -3.410904884338379 1.5729077458381653 3.721869707107544 -1.9691938492295353 0.17439915239810944
Cyclist -1 -1 1.4 927.73876953125 108.70488739013672 1241.4085693359375 380.41429901123047 1.5800514221191406 0.6310320496559143 1.8235573768615723 3.2464098930358887 1.407613456249237 3.7550532817840576 2.1123762867620215 0.17369572818279266
Pedestrian -1 -1 -2.97 1030.0875244140625 161.2810821533203 1113.095947265625 277.1047058105469 1.6508569717407227 0.5976351499557495 0.4417189955711365 6.744972229003906 1.3897240161895752 10.447970390319824 -2.3982974201864904 0.17326685786247253
Cyclist -1 -1 2.13 974.6625366210938 60.68748092651367 1239.103271484375 366.7711296081543 1.6015844345092773 0.5007280707359314 1.8200446367263794 2.6936986446380615 1.1674266755580902 2.980506658554077 2.8679628338896137 0.17326372861862183
Van -1 -1 -0.92 974.6625366210938 60.68748092651367 1239.103271484375 366.7711296081543 2.3110334873199463 1.9736758470535278 5.038543701171875 2.4197051525115967 1.433204472064972 2.1247313022613525 -0.06978487949027112 0.16173693537712097
Pedestrian -1 -1 -1.91 6.460443496704102 175.4326934814453 42.29867744445801 353.8630065917969 1.70628023147583 0.6360575556755066 0.6847853064537048 -3.933462381362915 1.5799062252044678 4.369225978851318 -2.6405986289354217 0.15421631932258606
Truck -1 -1 2.02 807.44873046875 185.95159912109375 1146.1160888671875 365.1493225097656 3.2595646381378174 2.3801193237304688 6.343471050262451 3.2937629222869873 2.3093408346176147 5.206213474273682 2.581085666375621 0.13305549323558807
Pedestrian -1 -1 -1.76 -2.7177352905273438 168.14340209960938 50.60673141479492 346.6353454589844 1.717223048210144 0.6755858063697815 0.707651674747467 -5.041077136993408 1.5601593852043152 5.7632527351379395 -2.4748938445504844 0.1320238709449768