Car -1 -1 -1.8 691.7709350585938 180.68148803710938 834.6849365234375 273.31732177734375 1.415490984916687 1.6223095655441284 3.923602819442749 2.72663950920105 1.6279252171516418 13.65174674987793 -1.6058667835113276 0.8881826400756836
Van -1 -1 -0.42 702.0245971679688 158.72561645507812 843.5262451171875 214.32188415527344 2.333878517150879 2.1263017654418945 5.741269111633301 6.993510723114014 1.6617954075336456 30.339427947998047 -0.18911282624394365 0.355338990688324
Car -1 -1 -0.84 532.0335693359375 172.17364501953125 572.9456176757812 221.36883544921875 1.4759190082550049 1.5220109224319458 3.634993314743042 -2.3971402645111084 1.7187893390655518 31.418495178222656 -0.912393331600212 0.25131601095199585
Car -1 -1 0.72 907.0586547851562 169.2420196533203 1096.0380859375 242.65097045898438 1.6069140434265137 1.6263508796691895 4.062070369720459 10.314497947692871 1.7064933776855469 18.90386390686035 1.2163221288892316 0.22715163230895996
Van -1 -1 -0.13 918.40625 156.4378662109375 1145.625244140625 238.0376739501953 2.015352725982666 1.9832568168640137 5.124314308166504 11.593615531921387 1.653333306312561 20.81746482849121 0.3771439809735999 0.2173232138156891
Car -1 -1 -1.92 695.7354736328125 169.5516357421875 824.5797119140625 252.7904510498047 1.4614713191986084 1.6539632081985474 4.059163570404053 2.877208948135376 1.468516230583191 14.056614875793457 -1.7137429542700549 0.20600789785385132
Car -1 -1 -0.71 696.5593872070312 166.94305419921875 843.40087890625 234.80674743652344 1.5906383991241455 1.5928860902786255 4.270994663238525 5.5950703620910645 1.4667780995368958 26.949588775634766 -0.5025497022988863 0.19921359419822693
Van -1 -1 -0.39 694.613037109375 162.4055633544922 834.822998046875 230.00685119628906 2.320114850997925 2.009173631668091 5.889219760894775 6.7734293937683105 1.5446262657642365 32.17984390258789 -0.18707774118603337 0.1967325210571289
Car -1 -1 -2.11 854.4057006835938 171.01531982421875 996.24853515625 223.08401489257812 1.4321305751800537 1.572028636932373 3.9874649047851562 9.904010772705078 1.5404139757156372 23.545244216918945 -1.7082867666987198 0.18522624671459198
Car -1 -1 -0.37 724.3370971679688 161.64231872558594 850.3444213867188 215.1451416015625 1.6216744184494019 1.7926081418991089 4.459290504455566 6.90648889541626 1.5450329780578613 28.48969268798828 -0.1308893914073206 0.1848343014717102
Car -1 -1 -0.21 919.0492553710938 161.77825927734375 1132.6407470703125 239.02621459960938 1.6482067108154297 1.6163434982299805 3.9174675941467285 11.1152925491333 1.475128412246704 19.580909729003906 0.3025280033181037 0.1842106431722641
Car -1 -1 0.97 881.9009399414062 169.2090606689453 1047.9012451171875 236.16180419921875 1.5524574518203735 1.582152009010315 4.006295680999756 9.65390396118164 1.7030926942825317 19.56456184387207 1.4285514464497648 0.17793063819408417
Car -1 -1 1.92 1062.4383544921875 16.029096603393555 1107.7294921875 41.180686950683594 1.5248420238494873 1.5705779790878296 4.6351189613342285 34.6940803527832 -9.9167400598526 52.43143844604492 2.502428451493074 0.16691021621227264
Car -1 -1 -0.23 740.4769897460938 161.96568298339844 879.3621215820312 220.66012573242188 1.6550791263580322 1.6677557229995728 4.337368011474609 7.271840572357178 1.6023352146148682 27.2382869720459 0.031877892776687844 0.15619559586048126
Car -1 -1 -0.37 8.743730545043945 293.8737487792969 95.19208717346191 395.2419738769531 1.4203579425811768 1.647918939590454 4.136565685272217 -2.4351348876953125 1.4782264828681946 1.54739511013031 -1.3766236817478932 0.15010160207748413
Car -1 -1 0.79 868.888671875 170.41407775878906 1019.6889038085938 231.78016662597656 1.5463557243347168 1.5803890228271484 4.009120941162109 10.318178176879883 1.6964688897132874 22.515541076660156 1.2180225166675367 0.1384180188179016
Car -1 -1 -0.36 713.4951782226562 163.44981384277344 857.2821655273438 222.7270050048828 1.6343756914138794 1.649122714996338 4.360976696014404 6.337385177612305 1.5364562273025513 26.97994613647461 -0.12528628936681185 0.11900351196527481