Car -1 -1 0.87 461.791748046875 170.98011779785156 563.45751953125 213.11764526367188 1.506949782371521 1.7004703283309937 4.347966194152832 -3.670201301574707 1.1974509954452515 28.33233070373535 0.7368135788961121 0.832940399646759
Car -1 -1 -0.81 2.5068554878234863 198.99868774414062 295.858295917511 366.2248840332031 1.5421017408370972 1.6195379495620728 3.894362211227417 -3.271873712539673 1.6700242161750793 3.563518524169922 -1.5525418207711503 0.8128682971000671
Car -1 -1 1.84 365.6012878417969 175.25477600097656 406.1198425292969 199.6602020263672 1.4905576705932617 1.7092432975769043 4.210606098175049 -14.685155868530273 1.164364904165268 47.743064880371094 1.5430464856953376 0.7837753891944885
Car -1 -1 1.77 472.2853698730469 172.81756591796875 496.77191162109375 194.30947875976562 1.5575973987579346 1.5449450016021729 3.93680477142334 -9.367051124572754 1.0030875355005264 55.1925048828125 1.6001799436424546 0.5334987640380859
Car -1 -1 1.63 468.5637512207031 172.23739624023438 502.43377685546875 196.18634033203125 1.493455171585083 1.5693519115447998 4.096510887145996 -8.426403045654297 1.0046635568141937 50.11722946166992 1.4599520684914484 0.5228729844093323
Pedestrian -1 -1 2.48 1014.0528564453125 152.39068603515625 1036.68359375 216.1351318359375 1.774894118309021 0.6308356523513794 0.7822027802467346 11.666163444519043 1.0015216246247292 19.689851760864258 3.013361657764584 0.44269388914108276
Pedestrian -1 -1 0.76 1006.732666015625 153.88075256347656 1031.58544921875 216.11770629882812 1.725276231765747 0.6078146696090698 0.8502976894378662 11.33397102355957 0.9744008183479309 19.413846969604492 1.28888538721018 0.4340091645717621
Pedestrian -1 -1 -2.7 1002.9083251953125 149.87820434570312 1033.033935546875 219.14154052734375 1.7985990047454834 0.5914541482925415 0.9225643873214722 11.455107688903809 1.010076068341732 19.561128616333008 -2.168394412260298 0.402421772480011
Pedestrian -1 -1 1.58 1004.8348388671875 152.55369567871094 1025.1112060546875 215.3222198486328 1.7937577962875366 0.6308276057243347 0.7179549336433411 11.604355812072754 0.9918028637766838 19.925180435180664 2.1084048425902395 0.39433953166007996
Car -1 -1 1.6 465.3740234375 173.0301513671875 507.2300720214844 192.4688262939453 1.4904305934906006 1.5276196002960205 4.062292098999023 -8.165633201599121 0.9214729368686676 50.10441589355469 1.443254102092924 0.38020816445350647
Car -1 -1 1.8 471.75030517578125 173.18748474121094 498.1340637207031 190.15553283691406 1.5162464380264282 1.540728211402893 3.891031265258789 -9.054291725158691 1.010874629020691 54.03862380981445 1.6311417005687021 0.3753446340560913
Pedestrian -1 -1 2.33 882.4952392578125 153.10064697265625 900.2184448242188 195.7335205078125 1.7897160053253174 0.6136648654937744 0.9138320684432983 12.666422843933105 0.6311678886413574 31.20163345336914 2.712819817026311 0.3346722424030304
Cyclist -1 -1 -2.38 1002.7876586914062 150.94461059570312 1033.46533203125 215.6682586669922 1.7026249170303345 0.5591660141944885 1.7481704950332642 11.814382553100586 0.9655128121376038 20.261993408203125 -1.8505636653644348 0.3161024749279022
Car -1 -1 1.73 474.1898193359375 173.71775817871094 503.9436950683594 193.90322875976562 1.5062651634216309 1.4827141761779785 3.8212015628814697 -9.017459869384766 1.0136478543281555 54.07902908325195 1.5686153212659786 0.30693358182907104
Car -1 -1 1.77 476.9829406738281 173.3025665283203 509.9398193359375 192.94554138183594 1.5087593793869019 1.4704198837280273 3.861989974975586 -8.753662109375 0.9997637718915939 53.78916931152344 1.6071312458680156 0.30376380681991577
Car -1 -1 1.76 467.4015197753906 172.7108154296875 494.4651184082031 193.92385864257812 1.455474615097046 1.4823609590530396 3.697061061859131 -9.421353340148926 0.9768202304840088 54.00165557861328 1.584779700237517 0.2973221242427826
Car -1 -1 1.55 465.5748291015625 173.12147521972656 506.07965087890625 199.2730255126953 1.4761079549789429 1.5343859195709229 4.012411117553711 -8.098209381103516 1.0921143889427185 48.95518112182617 1.382204040960449 0.28677353262901306
Car -1 -1 1.24 469.4085998535156 172.19813537597656 550.0031127929688 208.4109344482422 1.4797049760818481 1.661327838897705 4.190554618835449 -3.6254336833953857 1.1597433984279633 27.869220733642578 1.1063122741282676 0.2686604857444763
Car -1 -1 1.68 477.4997863769531 173.0142059326172 521.3594970703125 195.0872802734375 1.439184546470642 1.515709400177002 3.9000821113586426 -7.105299472808838 1.0128697454929352 46.725032806396484 1.5281841865252312 0.2609580457210541
Pedestrian -1 -1 -2.34 1015.4873657226562 153.55857849121094 1039.5767822265625 206.8985595703125 1.8339530229568481 0.6274154186248779 0.8457775115966797 13.074992179870605 0.9717610403895378 21.96856689453125 -1.801779630654269 0.2599605321884155
Pedestrian -1 -1 2.75 1014.4096069335938 153.23406982421875 1044.140625 225.14073181152344 1.741316556930542 0.6210967302322388 0.9649286270141602 11.303951263427734 1.035369634628296 18.89386558532715 -2.9923213918022835 0.25879040360450745
Cyclist -1 -1 2.95 1012.0442504882812 155.06500244140625 1037.8656005859375 210.2624053955078 1.8410649299621582 0.6360281705856323 1.9172859191894531 12.919234275817871 1.0199039503932 21.93639373779297 -2.8034519202378743 0.25164973735809326
Pedestrian -1 -1 3.01 1009.5081176757812 153.8057861328125 1046.7579345703125 219.82501220703125 1.7886563539505005 0.6178488731384277 0.9993155002593994 11.482959747314453 1.046384796500206 19.270065307617188 -2.7400451818754306 0.24574999511241913
Pedestrian -1 -1 0.17 1000.7117309570312 155.10382080078125 1023.0042114257812 214.48892211914062 1.7057334184646606 0.5946893692016602 0.7673707008361816 11.32726764678955 0.9721458256244659 19.483137130737305 0.6945582200190099 0.23223696649074554
Car -1 -1 1.69 470.0324401855469 174.09591674804688 516.063720703125 199.59669494628906 1.4234539270401 1.4744600057601929 3.766049385070801 -7.883419513702393 1.0357932448387146 48.636295318603516 1.5251541661666916 0.22586019337177277
Cyclist -1 -1 -2.5 1003.8556518554688 155.21209716796875 1028.47607421875 213.3094482421875 1.7586666345596313 0.565078616142273 1.7900044918060303 12.432363510131836 0.9980799779295921 21.21942138671875 -1.9665346577827467 0.21455757319927216
Cyclist -1 -1 -2.21 1009.168701171875 154.27938842773438 1034.38818359375 214.50914001464844 1.7019810676574707 0.556657075881958 1.7524888515472412 11.613422393798828 0.9786437749862671 19.866477966308594 -1.6765638419896067 0.21331100165843964
Pedestrian -1 -1 -2.7 1004.4916381835938 151.84115600585938 1039.9344482421875 216.8337860107422 1.8385508060455322 0.6197329163551331 0.782741129398346 11.64260482788086 1.086272656917572 19.67375373840332 -2.16196022649239 0.2034192532300949
Pedestrian -1 -1 -0.23 995.259521484375 155.0249481201172 1014.71533203125 212.11679077148438 1.7199877500534058 0.6160640716552734 0.8280084133148193 11.390443801879883 0.953178733587265 19.74428939819336 0.28994740245219397 0.20006369054317474
Car -1 -1 1.23 474.6602783203125 171.95643615722656 536.5103149414062 200.98106384277344 1.4628984928131104 1.6028121709823608 4.00200080871582 -4.404085159301758 1.098130464553833 32.85458755493164 1.0988122783331686 0.18105223774909973
Car -1 -1 1.46 459.22003173828125 174.11534118652344 520.1900024414062 202.7517852783203 1.4389761686325073 1.5733163356781006 4.249027729034424 -7.724778652191162 0.994123101234436 47.65688705444336 1.3028232954179586 0.16888286173343658
Pedestrian -1 -1 -1.65 471.8604736328125 172.7891082763672 496.0632629394531 194.55682373046875 1.646177887916565 0.6699795126914978 0.6262500286102295 -7.966615676879883 1.0310527235269547 47.13567352294922 -1.8193964059832792 0.15871115028858185
Car -1 -1 2.01 464.6270446777344 174.4654083251953 525.0723266601562 206.42413330078125 1.3779700994491577 1.5306074619293213 3.7531020641326904 -6.351990699768066 1.1369919776916504 40.027313232421875 1.8488739130319036 0.15809671580791473
Car -1 -1 1.7 481.855712890625 170.0286865234375 523.1683959960938 193.79360961914062 1.4926261901855469 1.469571590423584 3.739673376083374 -6.544624328613281 1.0165199935436249 45.54132080078125 1.5553166608525846 0.15788321197032928
Car -1 -1 1.79 473.02655029296875 170.71466064453125 514.6998291015625 193.49221801757812 1.537826657295227 1.5547504425048828 4.0212931632995605 -8.641542434692383 0.7664637791458517 54.86865234375 1.6343503663663528 0.1228572204709053
Car -1 -1 1.73 465.95928955078125 172.12557983398438 528.8086547851562 199.35739135742188 1.5169373750686646 1.6354141235351562 4.124711036682129 -5.918447971343994 1.0953804552555084 41.01411056518555 1.5908532108225533 0.1148659959435463