Car -1 -1 1.87 450.4002990722656 180.2225799560547 532.06689453125 226.23324584960938 1.404558777809143 1.5429342985153198 3.9784493446350098 -3.9441864490509033 1.670039176940918 24.418136596679688 1.706398769688792 0.8951433897018433
Car -1 -1 2.15 -3.9095191955566406 191.7003936767578 293.249324798584 370.1744689941406 1.4325283765792847 1.6709800958633423 4.5557708740234375 -5.051352024078369 1.7955160737037659 7.301167964935303 1.5443052580167391 0.8638046979904175
Car -1 -1 -1.51 684.254638671875 174.83432006835938 732.7599487304688 217.2276153564453 1.4832302331924438 1.6005206108093262 3.053100109100342 3.7205331325531006 1.562505841255188 26.98358726501465 -1.372696067560268 0.8525221943855286
Pedestrian -1 -1 1.46 806.263427734375 152.18377685546875 838.34521484375 240.88490295410156 1.8588987588882446 0.6407366394996643 0.928044855594635 4.559018611907959 1.4150333404541016 15.588369369506836 1.740716744210216 0.7710517644882202
Cyclist -1 -1 -1.54 802.574462890625 151.0054931640625 841.546875 242.23497009277344 1.8178045749664307 0.5283278822898865 1.8836525678634644 4.612115859985352 1.3891775012016296 15.958616256713867 -1.2573528388763222 0.5018180012702942
Car -1 -1 -1.58 689.8968505859375 172.89718627929688 735.6752319335938 212.60939025878906 1.5278489589691162 1.5848456621170044 3.558868408203125 3.709015369415283 1.5289578437805176 27.050939559936523 -1.4484456663512058 0.3797535002231598
Pedestrian -1 -1 -1.87 12.474609375 182.31532287597656 131.1234130859375 372.59197998046875 1.6901302337646484 0.6520726680755615 0.7352772355079651 -3.3328800201416016 1.6797317266464233 4.2414679527282715 -2.535884648993557 0.377320259809494
Pedestrian -1 -1 -1.78 10.641685485839844 190.12741088867188 99.9110107421875 373.7834167480469 1.6254664659500122 0.5879753232002258 0.6841591000556946 -3.4380226135253906 1.6972030997276306 4.251054763793945 -2.456353373248744 0.35844913125038147
Cyclist -1 -1 2.19 -1.6574443578720093 184.8862762451172 165.06495249271393 375.1087646484375 1.747437596321106 0.6429407000541687 1.8056669235229492 -3.4258899688720703 1.746712565422058 4.502030849456787 1.5353465180965715 0.3365249037742615
Car -1 -1 2.2 -5.737094402313232 193.9613037109375 136.03037691116333 366.46551513671875 1.4448089599609375 1.6084810495376587 3.8708913326263428 -5.0505805015563965 1.733247995376587 5.27484130859375 1.4393735446648668 0.31324294209480286
Car -1 -1 1.77 644.7355346679688 169.52767944335938 673.6805419921875 189.7080841064453 1.5425512790679932 1.6658155918121338 3.7716236114501953 3.876051902770996 1.2996132969856262 57.248538970947266 1.8333572239239233 0.3036174476146698
Cyclist -1 -1 2.31 -2.1078085899353027 183.6266326904297 278.9236550331116 375.0120544433594 1.7915427684783936 0.6571553945541382 1.8173580169677734 -3.9991328716278076 1.8897238969802856 6.023055076599121 1.727233954365727 0.2858095169067383
Car -1 -1 2.2 -6.254396438598633 187.93865966796875 220.78558158874512 370.6448974609375 1.543686032295227 1.6042742729187012 4.1377716064453125 -4.742708206176758 1.8925877213478088 6.154837131500244 1.5462411100523106 0.28385642170906067
Pedestrian -1 -1 0.84 -0.9619463682174683 187.3955078125 177.16860783100128 368.7979736328125 1.6906322240829468 0.6333351731300354 0.6644846796989441 -3.667900562286377 1.6892009973526 5.0491204261779785 0.21027480952559996 0.2798255980014801
Pedestrian -1 -1 -1.76 28.22903060913086 198.21913146972656 116.61571884155273 322.6824951171875 1.6348679065704346 0.5978931784629822 0.841301441192627 -6.117795467376709 1.858144998550415 7.81709098815918 -2.420133392407858 0.27708446979522705
Pedestrian -1 -1 -0.14 -4.304508209228516 189.34918212890625 231.26171493530273 368.8025817871094 1.6979607343673706 0.6206274032592773 0.6869586706161499 -4.094588756561279 1.7537159323692322 5.9539794921875 -0.7467833178834988 0.2632661461830139
Pedestrian -1 -1 -1.94 6.882868766784668 184.18386840820312 51.29354381561279 362.73187255859375 1.6239345073699951 0.6030452251434326 0.6044694781303406 -3.687443494796753 1.6631799340248108 4.323972702026367 -2.6427305540475423 0.2433202564716339
Van -1 -1 2.14 -2.1078085899353027 183.6266326904297 278.9236550331116 375.0120544433594 1.8668971061706543 1.694016695022583 4.534635543823242 -4.917548179626465 2.028093099594116 7.49530553817749 1.5626142801212932 0.23674872517585754
Pedestrian -1 -1 0.82 800.601806640625 154.33770751953125 847.732177734375 240.72976684570312 1.8507033586502075 0.6359642148017883 1.018770694732666 4.4894232749938965 1.450005292892456 15.416221618652344 1.1062217174883955 0.22340117394924164
Car -1 -1 2.38 -7.406624794006348 193.1534881591797 185.07100582122803 348.0453796386719 1.450900673866272 1.6413434743881226 3.9637813568115234 -6.24125337600708 1.908600628376007 7.2035231590271 1.6661072119023999 0.21848352253437042
Pedestrian -1 -1 2.32 3.9451475143432617 166.1316375732422 139.0516996383667 341.7481689453125 1.7401446104049683 0.6356620192527771 0.6759730577468872 -4.098824501037598 1.6717314720153809 5.438776016235352 1.6753222420864482 0.2131599634885788
Cyclist -1 -1 2.22 0.676019012928009 168.13507080078125 130.75342684984207 377.351318359375 1.7331440448760986 0.6360735297203064 1.813049077987671 -3.483781337738037 1.7047032713890076 4.2138776779174805 1.5276095097545648 0.21204422414302826
Car -1 -1 2.27 5.662969589233398 183.7851104736328 169.1303768157959 370.50152587890625 1.620818853378296 1.58295476436615 4.001081466674805 -4.240221977233887 1.799924910068512 4.730424880981445 1.5417925449451744 0.20629309117794037
Pedestrian -1 -1 -2.35 1.2886962890625 150.45745849609375 117.0345458984375 371.052978515625 1.8484350442886353 0.6683635115623474 0.7921140789985657 -3.5861294269561768 1.7568191885948181 4.431338310241699 -3.034741855825377 0.18783442676067352
Car -1 -1 2.63 452.21405029296875 72.18241882324219 496.2801818847656 99.30139923095703 1.7237194776535034 1.6781708002090454 4.465692520141602 -7.839961528778076 -4.115102827548981 43.3509521484375 2.452227595766024 0.17939956486225128
Pedestrian -1 -1 -1.92 1.3080053329467773 179.54400634765625 43.90470790863037 356.0759582519531 1.6876379251480103 0.6106515526771545 0.7081364393234253 -3.684298038482666 1.659397304058075 4.324147701263428 -2.6229539506445274 0.17827756702899933
Car -1 -1 2.42 449.82806396484375 59.70013427734375 522.5538940429688 103.4782485961914 1.9468920230865479 1.7625166177749634 4.824174880981445 -6.408724308013916 -3.350253939628601 37.12245559692383 2.2481403240146225 0.17301760613918304
Pedestrian -1 -1 -2.48 12.247907638549805 169.2528839111328 89.72344017028809 356.41265869140625 1.81581449508667 0.7441892027854919 0.7116844058036804 -4.052690029144287 1.7159394025802612 5.0341901779174805 3.1238594379052573 0.14949561655521393
Pedestrian -1 -1 -2.13 0.6095920205116272 166.74020385742188 27.769189417362213 357.1446838378906 1.6750788688659668 0.6072044372558594 0.5338053107261658 -4.2475385665893555 1.711520254611969 4.701337814331055 -2.8606149952673414 0.14342111349105835
Car -1 -1 -2.43 1214.287841796875 161.70082092285156 1239.5140380859375 367.56414794921875 1.566214919090271 1.5271373987197876 3.6402318477630615 4.188568592071533 1.5090040564537048 2.5620577335357666 -1.4084180318133361 0.14024406671524048