Car -1 -1 1.94 330.65875244140625 185.2029571533203 391.60943603515625 219.2572021484375 1.5326248407363892 1.587667465209961 3.9183313846588135 -12.940659523010254 2.2397074103355408 37.76129150390625 1.610306557803269 0.8390354514122009
Truck -1 -1 2.63 5.352791786193848 120.78250885009766 76.81652927398682 267.4691848754883 3.2478649616241455 2.535400390625 10.632108688354492 -17.964845657348633 2.0707592964172363 15.22637939453125 1.764886540769516 0.6015410423278809
Car -1 -1 1.79 445.85321044921875 181.90631103515625 471.96343994140625 198.231689453125 1.4146209955215454 1.5856149196624756 3.859825849533081 -14.162909507751465 2.39932519197464 67.94657135009766 1.583179365303403 0.5701203346252441
Car -1 -1 1.95 340.3880615234375 185.5727081298828 398.38128662109375 214.2168731689453 1.5051140785217285 1.62921941280365 3.960616111755371 -13.03331184387207 2.239302158355713 38.25358963012695 1.6185404945938178 0.40286701917648315
Truck -1 -1 1.75 2.1759467124938965 129.88145446777344 63.579625606536865 247.0030975341797 3.3809776306152344 2.494168758392334 8.979944229125977 -20.619543075561523 2.2885245084762573 21.313457489013672 0.9798968209159593 0.35361531376838684
Truck -1 -1 2.34 -3.0207581520080566 130.59527587890625 70.4065260887146 261.05548095703125 3.4264891147613525 2.4988131523132324 9.064889907836914 -20.912120819091797 2.443877398967743 19.75289535522461 1.5233479899282374 0.32988643646240234
Truck -1 -1 2.61 7.91350793838501 114.28385162353516 86.37555170059204 282.77832794189453 3.2210288047790527 2.6195156574249268 10.234185218811035 -12.392074584960938 1.9810324013233185 10.156517028808594 1.7286366325494535 0.29929184913635254
Car -1 -1 2.04 352.36553955078125 184.6812286376953 404.3580322265625 208.38511657714844 1.4537893533706665 1.5680054426193237 4.253414630889893 -16.916807174682617 2.399714171886444 53.013675689697266 1.730135038338565 0.28971970081329346
Van -1 -1 2.88 3.116661310195923 112.32965850830078 75.39239525794983 278.4506607055664 2.7762460708618164 2.223790168762207 6.818422794342041 -10.56747055053711 1.8577702939510345 8.187382698059082 1.9711550594999974 0.2872159779071808
Truck -1 -1 1.04 5.452048301696777 138.63174438476562 72.38558864593506 239.06004333496094 3.2420008182525635 2.491746664047241 8.124547958374023 -19.09095001220703 2.0764512419700623 19.660743713378906 0.26810448853779256 0.20250658690929413
Car -1 -1 1.73 447.4975280761719 182.08154296875 479.4524841308594 200.8661346435547 1.4369101524353027 1.6010584831237793 3.9534919261932373 -13.54559326171875 2.310204029083252 65.89568328857422 1.530411010839984 0.16846048831939697
Car -1 -1 1.86 363.82464599609375 185.3434600830078 405.2110290527344 209.01637268066406 1.4633135795593262 1.5846017599105835 4.069404125213623 -17.95302391052246 2.5816643238067627 58.695003509521484 1.5647988512749258 0.1547180414199829