Car -1 -1 1.98 166.90220642089844 176.1622314453125 360.50531005859375 289.2359619140625 1.6457161903381348 1.6737948656082153 4.221715450286865 -5.985836982727051 1.7506343722343445 12.97064208984375 1.5427825242787092 0.895966649055481
Car -1 -1 1.88 317.3880310058594 181.2704620361328 430.44329833984375 247.4849090576172 1.4848501682281494 1.6273967027664185 4.328892707824707 -6.2197041511535645 1.7453551292419434 19.26814842224121 1.5696030564219914 0.8892093896865845
Car -1 -1 1.66 517.2011108398438 178.83473205566406 558.2017822265625 207.9617156982422 1.4481498003005981 1.63346266746521 4.019069194793701 -3.9026622772216797 1.78604656457901 38.803836822509766 1.5577700153938494 0.832453191280365
Car -1 -1 -2.25 889.4669189453125 174.45567321777344 1241.6756591796875 377.3486328125 1.5490565299987793 1.6582818031311035 4.125911712646484 2.8994510173797607 1.5876111388206482 3.4496545791625977 -1.5470613765325911 0.8155294060707092
Car -1 -1 3.09 694.3469848632812 164.85769653320312 774.4451904296875 194.08596801757812 1.5956580638885498 1.7673041820526123 4.473124027252197 7.40917444229126 1.2317915558815002 43.19252395629883 -3.0235452114198633 0.782496452331543
Car -1 -1 1.81 430.2438049316406 182.97726440429688 483.0979919433594 217.0571746826172 1.3872274160385132 1.5015943050384521 3.652942180633545 -6.870065689086914 1.8893077969551086 32.30609130859375 1.6049528270684883 0.7794080376625061
Car -1 -1 2.45 -0.3571641743183136 225.78662109375 89.10709974169731 376.35888671875 1.425072193145752 1.6432806253433228 4.255393028259277 -6.161945343017578 1.842402458190918 5.062737941741943 1.5653715864892295 0.7676762938499451
Car -1 -1 -1.6 631.6456298828125 174.9429168701172 658.5540161132812 196.13778686523438 1.426681399345398 1.6165297031402588 3.4421627521514893 2.485013723373413 1.612669289112091 52.66526412963867 -1.5536857691023904 0.653128445148468
Car -1 -1 1.76 488.6441955566406 179.8968505859375 525.648193359375 204.90640258789062 1.479426622390747 1.5525808334350586 3.550567388534546 -6.39354133605957 1.9208576679229736 45.19536590576172 1.621551777099989 0.6333077549934387
Van -1 -1 2.53 2.7167670726776123 229.74249267578125 99.58504557609558 375.62811279296875 1.6485387086868286 1.7102934122085571 4.134848117828369 -7.672871112823486 2.184802830219269 6.763665676116943 1.6842145970433577 0.4966185390949249
Car -1 -1 1.76 1120.3504638671875 149.3767852783203 1238.0302734375 194.2113800048828 1.563085675239563 1.6544820070266724 3.927797317504883 21.651838302612305 0.6834442615509033 27.21771240234375 2.4362943464615565 0.36165764927864075
Cyclist -1 -1 2.36 0.2684187889099121 208.9774932861328 101.63108205795288 378.6003723144531 1.674196481704712 0.634919285774231 1.8575693368911743 -4.581977844238281 1.8451995849609375 4.935713768005371 1.6155001522558843 0.29150262475013733
Car -1 -1 2.34 539.6104736328125 178.00924682617188 569.3645629882812 199.503173828125 1.44928777217865 1.592872977256775 3.929227590560913 -3.8665084838867188 1.7931967377662659 51.105953216552734 2.2634252274343787 0.267277330160141
Cyclist -1 -1 2.45 -3.6232259273529053 214.1868438720703 79.92217659950256 380.94561767578125 1.772498369216919 0.6101980805397034 1.8694486618041992 -4.320563793182373 1.8139774203300476 4.560058116912842 1.693685795083728 0.25032252073287964
Car -1 -1 1.73 530.8851928710938 177.45291137695312 564.3971557617188 201.71963500976562 1.487504482269287 1.61832857131958 3.9769985675811768 -3.959726333618164 1.8143712282180786 45.85624694824219 1.6467888150513987 0.24730201065540314
Car -1 -1 2.25 1078.0799560546875 152.5657501220703 1235.953369140625 206.2597198486328 1.4906976222991943 1.652214527130127 4.162010192871094 17.098560333251953 0.9780362695455551 22.300756454467773 2.9090580909726746 0.2360466867685318
Car -1 -1 1.79 1217.4090576171875 146.69964599609375 1239.3836669921875 197.47750854492188 1.4764312505722046 1.620270848274231 3.779048442840576 23.060503005981445 0.7457619621418417 24.80292320251465 2.535280122993763 0.2231389284133911
Van -1 -1 2.53 1.4858386516571045 227.4001007080078 77.49627566337585 368.3208923339844 1.7439314126968384 1.7690509557724 4.289379596710205 -7.3879923820495605 2.158626616001129 6.4183173179626465 1.6698171266757234 0.22067667543888092
Car -1 -1 1.65 496.8029479980469 179.01052856445312 537.891357421875 204.9932098388672 1.4178465604782104 1.5836057662963867 3.698927879333496 -6.238568305969238 1.7396050095558167 45.846256256103516 1.5166930806254868 0.2040519416332245
Car -1 -1 2.53 6.741092205047607 236.21705627441406 108.84500455856323 369.5225830078125 1.546886920928955 1.6660431623458862 4.282550811767578 -6.129878520965576 1.920617699623108 5.253816604614258 1.6631255848256883 0.2024381309747696
Car -1 -1 2.32 1017.5205078125 157.1410369873047 1120.7869873046875 194.11080932617188 1.3960208892822266 1.5033384561538696 3.628319025039673 18.614978790283203 0.832677349448204 29.186141967773438 2.884826337062867 0.2024301141500473
Car -1 -1 1.79 1224.5665283203125 145.67044067382812 1239.81884765625 197.71702575683594 1.4932701587677002 1.653665542602539 3.762491464614868 24.523239135742188 0.7130533307790756 25.649396896362305 2.5545213532707916 0.2007552981376648
Van -1 -1 2.88 692.6864013671875 164.8331298828125 774.3595581054688 193.28079223632812 1.8490910530090332 1.754883050918579 4.365117073059082 7.847274303436279 1.272516280412674 46.035953521728516 3.0501671098164707 0.19711792469024658
Cyclist -1 -1 2.06 3.1383068561553955 219.11141967773438 84.11480832099915 353.4884338378906 1.8280682563781738 0.6070752739906311 1.7683416604995728 -4.356344223022461 1.7869482636451721 4.849432945251465 1.3266364442050733 0.19386792182922363
Car -1 -1 1.59 1213.2445068359375 146.54818725585938 1237.64453125 202.86187744140625 1.5216073989868164 1.6186007261276245 3.866203784942627 24.471675872802734 0.8160128444433212 26.328481674194336 2.343144206942246 0.16724468767642975
Car -1 -1 2.26 1220.9498291015625 146.36880493164062 1238.779296875 204.88748168945312 1.5706415176391602 1.6555359363555908 3.7627475261688232 24.352231979370117 0.8411326818168163 25.35076904296875 3.0292548340421517 0.15439428389072418
Truck -1 -1 2.74 0.38818222284317017 230.01312255859375 94.76559311151505 374.00311279296875 2.49067759513855 2.5537919998168945 7.079236030578613 -8.296908378601074 2.584581136703491 7.6357197761535645 1.9090288825036001 0.15105298161506653
Car -1 -1 -2.29 1216.634765625 151.78399658203125 1239.3712158203125 214.13671875 1.4113057851791382 1.5571694374084473 3.569673538208008 16.979171752929688 1.0313579738140106 18.292400360107422 -1.5433895994636764 0.1463482528924942
Car -1 -1 -2.62 1211.7926025390625 148.37124633789062 1236.436767578125 213.86453247070312 1.4342647790908813 1.548895001411438 3.6486120223999023 20.237667083740234 1.0580024123191833 21.778669357299805 -1.8749447665416126 0.13991619646549225
Car -1 -1 1.9 1098.459716796875 150.68492126464844 1234.879638671875 220.12094116210938 1.3880895376205444 1.5624356269836426 4.06341552734375 18.26171875 0.8831597864627838 21.98307991027832 2.5953258019825665 0.13143107295036316