Car -1 -1 -1.43 453.79852294921875 180.08802795410156 538.4285278320312 246.08644104003906 1.4347500801086426 1.6277035474777222 3.9729185104370117 -2.8093740940093994 1.6842090487480164 18.66326332092285 -1.5790946950948346 0.8883845210075378
Car -1 -1 -1.84 716.0635375976562 183.6299285888672 891.3798217773438 299.5250549316406 1.4244694709777832 1.5961216688156128 3.700841188430786 2.769602060317993 1.6347773671150208 11.333172798156738 -1.6044100758725293 0.8648563027381897
Car -1 -1 -1.11 7.313816547393799 202.8727264404297 411.5126690864563 371.2463073730469 1.4432162046432495 1.5984026193618774 4.0214948654174805 -2.969834327697754 1.6981390714645386 5.961831569671631 -1.5673743477208912 0.8645813465118408
Car -1 -1 -1.76 678.7467651367188 174.34121704101562 777.26220703125 252.23019409179688 1.5532307624816895 1.6379286050796509 3.964989423751831 2.6092159748077393 1.6430058479309082 16.935123443603516 -1.6055281534830357 0.8604313135147095
Car -1 -1 -2.01 784.1510009765625 193.59323120117188 1239.658447265625 376.98095703125 1.4687464237213135 1.6462115049362183 4.094388961791992 2.844496250152588 1.660622000694275 6.412327766418457 -1.588008055923975 0.849165678024292
Car -1 -1 -1.75 664.9571533203125 163.73712158203125 741.0943603515625 231.83767700195312 1.8742657899856567 1.6495698690414429 3.951946973800659 2.6902828216552734 1.6508774161338806 21.84444808959961 -1.6295668974625972 0.8444366455078125
Car -1 -1 1.69 517.6098022460938 177.10302734375 562.3244018554688 214.66983032226562 1.4993962049484253 1.6081738471984863 3.988718271255493 -3.0159695148468018 1.6809312105178833 31.058040618896484 1.5885530438406255 0.8442305326461792
Car -1 -1 -1.62 636.1201171875 172.6393585205078 671.370361328125 200.9416046142578 1.4823588132858276 1.5993510484695435 3.662808895111084 2.4362144470214844 1.5232272148132324 41.19292449951172 -1.5656743256231893 0.8335402011871338
Car -1 -1 1.63 559.369140625 172.46018981933594 581.0780639648438 192.49908447265625 1.6484217643737793 1.6635888814926147 4.1776838302612305 -3.4206128120422363 1.6380863785743713 62.798377990722656 1.5791983629033313 0.7123794555664062
Car -1 -1 -1.79 670.3258056640625 169.519775390625 759.5701293945312 243.46414184570312 1.6572884321212769 1.6092342138290405 3.9737017154693604 2.9350361824035645 1.6800745129585266 21.602643966674805 -1.6514047090593182 0.5789395570755005
Car -1 -1 -1.44 631.8333129882812 170.87396240234375 656.9629516601562 195.582275390625 1.6331737041473389 1.651212215423584 3.9205641746520996 2.268948554992676 1.5107208490371704 48.101593017578125 -1.3910892745508487 0.37622374296188354
Car -1 -1 -1.54 632.4322509765625 171.3285369873047 661.1048583984375 198.1388397216797 1.5673705339431763 1.6244744062423706 3.7834370136260986 2.3425188064575195 1.5221403241157532 44.69439697265625 -1.4856562434352893 0.370052695274353
Car -1 -1 -1.09 630.1929321289062 169.7764129638672 652.9706420898438 194.85386657714844 1.7065941095352173 1.6590073108673096 4.01056432723999 2.3207035064697266 1.4859399199485779 54.383426666259766 -1.046824685090301 0.317975789308548
Van -1 -1 -1.89 665.7055053710938 163.91116333007812 747.2908325195312 234.1099395751953 2.026394844055176 1.7916417121887207 4.226712703704834 2.871830940246582 1.7206594347953796 22.128751754760742 -1.763521150368076 0.3013947308063507
Car -1 -1 -1.74 662.71630859375 172.17552185058594 745.9718017578125 241.33509826660156 1.5864344835281372 1.6296815872192383 4.083184719085693 2.4645750522613525 1.6198223233222961 20.890413284301758 -1.623695116009607 0.25737279653549194
Car -1 -1 -1.86 936.9594116210938 194.85137939453125 1233.40673828125 370.3348388671875 1.4433014392852783 1.619179606437683 3.7788093090057373 3.5613644123077393 1.644879162311554 6.297079086303711 -1.3488116079211405 0.2398461252450943
Car -1 -1 -1.79 661.3545532226562 171.8287811279297 729.2219848632812 229.80157470703125 1.6063191890716553 1.5891444683074951 3.8369297981262207 2.594207525253296 1.6430786848068237 23.378997802734375 -1.68216601051083 0.2363988757133484
Van -1 -1 -1.8 675.6836547851562 172.93800354003906 773.0843505859375 252.69683837890625 1.8782216310501099 1.7628157138824463 4.326840400695801 2.73334002494812 1.7953553795814514 18.876991271972656 -1.6540998168750196 0.219983771443367
Van -1 -1 -1.94 670.3258056640625 169.519775390625 759.5701293945312 243.46414184570312 1.9654240608215332 1.7700525522232056 4.360402584075928 2.9731709957122803 1.80666983127594 22.52500343322754 -1.8072982143809693 0.21005290746688843
Car -1 -1 -1.8 694.0272827148438 179.94561767578125 827.9421997070312 268.2238464355469 1.4656739234924316 1.637333631515503 3.8283770084381104 3.170975923538208 1.6259657740592957 16.769298553466797 -1.6177495522864511 0.18559806048870087
Car -1 -1 -2.68 1196.01171875 199.61175537109375 1242.664794921875 368.08221435546875 1.580870509147644 1.636509656906128 3.7815675735473633 2.4579010009765625 1.3340619206428528 1.2588016986846924 -1.5811904030835269 0.1803327351808548
Car -1 -1 -2.69 1176.7584228515625 203.77737426757812 1240.696533203125 364.4740295410156 1.5572834014892578 1.617005705833435 3.891752243041992 2.927046775817871 1.469727337360382 1.4323688745498657 -1.5741038241248404 0.16407260298728943
Car -1 -1 -1.42 933.985107421875 177.8391571044922 1255.58837890625 395.0768127441406 1.436646580696106 1.7011185884475708 5.049117088317871 2.4183528423309326 1.4595590829849243 3.940302610397339 -0.8652565878943257 0.1615850031375885
Car -1 -1 -2.34 -25.234466552734375 191.864990234375 310.36572265625 401.6913757324219 1.4655672311782837 1.6277590990066528 4.713958263397217 -2.5265040397644043 1.5115209221839905 4.120776176452637 -2.893397988823687 0.15969106554985046
Car -1 -1 -2.67 1208.9791259765625 218.8658905029297 1241.9688720703125 369.1607360839844 1.5204105377197266 1.6054688692092896 3.646662712097168 2.150042772293091 1.236182540655136 1.1617258787155151 -1.5897962315395997 0.15743184089660645
Car -1 -1 -0.43 3.9257142543792725 272.3734130859375 70.07013869285583 378.4324645996094 1.504922866821289 1.6093318462371826 3.810490846633911 -1.7246538400650024 1.2733112573623657 1.005154013633728 -1.4710431272269187 0.13900694251060486
Car -1 -1 -1.6 629.1472778320312 172.40179443359375 655.0155029296875 193.15943908691406 1.5934282541275024 1.606868863105774 3.9635045528411865 2.4243552684783936 1.5627066493034363 45.442230224609375 -1.5455222835163083 0.11344753950834274