Car -1 -1 1.49 464.8770751953125 170.06712341308594 538.2280883789062 236.97802734375 1.5549792051315308 1.637269377708435 3.968614339828491 -2.621037721633911 1.3187676072120667 19.20216941833496 1.3585158318186954 0.8271001577377319
Pedestrian -1 -1 0.97 859.0457153320312 153.27224731445312 970.2509765625 374.83502197265625 1.673858404159546 0.6295990347862244 0.7018710970878601 2.399538278579712 1.5690025091171265 5.413614749908447 1.3868517822004662 0.8224126696586609
Pedestrian -1 -1 2.09 804.2844848632812 165.6891326904297 885.9268188476562 351.08184814453125 1.6410783529281616 0.599073052406311 0.5830318331718445 2.290318727493286 1.5050171613693237 6.785983562469482 2.412188194297748 0.819035530090332
Pedestrian -1 -1 2.35 496.1388244628906 161.01010131835938 549.3290405273438 302.5380554199219 1.705653190612793 0.6254768371582031 0.8246380090713501 -0.9842653274536133 1.492543637752533 9.379688262939453 2.2481575084664778 0.8159282207489014
Pedestrian -1 -1 1.87 638.9928588867188 157.74664306640625 704.96337890625 328.10955810546875 1.7687937021255493 0.6616211533546448 0.8017250895500183 0.7320772409439087 1.4875065088272095 7.712398529052734 1.9638304118266143 0.7938122749328613
Pedestrian -1 -1 2.04 575.6829833984375 159.74014282226562 618.2132568359375 270.4406433105469 1.7636222839355469 0.663906455039978 0.8366872668266296 -0.08644913136959076 1.3713296353816986 11.437122344970703 2.033893180457355 0.7868849635124207
Pedestrian -1 -1 2.17 714.8836669921875 163.06044006347656 770.187255859375 293.28533935546875 1.7571024894714355 0.6246446371078491 0.8123810291290283 1.9409451484680176 1.4718432426452637 9.92190933227539 2.358338481186781 0.7760371565818787
Pedestrian -1 -1 2.02 633.3970336914062 157.01686096191406 691.610107421875 328.19622802734375 1.75004243850708 0.6327703595161438 0.9313941597938538 0.6757926344871521 1.5142315030097961 7.917264938354492 2.1037024111000555 0.7065050005912781
Pedestrian -1 -1 1.56 620.825439453125 159.7404327392578 660.9718017578125 263.5267028808594 1.766213297843933 0.6894040107727051 0.7478033900260925 0.6823976039886475 1.3900968432426453 12.622178077697754 1.6139005558718047 0.6692796945571899
Pedestrian -1 -1 0.31 557.7205810546875 159.25930786132812 578.7091674804688 216.96746826171875 1.7622939348220825 0.6102003455162048 0.8420056700706482 -1.09730064868927 1.1015833765268326 23.573827743530273 0.2611058755069573 0.6577166318893433
Pedestrian -1 -1 1.51 617.7879638671875 164.9936065673828 654.7759399414062 267.09521484375 1.6765296459197998 0.6483641862869263 0.7011210322380066 0.632384717464447 1.3973844051361084 12.293694496154785 1.5634241831381255 0.6093213558197021
Pedestrian -1 -1 2.41 490.8669738769531 164.22523498535156 545.48828125 286.17340087890625 1.7803092002868652 0.6750299334526062 0.8240721225738525 -1.029711127281189 1.4415791630744934 9.168745040893555 2.3011749490998223 0.5973113179206848
Pedestrian -1 -1 1.17 328.8849182128906 166.80645751953125 409.2283935546875 278.07147216796875 1.6593703031539917 0.6055307984352112 0.5533612966537476 -3.451746940612793 1.4022175073623657 10.859076499938965 0.8578744788517838 0.5777724385261536
Pedestrian -1 -1 2.11 652.4323120117188 158.98390197753906 709.4859008789062 321.8919677734375 1.7350519895553589 0.6867387890815735 0.8991808295249939 0.8965826630592346 1.47658771276474 8.016607284545898 2.2219045471694034 0.5753004550933838
Pedestrian -1 -1 1.8 629.1590576171875 155.23358154296875 677.10986328125 311.99273681640625 1.77881920337677 0.6950544118881226 0.8745759725570679 0.6002827882766724 1.4410063028335571 8.022797584533691 1.876016063626329 0.5445078611373901
Pedestrian -1 -1 1.46 345.3548583984375 170.7749481201172 407.8971252441406 259.3975524902344 1.6373393535614014 0.5701315402984619 0.4234197437763214 -3.8076202869415283 1.3574172258377075 12.28121280670166 1.1601321900660428 0.5088356733322144
Pedestrian -1 -1 1.52 556.3250122070312 160.47654724121094 574.9256591796875 214.45094299316406 1.7488183975219727 0.6562919616699219 0.8727710247039795 -1.0995335578918457 1.0814275741577148 23.95321273803711 1.4717060013057957 0.5004026889801025
Car -1 -1 -0.91 472.51910400390625 166.48121643066406 536.2396850585938 250.06771850585938 1.578956127166748 1.6722227334976196 3.94199538230896 -2.6900103092193604 1.3665188550949097 19.70426368713379 -1.0410750824376516 0.49949994683265686
Pedestrian -1 -1 1.58 622.1604614257812 157.33319091796875 671.7059326171875 288.4649963378906 1.8635377883911133 0.6836230158805847 0.8935242295265198 0.7121355533599854 1.421956330537796 12.004216194152832 1.643822525436108 0.47834348678588867
Pedestrian -1 -1 1.67 471.14373779296875 162.0996551513672 498.8109436035156 215.79693603515625 1.8839271068572998 0.6747521758079529 0.7481764554977417 -4.005648136138916 1.2036083936691284 25.648847579956055 1.5181751033338315 0.4688751995563507
Pedestrian -1 -1 1.7 478.4172668457031 162.83746337890625 541.1134643554688 277.468017578125 1.7070704698562622 0.7091118097305298 0.810550332069397 -1.0578864812850952 1.389870047569275 8.959918975830078 1.5796604536873993 0.46552300453186035
Pedestrian -1 -1 1.96 659.040283203125 156.7602996826172 715.81884765625 303.05029296875 1.794309139251709 0.7284929156303406 0.8873757123947144 1.1381068229675293 1.4605651497840881 9.283287048339844 2.085253164179689 0.4306030571460724
Pedestrian -1 -1 1.72 474.9866638183594 162.33909606933594 495.13873291015625 211.03988647460938 1.9030588865280151 0.6718865633010864 0.7487956285476685 -4.2569355964660645 1.174781247973442 27.262723922729492 1.5625355438531585 0.4290632903575897
Pedestrian -1 -1 2.62 334.8843994140625 162.02963256835938 395.9919128417969 292.86602783203125 1.7208317518234253 0.6099773645401001 0.7542784214019775 -2.804638385772705 1.4777663946151733 8.811326026916504 2.3072088243474465 0.4201001822948456
Pedestrian -1 -1 1.43 843.3621826171875 163.2412567138672 922.55126953125 363.9240417480469 1.6022694110870361 0.5959922671318054 0.6813794374465942 2.23284649848938 1.4690886735916138 5.685230255126953 1.8004316729318672 0.41706761717796326
Pedestrian -1 -1 1.84 670.9749755859375 162.82720947265625 720.0358276367188 296.4173583984375 1.778041124343872 0.656939685344696 0.8994694352149963 1.2989791631698608 1.4744558334350586 9.737042427062988 1.9701901041389682 0.4167284369468689
Pedestrian -1 -1 1.41 477.7392578125 161.78369140625 492.3465270996094 209.2267303466797 1.928882122039795 0.6658304333686829 0.7027809023857117 -4.4018402099609375 1.154458910226822 28.18058204650879 1.2576379209172082 0.41393667459487915
Pedestrian -1 -1 1.5 631.7105712890625 156.3233642578125 670.5040283203125 264.7355651855469 1.73807954788208 0.6695922017097473 0.9618145823478699 0.8458747267723083 1.3326692879199982 12.033686637878418 1.5740561042491414 0.40026217699050903
Car -1 -1 -0.59 474.0892639160156 163.8496551513672 540.8046875 267.3441162109375 1.5042489767074585 1.6184853315353394 3.7522077560424805 -2.5143144130706787 1.4182997941970825 18.633264541625977 -0.723397111630729 0.3911633789539337
Pedestrian -1 -1 2.49 854.3045654296875 162.03152465820312 951.42333984375 368.7379150390625 1.6228398084640503 0.5651753544807434 0.5683829188346863 2.2876734733581543 1.5084004402160645 5.6035475730896 2.8761055982457577 0.3854912221431732
Pedestrian -1 -1 1.87 580.4182739257812 161.92453002929688 624.3399658203125 267.2058410644531 1.666094183921814 0.6161270141601562 0.8324400782585144 0.013311629183590412 1.3547897934913635 11.73702335357666 1.871610597455705 0.38362666964530945
Pedestrian -1 -1 1.85 704.5635375976562 163.36257934570312 757.0589599609375 291.9192810058594 1.6457713842391968 0.624085545539856 0.8314918279647827 1.771288514137268 1.4177759885787964 9.840605735778809 2.0296300678700128 0.38226523995399475
Pedestrian -1 -1 1.03 823.6246948242188 156.97042846679688 903.471923828125 365.3128967285156 1.610804796218872 0.6009430289268494 0.787788450717926 2.1448144912719727 1.4862014055252075 5.794668674468994 1.3813084813986025 0.3734332025051117
Pedestrian -1 -1 -2.68 466.5875549316406 163.86021423339844 508.8747253417969 222.91099548339844 1.913586974143982 0.660636842250824 0.7756182551383972 -3.4833133220672607 1.3778274655342102 22.276710510253906 -2.8373536096001732 0.36883220076560974
Pedestrian -1 -1 2.66 474.9883117675781 167.7392120361328 539.150634765625 257.275146484375 1.7593709230422974 0.6975104212760925 0.7604843378067017 -1.6890497207641602 1.4184167981147766 13.636062622070312 2.5341258305998515 0.3610687255859375
Pedestrian -1 -1 1.84 601.4237670898438 161.9014892578125 646.0989990234375 263.8244934082031 1.7174201011657715 0.641607940196991 0.8760114312171936 0.40140730142593384 1.384932518005371 12.501873970031738 1.8682830417121936 0.3550739884376526
Pedestrian -1 -1 1.94 693.5283203125 165.84347534179688 743.8108520507812 292.8371887207031 1.6867866516113281 0.617275059223175 0.8469350337982178 1.5546534061431885 1.4371280670166016 9.813730239868164 2.0967780132480778 0.3535170257091522
Car -1 -1 -1.92 486.5762634277344 164.17935180664062 541.2942504882812 278.61895751953125 1.566798210144043 1.606022834777832 3.677379608154297 -1.4832148551940918 1.4182987809181213 13.076315879821777 -2.0368124798789786 0.32856234908103943
Pedestrian -1 -1 1.54 631.0701904296875 156.91921997070312 686.0029907226562 286.29315185546875 1.7471781969070435 0.752956748008728 0.881892204284668 0.7424793839454651 1.360411822795868 11.662235260009766 1.603437020009439 0.32573774456977844
Pedestrian -1 -1 1.67 706.4833984375 158.4058074951172 766.7908935546875 310.6647644042969 1.735246181488037 0.6793310642242432 0.8997782468795776 1.7787714004516602 1.473528265953064 9.318849563598633 1.8614707288461751 0.3185155391693115
Cyclist -1 -1 1.93 467.2758483886719 169.5229949951172 533.0008544921875 244.6238250732422 1.7783102989196777 0.5931472182273865 1.8301758766174316 -2.342055320739746 1.4398438334465027 15.64275074005127 1.7849811337071273 0.304027795791626
Pedestrian -1 -1 -1.92 462.0337219238281 166.23733520507812 520.8250732421875 228.65440368652344 1.8764853477478027 0.6488175392150879 0.8173242211341858 -2.9505088329315186 1.3617081344127655 19.786006927490234 -2.0714468750658463 0.3029022812843323
Pedestrian -1 -1 2.44 694.7889404296875 157.02073669433594 756.6502685546875 309.970703125 1.764571189880371 0.6259281039237976 0.8543168902397156 1.725555419921875 1.5282500982284546 9.542455673217773 2.614872497690225 0.2981550097465515
Pedestrian -1 -1 2.56 814.6853637695312 130.24337768554688 984.4494018554688 369.5050354003906 1.7178823947906494 0.5836185812950134 0.7870825529098511 2.4402081966400146 1.471195101737976 5.654269218444824 2.9720218533319063 0.2967311143875122
Pedestrian -1 -1 -1.67 467.2758483886719 169.5229949951172 533.0008544921875 244.6238250732422 1.7426522970199585 0.6463687419891357 0.7267313599586487 -2.359194278717041 1.4865806698799133 15.745615005493164 -1.8222671201799088 0.2934027910232544
Pedestrian -1 -1 1.6 663.1241455078125 149.75375366210938 721.93408203125 314.7935485839844 1.734666347503662 0.6518551707267761 0.9005781412124634 1.210350751876831 1.4626848697662354 8.61344051361084 1.7354409306099505 0.2838062644004822
Pedestrian -1 -1 1.21 618.7862548828125 155.05743408203125 686.3009033203125 326.35736083984375 1.7291934490203857 0.6448594927787781 0.8976516723632812 0.6325865387916565 1.4557603001594543 7.696527004241943 1.290980240349521 0.2835518717765808
Cyclist -1 -1 -1.58 487.4671325683594 165.39598083496094 546.1123046875 293.1784362792969 1.7374765872955322 0.5479240417480469 1.703359603881836 -1.0519213676452637 1.4710227847099304 9.377388954162598 -1.689457599547942 0.28318196535110474
Car -1 -1 2.02 462.0337219238281 166.23733520507812 520.8250732421875 228.65440368652344 1.5584287643432617 1.5925931930541992 3.922994613647461 -2.6809210777282715 1.2534099221229553 19.477210998535156 1.8816712122593167 0.28181612491607666
Pedestrian -1 -1 1.83 681.2023315429688 158.27139282226562 746.7102661132812 301.5521545410156 1.6445530652999878 0.6494994163513184 0.7243641018867493 1.4458632469177246 1.436541199684143 9.164721488952637 1.9884095240536617 0.28128230571746826
Cyclist -1 -1 2.06 315.2284240722656 166.5537109375 413.81475830078125 275.00341796875 1.705562710762024 0.6461776494979858 1.7903953790664673 -3.668285846710205 1.4727182984352112 11.368539810180664 1.7467641767919257 0.2789055109024048
Pedestrian -1 -1 1.6 885.36962890625 163.85263061523438 976.48974609375 364.7419738769531 1.6030381917953491 0.5944575071334839 0.7279548645019531 2.541619062423706 1.4723350405693054 5.615748882293701 2.021284826541476 0.27675661444664
Cyclist -1 -1 0.86 327.9895935058594 169.1869659423828 396.7642822265625 276.34881591796875 1.612572431564331 0.5994485020637512 1.6123508214950562 -3.6163220405578613 1.3762088418006897 11.080406188964844 0.545161211805512 0.2756263017654419
Car -1 -1 -1.71 327.9895935058594 169.1869659423828 396.7642822265625 276.34881591796875 1.504184603691101 1.4575413465499878 2.7323529720306396 -4.045136451721191 1.3775407075881958 12.856240272521973 -2.011302782220831 0.27437812089920044
Cyclist -1 -1 1.73 477.4322509765625 165.80699157714844 538.5016479492188 259.2262268066406 1.7237886190414429 0.595518946647644 1.827181100845337 -1.4576356410980225 1.3570221960544586 11.239622116088867 1.5970321802824774 0.27180182933807373
Pedestrian -1 -1 2.37 685.5158081054688 163.80404663085938 733.8304443359375 298.6810607910156 1.6859709024429321 0.6336351633071899 0.8031718134880066 1.332305669784546 1.4078097939491272 8.664834976196289 2.5181495204745517 0.27157852053642273
Pedestrian -1 -1 1.48 637.9717407226562 157.94613647460938 685.2131958007812 263.3561706542969 1.7483469247817993 0.6654213666915894 0.9558990001678467 0.9902799129486084 1.337340235710144 12.042495727539062 1.5660279951134228 0.27022096514701843
Cyclist -1 -1 1.75 345.3548583984375 170.7749481201172 407.8971252441406 259.3975524902344 1.6532785892486572 0.6156527400016785 1.6208678483963013 -3.774014472961426 1.3340946435928345 12.390295028686523 1.4493764291661417 0.2682849168777466
Pedestrian -1 -1 1.91 676.7642211914062 161.7196502685547 727.734619140625 299.34619140625 1.7034767866134644 0.659001886844635 0.6628724932670593 1.4210647344589233 1.4637281894683838 9.326467514038086 2.0630560992374205 0.26580312848091125
Pedestrian -1 -1 2.16 814.3536376953125 157.56781005859375 881.0469970703125 328.172607421875 1.6948943138122559 0.6240087747573853 0.7147857546806335 2.332023859024048 1.4412952065467834 6.98941707611084 2.4817824058142346 0.2631587088108063
Van -1 -1 1.8 462.55322265625 169.40481567382812 547.191650390625 241.00706481933594 1.7619773149490356 1.7586159706115723 4.338901519775391 -2.7096445560455322 1.3464651703834534 21.280527114868164 1.668600202251353 0.2629060745239258
Pedestrian -1 -1 2.14 351.275146484375 175.079345703125 401.2142639160156 264.156005859375 1.5001565217971802 0.46449142694473267 0.5684939026832581 -3.5264360904693604 1.3878170251846313 11.649687767028809 1.8504583054278179 0.2569306492805481
Pedestrian -1 -1 1.55 640.2048950195312 159.68959045410156 698.8591918945312 277.7176513671875 1.749584436416626 0.6971429586410522 0.8598092794418335 0.9892980456352234 1.3608269393444061 11.232148170471191 1.6416161611957047 0.25657668709754944
Pedestrian -1 -1 1.62 674.9376831054688 156.38229370117188 736.4174194335938 309.2366027832031 1.7421208620071411 0.6799943447113037 0.8832765817642212 1.408377766609192 1.4499166011810303 9.231343269348145 1.7754466362776258 0.24925175309181213
Pedestrian -1 -1 1.73 359.1769714355469 173.2587432861328 406.0734558105469 260.1371765136719 1.5464184284210205 0.5100473165512085 0.501966655254364 -3.6408543586730957 1.36309415102005 12.594053268432617 1.4471263428698817 0.24915724992752075
Pedestrian -1 -1 1.83 596.0845947265625 159.04910278320312 648.1343994140625 277.2071228027344 1.7651711702346802 0.6841105818748474 0.9419702887535095 0.22800809144973755 1.409082055091858 11.830488204956055 1.85303932161567 0.24792130291461945
Pedestrian -1 -1 1.99 347.3507385253906 168.2273712158203 402.6429138183594 286.2877502441406 1.592797875404358 0.5837295055389404 0.7668563723564148 -2.7515058517456055 1.3698786497116089 8.897205352783203 1.6936230148117932 0.24679967761039734
Van -1 -1 1.65 465.9480895996094 165.78097534179688 539.3494262695312 251.07362365722656 1.862740397453308 1.6627905368804932 4.214920997619629 -2.4435369968414307 1.434630572795868 17.61606216430664 1.5120091461178404 0.2432371973991394
Pedestrian -1 -1 1.12 612.0227661132812 154.89910888671875 672.0382080078125 308.5405578613281 1.7384517192840576 0.6339293718338013 0.8555525541305542 0.477754682302475 1.5263728499412537 8.81132984161377 1.1779470628203335 0.24210350215435028
Pedestrian -1 -1 2.02 589.4119873046875 156.47549438476562 640.548828125 272.38824462890625 1.749027132987976 0.6760068535804749 0.7826462984085083 0.18826985359191895 1.347825288772583 12.768594741821289 2.0300323061437 0.2376403659582138
Car -1 -1 -1.91 488.8547668457031 165.15342712402344 552.1295166015625 295.1890869140625 1.6147514581680298 1.5552971363067627 3.241769552230835 -1.2293601036071777 1.4531131386756897 11.803157806396484 -2.0186887957353647 0.23194579780101776
Pedestrian -1 -1 2.11 494.7142639160156 164.88156127929688 560.4270629882812 315.89349365234375 1.7167232036590576 0.6314865946769714 0.8100520372390747 -0.8635581731796265 1.389731764793396 8.882030487060547 2.008196918963942 0.23142166435718536
Car -1 -1 -1.87 480.4568176269531 167.9908447265625 544.31591796875 238.78103637695312 1.4776930809020996 1.6119872331619263 3.6850171089172363 -2.6593220233917236 1.27006196975708 20.25712776184082 -2.0046293649714304 0.22942443192005157
Pedestrian -1 -1 1.8 638.54345703125 154.83042907714844 693.3692016601562 299.9172668457031 1.7696986198425293 0.6691643595695496 0.8319334983825684 0.8258153796195984 1.417097568511963 8.791693687438965 1.8926174764452588 0.2272888720035553
Cyclist -1 -1 1.55 459.4884033203125 170.03762817382812 543.00439453125 239.88796997070312 1.8111940622329712 0.5472944974899292 1.7806832790374756 -2.2709038257598877 1.411948025226593 15.853201866149902 1.4120494503951555 0.22664007544517517
Pedestrian -1 -1 2.79 793.00048828125 155.77224731445312 870.864990234375 341.6816711425781 1.667468786239624 0.6360487937927246 0.8216514587402344 2.328169822692871 1.4586852192878723 7.250616550445557 3.1002303712802037 0.2252497524023056
Pedestrian -1 -1 1.69 649.5355224609375 158.38742065429688 703.3016967773438 300.5072021484375 1.7697010040283203 0.6890295147895813 0.8135082721710205 0.9031076431274414 1.4181514382362366 8.520366668701172 1.796339251267029 0.21760228276252747
Pedestrian -1 -1 0.93 577.7808227539062 157.9774169921875 622.9398193359375 289.9136047363281 1.7590100765228271 0.6211349964141846 0.8382227420806885 -0.01461965125054121 1.5145050883293152 11.599217414855957 0.9310862488371381 0.21653400361537933
Pedestrian -1 -1 -1.0 459.4884033203125 170.03762817382812 543.00439453125 239.88796997070312 1.7511476278305054 0.6329144239425659 0.7993536591529846 -2.3381333351135254 1.3911455273628235 16.018003463745117 -1.1491622078044461 0.21645383536815643
Pedestrian -1 -1 2.73 511.7477111816406 161.80284118652344 570.0162353515625 302.4711608886719 1.7679728269577026 0.646493136882782 0.902847170829773 -0.7838889360427856 1.4812887907028198 9.143571853637695 2.639485527265144 0.2153877466917038
Pedestrian -1 -1 1.73 580.4553833007812 158.9015655517578 635.2681274414062 288.08123779296875 1.7879103422164917 0.6540146470069885 0.9047779440879822 0.05454030632972717 1.4666585326194763 11.766510963439941 1.733246099559035 0.21517765522003174
Pedestrian -1 -1 1.65 611.0423583984375 163.39100646972656 649.063232421875 261.57867431640625 1.6556775569915771 0.6450626850128174 0.82320636510849 0.5140456557273865 1.3671985864639282 12.186383247375488 1.6933302936533288 0.21418951451778412
Pedestrian -1 -1 2.01 570.68896484375 157.4490966796875 607.2791137695312 260.14349365234375 1.789162516593933 0.6650125980377197 0.9479767084121704 -0.13073840737342834 1.3510960936546326 11.947222709655762 2.0016126731717563 0.21011927723884583
Pedestrian -1 -1 1.47 621.9593505859375 157.79595947265625 699.0882568359375 344.43701171875 1.7396310567855835 0.643983006477356 0.8795038461685181 0.7397118806838989 1.4606696367263794 7.375939846038818 1.5699382691485413 0.20929047465324402
Pedestrian -1 -1 1.47 636.8922729492188 161.00108337402344 671.1085205078125 253.5792999267578 1.6805448532104492 0.6983945965766907 0.9175069332122803 0.8153343796730042 1.2981743812561035 12.318477630615234 1.5334922278089795 0.20893938839435577
Pedestrian -1 -1 1.4 726.1187133789062 160.59963989257812 777.8053588867188 309.97747802734375 1.7692383527755737 0.6207348108291626 0.8317357301712036 1.9310097694396973 1.6140138506889343 9.661248207092285 1.5967136736062102 0.20841509103775024
Pedestrian -1 -1 -2.6 886.5502319335938 162.15362548828125 947.7008056640625 255.36521911621094 1.753034234046936 0.6559268832206726 0.531366229057312 5.715035915374756 1.330057442188263 13.101775169372559 -2.1896075874296637 0.20499186217784882
Pedestrian -1 -1 1.62 645.4652099609375 160.0013427734375 708.8867797851562 282.5061950683594 1.7911087274551392 0.6900420188903809 0.8393930196762085 1.0898573398590088 1.3759002685546875 10.260014533996582 1.7254080679901964 0.20452781021595
Pedestrian -1 -1 2.06 612.119873046875 156.34756469726562 662.7195434570312 277.1561584472656 1.7444794178009033 0.7269339561462402 0.8137574791908264 0.5145935416221619 1.3670517206192017 12.614179611206055 2.1040869828369653 0.2040555477142334
Pedestrian -1 -1 2.27 698.8114624023438 171.9411163330078 740.6864624023438 302.41827392578125 1.5846470594406128 0.5753139853477478 0.7636691331863403 1.657145380973816 1.516567051410675 9.627163887023926 2.4376246895684144 0.20084837079048157
Van -1 -1 0.4 474.0892639160156 163.8496551513672 540.8046875 267.3441162109375 1.8708713054656982 1.6624386310577393 4.215112209320068 -2.1235294342041016 1.5310813784599304 16.18230438232422 0.2716460126288087 0.198543980717659
Pedestrian -1 -1 -2.92 879.031005859375 177.5653076171875 965.6729125976562 325.3206787109375 1.4342941045761108 0.48841726779937744 0.6995317339897156 3.236764907836914 1.4253098368644714 7.414125919342041 -2.5080613656468937 0.19646742939949036
Pedestrian -1 -1 1.69 784.0842895507812 143.1334991455078 960.9686889648438 356.333984375 1.6198614835739136 0.5504587888717651 0.7841158509254456 2.0805487632751465 1.443454623222351 5.873325824737549 2.0262157073501816 0.1931229531764984
Pedestrian -1 -1 1.71 577.11962890625 160.85218811035156 613.2314453125 255.2522735595703 1.7044540643692017 0.6858564615249634 0.9124245643615723 -0.1430903971195221 1.3368853032588959 12.151541709899902 1.7001442557850144 0.1927000880241394
Pedestrian -1 -1 1.59 859.2700805664062 159.61912536621094 935.0343017578125 343.492431640625 1.6431018114089966 0.6202155351638794 0.6918783187866211 2.466447114944458 1.4285029172897339 6.041415214538574 1.9761670760812455 0.19197148084640503
Pedestrian -1 -1 1.34 626.4935302734375 157.2393341064453 679.4764404296875 266.6521911621094 1.7518572807312012 0.7220803499221802 0.8892916440963745 0.8234197497367859 1.3282924592494965 13.088601112365723 1.4068002665564547 0.19100970029830933
Pedestrian -1 -1 1.0 756.058837890625 161.52760314941406 839.6050415039062 335.11712646484375 1.709832787513733 0.6430692076683044 0.8474565744400024 2.0623223781585693 1.5242306590080261 7.204733848571777 1.2798316718642546 0.19017980992794037
Pedestrian -1 -1 0.99 712.3599243164062 162.59019470214844 776.5924682617188 327.603515625 1.7214473485946655 0.6225677728652954 0.8409655690193176 1.5641188621520996 1.4997650980949402 8.622578620910645 1.1705500234093291 0.18768075108528137
Pedestrian -1 -1 2.49 532.9407958984375 161.134521484375 588.6980590820312 304.41668701171875 1.7128962278366089 0.6289201378822327 0.9082812666893005 -0.7189269661903381 1.4162355065345764 9.370272636413574 2.41715865366373 0.18368230760097504
Pedestrian -1 -1 2.21 698.974365234375 165.98463439941406 763.442626953125 323.79302978515625 1.690931797027588 0.6259600520133972 0.8032205104827881 1.5094717741012573 1.4779285788536072 8.69930362701416 2.377335078510672 0.1833457350730896
Pedestrian -1 -1 1.23 734.6004638671875 159.92108154296875 801.2210083007812 324.3670349121094 1.7278532981872559 0.6477363705635071 0.8512260317802429 2.030362606048584 1.5593120455741882 8.60045337677002 1.4661294073957842 0.18281863629817963
Pedestrian -1 -1 2.24 590.9131469726562 162.37559509277344 628.1578369140625 289.1131286621094 1.726440668106079 0.6223840117454529 0.8078333735466003 0.0848652645945549 1.484274446964264 11.579963684082031 2.2518737058089116 0.17942820489406586
Pedestrian -1 -1 2.77 565.0214233398438 163.66812133789062 613.3070678710938 300.7325744628906 1.693642497062683 0.6120430827140808 0.8769763708114624 -0.37219861149787903 1.4502973556518555 10.777788162231445 2.7341963891454055 0.17769601941108704
Pedestrian -1 -1 1.55 869.5901489257812 165.69561767578125 967.2313232421875 305.0059509277344 1.6698304414749146 0.6402472853660583 0.599087655544281 3.1401658058166504 1.4088655710220337 7.250544548034668 1.9574647687444653 0.1490354984998703