Car -1 -1 1.41 674.7630615234375 179.28167724609375 782.0271606445312 258.4222106933594 1.4022936820983887 1.6176496744155884 3.9084951877593994 2.4460020065307617 1.5796666145324707 15.552611351013184 1.5702977837344712 0.8823931813240051
Car -1 -1 -0.66 1032.430419921875 146.64950561523438 1236.2532958984375 304.3544616699219 1.904133915901184 1.6833423376083374 4.257025241851807 8.170116424560547 1.5742555260658264 9.403463363647461 0.05318361671283123 0.8633491396903992
Car -1 -1 1.71 533.6666259765625 169.36483764648438 582.8114624023438 209.8626251220703 1.7125674486160278 1.6308075189590454 3.8522982597351074 -2.282968759536743 1.568320095539093 32.41330337524414 1.6397083935335228 0.8468409776687622
Car -1 -1 -1.77 659.2976684570312 167.79258728027344 701.8714599609375 208.3116455078125 1.750403881072998 1.665475845336914 4.003087043762207 3.0532259941101074 1.4840440154075623 31.587657928466797 -1.6765045099309503 0.840430498123169
Car -1 -1 -2.82 429.91998291015625 177.1973114013672 525.3394165039062 214.91543579101562 1.4976869821548462 1.6547484397888184 4.3257832527160645 -5.66657829284668 1.667942464351654 30.285676956176758 -3.008984462214018 0.7620405554771423
Car -1 -1 1.66 563.203857421875 172.31832885742188 602.9617309570312 201.6005859375 1.4802747964859009 1.6057190895080566 3.9919402599334717 -1.444404125213623 1.4500294923782349 39.70338439941406 1.6263291667660384 0.6975775957107544
Car -1 -1 1.71 579.9945068359375 167.11328125 618.1481323242188 193.2972869873047 1.6685357093811035 1.7462884187698364 4.498606204986572 -0.6392591595649719 1.2523288428783417 48.523651123046875 1.6977819051846055 0.6057164669036865
Car -1 -1 1.68 568.9857788085938 170.4971160888672 607.4498901367188 199.94175720214844 1.5026757717132568 1.607702612876892 3.973871946334839 -1.3170502185821533 1.4513750672340393 39.99753189086914 1.6482534510563411 0.5759949684143066
Car -1 -1 -0.76 1197.078369140625 164.2196807861328 1241.6678466796875 335.4934387207031 1.7462793588638306 1.6598323583602905 4.10249137878418 8.111222267150879 1.6605526804924011 6.2564191818237305 0.15115316293857806 0.5162580013275146
Car -1 -1 1.69 541.8898315429688 170.83905029296875 586.1876220703125 205.12562561035156 1.634407877922058 1.6156792640686035 3.9570555686950684 -2.223437547683716 1.5746819972991943 38.22848892211914 1.6271243949261995 0.4879714250564575
Car -1 -1 1.72 575.3334350585938 167.65492248535156 614.4735717773438 195.65769958496094 1.5998287200927734 1.6490260362625122 4.249425888061523 -0.8736512064933777 1.3992513418197632 43.9016227722168 1.695466599219885 0.4172807037830353
Car -1 -1 -0.6 1178.2921142578125 155.5853271484375 1239.8621826171875 324.28045654296875 1.793897032737732 1.6515623331069946 4.1368818283081055 8.009672164916992 1.6003445982933044 6.618877410888672 0.2812850063269421 0.3790910840034485
Pedestrian -1 -1 -2.32 1.064675211906433 173.93736267089844 40.752888560295105 368.5182189941406 1.7629456520080566 0.6314893960952759 0.6786308884620667 -5.145524024963379 1.6744778156280518 5.684377193450928 -3.056350593349361 0.362999826669693
Cyclist -1 -1 1.75 0.20360061526298523 167.95196533203125 46.17447158694267 374.0399475097656 1.7367528676986694 0.6515293717384338 1.822072148323059 -5.438605308532715 1.7042095065116882 5.613442420959473 0.9790471790769208 0.3541688621044159
Car -1 -1 1.69 556.6212768554688 170.65643310546875 604.2413940429688 205.00315856933594 1.5721100568771362 1.613263726234436 3.9847304821014404 -1.5913227796554565 1.4820368885993958 39.5479736328125 1.6469189474238108 0.32270753383636475
Car -1 -1 -0.68 1168.5001220703125 159.78067016601562 1247.5955810546875 311.8265686035156 1.8174420595169067 1.6900137662887573 4.095612525939941 7.8409600257873535 1.5913642048835754 6.855327129364014 0.17246026496721667 0.2906382083892822
Pedestrian -1 -1 -2.21 -2.937246084213257 157.59906005859375 46.45682740211487 369.4542236328125 1.822678565979004 0.6612895131111145 0.8117517828941345 -4.994699001312256 1.6872284412384033 5.486652374267578 -2.9523912058817157 0.2755815386772156
Car -1 -1 -0.63 1148.156494140625 161.5656280517578 1240.4727783203125 318.30828857421875 1.7223471403121948 1.671129822731018 4.236369609832764 7.464707374572754 1.52681165933609 6.502316951751709 0.2195493760031777 0.27322307229042053
Car -1 -1 -0.82 1201.6827392578125 178.81837463378906 1240.88818359375 353.2497863769531 1.5752452611923218 1.6840121746063232 4.229987621307373 7.59222412109375 1.6215595602989197 5.596517562866211 0.11957544161673228 0.2671523094177246
Car -1 -1 2.29 -1.852334976196289 172.613037109375 33.25284385681152 369.0477294921875 1.6673080921173096 1.6710195541381836 4.283228397369385 -6.9822797775268555 1.5900387167930603 5.428579807281494 1.3754995723860404 0.25539034605026245
Cyclist -1 -1 0.19 4.715922832489014 207.99594116210938 41.998801708221436 346.1358337402344 1.8402496576309204 0.5816916823387146 1.7828400135040283 -5.313869476318359 1.7809073328971863 5.738243103027344 -0.5563778030574746 0.23585401475429535
Car -1 -1 2.83 0.32360437512397766 154.58155822753906 37.51826074719429 378.6114196777344 1.704621434211731 1.6177898645401 4.185199737548828 -6.881178379058838 1.7036673426628113 5.354454040527344 1.9198555244458015 0.23272548615932465
Car -1 -1 -0.63 1072.038818359375 149.60525512695312 1237.1031494140625 319.7735900878906 1.5696830749511719 1.6802620887756348 4.1884613037109375 8.634051322937012 1.4170619249343872 9.106266975402832 0.12963861457894854 0.2310657501220703
Car -1 -1 -0.77 1187.3770751953125 180.560302734375 1245.43115234375 344.9342346191406 1.5422494411468506 1.6504185199737549 4.143545627593994 7.44827938079834 1.5775905847549438 5.823487281799316 0.13601061211721577 0.23052607476711273
Pedestrian -1 -1 -2.91 4.715922832489014 207.99594116210938 41.998801708221436 346.1358337402344 1.741804838180542 0.5012838244438171 0.82396399974823 -5.2584710121154785 1.7378079891204834 5.788690567016602 2.6404517548358974 0.2264111340045929
Cyclist -1 -1 1.75 -1.852334976196289 172.613037109375 33.25284385681152 369.0477294921875 1.7467272281646729 0.6426638960838318 1.8484320640563965 -5.275122165679932 1.6494460701942444 5.288510799407959 0.9644191666353628 0.22607845067977905
Car -1 -1 -0.71 1190.0057373046875 152.00917053222656 1244.5118408203125 307.6658935546875 1.7324265241622925 1.6560800075531006 4.0592942237854 8.382490158081055 1.4807794094085693 7.262973308563232 0.1493844641793598 0.22592884302139282
Car -1 -1 2.86 5.386064052581787 174.6452178955078 45.411813259124756 367.93310546875 1.6595278978347778 1.5938791036605835 3.8775148391723633 -7.021978855133057 1.6078676581382751 5.62451696395874 1.9656810450123876 0.218658447265625
Cyclist -1 -1 1.76 -3.1850638389587402 153.7473602294922 26.05518388748169 372.4945068359375 1.7893296480178833 0.6454823613166809 1.8626164197921753 -5.331961631774902 1.601750671863556 5.347418785095215 0.9720918217857619 0.2068641036748886
Car -1 -1 1.85 -3.1850638389587402 153.7473602294922 26.05518388748169 372.4945068359375 1.7342063188552856 1.6563570499420166 4.295548915863037 -7.073009014129639 1.6332938075065613 5.541285991668701 0.9415206721663374 0.20247524976730347
Pedestrian -1 -1 -2.01 -3.1850638389587402 153.7473602294922 26.05518388748169 372.4945068359375 1.7895846366882324 0.6497341394424438 0.751102864742279 -5.187054634094238 1.6059218049049377 5.664041996002197 -2.7533473603599923 0.20233486592769623
Car -1 -1 -0.55 1131.66259765625 154.2202606201172 1239.9473876953125 302.1562194824219 1.7949188947677612 1.659275770187378 4.173826694488525 7.952998161315918 1.5320978164672852 7.764761924743652 0.250358813473484 0.1821097731590271
Car -1 -1 -0.72 1162.161376953125 149.27285766601562 1252.4752197265625 292.3205871582031 1.6571630239486694 1.6328617334365845 4.094703674316406 7.689653396606445 1.3990070819854736 7.311069011688232 0.08821858592466514 0.1816883087158203
Car -1 -1 -1.09 1208.34375 185.50387573242188 1238.988525390625 358.7880859375 1.5713350772857666 1.5914267301559448 3.8816733360290527 4.995644569396973 1.4934123754501343 3.339287757873535 -0.10601122512971894 0.1730157881975174
Car -1 -1 -0.6 1204.513916015625 151.35879516601562 1240.2001953125 321.205810546875 1.695480465888977 1.688459038734436 4.194446086883545 8.631865501403809 1.563279628753662 6.821686267852783 0.3023654173905097 0.16893942654132843
Car -1 -1 -2.43 2.8660738468170166 232.5140838623047 41.49891686439514 354.53009033203125 1.642953634262085 1.6141170263290405 3.945939540863037 -6.74957275390625 1.975651741027832 6.085763931274414 3.0145099114382266 0.16613349318504333
Car -1 -1 -0.76 1190.1199951171875 198.54281616210938 1244.604248046875 322.8272399902344 1.7066047191619873 1.605793833732605 4.055354595184326 5.53263521194458 1.6587780117988586 4.343489646911621 0.14242054935700965 0.15054264664649963
Car -1 -1 -0.72 1200.7880859375 147.3096923828125 1247.0966796875 312.2368469238281 1.7277112007141113 1.660927176475525 4.061320781707764 8.79075813293457 1.5428762435913086 7.378504753112793 0.15053690452939117 0.1504746824502945
Car -1 -1 -0.63 1183.8597412109375 142.966064453125 1238.881591796875 300.49456787109375 1.7645782232284546 1.6109371185302734 3.976499080657959 8.557218551635742 1.4825374484062195 7.651771068572998 0.2120763531380101 0.14771869778633118
Car -1 -1 -1.59 1212.7957763671875 153.7560272216797 1238.502685546875 244.14224243164062 1.6059603691101074 1.6473428010940552 3.9664084911346436 12.405753135681152 1.2858472168445587 11.970097541809082 -0.7880482003438511 0.14228743314743042
Car -1 -1 -1.64 1219.3876953125 154.7262420654297 1239.4808349609375 240.16184997558594 1.6278629302978516 1.6846787929534912 3.998379707336426 12.421058654785156 1.2438172101974487 11.817743301391602 -0.8319271324053648 0.14038613438606262