Car -1 -1 -0.31 715.5 182.35028076171875 928.3515014648438 263.26983642578125 1.5119508504867554 1.6745537519454956 4.007225513458252 4.293792247772217 1.722320795059204 15.02617073059082 -0.028452622423187357 0.8615503311157227
Car -1 -1 -2.73 128.00003051757812 180.02980041503906 347.75 256.28363037109375 1.4924956560134888 1.6428236961364746 4.023291110992432 -7.649481773376465 1.6587399244308472 15.190975189208984 3.082332140889277 0.8268842697143555
Car -1 -1 -0.91 1018.9251708984375 203.10177612304688 1239.632568359375 371.1295471191406 1.390362024307251 1.569308876991272 3.705547571182251 4.416992664337158 1.5685116052627563 4.277143955230713 -0.11103582198174422 0.8246819376945496
Car -1 -1 -2.4 -3.8722188472747803 188.63754272460938 134.72761940956116 345.1995544433594 1.4596214294433594 1.6168988943099976 4.066015243530273 -7.77818489074707 1.734744906425476 7.960287570953369 3.113664636757033 0.820486843585968
Car -1 -1 0.71 -5.814352512359619 182.2710723876953 251.45319509506226 300.1075439453125 1.5029146671295166 1.6041170358657837 4.302450180053711 -7.8921613693237305 1.6725951433181763 10.457962036132812 0.06657380581377659 0.811140775680542
Car -1 -1 -0.24 685.5396728515625 183.4363250732422 867.4876098632812 249.75230407714844 1.4488986730575562 1.6559017896652222 4.112287998199463 4.138844013214111 1.7958762049674988 18.152565002441406 -0.012196791204792667 0.8061029314994812
Car -1 -1 -2.74 229.26528930664062 171.5310821533203 381.4526672363281 237.15963745117188 1.655428409576416 1.647920846939087 4.138662338256836 -8.53407096862793 1.731980323791504 20.321365356445312 -3.137514762580089 0.7481709122657776
Car -1 -1 -2.8 207.57159423828125 179.39471435546875 369.811279296875 238.77711486816406 1.4950885772705078 1.6468557119369507 4.029871463775635 -8.461746215820312 1.683420181274414 19.14637565612793 3.071000749889361 0.726288378238678
Car -1 -1 -1.77 455.53936767578125 178.65264892578125 489.62554931640625 202.68997192382812 1.6784368753433228 1.6781182289123535 3.588124990463257 -9.552735328674316 2.060325562953949 49.9935417175293 -1.9606983326292848 0.7198889851570129
Car -1 -1 -2.72 175.6441650390625 180.2921905517578 360.1603698730469 244.60028076171875 1.5367015600204468 1.6212735176086426 3.9540035724639893 -8.689559936523438 1.6725926995277405 19.442325592041016 3.140709085900582 0.6719779968261719
Car -1 -1 -2.49 -0.5024271011352539 199.68270874023438 116.2672872543335 335.69866943359375 1.5188523530960083 1.6687124967575073 3.83060622215271 -8.062273025512695 1.8212664723396301 8.09381103515625 3.0129947062553457 0.5258600115776062
Car -1 -1 -2.37 -4.020955562591553 184.284423828125 157.48256921768188 325.43292236328125 1.490371584892273 1.6447771787643433 3.9934794902801514 -7.722057819366455 1.7385386228561401 7.942338466644287 -3.141149073498389 0.5188209414482117
Car -1 -1 -2.85 267.52874755859375 174.71060180664062 401.72412109375 225.51010131835938 1.549128770828247 1.6347447633743286 4.0144429206848145 -8.852581977844238 1.6687904000282288 23.348369598388672 3.0718612416715647 0.50566565990448
Car -1 -1 2.28 -7.57227087020874 182.99853515625 198.07978296279907 313.228515625 1.4755626916885376 1.7038315534591675 4.386220455169678 -8.133270263671875 1.6480621695518494 9.001779556274414 1.542292636272541 0.467754989862442
Car -1 -1 -2.43 256.7684020996094 171.09637451171875 388.9610595703125 230.0572052001953 1.7753392457962036 1.7626224756240845 4.161175727844238 -8.802257537841797 1.7080338597297668 22.402124404907227 -2.802652595381587 0.40987175703048706
Car -1 -1 -0.1 3.5072076320648193 181.2174530029297 293.14594054222107 282.0953369140625 1.5679410696029663 1.6548560857772827 4.394681453704834 -7.627180576324463 1.7877514958381653 10.772589683532715 -0.7117957684271823 0.37449222803115845
Car -1 -1 -2.92 82.33088684082031 180.0344696044922 317.5028076171875 265.40863037109375 1.4000526666641235 1.6320157051086426 4.011409759521484 -8.227889060974121 1.5955188274383545 15.849745750427246 2.8852089697938403 0.3146015703678131
Car -1 -1 -2.41 -6.668719291687012 197.22824096679688 167.7584047317505 352.86248779296875 1.4801356792449951 1.6396433115005493 4.13699197769165 -7.791543960571289 1.8427786827087402 8.297823905944824 3.1201882240493806 0.30385446548461914
Car -1 -1 -2.52 307.3484802246094 175.77767944335938 398.7469482421875 223.95681762695312 1.52480947971344 1.6737035512924194 4.046873569488525 -8.985732078552246 1.698075771331787 24.799591064453125 -2.869867225012481 0.2956876754760742
Van -1 -1 -2.74 233.78848266601562 169.73300170898438 384.5426330566406 235.6768341064453 1.818598747253418 1.7965844869613647 4.537324905395508 -8.985316276550293 1.7623481154441833 22.028226852416992 -3.1271334546036753 0.29188892245292664
Van -1 -1 0.76 -6.691816329956055 185.9790496826172 250.81794929504395 301.9286804199219 1.985874056816101 1.861760139465332 4.617504596710205 -7.999549388885498 1.8567587733268738 10.694973945617676 0.11988762967537125 0.24129457771778107
Car -1 -1 -2.71 106.6131591796875 181.12632751464844 312.10113525390625 250.23556518554688 1.4779590368270874 1.6222864389419556 4.164297103881836 -8.040072441101074 1.6427781581878662 15.3866548538208 3.090305651505183 0.23868103325366974
Van -1 -1 -0.04 688.5745239257812 181.24197387695312 881.6327514648438 246.79122924804688 1.7916584014892578 1.7380341291427612 4.514931678771973 4.36051082611084 1.8864325881004333 19.224523544311523 0.17910653276033672 0.23148228228092194
Car -1 -1 -1.06 1039.61572265625 193.4939727783203 1214.25048828125 354.3379821777344 1.4761857986450195 1.5561974048614502 3.8791089057922363 4.372238636016846 1.612716257572174 4.529553413391113 -0.2900779143917487 0.2286083847284317
Car -1 -1 2.93 56.54518508911133 183.44110107421875 295.2410011291504 271.3664245605469 1.3537472486495972 1.5586819648742676 4.107391357421875 -7.905120849609375 1.5260198712348938 13.548378944396973 2.4049747413973215 0.21977446973323822
Van -1 -1 -2.78 256.555908203125 171.17684936523438 397.4219970703125 230.11392211914062 1.8179829120635986 1.778600811958313 4.469000339508057 -9.356109619140625 1.727601408958435 24.448949813842773 3.135975043008802 0.21640683710575104
Van -1 -1 -0.25 708.4578857421875 183.30105590820312 930.7688598632812 259.79595947265625 1.9170386791229248 1.7558189630508423 4.4885663986206055 4.9049882888793945 1.8775336146354675 16.32746696472168 0.04042679239395497 0.21597592532634735
Car -1 -1 0.69 -9.649310111999512 169.3927001953125 235.79092121124268 320.0075988769531 1.5901648998260498 1.6171141862869263 4.327908515930176 -8.095694541931152 1.7801570892333984 10.63026237487793 0.04365324633026679 0.21204714477062225
Cyclist -1 -1 2.94 2.8683784008026123 189.24822998046875 134.0033576488495 349.91180419921875 1.710980772972107 0.6692279577255249 1.8507475852966309 -6.1663384437561035 1.8861094117164612 7.258578300476074 2.2392146248342737 0.20837275683879852
Car -1 -1 -2.29 4.709963321685791 183.6136932373047 126.6387734413147 322.6258850097656 1.5257508754730225 1.5997987985610962 3.803804874420166 -7.730208396911621 1.6542255282402039 7.949009895324707 -3.066223756059152 0.1936156153678894
Car -1 -1 0.79 1095.3680419921875 201.5132293701172 1242.5074462890625 363.2957763671875 1.474547028541565 1.5599212646484375 3.701711893081665 6.422642230987549 1.8508854508399963 6.322901725769043 1.5787666566177325 0.18417203426361084