Car -1 -1 -1.84 726.541015625 191.6685028076172 913.6697998046875 305.9881286621094 1.3783823251724243 1.62996506690979 4.035975933074951 2.959993600845337 1.698539912700653 11.085323333740234 -1.5826378114481532 0.8871252536773682
Car -1 -1 -1.68 653.5394287109375 172.17123413085938 707.152099609375 217.11953735351562 1.6965856552124023 1.6949793100357056 4.1404032707214355 2.8085763454437256 1.7017235159873962 29.10843276977539 -1.587767409164269 0.8762075901031494
Car -1 -1 -2.41 5.7048773765563965 147.0311279296875 265.40562200546265 319.9869689941406 1.8386727571487427 1.6839988231658936 4.1619110107421875 -6.893619060516357 1.622477114200592 8.936697006225586 -3.0621897800264595 0.789519190788269
Car -1 -1 -2.37 -0.9945172667503357 177.2355194091797 166.58624750375748 373.98028564453125 1.5474953651428223 1.597739815711975 4.010956287384033 -6.585910320281982 1.6687687039375305 6.6534247398376465 3.1372640829526954 0.7782301902770996
Car -1 -1 -2.82 400.4169006347656 170.90428161621094 512.2982177734375 219.164306640625 1.6601554155349731 1.6738126277923584 4.090137481689453 -5.585172176361084 1.632018506526947 26.70207405090332 -3.030930920057962 0.7758716344833374
Car -1 -1 -2.83 356.44354248046875 174.40455627441406 484.3876647949219 229.17080688476562 1.445137619972229 1.6234737634658813 3.598539352416992 -5.635305881500244 1.5885587930679321 21.646568298339844 -3.0895899931009527 0.7585639357566833
Car -1 -1 -2.94 443.15570068359375 170.81271362304688 532.9884033203125 207.91143798828125 1.6818935871124268 1.729481816291809 4.13967227935791 -5.569649696350098 1.6179062128067017 33.71400451660156 -3.1084837721221863 0.7103638648986816
Car -1 -1 -2.34 -5.434944152832031 155.75367736816406 197.7354965209961 371.7490539550781 1.5792707204818726 1.658458948135376 4.2304863929748535 -6.468421936035156 1.6046581864356995 6.449936389923096 -3.125444629275785 0.6738798022270203
Car -1 -1 -2.3 238.96546936035156 175.96226501464844 399.8601379394531 262.6051330566406 1.5066170692443848 1.476583480834961 2.747847557067871 -5.862201690673828 1.608874797821045 14.361258506774902 -2.683995103021565 0.5952816009521484
Car -1 -1 -2.86 422.3206787109375 169.9425811767578 526.172607421875 213.2664794921875 1.614807367324829 1.672305703163147 3.9057092666625977 -5.799203395843506 1.5984122157096863 31.795127868652344 -3.038047626339422 0.5823522806167603
Car -1 -1 -2.72 199.82730102539062 176.9864959716797 402.0908203125 257.21527099609375 1.559817910194397 1.5963271856307983 3.3795416355133057 -6.022420406341553 1.644908368587494 14.27402400970459 -3.1238723626150584 0.5201312899589539
Car -1 -1 -2.38 -4.754382133483887 162.71934509277344 228.17838764190674 345.46380615234375 1.6602072715759277 1.668515682220459 3.985281229019165 -6.175595760345459 1.5764846205711365 6.890203952789307 -3.1081329953592505 0.5151702165603638
Car -1 -1 -2.79 387.1324462890625 174.86917114257812 504.024658203125 220.55838012695312 1.5134721994400024 1.594876766204834 3.7442407608032227 -5.746199131011963 1.6710247993469238 27.18278694152832 -2.998126038997233 0.48976975679397583
Car -1 -1 -2.84 376.1246032714844 176.8818817138672 491.9862060546875 227.1001434326172 1.5189470052719116 1.618678331375122 3.878871440887451 -5.876158714294434 1.652274250984192 23.4974365234375 -3.0843116511225404 0.4273765981197357
Car -1 -1 -2.88 344.92987060546875 180.02777099609375 470.43988037109375 234.49459838867188 1.4734020233154297 1.5405216217041016 3.6748924255371094 -5.820880889892578 1.6559909582138062 21.10750389099121 3.129775022562482 0.40037962794303894
Van -1 -1 -2.61 -5.647899627685547 149.25047302246094 259.7851448059082 309.58197021484375 1.9036983251571655 1.7274013757705688 4.387433052062988 -7.377932548522949 1.6804217100143433 9.764982223510742 3.023475740004537 0.32746532559394836
Van -1 -1 -2.74 408.248291015625 168.97779846191406 517.8244018554688 217.18922424316406 1.8596611022949219 1.762427806854248 4.5483903884887695 -5.685258388519287 1.6928831338882446 28.813764572143555 -2.9369706410565506 0.30387333035469055
Car -1 -1 -1.69 650.02197265625 175.00973510742188 699.27978515625 215.4082489013672 1.634842038154602 1.6653190851211548 4.049286842346191 2.8231360912323 1.7322701811790466 29.862003326416016 -1.5978441933917047 0.2986617982387543
Cyclist -1 -1 2.82 366.8819580078125 173.75430297851562 482.68701171875 232.08294677734375 1.6588650941848755 0.6256946921348572 1.7560555934906006 -4.154519081115723 1.526014268398285 16.0423526763916 2.564773271513207 0.2820896804332733
Van -1 -1 -2.83 439.9469909667969 169.3405303955078 535.8934936523438 208.83819580078125 1.8940808773040771 1.7818734645843506 4.832894325256348 -5.9785475730896 1.7104772925376892 36.43516540527344 -2.9899952240790135 0.2664960026741028
Van -1 -1 -2.4 -0.32698217034339905 184.31422424316406 169.99018701910973 368.9048767089844 1.7929878234863281 1.7895694971084595 4.371651649475098 -6.813564777374268 1.8555811643600464 7.381568908691406 3.137866112654855 0.253004789352417
Car -1 -1 -2.07 -1.8981362581253052 194.88427734375 46.35435473918915 383.9056396484375 1.5847152471542358 1.5940232276916504 3.775064468383789 -5.1912455558776855 1.6012145280838013 3.821118116378784 -3.008519658040526 0.23725616931915283
Car -1 -1 -2.63 305.107666015625 180.3943328857422 438.1014099121094 241.7751922607422 1.4560246467590332 1.5090101957321167 3.387885808944702 -6.200458526611328 1.693146288394928 18.97931671142578 -2.946461533209634 0.2317447066307068
Car -1 -1 -3.01 456.5765686035156 172.10719299316406 535.9047241210938 205.26861572265625 1.6958000659942627 1.733650803565979 4.183790683746338 -5.722767353057861 1.681620478630066 36.815528869628906 3.118974014560404 0.23082131147384644
Car -1 -1 -1.64 647.7965698242188 176.0520477294922 692.52587890625 211.94410705566406 1.570055603981018 1.5985339879989624 4.093784809112549 2.8322198390960693 1.7507622241973877 33.5262565612793 -1.5516435979080896 0.23007488250732422
Car -1 -1 -2.49 223.79534912109375 180.97349548339844 393.2334289550781 251.81353759765625 1.5450128316879272 1.5459132194519043 3.3658130168914795 -6.264506816864014 1.7452099919319153 14.754999160766602 -2.8935305468430474 0.22356700897216797
Van -1 -1 -2.45 -8.462567329406738 155.6864013671875 229.12289714813232 352.06591796875 1.9241803884506226 1.8802146911621094 4.528337478637695 -7.111729145050049 1.7742369771003723 8.073933601379395 3.11310277537278 0.22158215939998627
Car -1 -1 -2.03 505.6502990722656 173.55381774902344 553.3076782226562 198.89834594726562 1.5319620370864868 1.5848231315612793 3.924663782119751 -5.4014410972595215 1.6377043724060059 48.09825134277344 -2.1383646301902717 0.21774516999721527
Car -1 -1 -2.32 -3.4490160942077637 177.07533264160156 110.78770875930786 371.3462219238281 1.6196873188018799 1.6760072708129883 4.218730926513672 -6.695919513702393 1.5715581774711609 6.399674415588379 -3.1279635900478686 0.20869475603103638
Pedestrian -1 -1 2.46 366.8819580078125 173.75430297851562 482.68701171875 232.08294677734375 1.7006385326385498 0.5997424721717834 0.6232281923294067 -4.031188488006592 1.5250566005706787 15.323967933654785 2.202802915705931 0.2037103772163391
Car -1 -1 -2.42 11.919278144836426 162.88018798828125 295.63879108428955 303.4712219238281 1.7555583715438843 1.6871960163116455 4.062557697296143 -7.019816875457764 1.5872369408607483 9.542078018188477 -3.053864620749698 0.20086242258548737
Car -1 -1 -2.31 -6.142874240875244 194.82061767578125 123.25016164779663 388.5725402832031 1.5412266254425049 1.6929357051849365 4.120327949523926 -6.262176036834717 1.6298500895500183 5.82001256942749 -3.129108952213967 0.19838662445545197
Car -1 -1 -2.68 269.68701171875 177.55581665039062 424.0981140136719 247.07444763183594 1.49325430393219 1.5879260301589966 3.4589896202087402 -5.746567249298096 1.6081146001815796 14.831045150756836 -3.046447574884592 0.196153923869133
Car -1 -1 -1.97 635.6514282226562 177.38047790527344 661.7296142578125 197.4673614501953 1.3803210258483887 1.5887752771377563 3.4814774990081787 2.7155401706695557 1.743454933166504 51.150577545166016 -1.9171245804542592 0.19507278501987457
Cyclist -1 -1 -2.83 1.448922872543335 175.9703826904297 177.73621535301208 372.832763671875 1.6567103862762451 0.6813313961029053 1.7287286520004272 -4.769405841827393 1.6366772055625916 5.7455363273620605 2.7617524898149437 0.19407232105731964
Car -1 -1 -2.11 -3.334052562713623 191.03271484375 66.90795183181763 377.0966491699219 1.5100809335708618 1.5376733541488647 3.7456836700439453 -5.35518741607666 1.6102715134620667 4.176093101501465 -3.0170391262377763 0.19398172199726105
Car -1 -1 -2.32 472.30364990234375 171.0896453857422 538.059814453125 207.03115844726562 1.5957536697387695 1.6156421899795532 4.181475639343262 -5.523960113525391 1.6508713364601135 39.44013595581055 -2.4618702866420534 0.19172623753547668
Car -1 -1 -1.49 646.7691650390625 175.39968872070312 683.023193359375 203.3404998779297 1.4463460445404053 1.5759718418121338 3.502803087234497 2.84942364692688 1.6108214855194092 39.62744140625 -1.4141920754558415 0.18980778753757477
Car -1 -1 -2.31 489.8495178222656 172.70323181152344 547.0221557617188 202.03475952148438 1.5651487112045288 1.6037321090698242 3.9997575283050537 -5.6139984130859375 1.6614406108856201 46.12677001953125 -2.426218484474478 0.18737925589084625
Car -1 -1 -2.35 -4.909049034118652 155.3846893310547 149.12235355377197 326.918212890625 1.678786277770996 1.6365644931793213 4.005565643310547 -8.067232131958008 1.6917492747306824 8.54524040222168 -3.1086488386685005 0.18664532899856567
Car -1 -1 -2.51 0.014241497963666916 151.5928497314453 178.4689381532371 308.3459167480469 1.7370623350143433 1.6009794473648071 3.973649740219116 -8.813419342041016 1.6316783428192139 10.144270896911621 3.0621931415051424 0.1856485903263092
Van -1 -1 -2.69 422.171142578125 166.6781005859375 526.1260375976562 214.4952392578125 1.8081613779067993 1.7516841888427734 4.534647464752197 -5.704107284545898 1.5567026138305664 31.133039474487305 -2.8736964474490048 0.18318979442119598
Car -1 -1 -2.31 67.50825500488281 166.9398193359375 280.869384765625 280.44775390625 1.6666439771652222 1.5920288562774658 3.6951799392700195 -8.125944137573242 1.751986801624298 12.911251068115234 -2.8673648273368766 0.17832335829734802
Pedestrian -1 -1 -2.55 402.8814392089844 174.92271423339844 508.6966552734375 218.7561492919922 1.8866736888885498 0.6674274206161499 0.8294355273246765 -4.634453773498535 1.674160361289978 21.478235244750977 -2.759500560799964 0.1775122880935669
Car -1 -1 -2.77 324.0299377441406 180.9978485107422 448.18994140625 237.70376586914062 1.5171564817428589 1.6149390935897827 3.65463924407959 -6.073947429656982 1.6499158143997192 19.978588104248047 -3.062855884812837 0.17388468980789185
Car -1 -1 -2.48 -8.816113471984863 151.23501586914062 227.50345134735107 285.4689636230469 1.7719571590423584 1.626861810684204 4.096402645111084 -7.983320713043213 1.5852441787719727 10.468562126159668 -3.127055950900133 0.16103844344615936
Van -1 -1 -1.37 -8.816113471984863 151.23501586914062 227.50345134735107 285.4689636230469 2.0799107551574707 1.8501980304718018 4.53688383102417 -9.289514541625977 1.7473254799842834 12.03927230834961 -2.0307915551665428 0.1604747772216797