Car -1 -1 -3.13 432.8042297363281 173.7992401123047 503.6536560058594 197.6773681640625 1.5160919427871704 1.7283297777175903 4.38914155960083 -9.217196464538574 1.6153703331947327 47.07310104370117 2.9568009388228305 0.8084242343902588
Car -1 -1 2.79 225.84652709960938 181.9561004638672 302.7362365722656 209.6980438232422 1.4955991506576538 1.6475671529769897 3.576174736022949 -20.408960342407227 2.070715367794037 42.414974212646484 2.3384432609825474 0.804610013961792
Car -1 -1 2.38 36.585411071777344 184.643798828125 170.04912567138672 229.21377563476562 1.5817993879318237 1.6233445405960083 4.216369152069092 -20.419876098632812 2.0932801365852356 29.18029022216797 1.7667819102305256 0.7802650332450867
Car -1 -1 2.48 276.9122619628906 174.39561462402344 360.53680419921875 212.4914093017578 1.694383144378662 1.6765110492706299 3.963207960128784 -14.615848541259766 1.8719727993011475 36.27853012084961 2.100299889791203 0.7702770233154297
Car -1 -1 2.58 891.1902465820312 168.86326599121094 955.4458618164062 193.1707000732422 1.4915937185287476 1.5915231704711914 3.450223684310913 20.176301956176758 1.2753151059150696 46.576148986816406 2.9922662199421204 0.7608550786972046
Van -1 -1 2.62 278.2659912109375 173.26593017578125 360.5232849121094 212.5781707763672 1.92816960811615 1.735036849975586 4.022691249847412 -15.374606132507324 1.8903815746307373 38.123939514160156 2.240235817123761 0.5255434513092041
Van -1 -1 1.95 306.5017395019531 166.91131591796875 362.45477294921875 201.2991485595703 2.318955421447754 1.8449015617370605 4.963058948516846 -19.452600479125977 1.8748726844787598 50.788543701171875 1.581159028550732 0.43660444021224976
Car -1 -1 2.25 287.34454345703125 170.2142791748047 361.7867736816406 208.84939575195312 1.8002560138702393 1.6548924446105957 4.075318813323975 -18.35425567626953 1.8384572267532349 47.401763916015625 1.878020244147696 0.42320284247398376
Van -1 -1 2.28 292.08343505859375 168.40078735351562 361.6742248535156 207.6134796142578 2.1802895069122314 1.7985470294952393 4.766022682189941 -17.73088836669922 1.9260098338127136 45.50414276123047 1.9034893797895647 0.3741743266582489
Van -1 -1 1.06 985.326171875 161.96157836914062 1037.0059814453125 186.80453491210938 1.8830050230026245 1.8452023267745972 4.453868865966797 30.851184844970703 1.0156350061297417 55.517154693603516 1.5652847805766381 0.3670558035373688
Van -1 -1 2.38 40.5819206237793 184.846923828125 163.71642684936523 228.09823608398438 1.8762537240982056 1.786191701889038 4.447774410247803 -21.99254608154297 2.301913559436798 31.393375396728516 1.7696674013407696 0.3530619144439697
Car -1 -1 2.06 384.4253234863281 175.05404663085938 419.3079833984375 194.5180206298828 1.5267109870910645 1.473645806312561 3.215744733810425 -17.236234664916992 1.739144504070282 59.43891525268555 1.7770267246735072 0.3220852315425873
Car -1 -1 1.83 872.7885131835938 168.9998779296875 917.7847900390625 191.2656707763672 1.4838168621063232 1.5126477479934692 3.217134714126587 20.240787506103516 1.2628655433654785 50.81362533569336 2.2075649883384054 0.27957841753959656
Car -1 -1 2.16 302.04547119140625 167.2041778564453 362.2290344238281 204.3606414794922 1.8372880220413208 1.6728322505950928 3.99015736579895 -18.294414520263672 1.8255692720413208 47.39400863647461 1.7908290246910799 0.2543850243091583
Car -1 -1 0.97 981.142333984375 161.33621215820312 1036.235107421875 186.69091796875 1.7432043552398682 1.6624406576156616 3.3123674392700195 28.176008224487305 0.9606928527355194 50.80751419067383 1.4800290268364087 0.22974824905395508
Car -1 -1 1.05 805.5158081054688 166.0693817138672 845.2570190429688 189.71705627441406 1.5853031873703003 1.5596110820770264 3.786332130432129 16.061344146728516 1.125215470790863 53.69236755371094 1.341217047158005 0.2219284474849701
Car -1 -1 1.86 880.4859008789062 170.149169921875 927.4214477539062 192.43675231933594 1.4337562322616577 1.5205068588256836 3.249786138534546 19.775894165039062 1.305805265903473 47.90317916870117 2.255053915962745 0.2174428254365921
Car -1 -1 1.75 883.0203857421875 169.63067626953125 941.6048583984375 191.0587615966797 1.3891910314559937 1.5182322263717651 3.5133397579193115 20.321189880371094 1.2344037890434265 48.45888137817383 2.145615343431487 0.2114279568195343
Car -1 -1 2.49 32.634544372558594 184.50042724609375 175.8868637084961 241.2290802001953 1.5693068504333496 1.6560871601104736 4.246146202087402 -19.730634689331055 2.132086396217346 28.060077667236328 1.881886910476818 0.17603380978107452
Truck -1 -1 2.62 1109.4761962890625 126.28156280517578 1233.41064453125 188.761474609375 3.3412909507751465 2.63632869720459 11.038214683532715 35.02781677246094 0.6510167121887207 41.15461349487305 -2.9587148126262584 0.1655893474817276