Car -1 -1 -1.72 604.6019287109375 177.0349578857422 679.830078125 235.5190887451172 1.6342051029205322 1.6372010707855225 3.66987943649292 0.9007318615913391 1.778175950050354 21.648801803588867 -1.6737996430866495 0.8953693509101868
Car -1 -1 0.71 5.778966426849365 169.1652069091797 259.33096837997437 317.25213623046875 1.6700952053070068 1.6175007820129395 4.164231777191162 -7.0610833168029785 1.6752329468727112 9.197585105895996 0.059356076528661816 0.8287339210510254
Car -1 -1 -2.28 -4.729431629180908 181.8816375732422 81.47201490402222 368.8087463378906 1.7080426216125488 1.638512372970581 4.177933216094971 -7.3146443367004395 1.7535788416862488 6.174525260925293 3.1315453352537883 0.7562972903251648
Car -1 -1 -2.3 2.615255355834961 175.56942749023438 69.91317558288574 365.4281921386719 1.646230697631836 1.6644165515899658 4.42193603515625 -7.161135673522949 1.660106360912323 5.753794193267822 3.0939087156964478 0.7015013098716736
Car -1 -1 -2.69 388.2845458984375 175.8465576171875 467.3555908203125 208.77061462402344 1.60746169090271 1.7143573760986328 4.190906047821045 -9.347136497497559 1.7587479948997498 36.57284927368164 -2.9431096551791276 0.6708073019981384
Car -1 -1 -2.59 378.2748718261719 177.54165649414062 463.02996826171875 212.49957275390625 1.5503348112106323 1.666015386581421 4.204946994781494 -9.032099723815918 1.8072295784950256 34.65403366088867 -2.8495607477366294 0.6145297884941101
Car -1 -1 -1.65 549.697998046875 178.38766479492188 573.9237670898438 197.29617309570312 1.3845185041427612 1.6264101266860962 3.515641212463379 -3.8069937229156494 1.8984037041664124 57.06873321533203 -1.716831954966576 0.5426633954048157
Car -1 -1 -2.47 367.1304931640625 179.5299072265625 456.48138427734375 215.84461975097656 1.4795095920562744 1.637840747833252 4.048933029174805 -8.270180702209473 1.7984895706176758 29.344911575317383 -2.747606273803491 0.4848734140396118
Car -1 -1 -2.29 274.7203369140625 177.10354614257812 416.3916320800781 251.60354614257812 1.599589228630066 1.5734463930130005 3.3692378997802734 -5.923296928405762 1.760255217552185 16.90616226196289 -2.622558119388307 0.451214075088501
Van -1 -1 -2.76 378.6888732910156 173.8254852294922 466.64227294921875 209.14869689941406 1.9979782104492188 1.8591363430023193 4.913054466247559 -10.414306640625 1.9361546635627747 40.651878356933594 -3.01409038731531 0.41706910729408264
Car -1 -1 -2.12 -15.673070907592773 173.74354553222656 104.89665412902832 353.114013671875 1.6621179580688477 1.651881217956543 4.198435306549072 -6.491218566894531 1.6781087517738342 5.867280006408691 -2.95558770361074 0.39003437757492065
Car -1 -1 -2.62 353.1675109863281 181.52542114257812 443.1000061035156 221.0576629638672 1.4518766403198242 1.6205525398254395 4.193459987640381 -8.072829246520996 1.794687032699585 28.267457962036133 -2.898507498042764 0.33016616106033325
Car -1 -1 -2.29 -0.42435529828071594 164.08734130859375 60.514590471982956 345.7867126464844 1.5615023374557495 1.6953579187393188 4.385257244110107 -6.887044429779053 1.6289852261543274 5.832609176635742 3.128978705003635 0.32583871483802795
Car -1 -1 -2.73 283.1783752441406 178.45005798339844 428.834716796875 241.71685791015625 1.5496224164962769 1.595615267753601 3.7733688354492188 -6.054763317108154 1.7605170011520386 17.964078903198242 -3.0560327368723073 0.32222917675971985
Car -1 -1 -2.29 10.22518253326416 204.80101013183594 72.70923709869385 350.31591796875 1.7304463386535645 1.6366615295410156 4.047685623168945 -6.170154094696045 1.7529389262199402 5.775640487670898 -3.1064358916480543 0.30903732776641846
Van -1 -1 0.7 4.906360626220703 168.9272003173828 251.00165176391602 316.2774658203125 1.9579271078109741 1.6495915651321411 3.9848339557647705 -7.059243679046631 1.8454321026802063 9.368815422058105 0.051015748746125134 0.30628493428230286
Van -1 -1 -2.94 382.3305358886719 177.4986572265625 453.5965576171875 210.1840057373047 1.7628670930862427 1.6383854150772095 4.337103843688965 -9.88127613067627 1.8079366087913513 38.335777282714844 3.087614959072342 0.2846226096153259
Car -1 -1 -3.03 -9.280353546142578 171.74440002441406 133.80486679077148 337.8597412109375 1.7301905155181885 1.651884913444519 4.081272602081299 -6.754423141479492 1.6090571284294128 6.228515625 2.42370048509523 0.28078770637512207
Van -1 -1 -2.79 369.8470153808594 176.7644805908203 460.87445068359375 212.3046875 2.0618669986724854 1.8311864137649536 5.272796154022217 -9.814573287963867 2.010062038898468 37.96143341064453 -3.042933913738268 0.27723145484924316
Car -1 -1 -2.38 382.6125793457031 180.39947509765625 455.3688659667969 218.9827423095703 1.5140137672424316 1.619152545928955 4.136421203613281 -8.437999725341797 1.9035968780517578 31.79433250427246 -2.6386380796128384 0.2622750401496887
Car -1 -1 -2.33 -19.73818588256836 160.01144409179688 80.11384963989258 345.917724609375 1.705227255821228 1.6679880619049072 4.157267093658447 -6.865946292877197 1.697239875793457 5.797186374664307 3.083657349669579 0.2597641348838806
Car -1 -1 0.26 4.854132652282715 177.03085327148438 207.26131343841553 336.42822265625 1.6949955224990845 1.6354674100875854 3.974022150039673 -7.140580654144287 1.7757569551467896 8.920781135559082 -0.4187803340786438 0.2520017921924591
Car -1 -1 0.64 -10.27940559387207 155.25257873535156 230.55045890808105 345.1961364746094 1.6240962743759155 1.6450731754302979 3.9991228580474854 -7.295568943023682 1.7655869722366333 9.17304801940918 -0.034893546065648096 0.23368535935878754
Car -1 -1 -2.78 309.0918273925781 178.5965576171875 437.0306396484375 236.2373046875 1.5633175373077393 1.5983226299285889 3.840714693069458 -6.902430057525635 1.8045077323913574 21.323429107666016 -3.094803634243588 0.2308763861656189
Van -1 -1 -2.25 -0.41532206535339355 190.54263305664062 80.90985035896301 370.5069885253906 1.755383849143982 1.8229066133499146 4.0701398849487305 -8.710824012756348 2.1258721947669983 7.984046936035156 -3.0753884300829224 0.23059438169002533
Car -1 -1 -0.14 -4.387834072113037 166.83563232421875 182.30027627944946 325.32452392578125 1.7733005285263062 1.6887797117233276 4.212477684020996 -7.353460311889648 1.7306185364723206 8.600719451904297 -0.846148119806867 0.22575007379055023
Car -1 -1 -2.16 1.7846860885620117 197.09786987304688 92.5515546798706 350.9604797363281 1.5128281116485596 1.6064653396606445 4.181273460388184 -7.090139865875244 1.7747654914855957 6.066423416137695 -3.019273332961917 0.20384381711483002
Car -1 -1 0.58 47.58665084838867 180.70396423339844 255.0923728942871 302.16448974609375 1.5892788171768188 1.6039280891418457 3.7653274536132812 -7.070980072021484 1.6144551634788513 9.620502471923828 -0.0488293921456866 0.19855915009975433
Car -1 -1 -2.4 2.7703394889831543 192.45132446289062 67.2655177116394 338.596435546875 1.6238049268722534 1.6813286542892456 4.449521064758301 -7.762369155883789 1.7858290076255798 6.333732604980469 2.997065834872184 0.1927531510591507
Car -1 -1 -2.44 -3.069950819015503 168.71249389648438 81.959223985672 328.6263122558594 1.5457959175109863 1.7094331979751587 4.26368522644043 -6.346984386444092 1.5502324104309082 5.788546085357666 3.0166924280007645 0.19007086753845215
Car -1 -1 -2.39 -8.331011772155762 157.11563110351562 68.7676591873169 336.72808837890625 1.6775891780853271 1.6632872819900513 4.217507362365723 -7.005376815795898 1.7010349035263062 5.9598541259765625 3.0290775683795106 0.1867743581533432
Car -1 -1 0.72 4.7910614013671875 166.77197265625 224.7078094482422 297.01531982421875 1.6157935857772827 1.636568546295166 3.8955705165863037 -7.534393310546875 1.5852108001708984 9.93132495880127 0.07485526332287051 0.18342261016368866
Car -1 -1 -2.27 7.360505104064941 171.49647521972656 107.18808841705322 333.7602844238281 1.6469218730926514 1.647740125656128 3.9754064083099365 -6.328136920928955 1.545462727546692 6.076422691345215 -3.0783633499247296 0.1662474125623703
Car -1 -1 -2.9 395.13604736328125 177.8015594482422 452.75262451171875 215.20645141601562 1.5482887029647827 1.6229182481765747 4.107934951782227 -9.312929153442383 1.8633765578269958 36.67815017700195 3.1332617573129884 0.16099072992801666
Car -1 -1 -2.35 -6.03513240814209 168.41354370117188 111.9683313369751 314.3778991699219 1.6410562992095947 1.6693446636199951 4.033670902252197 -6.569479942321777 1.4882539510726929 6.519765377044678 -3.1369646302076752 0.1562405228614807
Car -1 -1 -2.58 349.57061767578125 178.630859375 446.08050537109375 228.03640747070312 1.6281665563583374 1.658033013343811 3.8148605823516846 -8.661495208740234 1.9849298596382141 29.952899932861328 -2.8613818013523504 0.1518389880657196
Car -1 -1 -2.78 323.2770080566406 175.2107696533203 442.7556457519531 227.72996520996094 1.4296622276306152 1.6846026182174683 4.0530619621276855 -7.040097236633301 1.771554946899414 21.891862869262695 -3.0929147299475765 0.15001676976680756