Car -1 -1 1.86 325.58905029296875 193.51864624023438 432.4972839355469 257.4969787597656 1.4792327880859375 1.5784090757369995 3.9967262744903564 -6.061041355133057 2.057504415512085 19.054962158203125 1.552369657721739 0.8963200449943542
Car -1 -1 -1.88 763.7164916992188 178.18212890625 1020.3677368164062 335.6708679199219 1.5218806266784668 1.6472562551498413 3.9900646209716797 3.160780668258667 1.6061514019966125 8.990001678466797 -1.5421590016268922 0.8890939354896545
Car -1 -1 -1.69 710.338623046875 176.41961669921875 810.3184204101562 257.76483154296875 1.5200151205062866 1.5885801315307617 3.318936586380005 3.0701732635498047 1.6303120255470276 15.466005325317383 -1.4903644839374532 0.8857420086860657
Car -1 -1 1.77 480.4399719238281 184.76307678222656 520.5188598632812 210.71328735351562 1.4739032983779907 1.6578149795532227 3.7108874320983887 -6.494842052459717 2.1900277733802795 43.214229583740234 1.625676416215624 0.7751601934432983
Car -1 -1 -2.46 964.83642578125 176.68411254882812 1237.772705078125 371.3326416015625 1.6110434532165527 1.6219093799591064 3.7729787826538086 2.7637171745300293 1.6292120814323425 2.1864373683929443 -1.5595320547059188 0.7406502962112427
Car -1 -1 -1.69 640.5880737304688 176.54270935058594 670.4705810546875 199.33021545410156 1.5194708108901978 1.592456579208374 3.527150869369507 2.9238808155059814 1.7608442902565002 46.74803161621094 -1.6227077920271578 0.5662089586257935
Car -1 -1 1.6 580.2913208007812 177.52865600585938 607.5372314453125 193.77194213867188 1.5090116262435913 1.717057466506958 4.150341987609863 -1.506895899772644 1.8799722790718079 67.74853515625 1.5743048727427489 0.4827920198440552
Van -1 -1 -2.69 17.835573196411133 122.35626983642578 298.95422554016113 269.7600784301758 2.778550863265991 2.1348326206207275 6.436221122741699 -10.744508743286133 1.995520532131195 15.690604209899902 2.98861340563111 0.3557063043117523
Car -1 -1 -2.42 955.5813598632812 134.8043212890625 1250.838623046875 379.1264953613281 1.7299933433532715 1.7079812288284302 4.201605319976807 2.7630510330200195 1.4900051951408386 2.024156332015991 -1.4857490106099522 0.31283608078956604
Truck -1 -1 2.42 8.583521842956543 99.92674255371094 284.58684825897217 286.04931640625 3.3636577129364014 2.5696558952331543 8.600319862365723 -10.685164451599121 1.9721291959285736 15.74728775024414 1.821392418754277 0.2669178247451782
Car -1 -1 1.72 486.93280029296875 184.001953125 523.6458740234375 210.08860778808594 1.4362818002700806 1.6152763366699219 3.79290509223938 -6.535542964935303 2.1907010674476624 43.58073425292969 1.5742102910687379 0.26212042570114136
Car -1 -1 1.85 491.3330993652344 183.12376403808594 529.2278442382812 209.79843139648438 1.4756007194519043 1.5624836683273315 3.599213123321533 -6.439336776733398 2.2103564739227295 43.98755645751953 1.7069023307243913 0.260204941034317
Truck -1 -1 -2.91 11.75225830078125 124.14807891845703 307.45263671875 270.81836700439453 3.3479418754577637 2.3958194255828857 8.998126983642578 -12.571157455444336 2.3777392506599426 18.706829071044922 2.785758459544459 0.24728025496006012
Pedestrian -1 -1 2.55 711.390380859375 177.5540008544922 811.1504516601562 260.35015869140625 1.6000510454177856 0.6145071387290955 0.6930708885192871 2.493476629257202 1.5680232644081116 12.474454879760742 2.7470793264901143 0.23351110517978668
Van -1 -1 2.43 8.583521842956543 99.92674255371094 284.58684825897217 286.04931640625 2.51607346534729 2.0008816719055176 6.066079139709473 -8.820491790771484 1.7228921055793762 12.927895545959473 1.833408514519662 0.2280750572681427
Car -1 -1 -1.5 645.3516845703125 172.1684112548828 679.1695556640625 196.77987670898438 1.5312312841415405 1.5942822694778442 3.3856396675109863 3.0724198818206787 1.6978616118431091 46.17555618286133 -1.4327693729850104 0.21831423044204712
Car -1 -1 -2.43 974.5316162109375 194.10430908203125 1201.53369140625 361.8222351074219 1.4356440305709839 1.6220873594284058 3.8440046310424805 2.9545786380767822 1.5360374450683594 2.276930809020996 -1.5205620193436733 0.2167409062385559
Truck -1 -1 -2.26 962.591064453125 17.021318435668945 1246.1473388671875 360.1185779571533 3.36777925491333 2.464031457901001 7.509368896484375 4.286890029907227 1.6448032185435295 3.5976223945617676 -1.3845675524091945 0.1894000917673111