Car -1 -1 -1.53 524.1484985351562 177.82440185546875 558.3369140625 204.06161499023438 1.459363579750061 1.666490077972412 4.379910945892334 -3.688953399658203 1.316516101360321 41.52584457397461 -1.6191847970586215 0.8520430326461792
Car -1 -1 2.74 903.084228515625 151.2931365966797 1024.07958984375 191.24806213378906 1.6366848945617676 1.6837612390518188 4.353188514709473 15.06196117401123 0.4284382462501526 29.84189224243164 -3.0790495761822427 0.8039266467094421
Cyclist -1 -1 -0.51 395.8931884765625 178.02174377441406 413.92852783203125 214.44961547851562 1.727256417274475 0.5892600417137146 1.8782368898391724 -9.05354118347168 1.5504072308540344 31.94114112854004 -0.78390986301121 0.5518922209739685
Cyclist -1 -1 -0.77 456.2928161621094 175.45880126953125 474.73541259765625 204.0364990234375 1.7662862539291382 0.5637559294700623 1.8375601768493652 -7.332825660705566 1.4049358367919922 38.06178283691406 -0.9586348235137212 0.43079304695129395
Van -1 -1 2.84 902.2332763671875 151.57447814941406 1022.4635620117188 192.82337951660156 1.8051003217697144 1.7970600128173828 4.313281536102295 15.608983039855957 0.5046395063400269 30.92904281616211 -2.9797965780693314 0.29291465878486633
Pedestrian -1 -1 0.11 456.9968566894531 173.91493225097656 472.05609130859375 205.82667541503906 1.8181592226028442 0.6326566338539124 0.8874485492706299 -7.957067966461182 1.466079294681549 39.82316589355469 -0.08730580373569952 0.2747003138065338
Pedestrian -1 -1 -0.92 396.0671081542969 178.1958465576172 413.67822265625 215.6654052734375 1.7359751462936401 0.6260207295417786 0.7235179543495178 -8.958904266357422 1.5948029160499573 31.976844787597656 -1.1971753775389304 0.2728804051876068
Pedestrian -1 -1 1.57 511.8346862792969 174.19459533691406 525.9412841796875 201.211669921875 1.8228602409362793 0.6539136171340942 0.8965140581130981 -5.2217841148376465 1.3413572311401367 43.66144561767578 1.4516972702036677 0.22213375568389893
Cyclist -1 -1 -0.96 458.1372375488281 173.2145233154297 473.1170959472656 206.01309204101562 1.7489006519317627 0.5546681880950928 1.842734456062317 -7.533406734466553 1.338404506444931 38.46379089355469 -1.1530547967979352 0.2022261768579483
Cyclist -1 -1 -0.98 457.103515625 175.2446746826172 470.6296691894531 206.09799194335938 1.724291205406189 0.5123445987701416 1.726912260055542 -7.781181812286377 1.3859175443649292 39.440467834472656 -1.1797291159972092 0.19770966470241547
Cyclist -1 -1 -0.59 462.0828857421875 174.8289794921875 482.2003173828125 204.19227600097656 1.7459396123886108 0.5713657736778259 1.8403457403182983 -7.214848518371582 1.385516345500946 37.957847595214844 -0.7826948520781629 0.19263678789138794