Car -1 -1 -1.77 705.2545166015625 172.16673278808594 845.0942993164062 287.0389709472656 1.6327283382415771 1.6070921421051025 3.484135389328003 2.6186065673828125 1.6652024984359741 12.224916458129883 -1.5586467203685253 0.8813388347625732
Car -1 -1 -1.75 673.1649780273438 180.0877227783203 763.6415405273438 247.0213165283203 1.4069151878356934 1.5948598384857178 3.6969377994537354 2.603116512298584 1.655356228351593 18.423458099365234 -1.6069131600059743 0.8664900064468384
Car -1 -1 -1.69 653.289306640625 173.46302795410156 706.296142578125 220.5297393798828 1.590005874633789 1.5906791687011719 3.445373058319092 2.5042226314544678 1.6813746690750122 26.822742462158203 -1.5987914044753584 0.8622874617576599
Car -1 -1 -2.71 100.6438217163086 187.35182189941406 381.5334701538086 282.4941101074219 1.5682333707809448 1.6564899682998657 4.213193893432617 -6.440755844116211 1.8694788813591003 12.690865516662598 3.1035780801131203 0.8037960529327393
Car -1 -1 -2.77 210.30015563964844 186.5288543701172 397.20281982421875 260.0828857421875 1.5429537296295166 1.6963883638381958 4.054886341094971 -6.659040451049805 1.8261585235595703 15.640292167663574 3.1098053696993695 0.7580188512802124
Car -1 -1 0.68 0.6724534630775452 193.40341186523438 225.81825119256973 357.9509582519531 1.554750919342041 1.6015396118164062 4.1536784172058105 -6.350468158721924 1.7583944201469421 7.276759147644043 -0.03755969301563544 0.7564414739608765
Car -1 -1 -2.75 395.4418640136719 173.87608337402344 506.0348815917969 222.36338806152344 1.6841919422149658 1.733423113822937 3.9269044399261475 -5.9660773277282715 1.8057661652565002 26.964508056640625 -2.9678055489333524 0.7372527718544006
Car -1 -1 -3.03 449.9808044433594 176.67803955078125 534.2443237304688 209.20545959472656 1.5420410633087158 1.6341890096664429 4.205060005187988 -5.75032901763916 1.7752325534820557 35.623191833496094 3.0947714017943753 0.7294648289680481
Car -1 -1 -2.47 0.5045367479324341 194.32382202148438 327.4307757616043 317.1479797363281 1.5366729497909546 1.5751338005065918 3.9252190589904785 -6.2206902503967285 1.787594974040985 9.885712623596191 -3.0357928973143675 0.7061564326286316
Car -1 -1 -2.19 -3.566084384918213 173.91517639160156 71.68235921859741 378.6174011230469 1.6390306949615479 1.6372383832931519 4.082899570465088 -6.022778511047363 1.6128225326538086 4.664612770080566 -3.104451932155208 0.6962451934814453
Car -1 -1 -2.83 410.0627136230469 177.56277465820312 513.7279663085938 219.7685089111328 1.5942927598953247 1.6919666528701782 3.972463369369507 -5.969177722930908 1.7991625666618347 28.653778076171875 -3.033405186933317 0.6737918257713318
Car -1 -1 -2.71 173.88735961914062 186.56552124023438 401.719482421875 267.3679504394531 1.4750598669052124 1.595231294631958 3.9489612579345703 -6.549099922180176 1.8035356402397156 15.502964973449707 -3.106835595915747 0.6530842185020447
Car -1 -1 -2.7 1012.0795288085938 198.98507690429688 1215.658935546875 370.8589782714844 1.5551438331604004 1.6906776428222656 4.255769729614258 3.0789623260498047 1.6323943138122559 1.447811245918274 -1.5710041595905295 0.645089328289032
Car -1 -1 -3.03 379.9980163574219 180.2244110107422 497.24505615234375 224.83584594726562 1.5233947038650513 1.6566511392593384 4.149580001831055 -6.052488803863525 1.8051562905311584 26.127864837646484 3.0238356382002634 0.637545645236969
Car -1 -1 -1.63 639.484619140625 177.25851440429688 675.1229248046875 204.87188720703125 1.4720453023910522 1.6044485569000244 3.6153552532196045 2.513711929321289 1.708149790763855 39.33513641357422 -1.5694233428295288 0.6287705898284912
Car -1 -1 -2.79 41.552024841308594 191.2266845703125 373.89427947998047 296.74993896484375 1.5463299751281738 1.5918065309524536 4.145993709564209 -6.328114032745361 1.9247796535491943 12.416486740112305 3.0258706039244707 0.5770230889320374
Car -1 -1 -2.97 367.54150390625 181.38131713867188 484.8397521972656 229.82940673828125 1.4483696222305298 1.6040987968444824 3.941372871398926 -6.101621150970459 1.7658836245536804 23.828672409057617 3.0647488280112043 0.534349262714386
Car -1 -1 -2.97 464.3761901855469 174.10226440429688 542.7276000976562 205.72996520996094 1.7015323638916016 1.7208644151687622 4.257070064544678 -5.856174945831299 1.8277904391288757 39.53062057495117 -3.11552786146701 0.5035470128059387
Car -1 -1 -2.35 2.7366392612457275 168.1035614013672 52.028074502944946 387.1073913574219 1.616450548171997 1.6323350667953491 4.221937656402588 -6.673515796661377 1.6415937542915344 5.168400287628174 3.0179038126833255 0.4979223310947418
Car -1 -1 -2.82 425.61077880859375 178.0531768798828 518.498046875 216.81361389160156 1.584249496459961 1.6462922096252441 4.163374423980713 -5.793036460876465 1.8018773794174194 29.349395751953125 -3.011872622641313 0.4583203196525574
Car -1 -1 -2.4 -8.654146194458008 187.8321990966797 91.33173942565918 364.75146484375 1.7452459335327148 1.663373589515686 4.168045520782471 -6.12735652923584 1.6858967542648315 5.041881084442139 3.001333302562399 0.3870975077152252
Car -1 -1 -2.24 3.0436689853668213 198.24777221679688 57.45759415626526 371.6281433105469 1.571838140487671 1.633091688156128 4.084843635559082 -6.068420886993408 1.7255216240882874 4.649706840515137 3.12837524686178 0.3801765441894531
Car -1 -1 0.78 5.765044689178467 192.43896484375 276.0410761833191 337.3300476074219 1.4755017757415771 1.5868922472000122 3.884453058242798 -6.616613388061523 1.8681086301803589 8.955504417419434 0.14864540399969783 0.3768773674964905
Car -1 -1 -2.74 1089.306396484375 219.4742889404297 1245.289794921875 372.3927307128906 1.6074992418289185 1.606977105140686 3.912508487701416 3.095940589904785 1.6300734877586365 1.6307661533355713 -1.653982975703011 0.3520853519439697
Car -1 -1 -2.35 0.014694052748382092 182.4971923828125 45.747768240980804 378.446044921875 1.5622397661209106 1.6471694707870483 4.165995121002197 -6.67117977142334 1.7082352042198181 5.200778961181641 3.0219419518493957 0.3491741716861725
Car -1 -1 -1.37 -11.56434154510498 158.043212890625 79.11349964141846 372.0148620605469 1.8597798347473145 1.6378527879714966 3.9132204055786133 -6.133300304412842 1.6307544112205505 5.328971862792969 -2.225418727170001 0.34293606877326965
Car -1 -1 -2.71 1058.439453125 213.50863647460938 1235.0228271484375 378.8895568847656 1.4782955646514893 1.7222274541854858 4.128212928771973 3.009307384490967 1.5457301139831543 1.5939234495162964 -1.6291053192993052 0.33435168862342834
Car -1 -1 -0.62 639.9483032226562 174.78981018066406 679.3588256835938 208.28125 1.4785763025283813 1.5594985485076904 3.720568895339966 2.3966312408447266 1.64138925075531 39.95444869995117 -0.5641965977345116 0.33354464173316956
Car -1 -1 -2.73 1122.848388671875 202.68040466308594 1235.92138671875 379.64404296875 1.4630736112594604 1.6725667715072632 4.042529106140137 2.595158576965332 1.3451527953147888 1.239281177520752 -1.6048847867389382 0.32686641812324524
Car -1 -1 -2.37 5.719274997711182 224.56932067871094 53.59690713882446 361.3616943359375 1.6950888633728027 1.650025486946106 4.096506118774414 -5.985079288482666 1.8656280040740967 5.149483680725098 3.0517033486286795 0.32217490673065186
Car -1 -1 1.06 -5.240781784057617 189.0824737548828 137.51317024230957 371.91815185546875 1.6950842142105103 1.6265549659729004 3.9209797382354736 -5.80380392074585 1.6170371770858765 5.436411380767822 0.23703573185029114 0.31015780568122864
Car -1 -1 0.68 9.914412498474121 185.8945770263672 185.69662380218506 366.9472961425781 1.64503014087677 1.596833348274231 3.8274002075195312 -6.855184078216553 1.8388749957084656 7.373651027679443 -0.06898145809875444 0.3080359101295471
Car -1 -1 2.78 1.0788402557373047 186.60252380371094 55.86480522155762 338.2550964355469 1.6257097721099854 1.5684309005737305 3.791804790496826 -6.352035045623779 1.6921435594558716 5.699966907501221 1.9382089682727344 0.30785301327705383
Car -1 -1 -2.35 4.781574249267578 154.482421875 43.909690856933594 366.4058532714844 1.7038347721099854 1.6945217847824097 4.413244247436523 -6.353581428527832 1.635166347026825 4.909764766693115 3.022820844339771 0.3050234615802765
Car -1 -1 0.9 -9.852709770202637 170.45950317382812 115.24677753448486 353.3929443359375 1.6791231632232666 1.594163179397583 3.798943042755127 -6.065429210662842 1.6620941758155823 5.6350202560424805 0.07476714276789842 0.2980729043483734
Car -1 -1 -3.07 439.8014831542969 178.46456909179688 524.35693359375 212.40821838378906 1.543420672416687 1.6309350728988647 4.02182674407959 -5.9307379722595215 1.856599748134613 34.67507553100586 3.047692311720793 0.2924170196056366
Car -1 -1 -2.69 1039.589599609375 194.77557373046875 1203.00341796875 382.02374267578125 1.466168999671936 1.6549128293991089 3.958305835723877 2.7687106132507324 1.447627067565918 1.4797465801239014 -1.6075653925484144 0.2703953683376312
Car -1 -1 -2.75 1151.0458984375 208.25588989257812 1243.1710205078125 375.2130432128906 1.5236605405807495 1.662081003189087 3.8998820781707764 2.827587604522705 1.4173316359519958 1.387250304222107 -1.638811789099477 0.26680925488471985
Car -1 -1 0.77 1.5040302276611328 173.48751831054688 147.52665901184082 353.2095031738281 1.6373833417892456 1.6506212949752808 4.210753440856934 -6.115541458129883 1.7043494582176208 5.993183135986328 -0.020857582204028446 0.26333609223365784
Car -1 -1 0.79 8.60293960571289 177.8014373779297 197.61993789672852 331.86151123046875 1.4871352910995483 1.6299233436584473 4.183152198791504 -6.233531951904297 1.662213683128357 6.668417453765869 0.035208570853217935 0.25482094287872314
Car -1 -1 -2.13 -5.298879146575928 146.0636749267578 60.8057656288147 362.02642822265625 1.831071376800537 1.6586787700653076 4.093542098999023 -6.049859046936035 1.6873177886009216 4.8555498123168945 -3.020918305149994 0.2436336725950241
Car -1 -1 -1.92 -23.264978408813477 162.19509887695312 103.07833671569824 366.49432373046875 1.7483481168746948 1.6525229215621948 3.9680047035217285 -6.556699275970459 1.6690248847007751 5.823446750640869 -2.7636278422377956 0.24029576778411865
Car -1 -1 -2.73 1174.8216552734375 223.28929138183594 1243.1314697265625 369.86602783203125 1.5372352600097656 1.6327085494995117 3.8525583744049072 3.1058342456817627 1.4862695932388306 1.7849516868591309 -1.6847983259938601 0.23335029184818268
Car -1 -1 -2.29 6.584722995758057 206.64840698242188 85.46069192886353 374.88275146484375 1.582593321800232 1.624599575996399 4.114299297332764 -5.93668794631958 1.7750596404075623 4.615023136138916 3.0861427996586297 0.23244604468345642
Car -1 -1 -1.73 678.5574340820312 178.38792419433594 790.5123291015625 263.6857604980469 1.5028719902038574 1.5596321821212769 3.7318596839904785 2.5784666538238525 1.7138112783432007 17.68526840209961 -1.5844901514994412 0.2246202677488327
Car -1 -1 -1.69 658.1567993164062 177.80282592773438 728.31396484375 232.0375518798828 1.5096077919006348 1.5825709104537964 3.6168181896209717 2.4646708965301514 1.6596923470497131 21.73442840576172 -1.5727588305194153 0.22143514454364777
Van -1 -1 -2.72 394.8802185058594 174.25840759277344 505.92242431640625 221.57525634765625 1.9635727405548096 1.8456566333770752 4.468529224395752 -6.306472301483154 1.9695883989334106 28.60843849182129 -2.934381788292546 0.21549777686595917
Car -1 -1 -1.67 650.9176635742188 174.36228942871094 699.428955078125 213.5742950439453 1.538463830947876 1.5814579725265503 3.4446654319763184 2.560934543609619 1.6060906648635864 27.720905303955078 -1.5759947919671884 0.212199866771698
Car -1 -1 -1.71 668.7769775390625 180.86996459960938 747.9818725585938 238.41102600097656 1.440847396850586 1.5871907472610474 3.540864944458008 2.5273489952087402 1.6012735962867737 18.296554565429688 -1.5705485575450409 0.2110441029071808
Car -1 -1 -2.68 1033.009765625 192.9744415283203 1170.7420654296875 373.6815490722656 1.4560670852661133 1.5945388078689575 3.8583621978759766 1.8338664770126343 1.236013412475586 1.1439237594604492 -1.6658157042792041 0.21080224215984344
Car -1 -1 2.45 5.7818803787231445 161.22662353515625 42.38475513458252 309.48040771484375 1.7693290710449219 1.651828408241272 4.165396690368652 -9.612378120422363 1.6919972896575928 8.86651611328125 1.6216320049263784 0.20820266008377075
Pedestrian -1 -1 -2.47 -0.016984758898615837 170.66448974609375 62.07017725892365 380.8240966796875 1.782644271850586 0.6638574004173279 0.6918742656707764 -4.545331001281738 1.622029960155487 5.035937786102295 3.0817516151508 0.20257161557674408
Car -1 -1 -1.78 690.3223266601562 179.14337158203125 825.6106567382812 272.88067626953125 1.5997564792633057 1.6116362810134888 3.590946674346924 2.5636706352233887 1.6390037536621094 12.252910614013672 -1.5706326071632386 0.19986076653003693
Car -1 -1 -2.88 1057.6396484375 220.182861328125 1198.26513671875 375.0076904296875 1.4998092651367188 1.7021031379699707 4.163048267364502 2.956728219985962 1.5061359405517578 1.8223484754562378 -1.8569213859065998 0.19730031490325928
Car -1 -1 -2.73 1139.521728515625 195.2581329345703 1241.4312744140625 359.63720703125 1.5812954902648926 1.7029277086257935 4.009791374206543 2.304771900177002 1.3528223633766174 1.3706037998199463 -1.6950167263404579 0.18702618777751923
Car -1 -1 -2.78 237.20103454589844 188.76963806152344 412.4826354980469 251.68231201171875 1.526504635810852 1.5770906209945679 3.7211239337921143 -6.440182209014893 1.8002752661705017 16.10700035095215 3.1256891827176565 0.18504083156585693
Car -1 -1 -2.71 1135.2193603515625 221.90902709960938 1227.8355712890625 377.2010803222656 1.520654320716858 1.7614164352416992 4.224615573883057 3.3733909130096436 1.6262179613113403 1.9508631229400635 -1.664496772841792 0.18416225910186768
Car -1 -1 -2.4 9.169421195983887 202.6114959716797 112.0674467086792 371.760009765625 1.686326503753662 1.6493160724639893 4.107399940490723 -5.899958610534668 1.7745301723480225 4.939849853515625 3.0056456850484885 0.1813882291316986
Car -1 -1 -2.67 1187.383056640625 221.63888549804688 1236.7547607421875 374.34674072265625 1.6196786165237427 1.6334682703018188 3.8928298950195312 3.6034536361694336 1.6890894174575806 2.149750232696533 -1.6349981727367178 0.18017132580280304
Car -1 -1 -2.62 1059.8106689453125 192.12060546875 1222.4683837890625 362.11090087890625 1.4955296516418457 1.6274256706237793 3.849008798599243 2.24648380279541 1.3578412532806396 1.503846526145935 -1.6369928867591677 0.17492042481899261
Car -1 -1 -2.3 -4.655373573303223 228.53013610839844 66.10771083831787 377.8979187011719 1.4799329042434692 1.625414490699768 3.989140033721924 -5.805558204650879 1.7953305840492249 4.5607194900512695 3.080088142805792 0.17254523932933807
Pedestrian -1 -1 -2.49 1.0788402557373047 186.60252380371094 55.86480522155762 338.2550964355469 1.7765982151031494 0.549679696559906 0.7527986168861389 -4.867580413818359 1.6078323721885681 5.365739345550537 3.0557252007656768 0.167679101228714
Car -1 -1 2.42 -3.5589728355407715 171.2996826171875 54.55814599990845 315.6861572265625 1.6309804916381836 1.5551320314407349 3.7726948261260986 -8.359101295471191 1.7689867615699768 7.6128129959106445 1.5849582546819363 0.16729138791561127
Car -1 -1 -2.34 2.194550037384033 251.9816131591797 51.29659700393677 370.0025939941406 1.6026097536087036 1.5950493812561035 4.012350559234619 -5.444172382354736 1.8830931782722473 4.734097003936768 3.0872181386998836 0.16369569301605225
Car -1 -1 -1.61 644.6829833984375 175.149658203125 691.8502807617188 214.2481689453125 1.459578514099121 1.5529392957687378 3.5777411460876465 2.661881446838379 1.743125319480896 38.7664909362793 -1.538592562026123 0.15951663255691528
Car -1 -1 -1.48 -6.896358966827393 152.094482421875 87.23911619186401 343.754638671875 1.7593690156936646 1.6852166652679443 4.183522701263428 -5.838903903961182 1.6532450318336487 4.951290607452393 -2.351771267952163 0.15329088270664215
Car -1 -1 -2.38 337.6286926269531 181.72610473632812 469.4112854003906 233.84213256835938 1.48051917552948 1.5987335443496704 3.7325856685638428 -6.086401462554932 1.733328640460968 23.56376075744629 -2.6278267504759842 0.1487247347831726