Car -1 -1 -1.61 568.03466796875 175.86880493164062 626.4415283203125 227.1569061279297 1.6550321578979492 1.6924868822097778 3.880612373352051 -0.36828574538230896 1.3178304433822632 24.695283889770508 -1.6268786779514235 0.8891584277153015
Truck -1 -1 -1.39 397.6995849609375 75.52692413330078 548.865478515625 245.66104888916016 3.5117716789245605 2.6308205127716064 8.313956260681152 -3.3822059631347656 1.2410154938697815 20.757070541381836 -1.556419549927929 0.8599338531494141
Car -1 -1 -1.15 51.14143371582031 174.09652709960938 403.0172882080078 367.29388427734375 1.5954004526138306 1.6661407947540283 4.446006774902344 -3.733292579650879 1.534408450126648 7.7960896492004395 -1.5963867740578586 0.809085488319397
Car -1 -1 -1.25 331.8624572753906 180.37002563476562 414.3983154296875 224.76303100585938 1.3909823894500732 1.568482756614685 3.5438945293426514 -7.986353874206543 1.2611477375030518 24.682159423828125 -1.5602751237831916 0.7513310313224792
Van -1 -1 -0.47 15.200055122375488 86.54566192626953 297.6890993118286 360.88944244384766 2.394989013671875 1.9910231828689575 5.350955963134766 -4.093863487243652 1.6509546041488647 4.4210076332092285 -1.2217099319586726 0.6731520295143127
Van -1 -1 -1.08 -2.988346815109253 120.51130676269531 397.9222671985626 371.1923828125 2.1770970821380615 1.8683674335479736 4.544922828674316 -3.66050124168396 1.669507384300232 7.114902496337891 -1.5511561050451785 0.5850808024406433
Car -1 -1 -1.07 18.819198608398438 131.3208465576172 399.9425506591797 365.9910888671875 1.7972943782806396 1.6766793727874756 4.549919605255127 -3.530219793319702 1.6114707589149475 7.123395919799805 -1.5279899298402295 0.5594075322151184
Van -1 -1 -1.07 39.07294845581055 106.10237884521484 342.6513481140137 356.7042465209961 2.3319010734558105 1.9488017559051514 5.607598781585693 -4.18102502822876 1.6324400305747986 6.124380588531494 -1.6684409663879212 0.4725959002971649
Car -1 -1 -1.3 329.1968078613281 180.16310119628906 401.65948486328125 218.81930541992188 1.4468907117843628 1.5987316370010376 3.532168388366699 -8.104776382446289 1.2535433769226074 24.67995262145996 -1.621828379979939 0.4202663004398346
Van -1 -1 -1.28 404.568603515625 102.78717803955078 547.7030029296875 238.03498077392578 2.7752573490142822 2.172454357147217 6.550649642944336 -3.1175460815429688 1.0128114223480225 18.97498321533203 -1.4465119579297152 0.3910698890686035
Truck -1 -1 -0.79 3.1908769607543945 64.23046112060547 328.6884355545044 365.34020233154297 3.7752368450164795 2.493290901184082 8.435653686523438 -6.056214332580566 1.8692012540996075 7.334784507751465 -1.4783645285297347 0.38397884368896484
Van -1 -1 -1.21 -24.121536254882812 63.13383102416992 333.27452087402344 370.2064628601074 2.4686994552612305 2.0083422660827637 5.165635585784912 -4.235114097595215 1.5944634974002838 5.566463947296143 -1.8567297087807475 0.38232114911079407
Van -1 -1 -1.13 71.36392211914062 153.63018798828125 391.9478454589844 358.256591796875 2.10841965675354 1.8242870569229126 5.0619072914123535 -3.9798388481140137 1.6865432262420654 7.491927146911621 -1.6140893967618455 0.3531408905982971
Car -1 -1 1.59 319.9259338378906 177.37843322753906 372.5216979980469 207.4922332763672 1.4271043539047241 1.547271728515625 3.780261278152466 -15.22104549407959 1.0943596363067627 42.27049255371094 1.2414922266621842 0.32456934452056885
Car -1 -1 1.2 322.2130432128906 178.13600158691406 385.8021240234375 207.22760009765625 1.5002795457839966 1.6006689071655273 4.026420593261719 -15.140451431274414 1.1235792338848114 42.419063568115234 0.8524280822144741 0.3226340711116791
Car -1 -1 0.73 736.98974609375 207.89443969726562 1112.15234375 372.6742248535156 1.72515869140625 1.5435762405395508 3.7223854064941406 1.4157981872558594 1.6832806468009949 2.667884111404419 1.2201729069434961 0.3160208761692047
Truck -1 -1 -1.04 4.61641788482666 36.069129943847656 294.1230401992798 326.75672149658203 3.792839765548706 2.337358236312866 8.514452934265137 -6.542646884918213 1.6781009286642075 7.622788429260254 -1.7484429322839397 0.3092493414878845
Car -1 -1 -0.67 326.1595458984375 181.2764892578125 400.3166809082031 227.76434326171875 1.3651962280273438 1.5626459121704102 3.476935625076294 -7.7738823890686035 1.265054166316986 23.879291534423828 -0.9873002445995231 0.2436210960149765
Van -1 -1 -1.56 -26.733591079711914 20.147024154663086 276.3174343109131 320.33360862731934 2.5126254558563232 1.9035923480987549 5.2169976234436035 -4.389473915100098 1.4369527399539948 4.948458671569824 -2.2880690951424123 0.24251994490623474
Car -1 -1 2.4 7.582456588745117 93.05352783203125 272.792875289917 374.4703063964844 2.125596761703491 1.8344931602478027 4.651358127593994 -3.8701233863830566 1.8685612678527832 3.348435640335083 1.5382369129802225 0.2346103936433792
Car -1 -1 -0.98 318.7930908203125 179.25442504882812 393.1274719238281 213.55642700195312 1.4293547868728638 1.5605697631835938 3.746870279312134 -9.318297386169434 1.3230432868003845 28.296255111694336 -1.294887598235146 0.22907979786396027
Truck -1 -1 1.03 708.7854614257812 92.53118133544922 1082.557373046875 377.8423080444336 3.0187947750091553 2.1291141510009766 6.355079650878906 1.7751507759094238 1.7149588614702225 2.712441921234131 1.604582237954105 0.20878499746322632
Truck -1 -1 -0.89 28.57331657409668 111.48237609863281 377.43067741394043 373.36109924316406 3.3114378452301025 2.46102237701416 7.596141815185547 -5.7142462730407715 1.9038506895303726 9.314058303833008 -1.445152577906624 0.20277716219425201
Car -1 -1 0.82 733.2108764648438 189.1985626220703 1164.5595703125 383.5971374511719 1.6316028833389282 1.6503162384033203 4.083337306976318 1.398398518562317 1.7906569242477417 3.194545030593872 1.2295700565534204 0.1921471655368805
Car -1 -1 -1.95 -8.613363265991211 101.27793884277344 341.08225440979004 361.16661071777344 1.9428118467330933 1.6792765855789185 4.559067249298096 -4.625404357910156 1.7117509841918945 7.257933139801025 -2.5134031094303664 0.1844504177570343
Car -1 -1 1.4 531.61279296875 179.65408325195312 560.15283203125 204.08448791503906 1.507502555847168 1.5374774932861328 3.601320266723633 -3.9143781661987305 1.0194401741027832 47.795162200927734 1.3151435699764846 0.1819031536579132
Car -1 -1 -0.73 48.81014633178711 147.1178436279297 342.247859954834 362.115234375 1.7369422912597656 1.7029826641082764 4.424988269805908 -4.864741802215576 1.8278349041938782 8.281500816345215 -1.2633625649664744 0.17653822898864746
Car -1 -1 0.98 320.6841735839844 182.15606689453125 386.4742126464844 225.6477813720703 1.3858938217163086 1.5627679824829102 3.542879104614258 -8.791382789611816 1.2626930475234985 25.449665069580078 0.6437424949269577 0.15942446887493134