Car -1 -1 -1.77 739.019287109375 181.0224151611328 846.2496948242188 248.5341033935547 1.4305810928344727 1.6197309494018555 4.036263465881348 4.3006157875061035 1.6517040729522705 17.719202041625977 -1.5281952070213656 0.8861305713653564
Car -1 -1 -1.75 714.8140258789062 172.5564422607422 789.9181518554688 227.79293823242188 1.6090530157089233 1.6443578004837036 3.9238765239715576 4.508316993713379 1.6307377219200134 23.529272079467773 -1.5638483673335895 0.875067949295044
Car -1 -1 1.76 506.6741027832031 176.9896240234375 559.0518188476562 211.94937133789062 1.5088387727737427 1.614033579826355 4.068182468414307 -3.549034595489502 1.7222740650177002 33.46847152709961 1.6533054576935982 0.874077558517456
Car -1 -1 2.16 3.0653533935546875 198.95541381835938 296.68052673339844 374.48846435546875 1.5069929361343384 1.5861215591430664 3.838888645172119 -4.5704755783081055 1.777546226978302 6.627826690673828 1.5536131704160594 0.8309574127197266
Car -1 -1 -1.7 701.3871459960938 174.3016815185547 754.7098999023438 215.4544677734375 1.495072841644287 1.6203657388687134 3.9336180686950684 4.8242011070251465 1.5834900736808777 29.75203514099121 -1.5430970914992281 0.7840870022773743
Car -1 -1 -1.87 783.2789306640625 154.9971160888672 1016.077880859375 305.6254577636719 1.843185305595398 1.7385059595108032 4.5634636878967285 4.047608852386475 1.5874242782592773 10.963062286376953 -1.5133830498978789 0.7658371925354004
Car -1 -1 1.74 534.6972045898438 175.2375946044922 578.755126953125 204.9215087890625 1.4992799758911133 1.5476677417755127 4.175106048583984 -3.0150420665740967 1.689561367034912 40.1337776184082 1.6640916806033799 0.6759576797485352
Car -1 -1 -1.71 685.8773803710938 173.61000061035156 726.22998046875 206.14981079101562 1.4638172388076782 1.5901968479156494 3.871602773666382 4.953830242156982 1.5627981424331665 37.518436431884766 -1.576886862181028 0.6687585711479187
Car -1 -1 -1.7 709.5870361328125 173.2171173095703 773.0081787109375 221.07188415527344 1.5269896984100342 1.6202247142791748 3.8372139930725098 4.771935939788818 1.6055142283439636 28.763486862182617 -1.53790206766626 0.6284834146499634
Van -1 -1 -1.89 783.6805419921875 151.74649047851562 1014.5254516601562 305.75537109375 2.0196356773376465 1.8212329149246216 4.7427239418029785 4.141077995300293 1.6749319434165955 11.002410888671875 -1.5336366858124144 0.5780825018882751
Car -1 -1 -1.67 695.84765625 174.1388397216797 742.738525390625 210.35902404785156 1.498518466949463 1.6452109813690186 4.096344947814941 5.1629133224487305 1.5883461833000183 35.98942565917969 -1.5321554058631968 0.5433362126350403
Car -1 -1 1.76 580.0275268554688 173.95347595214844 610.187255859375 192.3031463623047 1.446298360824585 1.6538689136505127 4.2934064865112305 -1.1713230609893799 1.583001732826233 60.05550003051758 1.741772630193557 0.48815253376960754
Car -1 -1 -1.77 733.2664794921875 176.99893188476562 824.3486938476562 241.5357208251953 1.4796733856201172 1.6529254913330078 3.755589246749878 4.1227312088012695 1.5849459171295166 18.731346130371094 -1.5523310545005788 0.45024573802948
Car -1 -1 -1.69 691.7315063476562 173.94512939453125 734.3673706054688 207.33302307128906 1.4716362953186035 1.6465710401535034 4.164734840393066 5.169344902038574 1.5796902179718018 36.84834289550781 -1.5512882268198238 0.43253710865974426
Car -1 -1 1.76 529.4771118164062 176.83978271484375 575.0447387695312 206.18402099609375 1.4793951511383057 1.562706470489502 4.200399875640869 -2.952863931655884 1.6910134553909302 40.19520950317383 1.6823168433324565 0.42495816946029663
Car -1 -1 0.81 0.811386227607727 198.0295867919922 53.93143856525421 247.7906494140625 1.5921372175216675 1.5674716234207153 3.592982292175293 -19.417722702026367 2.2475916743278503 22.12421417236328 0.08783165382532943 0.39877811074256897
Car -1 -1 1.69 635.8549194335938 168.8953399658203 664.6392822265625 184.80784606933594 1.7285901308059692 1.7534711360931396 4.461577892303467 4.549322128295898 1.1370447278022766 80.0 1.745975534792957 0.3818044066429138
Car -1 -1 -1.64 705.1658325195312 173.83006286621094 764.1008911132812 217.73141479492188 1.511242151260376 1.6402193307876587 3.866790294647217 4.834508895874023 1.6092007160186768 29.328773498535156 -1.4751130553407208 0.35155409574508667
Car -1 -1 -1.78 741.0509033203125 178.3084716796875 863.7861938476562 256.06341552734375 1.5316822528839111 1.6564159393310547 3.9844541549682617 4.4360032081604 1.7018418312072754 17.70416259765625 -1.5392771851790918 0.33220672607421875
Car -1 -1 1.71 540.4888916015625 175.86058044433594 579.976318359375 201.62460327148438 1.4150985479354858 1.5837292671203613 4.109684467315674 -2.9897680282592773 1.6407788395881653 41.730506896972656 1.6370808708248124 0.29952022433280945
Car -1 -1 2.12 62.94929504394531 203.69056701660156 304.5931091308594 364.5611572265625 1.5233348608016968 1.5727763175964355 3.738436222076416 -4.6373138427734375 1.7832117676734924 7.113126754760742 1.5378730202983464 0.2949405908584595
Car -1 -1 -1.78 720.16796875 176.52976989746094 805.8887939453125 234.31446838378906 1.489020586013794 1.6560633182525635 3.826935291290283 4.6435546875 1.6542808413505554 23.396387100219727 -1.5889969725733293 0.2649171054363251
Car -1 -1 1.76 523.0206909179688 177.950927734375 571.2637939453125 208.23406982421875 1.4619239568710327 1.6009937524795532 4.050619125366211 -3.1281394958496094 1.7102489471435547 38.40278244018555 1.6763437230980607 0.25230392813682556
Car -1 -1 2.18 5.355169773101807 203.35218811035156 267.6365418434143 350.2325744628906 1.4095416069030762 1.5448110103607178 3.75663685798645 -4.5088043212890625 1.6677358746528625 6.632406711578369 1.5846613903535278 0.22686757147312164
Car -1 -1 2.03 111.68367767333984 206.35723876953125 310.1671371459961 354.56396484375 1.484356164932251 1.5305452346801758 3.5457472801208496 -5.156345844268799 1.838802456855774 8.326516151428223 1.478764607127668 0.21120759844779968
Car -1 -1 -1.95 631.4650268554688 169.4766845703125 668.33544921875 183.61557006835938 1.6574736833572388 1.7404133081436157 4.564034938812256 4.497442245483398 1.1655924916267395 80.0 -1.8894854957622913 0.21112310886383057
Car -1 -1 1.72 516.6942138671875 173.73574829101562 567.6165771484375 207.87603759765625 1.5469937324523926 1.5576449632644653 4.110321998596191 -3.13201642036438 1.6091002225875854 39.572181701660156 1.6437498887713327 0.1857500672340393
Car -1 -1 2.33 5.192330360412598 194.95989990234375 60.51294422149658 243.86692810058594 1.5996235609054565 1.5797228813171387 3.8153040409088135 -20.056692123413086 2.2473462224006653 22.878339767456055 1.6120276432022864 0.17405307292938232