Car -1 -1 1.83 410.9285583496094 183.01516723632812 490.220703125 238.60150146484375 1.509261131286621 1.5610874891281128 3.6365737915039062 -4.7897796630859375 1.8217684030532837 22.08419418334961 1.6116121325153223 0.893099308013916
Car -1 -1 -1.69 671.3349609375 173.4638671875 747.1820068359375 239.20443725585938 1.593845248222351 1.615596055984497 3.5524301528930664 2.607734441757202 1.6502684950828552 19.673511505126953 -1.5604525514863683 0.8859668970108032
Car -1 -1 -1.12 66.38727569580078 179.0044708251953 377.5789260864258 358.2341613769531 1.5920047760009766 1.6142807006835938 3.9137933254241943 -4.148768901824951 1.7073922753334045 8.61552906036377 -1.5669183260680741 0.8704962730407715
Car -1 -1 -2.16 856.3822021484375 187.9683837890625 1226.9107666015625 371.0035400390625 1.4806867837905884 1.5553604364395142 3.410874366760254 2.6606523990631104 1.6094065308570862 3.954449415206909 -1.5687156898757149 0.854543149471283
Car -1 -1 1.73 489.4913330078125 181.208251953125 532.1901245117188 211.34695434570312 1.422066330909729 1.5909013748168945 3.4358811378479004 -5.111591339111328 1.871549665927887 37.56241989135742 1.596537800048127 0.802904486656189
Cyclist -1 -1 0.26 552.336181640625 174.89476013183594 574.2453002929688 205.24513244628906 1.7505995035171509 0.5734717845916748 1.8350017070770264 -2.5161454677581787 1.732630431652069 38.72097396850586 0.19681792082812777 0.3206948935985565
Car -1 -1 -1.42 629.3477172851562 176.65199279785156 656.708740234375 197.22891235351562 1.5312137603759766 1.6831997632980347 3.4098780155181885 2.551359176635742 1.7821723222732544 55.5643310546875 -1.3738580819604351 0.31618961691856384
Pedestrian -1 -1 -1.61 554.7410888671875 174.12088012695312 571.130859375 207.28335571289062 1.712550401687622 0.6133555769920349 0.7863031029701233 -2.4392240047454834 1.7534455060958862 37.664608001708984 -1.672332605120694 0.25630736351013184
Cyclist -1 -1 1.74 554.0934448242188 178.239013671875 572.4889526367188 205.90475463867188 1.733089804649353 0.5127454400062561 1.8047233819961548 -2.463440418243408 1.865587592124939 37.941810607910156 1.6739571320827658 0.2255219668149948
Pedestrian -1 -1 -1.18 544.4498901367188 175.75213623046875 561.0319213867188 208.05101013183594 1.7045903205871582 0.614761471748352 0.771060049533844 -2.8627777099609375 1.7891525626182556 37.83174133300781 -1.2538661868900727 0.22037942707538605
Van -1 -1 -1.12 62.37179183959961 178.81837463378906 384.91738510131836 357.9866943359375 1.8568836450576782 1.730065941810608 3.945300340652466 -4.471835136413574 1.8547129034996033 9.092004776000977 -1.5811673033108882 0.1991295963525772
Car -1 -1 -1.71 668.1025390625 174.6565704345703 734.50634765625 232.8458709716797 1.5810495615005493 1.6014207601547241 3.639251470565796 2.474729061126709 1.5918864607810974 19.943790435791016 -1.590029261150768 0.18898366391658783
Car -1 -1 -0.54 -0.5056560635566711 208.4672393798828 26.933654010295868 379.0008544921875 1.5254154205322266 1.6107600927352905 3.803147554397583 -2.6523354053497314 1.3584334254264832 1.439132571220398 -1.61103826503141 0.17901116609573364