Car -1 -1 -1.59 538.4945678710938 159.35972595214844 722.42529296875 334.6311950683594 1.6778380870819092 1.699075698852539 4.0454206466674805 0.2576029598712921 1.562139093875885 8.989773750305176 -1.5573230916742364 0.8737896680831909
Car -1 -1 1.93 313.8171081542969 178.96878051757812 383.9739074707031 217.6554718017578 1.5630550384521484 1.6496429443359375 3.8889782428741455 -11.48496150970459 1.8329946994781494 31.866247177124023 1.5853350379302373 0.8504758477210999
Car -1 -1 1.8 407.2937927246094 179.0628204345703 448.6401672363281 204.85842895507812 1.4287844896316528 1.5681469440460205 3.5717430114746094 -10.72501277923584 1.826150119304657 42.58211898803711 1.556204922369595 0.8146685361862183
Car -1 -1 2.39 1.5101709365844727 201.74740600585938 33.942219734191895 279.5966491699219 1.5361782312393188 1.6393637657165527 4.5488128662109375 -14.38631820678711 2.2144721150398254 14.493474960327148 1.6034992133660202 0.34058699011802673
Car -1 -1 2.43 1.7295459508895874 199.94854736328125 26.718504309654236 277.527099609375 1.5903998613357544 1.6661255359649658 4.358545303344727 -14.450163841247559 2.284703314304352 14.550322532653809 1.6477321730276024 0.28610777854919434
Car -1 -1 -1.61 559.1497802734375 164.0917205810547 704.6112670898438 293.99346923828125 1.6144342422485352 1.6701205968856812 3.800945997238159 0.2806934714317322 1.5392836332321167 10.001730918884277 -1.579960347866475 0.2739754915237427
Car -1 -1 2.39 2.6658875942230225 205.009765625 42.11431288719177 287.8597717285156 1.4981383085250854 1.629928708076477 4.4206743240356445 -14.520770072937012 2.2171351313591003 14.842674255371094 1.612179265105624 0.24271966516971588
Car -1 -1 2.35 1.8021724224090576 206.1266632080078 22.55969500541687 271.0013732910156 1.430840253829956 1.6094890832901 4.084661960601807 -13.514183044433594 2.1775124073028564 13.391743659973145 1.5616359628609446 0.22827781736850739
Pedestrian -1 -1 1.77 539.7655639648438 166.5369110107422 725.5004272460938 337.87298583984375 1.6649879217147827 0.6163260340690613 0.8743507266044617 0.1348021775484085 1.5373466610908508 7.265477657318115 1.7933892800982347 0.22629550099372864
Van -1 -1 -1.61 544.2552490234375 160.3940887451172 719.8408203125 334.2543029785156 1.8648440837860107 1.7230205535888672 4.300041198730469 0.2205123007297516 1.7235856652259827 9.481951713562012 -1.5906191197519037 0.22110043466091156
Car -1 -1 2.5 1.4742779731750488 186.55133056640625 26.062254428863525 289.10296630859375 1.6448572874069214 1.661306619644165 4.365521430969238 -13.623204231262207 2.132119834423065 13.269462585449219 1.7035575248262305 0.18177087604999542