Car -1 -1 1.87 327.811279296875 191.59585571289062 465.96112060546875 281.62713623046875 1.4525014162063599 1.5878748893737793 3.8561689853668213 -4.022393703460693 1.8453112244606018 14.051942825317383 1.5917476787900249 0.8791489601135254
Car -1 -1 2.09 -13.328447341918945 199.88999938964844 378.77381706237793 372.7166442871094 1.4569436311721802 1.6647754907608032 4.280055046081543 -3.6982009410858154 1.7806432843208313 6.535473823547363 1.577683266192765 0.8654786944389343
Car -1 -1 -1.68 652.0070190429688 181.1319122314453 700.3422241210938 221.67173767089844 1.523087978363037 1.5682436227798462 3.033458709716797 2.556577205657959 1.8313549757003784 28.976490020751953 -1.5954740038989241 0.8458799123764038
Car -1 -1 -1.36 432.9437255859375 182.43734741210938 493.0377502441406 221.9763641357422 1.507768988609314 1.6105676889419556 4.042238235473633 -6.231971263885498 1.999158799648285 31.236454010009766 -1.5617908802148026 0.809110164642334
Car -1 -1 1.74 484.04144287109375 184.00286865234375 518.5072021484375 209.83322143554688 1.4457732439041138 1.5476465225219727 3.5093021392822266 -6.554561138153076 2.131244480609894 43.46002197265625 1.5934489040687927 0.7676426768302917
Car -1 -1 -2.83 790.04150390625 160.95132446289062 955.9154052734375 220.25906372070312 1.4878345727920532 1.6166374683380127 3.9924514293670654 7.459517002105713 1.2780983448028564 20.717491149902344 -2.48908711377399 0.7517496347427368
Car -1 -1 2.77 741.464599609375 164.03919982910156 860.8531494140625 205.19259643554688 1.686522126197815 1.7228904962539673 4.329170227050781 8.230511665344238 1.4007683396339417 31.826261520385742 3.0245954313021883 0.6717270612716675
Car -1 -1 -1.04 782.8643188476562 161.58642578125 929.3744506835938 212.14198303222656 1.6217727661132812 1.5603083372116089 3.914008140563965 8.077225685119629 1.301498144865036 24.427762985229492 -0.7167750686118515 0.6227166056632996
Car -1 -1 2.25 4.584301471710205 213.23268127441406 111.65551424026489 371.96917724609375 1.5375678539276123 1.5509635210037231 3.580626964569092 -6.556896686553955 1.8683797121047974 6.689321994781494 1.4709679353976766 0.5264402031898499
Pedestrian -1 -1 2.36 909.2971801757812 159.6025848388672 1032.2789306640625 368.3145751953125 1.6702510118484497 0.6101097464561462 0.6162732839584351 2.427112102508545 1.4920114278793335 4.9236226081848145 2.815775108914763 0.49504125118255615
Van -1 -1 2.35 792.3734741210938 161.5433807373047 948.8442993164062 217.8329620361328 1.8260753154754639 1.7675210237503052 4.574240684509277 8.258624076843262 1.3729346096515656 24.049129486083984 2.6785759262804145 0.42514774203300476
Car -1 -1 2.33 0.5881152153015137 214.8388214111328 98.30365324020386 348.9957580566406 1.4906847476959229 1.569122314453125 3.922100067138672 -8.14812183380127 2.030101180076599 8.125653266906738 1.5441650671547755 0.4233483374118805
Van -1 -1 2.84 740.7945556640625 165.8036346435547 854.3742065429688 205.6170654296875 1.8056550025939941 1.7711833715438843 4.34820032119751 8.799956321716309 1.4825420379638672 34.24188232421875 3.0897215226300068 0.3984273374080658
Car -1 -1 2.28 -1.7478113174438477 211.26177978515625 148.40137386322021 362.1122131347656 1.4576740264892578 1.640285611152649 4.3012261390686035 -6.719650745391846 1.9694520235061646 6.9656081199646 1.5113928188919576 0.3859533667564392
Car -1 -1 1.85 343.3825988769531 188.9266815185547 456.589599609375 258.749755859375 1.470750331878662 1.5705453157424927 4.06740665435791 -6.153871536254883 1.987007975578308 21.64957046508789 1.5744996658162087 0.3742000162601471
Car -1 -1 2.72 752.2440795898438 168.06761169433594 848.006103515625 203.92681884765625 1.5380260944366455 1.675171136856079 4.311239242553711 8.858503341674805 1.3423017859458923 32.9781379699707 2.986036444184885 0.340547651052475
Van -1 -1 2.72 782.4490966796875 158.64390563964844 928.5349731445312 213.97032165527344 1.8198745250701904 1.6576099395751953 4.247440814971924 8.486751556396484 1.3385587632656097 25.852996826171875 3.0330750183796855 0.33990678191185
Van -1 -1 -0.13 1051.857666015625 139.59461975097656 1168.5955810546875 180.6224822998047 1.9017280340194702 1.7238953113555908 3.8007380962371826 22.738874435424805 0.5044435560703278 32.453819274902344 0.4838904076120336 0.32099321484565735
Car -1 -1 1.87 362.8304138183594 188.4820098876953 437.06121826171875 238.33517456054688 1.366014838218689 1.5004723072052002 3.2462618350982666 -7.1797566413879395 2.037455141544342 24.74015998840332 1.5843912501261688 0.3036578893661499
Car -1 -1 2.81 757.5526123046875 166.26071166992188 881.236572265625 208.35350036621094 1.6128009557724 1.6169154644012451 4.157433032989502 8.495162010192871 1.371903896331787 30.83414077758789 3.080556320962546 0.3033468723297119
Car -1 -1 2.21 -8.774118423461914 213.40322875976562 205.55508995056152 360.4817199707031 1.5080667734146118 1.6510906219482422 4.279048442840576 -4.5585432052612305 1.8259324431419373 5.740072727203369 1.5422941660179221 0.285322904586792
Car -1 -1 1.82 205.1353759765625 212.08218383789062 354.4449462890625 300.3721618652344 1.32957923412323 1.5041728019714355 3.4091830253601074 -5.834712505340576 1.9281842112541199 12.799363136291504 1.3959526241436606 0.27125757932662964
Pedestrian -1 -1 3.07 915.0250244140625 170.5565643310547 998.2293090820312 366.8725280761719 1.520401120185852 0.5464419722557068 0.6687331795692444 2.603294610977173 1.5197941660881042 5.468960285186768 -2.7649497010513144 0.2690373957157135
Van -1 -1 2.38 3.6921651363372803 212.26727294921875 105.83008170127869 365.1517333984375 1.8154714107513428 1.6983758211135864 4.5365777015686035 -8.098393440246582 2.2325990200042725 7.839744567871094 1.5734193539854333 0.2667323648929596
Car -1 -1 -0.43 780.3009643554688 163.51025390625 899.6248779296875 209.71485900878906 1.5497040748596191 1.6056240797042847 3.8843982219696045 8.330345153808594 1.3045035600662231 26.504955291748047 -0.12980340661148393 0.26623815298080444
Car -1 -1 -1.49 921.1939697265625 162.39735412597656 1017.8255004882812 207.02182006835938 1.4566099643707275 1.573899745941162 3.2587203979492188 11.278984069824219 1.1080060601234436 23.06288719177246 -1.0357313077581587 0.2519245147705078
Car -1 -1 1.81 354.6714172363281 186.9168243408203 443.3324890136719 243.40365600585938 1.4407991170883179 1.5588443279266357 3.922715187072754 -6.446235656738281 1.9642980694770813 22.63918685913086 1.537340813909097 0.24613812565803528
Van -1 -1 3.05 735.9406127929688 160.68190002441406 871.0578002929688 205.1708984375 2.0530290603637695 1.867533564567566 5.130759239196777 8.829948425292969 1.5278460383415222 32.83006286621094 -2.9697272458500628 0.24420754611492157
Car -1 -1 2.17 0.437955379486084 221.23202514648438 77.90362310409546 366.306396484375 1.459289312362671 1.5353498458862305 3.626591682434082 -6.7278947830200195 1.9024503231048584 6.605569839477539 1.3794440390503908 0.23718756437301636
Car -1 -1 -0.04 1043.5843505859375 141.1847381591797 1191.2095947265625 188.42230224609375 1.68522047996521 1.658503532409668 3.9278738498687744 20.539886474609375 0.4873758852481842 29.432924270629883 0.5667256909306353 0.23191305994987488
Car -1 -1 -0.17 1032.4671630859375 137.30445861816406 1179.22021484375 182.03890991210938 1.6208950281143188 1.682469367980957 4.0275139808654785 20.67879295349121 0.501619279384613 30.172212600708008 0.43534863121509204 0.23047590255737305
Car -1 -1 -1.57 652.4091796875 177.38050842285156 715.4220581054688 215.76199340820312 1.5082838535308838 1.5764085054397583 3.301948308944702 2.683581590652466 1.7819907665252686 28.554630279541016 -1.480621458542302 0.22708719968795776
Van -1 -1 -0.23 1024.5179443359375 144.80804443359375 1129.814453125 181.07608032226562 1.7740579843521118 1.741936445236206 4.040746212005615 22.33040428161621 0.4376398026943207 34.187896728515625 0.34666786820405804 0.22224293649196625
Car -1 -1 1.72 492.5849914550781 183.86532592773438 526.119873046875 206.76748657226562 1.5229448080062866 1.5719192028045654 3.6978061199188232 -6.561122417449951 2.2114221453666687 46.71577835083008 1.581031677008835 0.2069912999868393
Car -1 -1 2.28 5.546130180358887 241.4123992919922 102.3308973312378 374.5411376953125 1.4631317853927612 1.6206591129302979 3.698882818222046 -6.193961143493652 2.0424793362617493 6.253662586212158 1.4963853722689349 0.20639456808567047
Car -1 -1 2.05 1.357133388519287 203.3623809814453 316.8101668357849 350.01617431640625 1.508418083190918 1.6323202848434448 4.227118492126465 -4.148581027984619 1.8658843040466309 6.777688980102539 1.4996575316397882 0.20193275809288025
Car -1 -1 -1.45 906.9285278320312 160.16195678710938 1008.9073486328125 206.0681915283203 1.461014747619629 1.5870146751403809 3.576627731323242 10.30370807647705 1.1563137471675873 21.59039306640625 -1.004030294278781 0.20064255595207214
Car -1 -1 -2.83 733.9158935546875 170.4481201171875 840.6514282226562 206.40252685546875 1.466212272644043 1.62288498878479 4.249848365783691 8.665868759155273 1.4345190525054932 34.150962829589844 -2.5790851952306824 0.19445450603961945
Pedestrian -1 -1 1.36 876.0536499023438 162.49966430664062 1001.929931640625 328.0391845703125 1.612290859222412 0.6589885950088501 0.8854261636734009 2.667998790740967 1.3563176989555359 5.7739362716674805 1.7924647306488124 0.19134914875030518
Car -1 -1 0.82 1033.22119140625 143.55218505859375 1165.888916015625 185.90834045410156 1.652967095375061 1.6440505981445312 4.031072616577148 20.81012725830078 0.4926716089248657 30.5281925201416 1.4152053026113096 0.17550864815711975
Van -1 -1 -0.28 1041.147216796875 141.920654296875 1150.4482421875 179.22396850585938 1.8095773458480835 1.709035873413086 4.05327033996582 22.133785247802734 0.46468403935432434 32.92655563354492 0.3110664091150799 0.17388233542442322
Car -1 -1 -1.01 822.1119995117188 160.0958709716797 924.590087890625 204.1226806640625 1.5696278810501099 1.607775330543518 3.8557095527648926 9.543312072753906 1.1956104338169098 26.538089752197266 -0.6650113948436562 0.17267413437366486
Car -1 -1 -2.95 725.2735595703125 161.50259399414062 852.0401000976562 203.79776000976562 1.5677504539489746 1.6538645029067993 4.379688262939453 8.261281967163086 1.4954223036766052 32.13684844970703 -2.700764563061176 0.1674303561449051
Car -1 -1 2.34 -1.5588632822036743 248.71395874023438 71.82832849025726 355.4754333496094 1.6002715826034546 1.6161595582962036 4.07708740234375 -7.553768157958984 2.2202218174934387 7.613247394561768 1.5560965040196475 0.16383996605873108
Van -1 -1 2.73 760.2032470703125 164.807373046875 882.809814453125 210.8264923095703 1.9417719841003418 1.8616392612457275 5.066483020782471 8.95848274230957 1.4342059195041656 30.071931838989258 3.022601509805286 0.1619940549135208
Car -1 -1 -2.76 734.5608520507812 157.2691650390625 870.092529296875 205.8708953857422 1.6889904737472534 1.6551566123962402 4.392441272735596 8.211832046508789 1.2646246254444122 30.492570877075195 -2.4979224448372435 0.16175243258476257
Car -1 -1 2.25 925.9158325195312 157.93736267089844 1019.7261352539062 196.9082794189453 1.5218398571014404 1.6067451238632202 3.4072577953338623 13.530522346496582 1.038273185491562 27.301313400268555 2.713157128896116 0.15096557140350342
Car -1 -1 2.52 914.6127319335938 156.62649536132812 1008.65087890625 195.98228454589844 1.541804313659668 1.6274181604385376 3.853795289993286 13.363852500915527 0.9896294325590134 27.785160064697266 2.966426854490666 0.1353738158941269
Car -1 -1 3.08 834.728515625 158.35482788085938 923.2301025390625 199.1821746826172 1.492424488067627 1.5282789468765259 3.736504316329956 11.82795524597168 1.1170755922794342 31.528099060058594 -2.8396914247789606 0.1241290345788002