Car -1 -1 -1.71 730.1614379882812 177.77313232421875 850.5861206054688 272.9779968261719 1.4833824634552002 1.5914334058761597 3.5502521991729736 3.100728988647461 1.617494285106659 13.156172752380371 -1.474109904142849 0.8856488466262817
Car -1 -1 1.88 285.74700927734375 194.5425262451172 408.7977294921875 270.4563903808594 1.47111177444458 1.5930156707763672 3.892580270767212 -5.937756061553955 1.9829314947128296 16.623855590820312 1.5370942991900032 0.8804770708084106
Car -1 -1 -1.99 805.8226928710938 180.1270294189453 1210.9312744140625 374.71710205078125 1.5303359031677246 1.6299514770507812 3.9662156105041504 3.0511558055877686 1.601629614830017 6.628389835357666 -1.5622661381752563 0.8698379397392273
Car -1 -1 1.83 475.39691162109375 184.1007080078125 518.2467041015625 212.51058959960938 1.510306715965271 1.6179155111312866 3.737217426300049 -6.434255123138428 2.166197955608368 40.98754119873047 1.6775624726281508 0.7937464714050293
Car -1 -1 -1.66 642.4344482421875 174.29501342773438 673.2482299804688 200.65292358398438 1.5964735746383667 1.6027675867080688 3.5495963096618652 2.903416156768799 1.7248285412788391 45.30856704711914 -1.5992945617353005 0.7266771793365479
Car -1 -1 1.45 583.9732055664062 176.9290313720703 615.6407470703125 194.30465698242188 1.4812524318695068 1.7347800731658936 4.118185520172119 -0.9399018883705139 1.8358871936798096 65.71348571777344 1.4315469105229104 0.4716108441352844
Car -1 -1 -2.72 1155.89697265625 187.4623565673828 1241.0091552734375 376.539306640625 1.5632996559143066 1.6557925939559937 3.768928289413452 2.4392802715301514 1.4569548964500427 1.1145575046539307 -1.5736991969047383 0.4496529996395111
Car -1 -1 -2.61 1115.8968505859375 200.46343994140625 1231.326171875 372.5826721191406 1.5939042568206787 1.522304892539978 3.627375841140747 2.012847900390625 1.3726022243499756 1.0912928581237793 -1.5377145914160684 0.39295217394828796
Car -1 -1 -2.51 1059.04345703125 202.73602294921875 1229.4208984375 365.055419921875 1.503695011138916 1.5217586755752563 3.4353623390197754 2.3239035606384277 1.4246551990509033 1.6255663633346558 -1.553851048377254 0.34927794337272644
Car -1 -1 -2.66 1135.136474609375 189.8671417236328 1235.1629638671875 377.944091796875 1.6094022989273071 1.5607116222381592 3.706761121749878 2.169569253921509 1.4124841094017029 1.0563907623291016 -1.539898483261279 0.3430037498474121
Van -1 -1 2.61 -4.979719161987305 120.47450256347656 225.71963691711426 283.29998779296875 2.7490572929382324 2.048109292984009 6.077366828918457 -10.793365478515625 2.05783474445343 12.251749038696289 1.8830800709444473 0.32357335090637207
Car -1 -1 -2.69 1172.8153076171875 173.3938751220703 1242.7757568359375 379.93524169921875 1.6284910440444946 1.597407341003418 3.644864320755005 2.2546441555023193 1.4169108867645264 1.0974209308624268 -1.57149584374001 0.2932964563369751
Van -1 -1 2.99 5.170339584350586 103.69359588623047 261.00238609313965 280.22798919677734 2.833763599395752 2.071430206298828 6.442372798919678 -10.497478485107422 1.812351942062378 13.618812561035156 2.3304402706990217 0.24040809273719788
Car -1 -1 -2.69 1178.93994140625 201.2475128173828 1238.62060546875 380.7357177734375 1.5416511297225952 1.6291143894195557 3.780937910079956 1.7419859170913696 1.238697588443756 0.9393383264541626 -1.6179883783563787 0.22739718854427338
Car -1 -1 -2.65 1090.3226318359375 181.34689331054688 1230.1656494140625 366.229248046875 1.6099576950073242 1.471426248550415 3.2976903915405273 2.641129732131958 1.497226059436798 1.5168612003326416 -1.6006348723577677 0.22334350645542145
Car -1 -1 -2.68 1196.406494140625 185.98907470703125 1243.4407958984375 377.5429382324219 1.586106777191162 1.5734052658081055 3.62013840675354 1.7212260961532593 1.247061312198639 0.8891472220420837 -1.581955558715208 0.2122887820005417
Car -1 -1 -2.67 1185.1475830078125 160.24899291992188 1240.1961669921875 374.7236328125 1.642767071723938 1.6001442670822144 3.6432557106018066 2.598480463027954 1.3853967189788818 1.3060270547866821 -1.5623250240992181 0.21110571920871735
Car -1 -1 -2.57 1167.722900390625 218.90512084960938 1241.21533203125 353.6510314941406 1.7394626140594482 1.5890902280807495 3.749601364135742 1.9185549020767212 1.3781054019927979 1.3080949783325195 -1.5938944191589002 0.19358064234256744
Car -1 -1 -2.43 1001.2073364257812 201.08706665039062 1220.7198486328125 364.6927490234375 1.4660781621932983 1.600631833076477 3.5685667991638184 2.9587466716766357 1.6070662140846252 2.747318744659424 -1.608437296693145 0.1929798573255539
Car -1 -1 -2.58 1197.256591796875 134.03860473632812 1240.146484375 381.3089599609375 1.6639155149459839 1.5885004997253418 3.4920454025268555 2.46160888671875 1.440644383430481 1.2298390865325928 -1.4715633936309054 0.18609297275543213
Car -1 -1 -2.58 1122.76123046875 145.85194396972656 1238.804443359375 356.45184326171875 1.7538299560546875 1.5551764965057373 3.544912338256836 3.72904896736145 1.6013801097869873 2.1088037490844727 -1.5284876125641258 0.1792300045490265
Car -1 -1 -2.66 1163.0821533203125 205.38148498535156 1230.6134033203125 373.7654724121094 1.521712303161621 1.5940489768981934 3.7346303462982178 2.123509645462036 1.3205811977386475 1.2663577795028687 -1.6244356404061229 0.1713561862707138
Car -1 -1 -2.68 1201.76318359375 202.77978515625 1239.225341796875 378.5809326171875 1.5615202188491821 1.5914506912231445 3.6931087970733643 1.6069191694259644 1.204558789730072 0.8879413604736328 -1.6121981103115974 0.15728549659252167
Car -1 -1 -2.64 1189.1026611328125 202.7298583984375 1236.021728515625 364.3712463378906 1.6241923570632935 1.5215908288955688 3.5643672943115234 2.23298978805542 1.3850058317184448 1.434854507446289 -1.641307957764539 0.15029455721378326
Car -1 -1 -1.37 647.437744140625 172.4097137451172 681.734375 194.3374786376953 1.5409584045410156 1.637328028678894 3.5708017349243164 3.2615292072296143 1.6316853761672974 46.67228317260742 -1.3019204096492993 0.13553740084171295
Car -1 -1 3.12 20.380897521972656 129.2683868408203 250.32340240478516 270.5675964355469 1.9723509550094604 1.743298053741455 4.630331039428711 -14.10012435913086 2.065955936908722 17.147924423217773 2.436000842873632 0.13062170147895813