Car -1 -1 -1.84 740.3904418945312 198.72718811035156 939.7301635742188 322.3757629394531 1.357831358909607 1.5626786947250366 3.5483617782592773 2.847703218460083 1.6867621541023254 9.67263126373291 -1.5503861954738642 0.8765181303024292
Car -1 -1 -0.2 808.267333984375 177.615234375 1039.64453125 264.150634765625 1.5833048820495605 1.679821491241455 4.099445819854736 6.444052696228027 1.7135967016220093 15.107325553894043 0.20270610724030602 0.830539882183075
Car -1 -1 -1.64 636.2094116210938 180.29348754882812 668.2728881835938 206.3848114013672 1.449389934539795 1.6104966402053833 3.822920799255371 2.504978656768799 1.9260283708572388 42.754417419433594 -1.5843852786600667 0.8227670192718506
Car -1 -1 -0.33 709.2184448242188 175.34156799316406 805.5890502929688 219.52210998535156 1.6282145977020264 1.615145206451416 3.8014931678771973 5.682597637176514 1.7773854732513428 27.626115798950195 -0.12943111185383405 0.8178361654281616
Car -1 -1 -2.82 239.52615356445312 181.27557373046875 432.6823425292969 251.2218017578125 1.520735263824463 1.5869472026824951 3.826955556869507 -6.181063175201416 1.7550827860832214 16.657550811767578 3.1123302148410907 0.7618278861045837
Car -1 -1 0.88 -1.4702246189117432 181.4976043701172 91.26477599143982 380.73345947265625 1.6178789138793945 1.6202534437179565 4.316549301147461 -6.073754787445068 1.5760639309883118 4.516343593597412 -0.05389407989434858 0.7441587448120117
Car -1 -1 -0.16 750.8455200195312 181.13653564453125 866.798828125 236.24771118164062 1.4981235265731812 1.6826624870300293 3.7660937309265137 5.897576332092285 1.7560274004936218 21.264724731445312 0.1144805653906853 0.7349531650543213
Car -1 -1 -2.93 434.33544921875 178.4428253173828 520.509521484375 212.602294921875 1.5144613981246948 1.6505852937698364 4.108776569366455 -6.108609199523926 1.7943331599235535 35.00672912597656 -3.106102492825113 0.7309522032737732
Car -1 -1 -2.92 323.85186767578125 168.81942749023438 473.1227111816406 231.46823120117188 1.763269305229187 1.713212490081787 4.239737033843994 -6.484607219696045 1.7382491827011108 22.31023597717285 3.0805025118417966 0.7290613055229187
Car -1 -1 -2.8 -0.8836991786956787 180.1558380126953 343.1940596103668 312.3133239746094 1.5538406372070312 1.5968682765960693 3.9631564617156982 -5.778683662414551 1.6549662351608276 9.312966346740723 2.9229795880564655 0.7223328948020935
Car -1 -1 -2.86 307.39697265625 174.54660034179688 453.2032165527344 237.2853240966797 1.667541265487671 1.6764819622039795 3.9311704635620117 -6.366998672485352 1.7584903240203857 20.012107849121094 3.112728971627476 0.6880203485488892
Car -1 -1 1.45 81.33805084228516 177.88467407226562 396.2514419555664 281.3674621582031 1.6008492708206177 1.6365137100219727 4.072780609130859 -5.739313125610352 1.6877248287200928 11.601269721984863 0.9931142376532396 0.6793520450592041
Car -1 -1 -2.68 158.0684051513672 178.9005584716797 405.1925048828125 266.3990173339844 1.6057156324386597 1.6656100749969482 4.040853500366211 -6.288286209106445 1.7183756828308105 13.983851432800293 -3.1004956265125347 0.64448481798172
Car -1 -1 -0.38 721.18701171875 181.4128875732422 829.0501098632812 226.1608428955078 1.4317256212234497 1.60633385181427 3.9218263626098633 5.838961601257324 1.7769171595573425 25.574222564697266 -0.15906755952675455 0.6419643759727478
Car -1 -1 -2.81 189.17396545410156 177.89370727539062 430.54901123046875 260.6211853027344 1.4912593364715576 1.5567235946655273 4.062178134918213 -6.207711219787598 1.739258348941803 15.09633731842041 3.0841447333788903 0.639757513999939
Car -1 -1 0.56 -11.495046615600586 173.02725219726562 282.96875953674316 368.9280700683594 1.5002304315567017 1.5839030742645264 4.222192287445068 -5.370087146759033 1.5838449597358704 6.6041693687438965 -0.1206895587046879 0.62918621301651
Car -1 -1 -0.98 768.2586669921875 179.00491333007812 890.8311157226562 240.0622100830078 1.4621187448501587 1.6329188346862793 3.6089718341827393 6.201146602630615 1.7437908053398132 19.88943099975586 -0.6816300244962159 0.5979766845703125
Car -1 -1 -2.83 272.3244323730469 178.51324462890625 443.4473571777344 243.34986877441406 1.5428669452667236 1.608354091644287 3.895158290863037 -6.470352649688721 1.7485142350196838 20.34961700439453 -3.1394319000760795 0.58223956823349
Car -1 -1 0.83 1.1866785287857056 184.47618103027344 118.76851904392242 378.7398376464844 1.5354385375976562 1.5765035152435303 4.207125663757324 -5.7324724197387695 1.5958763360977173 4.420150279998779 -0.085749757024153 0.5783981680870056
Car -1 -1 -1.73 743.9473266601562 186.3824462890625 964.0997314453125 313.5339050292969 1.4247993230819702 1.6233679056167603 3.647991895675659 2.9893798828125 1.6742554903030396 9.708894729614258 -1.4361691906930343 0.5446245670318604
Car -1 -1 3.14 451.4146423339844 179.0218048095703 534.9890747070312 209.78668212890625 1.4727474451065063 1.6804288625717163 4.338547229766846 -6.0135345458984375 1.8126925826072693 36.91935348510742 2.974208058588111 0.5375431180000305
Car -1 -1 0.79 -3.6744589805603027 181.33370971679688 153.91814661026 375.4139404296875 1.5259350538253784 1.6277587413787842 4.3025312423706055 -5.50373649597168 1.568362295627594 4.640700817108154 -0.07851320346499335 0.5270093083381653
Car -1 -1 -0.32 787.3287353515625 178.60104370117188 1002.18017578125 277.4781494140625 1.5609996318817139 1.6472891569137573 3.9730043411254883 5.619421005249023 1.6590521931648254 14.30100154876709 0.05358112506165735 0.5118117332458496
Car -1 -1 0.82 -8.840567588806152 179.42811584472656 210.23258304595947 368.9646301269531 1.534247636795044 1.616827368736267 4.328793525695801 -5.250737190246582 1.5362619757652283 5.135597229003906 0.02775600769673625 0.4384000897407532
Car -1 -1 -0.59 729.584228515625 182.4949951171875 841.7061157226562 229.97946166992188 1.4570430517196655 1.6135181188583374 3.9583828449249268 5.857743263244629 1.7696086764335632 24.814027786254883 -0.3582325552835983 0.4360397160053253
Car -1 -1 -2.82 337.35406494140625 172.78135681152344 489.4764099121094 228.70956420898438 1.763464331626892 1.6861413717269897 4.439981460571289 -6.335654258728027 1.7401617765426636 23.2136173248291 -3.086104422673813 0.43243011832237244
Car -1 -1 -1.83 748.75732421875 189.9282684326172 931.7184448242188 294.02117919921875 1.4020018577575684 1.5574654340744019 3.526156425476074 3.095620632171631 1.6036434173583984 9.968976974487305 -1.530630169924784 0.41922876238822937
Car -1 -1 -1.58 767.3126220703125 181.73463439941406 976.3515625 285.7755126953125 1.4638776779174805 1.6393569707870483 3.7284038066864014 3.1628262996673584 1.6408379673957825 9.820199966430664 -1.269950271751532 0.41394859552383423
Car -1 -1 0.96 -2.0191006660461426 178.29202270507812 73.69752836227417 366.9205627441406 1.5152897834777832 1.5955071449279785 3.924131155014038 -5.873582363128662 1.521870195865631 4.624851703643799 0.05253691640571656 0.37588033080101013
Car -1 -1 -1.64 632.1498413085938 178.26568603515625 660.8270874023438 201.94749450683594 1.4637060165405273 1.5896337032318115 3.5700089931488037 2.5741095542907715 1.8744933605194092 42.82129669189453 -1.5785132433604572 0.3713609278202057
Car -1 -1 0.54 38.19050216674805 181.73696899414062 364.8833427429199 294.2148742675781 1.5160242319107056 1.5839498043060303 4.136807441711426 -5.8684163093566895 1.702329695224762 11.660665512084961 0.0758099231856666 0.3635028004646301
Car -1 -1 -2.95 419.48199462890625 179.34872436523438 510.1735534667969 217.88616943359375 1.5167180299758911 1.6025203466415405 3.942458391189575 -6.402432441711426 1.8359466195106506 31.89017105102539 3.135884872760675 0.36177974939346313
Car -1 -1 2.04 736.0626831054688 178.61651611328125 858.6597290039062 228.9623565673828 1.4605470895767212 1.5824402570724487 3.957395315170288 6.226802825927734 1.7172351479530334 25.25030517578125 2.2810186174875993 0.3414178490638733
Car -1 -1 -2.92 395.57025146484375 180.52447509765625 499.9415283203125 224.16111755371094 1.5596226453781128 1.6067994832992554 4.0282416343688965 -6.2537946701049805 1.8300843834877014 27.475801467895508 3.1411151075647927 0.31208088994026184
Car -1 -1 -1.64 633.569091796875 180.24754333496094 663.1124877929688 204.63470458984375 1.4346357583999634 1.6189229488372803 3.71276593208313 2.4858415126800537 1.9209330677986145 42.91753387451172 -1.5844959379283887 0.30990326404571533
Van -1 -1 1.05 6.06016206741333 225.38101196289062 81.38969850540161 372.9374084472656 1.924660086631775 1.8263622522354126 4.497616767883301 -8.877241134643555 2.3921255469322205 7.448744297027588 0.17504608732766513 0.29332271218299866
Car -1 -1 -1.74 742.550537109375 185.9121856689453 903.4872436523438 273.3011169433594 1.361192226409912 1.6039679050445557 3.698808193206787 3.5641133785247803 1.6915878057479858 11.952142715454102 -1.4494289377069354 0.29024720191955566
Car -1 -1 -2.93 373.80035400390625 176.50527954101562 492.61151123046875 225.97447204589844 1.572977066040039 1.633643627166748 4.008754730224609 -6.342073440551758 1.8415499925613403 25.96510124206543 3.1179651311293943 0.2893102169036865
Car -1 -1 -1.6 628.5593872070312 178.35775756835938 654.0287475585938 199.53607177734375 1.5138053894042969 1.6214624643325806 3.6017367839813232 2.531951665878296 1.923835277557373 52.40205764770508 -1.5559161626750644 0.28425654768943787
Van -1 -1 -2.77 332.6686706542969 169.2439727783203 484.58367919921875 230.75411987304688 1.966809630393982 1.7785272598266602 4.610509395599365 -6.692363739013672 1.82150137424469 24.486513137817383 -3.035543881023587 0.27979978919029236
Van -1 -1 0.91 4.140750408172607 213.9209442138672 99.23414945602417 379.73602294921875 1.7220255136489868 1.4706997871398926 3.9464974403381348 -7.942944049835205 2.182936728000641 6.955613613128662 0.05891758629874744 0.2713353633880615
Car -1 -1 0.46 -8.312907218933105 183.2727508544922 251.72951221466064 343.3008117675781 1.466249942779541 1.6073700189590454 4.111380577087402 -5.125854969024658 1.5286740064620972 6.437536239624023 -0.20810314200579727 0.2702378034591675
Cyclist -1 -1 -2.31 553.2095947265625 176.05364990234375 571.3232421875 205.85862731933594 1.7404279708862305 0.5534685254096985 1.7654023170471191 -2.553029775619507 1.8016237020492554 38.604637145996094 -2.3763958518492565 0.26652905344963074
Car -1 -1 -0.9 773.4036865234375 176.5283660888672 906.559326171875 247.3054962158203 1.4789583683013916 1.6280248165130615 3.7342679500579834 5.850199222564697 1.6457277536392212 19.59190559387207 -0.6105086237608321 0.26286980509757996
Car -1 -1 2.03 753.605224609375 178.59481811523438 896.9799194335938 257.34027099609375 1.3293139934539795 1.5821350812911987 3.911778688430786 6.187596321105957 1.6938812732696533 22.081323623657227 2.2992594216629243 0.25297966599464417
Car -1 -1 0.75 11.154080390930176 226.60061645507812 71.77478122711182 364.4450988769531 1.6941602230072021 1.6624399423599243 4.13249397277832 -5.400875091552734 1.805152177810669 4.657738208770752 -0.11296853589954425 0.2495080828666687
Car -1 -1 0.73 6.694498538970947 222.0377655029297 78.12997674942017 380.3614501953125 1.525712490081787 1.6222331523895264 4.23098087310791 -6.421206474304199 1.9137537479400635 5.128924369812012 -0.1680368533347507 0.245153546333313
Car -1 -1 2.24 762.5662231445312 180.97581481933594 917.628173828125 266.3949890136719 1.359314203262329 1.5562448501586914 3.8794615268707275 5.924342155456543 1.701288104057312 21.27862548828125 2.507627097059763 0.23914143443107605
Car -1 -1 -0.73 783.3805541992188 176.0695343017578 975.7634887695312 262.0969543457031 1.423325777053833 1.640956163406372 3.7287752628326416 4.56373405456543 1.6310740113258362 13.750977516174316 -0.4067026337348416 0.23703715205192566
Car -1 -1 0.95 -3.135446310043335 193.90841674804688 80.77307724952698 340.0232849121094 1.5743467807769775 1.5389543771743774 3.8786795139312744 -5.209019660949707 1.6099664568901062 4.512488842010498 0.09477877755647413 0.23460336029529572
Car -1 -1 -2.89 439.7740478515625 181.61219787597656 513.8671264648438 215.09359741210938 1.5027990341186523 1.5783487558364868 3.999579906463623 -6.186678886413574 1.9257197380065918 34.33891677856445 -3.068203014474032 0.2313142567873001
Car -1 -1 -2.72 210.64329528808594 182.67059326171875 393.5846252441406 255.0458984375 1.454340934753418 1.5450574159622192 3.5170633792877197 -6.295292854309082 1.6915180683135986 14.939562797546387 -3.119504009313535 0.2296675741672516
Car -1 -1 -2.95 296.8692626953125 182.1824188232422 441.5620422363281 238.56321716308594 1.455163598060608 1.5471396446228027 3.4538192749023438 -6.399029731750488 1.7347025275230408 19.915727615356445 3.0257971618848902 0.22678875923156738
Car -1 -1 1.33 -2.501110076904297 169.88059997558594 139.16847610473633 347.1460266113281 1.5401808023452759 1.630795955657959 3.9587841033935547 -5.095884799957275 1.4331566095352173 4.34369421005249 0.4663822260642583 0.22275662422180176
Car -1 -1 0.86 -7.362100124359131 172.6548614501953 105.51196146011353 352.5754089355469 1.5020501613616943 1.6265842914581299 4.080413341522217 -5.957296848297119 1.5465063452720642 5.027673244476318 -0.010636208486289433 0.22028173506259918
Car -1 -1 2.01 786.785888671875 181.41868591308594 931.1260986328125 244.1731414794922 1.425907015800476 1.633364200592041 3.8788514137268066 6.116772651672363 1.6294611692428589 18.215307235717773 2.3385607357407743 0.21483542025089264
Car -1 -1 1.21 37.4661979675293 184.59507751464844 298.21076583862305 348.774169921875 1.5021344423294067 1.6172312498092651 3.8355860710144043 -5.196081161499023 1.6057486534118652 7.471371173858643 0.5986151314270387 0.21416005492210388
Car -1 -1 0.75 2.765148639678955 218.677734375 141.9254117012024 379.1844177246094 1.4381756782531738 1.6175562143325806 4.164196491241455 -5.655890464782715 1.706936538219452 4.866558074951172 -0.10635901595798103 0.20983649790287018
Car -1 -1 -2.94 326.79949951171875 171.9869842529297 438.4810791015625 231.02792358398438 1.6879315376281738 1.685131549835205 3.5388436317443848 -6.622429847717285 1.7358978390693665 20.841896057128906 3.033235024466478 0.20959438383579254
Pedestrian -1 -1 2.77 744.9375 191.68385314941406 942.0042724609375 327.5544738769531 1.5987210273742676 0.6676348447799683 0.8208929300308228 2.520737886428833 1.6566370129585266 8.22732925415039 3.0641822191524675 0.20847077667713165
Car -1 -1 -1.3 773.4194946289062 187.83131408691406 986.768310546875 305.0202331542969 1.4869040250778198 1.6304460763931274 3.8346219062805176 4.073718070983887 1.7091698050498962 11.039434432983398 -0.9478066416220372 0.20455361902713776
Car -1 -1 0.53 -12.851883888244629 159.27943420410156 77.36756038665771 347.905517578125 1.5550576448440552 1.653844952583313 4.1508941650390625 -5.524096965789795 1.5208552479743958 4.426318168640137 -0.3674105726841401 0.2021677941083908
Car -1 -1 0.98 -6.666663646697998 178.81869506835938 264.17116594314575 292.6955871582031 1.4880717992782593 1.622990608215332 3.9092884063720703 -6.9016594886779785 1.5160077214241028 10.245631217956543 0.3894811376157632 0.2015785574913025
Car -1 -1 -2.73 413.72052001953125 182.8730010986328 500.8914794921875 220.86354064941406 1.4618107080459595 1.6075549125671387 4.173088073730469 -6.46431827545166 1.8767548203468323 29.53179359436035 -2.946152007937238 0.19942310452461243
Car -1 -1 0.73 1.7173212766647339 203.9250030517578 193.3907526731491 375.4898376464844 1.4366848468780518 1.5752968788146973 4.138186931610107 -5.309266567230225 1.6021050214767456 4.836552619934082 -0.10634348151775175 0.19909031689167023
Van -1 -1 -0.17 709.569580078125 175.06570434570312 807.1334838867188 219.7939910888672 1.8550496101379395 1.7035413980484009 4.277705192565918 6.22089958190918 1.8957634568214417 30.016342163085938 0.03683788003694444 0.1980762481689453
Car -1 -1 1.02 0.7297715544700623 190.6763458251953 60.692345559597015 365.98284912109375 1.4795678853988647 1.6039392948150635 4.070437431335449 -5.484482288360596 1.5119766592979431 4.347507953643799 0.12311588350292002 0.19759055972099304
Car -1 -1 1.48 4.244312763214111 177.91822814941406 92.92942476272583 335.5495910644531 1.5627598762512207 1.5778381824493408 3.804556369781494 -5.882789611816406 1.5455260276794434 5.293580055236816 0.6426753887590557 0.19222445785999298
Car -1 -1 1.08 -6.8819899559021 175.52500915527344 215.2115159034729 317.09259033203125 1.5110236406326294 1.6646803617477417 3.9984042644500732 -6.213255882263184 1.5489248037338257 7.224284648895264 0.3660821660447269 0.1858508586883545
Car -1 -1 -2.63 745.2493896484375 181.82699584960938 873.7312622070312 250.12176513671875 1.4218500852584839 1.548951268196106 3.71317720413208 5.697361946105957 1.8459095358848572 21.304431915283203 -2.366354195052467 0.18417063355445862