Pedestrian -1 -1 1.39 606.646728515625 138.43246459960938 640.6035766601562 233.2487335205078 1.8247482776641846 0.6409841179847717 0.7410622239112854 0.3150535821914673 1.003594495356083 13.449366569519043 1.4155322694489385 0.8214635252952576
Pedestrian -1 -1 0.97 785.4074096679688 147.16921997070312 891.6710205078125 359.9921875 1.7237515449523926 0.609646737575531 0.6369699835777283 1.973393440246582 1.414836347103119 5.8915581703186035 1.2951480089074856 0.812091052532196
Pedestrian -1 -1 1.08 895.1854858398438 138.60824584960938 992.3759765625 349.6514892578125 1.7637883424758911 0.6365758180618286 0.6452237963676453 3.0541934967041016 1.440858244895935 6.315744876861572 1.5340521656673598 0.8073416352272034
Pedestrian -1 -1 1.02 686.6638793945312 146.44886779785156 708.4141845703125 205.05609130859375 1.6141278743743896 0.5872316956520081 0.5240249633789062 2.5395824909210205 0.6658860892057419 19.86573028564453 1.1424367734716565 0.770429790019989
Pedestrian -1 -1 1.71 563.8736572265625 144.2219696044922 597.4282836914062 236.45513916015625 1.6667327880859375 0.636840283870697 0.7811843156814575 -0.41353505849838257 0.9897526949644089 13.579838752746582 1.675591621965193 0.70351243019104
Pedestrian -1 -1 1.74 567.5191040039062 139.51004028320312 603.3345947265625 237.2291259765625 1.7332431077957153 0.6238313317298889 0.7599514126777649 -0.38496047258377075 0.991066113114357 13.215347290039062 1.7134970391807487 0.6993762254714966
Pedestrian -1 -1 0.98 801.7503051757812 139.08578491210938 909.427978515625 357.872802734375 1.7708022594451904 0.6239708662033081 0.774917721748352 2.044748544692993 1.4016876816749573 5.8303070068359375 1.3141719279992046 0.660382091999054
Pedestrian -1 -1 1.66 488.9005126953125 142.10426330566406 513.7459716796875 218.1282501220703 1.7855497598648071 0.6849437952041626 0.8497210144996643 -2.5267233848571777 0.8554004989564419 17.418691635131836 1.518786828286978 0.6443232893943787
Cyclist -1 -1 2.51 396.37774658203125 147.40419006347656 460.2379455566406 203.56690979003906 1.6679095029830933 0.6594374775886536 1.650422215461731 -5.809096336364746 0.6686261892318726 23.025911331176758 2.259801802594943 0.6399626135826111
Pedestrian -1 -1 1.55 528.4437866210938 145.31634521484375 556.3082885742188 225.50717163085938 1.6611555814743042 0.6433959007263184 0.8445279598236084 -1.3870065212249756 0.9046722948551178 15.855860710144043 1.4652386843060228 0.633094072341919
Pedestrian -1 -1 1.68 441.76727294921875 144.92169189453125 467.1623840332031 215.69590759277344 1.8094193935394287 0.6489436030387878 0.6148070693016052 -3.7731146812438965 0.9113910887390375 17.785823822021484 1.4724058970188922 0.6227109432220459
Pedestrian -1 -1 1.52 565.3636474609375 139.94444274902344 594.7721557617188 221.24203491210938 1.7734745740890503 0.6451547145843506 0.6430076956748962 -0.6870738863945007 0.8144458681344986 17.280248641967773 1.4780274027254396 0.6183447241783142
Pedestrian -1 -1 1.53 562.1028442382812 141.6085662841797 592.7523193359375 230.13638305664062 1.7550665140151978 0.67203688621521 0.6768643260002136 -0.7604404091835022 0.8760422241175547 17.58550453186035 1.4859437605605654 0.6142304539680481
Pedestrian -1 -1 1.37 524.320556640625 144.25608825683594 552.1129150390625 225.017822265625 1.7059252262115479 0.6555224657058716 0.895537793636322 -1.441709041595459 0.9215842485427856 16.095176696777344 1.2794917000968287 0.6105823516845703
Pedestrian -1 -1 1.78 463.9245300292969 143.65652465820312 490.3697204589844 217.93780517578125 1.8267784118652344 0.6572811007499695 0.6932859420776367 -3.1171939373016357 0.9398788698017597 17.33318328857422 1.6049954914808087 0.5919666886329651
Pedestrian -1 -1 1.53 562.268798828125 140.55567932128906 589.1580810546875 216.09722900390625 1.8434556722640991 0.6375245451927185 0.7399523854255676 -0.7309445738792419 0.8661321587860584 16.961851119995117 1.4866239480230288 0.5892048478126526
Pedestrian -1 -1 0.65 228.24493408203125 139.5692596435547 318.4640197753906 309.8931579589844 1.774214267730713 0.6455852389335632 0.7743785381317139 -3.6055102348327637 1.360580712556839 7.869754314422607 0.22255460447152586 0.5800045728683472
Pedestrian -1 -1 2.17 435.94598388671875 141.61293029785156 470.3927001953125 218.27011108398438 1.842831015586853 0.6357335448265076 0.6910309791564941 -3.5969533920288086 0.9120673341676593 16.97087287902832 1.9659299949179196 0.5794647336006165
Cyclist -1 -1 2.77 409.60113525390625 145.32737731933594 451.76837158203125 205.97103881835938 1.757302165031433 0.6548014879226685 1.7279167175292969 -5.722489833831787 0.707903265953064 23.117534637451172 2.5243726883496507 0.5587528347969055
Cyclist -1 -1 1.57 456.8927307128906 142.19955444335938 497.85211181640625 213.11590576171875 1.8685437440872192 0.6877104640007019 1.7139902114868164 -3.5071635246276855 0.7698962837457657 19.782608032226562 1.3904237236324377 0.5566760301589966
Cyclist -1 -1 1.96 435.9733581542969 143.07241821289062 473.9260559082031 216.71661376953125 1.7400171756744385 0.6488015055656433 1.734137773513794 -3.9499754905700684 0.8199542313814163 18.957351684570312 1.7538983359726865 0.5459973216056824
Pedestrian -1 -1 1.69 521.5086059570312 141.00326538085938 546.2242431640625 207.1646728515625 1.8926432132720947 0.6303645968437195 0.6279627680778503 -2.068726062774658 0.7328366637229919 20.518348693847656 1.5889324906197988 0.543934166431427
Pedestrian -1 -1 1.35 557.6152954101562 140.16078186035156 586.00634765625 220.17774963378906 1.6875958442687988 0.6100683212280273 0.8903117775917053 -0.7632470726966858 0.8150692656636238 16.044034957885742 1.3016650738610007 0.5427881479263306
Pedestrian -1 -1 1.61 890.3233032226562 140.4516143798828 973.2522583007812 336.9792785644531 1.7306488752365112 0.6562324166297913 0.6817798018455505 3.0520408153533936 1.3560394942760468 6.646300792694092 2.037727146216863 0.5143729448318481
Pedestrian -1 -1 0.97 819.9868774414062 145.06243896484375 898.138671875 358.50872802734375 1.6807242631912231 0.6396297812461853 0.8330947160720825 2.1169049739837646 1.3652443289756775 5.907339096069336 1.3149462135229681 0.5089204907417297
Pedestrian -1 -1 1.55 518.239990234375 143.55447387695312 539.5661010742188 201.8121337890625 1.806508183479309 0.6334520578384399 0.5962569713592529 -2.2972171306610107 0.6943789124488831 20.65534210205078 1.4381841968677112 0.49618637561798096
Pedestrian -1 -1 1.4 513.3390502929688 141.8821563720703 542.0047607421875 205.3144073486328 1.8884556293487549 0.6492616534233093 0.6667662858963013 -2.096566915512085 0.7554604858160019 20.122663497924805 1.2942768727185339 0.4881722629070282
Pedestrian -1 -1 1.52 523.1498413085938 140.67710876464844 549.8672485351562 215.12783813476562 1.7673717737197876 0.6531210541725159 0.675183892250061 -1.6497873067855835 0.7726995497941971 18.12175178527832 1.4293641223921263 0.4850136637687683
Pedestrian -1 -1 0.8 849.864990234375 132.7803497314453 938.9381103515625 355.2674865722656 1.769887924194336 0.6225557923316956 0.824270486831665 2.6766011714935303 1.3837363719940186 6.269552707672119 1.2043591531028195 0.4803328812122345
Cyclist -1 -1 1.89 431.13909912109375 144.9420166015625 479.7936706542969 213.65667724609375 1.7776178121566772 0.6767345666885376 1.698660135269165 -4.039376258850098 0.8190556168556213 19.27537727355957 1.6823106936877377 0.47716784477233887
Pedestrian -1 -1 -2.62 459.61163330078125 145.93763732910156 494.59600830078125 212.43484497070312 1.8465131521224976 0.6782894134521484 0.5662924647331238 -3.179654359817505 0.8396732211112976 18.61957359313965 -2.786883384461248 0.46929678320884705
Pedestrian -1 -1 1.47 484.0475769042969 140.53973388671875 509.1366882324219 208.5362548828125 1.7846075296401978 0.6941303014755249 0.7364944219589233 -2.612041711807251 0.789389006793499 17.768320083618164 1.3258886940356387 0.4611165523529053
Cyclist -1 -1 -1.43 253.58877563476562 134.79800415039062 312.74615478515625 260.079345703125 1.7916045188903809 0.5600758790969849 1.7423242330551147 -5.567146301269531 1.1921088099479675 12.299498558044434 -1.8582334808492478 0.46062567830085754
Cyclist -1 -1 1.38 422.990234375 145.8769989013672 471.5421142578125 213.34420776367188 1.8362321853637695 0.6509003639221191 1.704188585281372 -4.088771820068359 0.9036803916096687 19.037918090820312 1.1637163377504685 0.46043410897254944
Pedestrian -1 -1 1.51 556.5516357421875 142.15138244628906 579.2982177734375 213.772216796875 1.7910513877868652 0.655386209487915 0.4721357822418213 -0.9754599928855896 0.7862015664577484 18.48764419555664 1.4592211839323248 0.4588016867637634
Pedestrian -1 -1 1.41 493.95166015625 141.99774169921875 518.1075439453125 215.8337860107422 1.7820465564727783 0.6761760115623474 0.8817067742347717 -2.4548184871673584 0.8369519449770451 17.291711807250977 1.2706599798915406 0.4534479081630707
Cyclist -1 -1 2.83 430.09014892578125 146.02017211914062 467.1004333496094 210.1663818359375 1.7508697509765625 0.6194687485694885 1.665674090385437 -4.6169657707214355 0.8103896081447601 20.660913467407227 2.611043105986619 0.4431745111942291
Pedestrian -1 -1 1.37 512.4243774414062 144.530517578125 531.899169921875 203.3031005859375 1.7807540893554688 0.6419179439544678 0.7092064619064331 -2.5010619163513184 0.6660867929458618 21.118309020996094 1.2545309123625863 0.43987229466438293
Pedestrian -1 -1 2.06 466.7435302734375 146.7137451171875 495.4105529785156 210.67799377441406 1.8548521995544434 0.6771435141563416 0.5422268509864807 -3.294546604156494 0.8444934338331223 18.457590103149414 1.880955759495273 0.43928369879722595
Pedestrian -1 -1 1.81 446.1107177734375 144.9752197265625 473.9744567871094 216.4620819091797 1.796245813369751 0.641162097454071 0.6063342690467834 -3.6508355140686035 0.9251665640622377 17.744125366210938 1.6060946749257061 0.4323051869869232
Pedestrian -1 -1 1.13 871.3666381835938 134.1788787841797 967.9246215820312 357.5559387207031 1.8000560998916626 0.6180821061134338 0.8817335367202759 2.784569025039673 1.4556074142456055 6.233855247497559 1.5541334264553708 0.42774251103401184
Pedestrian -1 -1 1.14 832.8473510742188 139.38987731933594 913.25390625 332.9443359375 1.7329366207122803 0.6583422422409058 0.6629189848899841 2.436466693878174 1.3351818323135376 6.209934234619141 1.5181099963857125 0.42564982175827026
Pedestrian -1 -1 1.26 517.910888671875 141.11402893066406 545.849365234375 217.6143341064453 1.783850908279419 0.685825765132904 0.7415202856063843 -1.9006328582763672 0.7939215898513794 18.715505599975586 1.161697155782555 0.4239841103553772
Cyclist -1 -1 3.03 464.2642517089844 141.34910583496094 495.89715576171875 208.42979431152344 1.799350619316101 0.6162052750587463 1.6620392799377441 -3.7818760871887207 0.7017443776130676 21.861793518066406 2.862554002913411 0.42030268907546997
Pedestrian -1 -1 1.47 484.6680908203125 142.09239196777344 517.7009887695312 212.24119567871094 1.8625937700271606 0.7145205140113831 0.6938260793685913 -2.40311598777771 0.9020500145852566 16.98887062072754 1.3264129906072881 0.4114646315574646
Pedestrian -1 -1 1.34 606.2586669921875 142.53070068359375 636.4423828125 215.97227478027344 1.7755663394927979 0.6161965131759644 0.6454907655715942 0.3683948218822479 0.8527341820299625 16.098350524902344 1.3619411724074002 0.4105401337146759
Pedestrian -1 -1 1.64 532.332275390625 140.95887756347656 557.5697021484375 216.70196533203125 1.8057154417037964 0.6517155766487122 0.7911579608917236 -1.3904956579208374 0.8459774553775787 17.275232315063477 1.556527987902788 0.4093509018421173
Pedestrian -1 -1 1.72 527.2009887695312 142.45123291015625 549.4251708984375 203.833740234375 1.819885015487671 0.6392093300819397 0.698684573173523 -1.8003575801849365 0.7202913910150528 18.96999168395996 1.6296684270866635 0.404358834028244
Pedestrian -1 -1 1.62 529.4939575195312 140.2160186767578 553.21240234375 207.4135284423828 1.8032069206237793 0.6401210427284241 0.7209696769714355 -1.6678133010864258 0.7327667325735092 18.778905868530273 1.5333654008699646 0.40249913930892944
Cyclist -1 -1 3.02 417.679443359375 144.9158477783203 444.0575866699219 202.21884155273438 1.704668402671814 0.6227182745933533 1.6920647621154785 -6.128788471221924 0.5968411862850189 24.74126625061035 2.775575227692242 0.4001186788082123
Pedestrian -1 -1 1.24 432.7879943847656 138.54652404785156 478.47967529296875 231.77581787109375 1.7908666133880615 0.683851420879364 0.6618925929069519 -3.3300106525421143 0.9529832229018211 15.713812828063965 1.035246114569432 0.3991924226284027
Cyclist -1 -1 0.75 432.7879943847656 138.54652404785156 478.47967529296875 231.77581787109375 1.7190319299697876 0.6293734908103943 1.7591432332992554 -3.1014578342437744 0.9097287356853485 14.814048767089844 0.539462714287481 0.39681538939476013
Pedestrian -1 -1 1.7 546.4146118164062 142.45811462402344 567.7037353515625 212.83828735351562 1.7933398485183716 0.6366486549377441 0.475336492061615 -1.1759703159332275 0.8090986683964729 17.806673049926758 1.629496097617209 0.3952336609363556
Pedestrian -1 -1 1.32 552.5350952148438 141.38841247558594 578.4168090820312 220.51663208007812 1.7700117826461792 0.6254402995109558 0.8922286033630371 -0.8966692686080933 0.8605752903968096 16.264333724975586 1.2635661533409452 0.3928859531879425
Cyclist -1 -1 2.79 444.62969970703125 146.0021514892578 481.196533203125 212.42909240722656 1.8423633575439453 0.6110087037086487 1.665344476699829 -4.383357524871826 0.81308463960886 22.078577041625977 2.591744870264357 0.3928067684173584
Cyclist -1 -1 2.89 463.6316223144531 144.65533447265625 491.92620849609375 216.34603881835938 1.831999659538269 0.623214602470398 1.6923539638519287 -3.2991116046905518 0.8424625098705292 18.511316299438477 2.7107346666252807 0.3911662697792053
Pedestrian -1 -1 2.95 432.8582458496094 145.23841857910156 477.2872619628906 214.8333282470703 1.7880820035934448 0.630348801612854 0.560272753238678 -3.756112813949585 0.8825495783239603 17.8620548248291 2.745811658333749 0.3827347457408905
Cyclist -1 -1 -1.25 248.1122283935547 134.99237060546875 302.9631652832031 275.66412353515625 1.8405015468597412 0.5649161338806152 1.7429566383361816 -5.096705436706543 1.2589573860168457 11.140024185180664 -1.6792098036049259 0.38113683462142944
Cyclist -1 -1 0.02 509.87030029296875 142.0590057373047 542.0798950195312 201.12721252441406 1.8304355144500732 0.6320751309394836 1.6908988952636719 -2.700723171234131 0.6031729280948639 24.127714157104492 -0.09461975825017266 0.38029026985168457
Cyclist -1 -1 2.96 413.8075256347656 146.28115844726562 462.0322570800781 208.1980438232422 1.7435106039047241 0.6461332440376282 1.5759915113449097 -4.989640235900879 0.7512180060148239 21.82992172241211 2.7354506133624383 0.3799992799758911
Pedestrian -1 -1 1.76 476.5583801269531 141.89024353027344 502.8100280761719 205.77687072753906 1.7992618083953857 0.6703118681907654 0.7377002239227295 -2.9495229721069336 0.7969914451241493 18.410120010375977 1.597807900852306 0.37898921966552734
Pedestrian -1 -1 1.67 536.8294067382812 140.7325439453125 567.8143310546875 222.76205444335938 1.706739902496338 0.6239944696426392 0.6770886182785034 -1.0796394348144531 0.9005695730447769 15.861515998840332 1.5975962142846871 0.3765696883201599
Pedestrian -1 -1 1.25 506.4479064941406 144.6213836669922 526.6513671875 205.1588592529297 1.7258670330047607 0.6482616066932678 0.7400092482566833 -2.623548746109009 0.6686304062604904 21.00716209411621 1.1288420033624043 0.37434470653533936
Pedestrian -1 -1 2.34 441.4057922363281 144.4764404296875 479.71636962890625 216.6800079345703 1.807544469833374 0.6279069185256958 0.5922949910163879 -3.5673298835754395 0.9153110077604651 17.687389373779297 2.1438071222904522 0.3728742003440857
Pedestrian -1 -1 1.48 914.8460693359375 141.21559143066406 1006.0416870117188 356.7193298339844 1.7014613151550293 0.6004737019538879 0.6898561120033264 2.9813647270202637 1.4180870652198792 6.144714832305908 1.930126775900323 0.37010180950164795
Cyclist -1 -1 2.97 418.79046630859375 146.1997833251953 453.7899169921875 204.73748779296875 1.7551897764205933 0.6227731704711914 1.7383357286453247 -5.610042572021484 0.7165095955133438 23.84752655029297 2.741951203911139 0.3677142560482025
Pedestrian -1 -1 1.38 898.7549438476562 150.6370086669922 944.7874755859375 269.3251647949219 1.6800405979156494 0.6120877265930176 0.6486108899116516 3.9896368980407715 1.2567839622497559 8.852869987487793 1.808352892107333 0.36549896001815796
Pedestrian -1 -1 2.36 455.1474304199219 142.8878173828125 482.1527099609375 214.94442749023438 1.767215609550476 0.6130462288856506 0.7700358033180237 -3.3303728103637695 0.8722594995051622 17.255117416381836 2.167907186249245 0.365386962890625
Pedestrian -1 -1 1.46 541.1953125 140.51309204101562 572.18115234375 222.08871459960938 1.7155818939208984 0.6247382760047913 0.7058414816856384 -1.1246405839920044 0.9076519161462784 16.04958152770996 1.3889452506899973 0.3651643991470337
Pedestrian -1 -1 0.81 265.2297058105469 140.44723510742188 306.16229248046875 242.416748046875 1.778340220451355 0.6579357981681824 0.6894492506980896 -5.939122676849365 1.116630032658577 13.190092086791992 0.38567376892773986 0.36501139402389526
Pedestrian -1 -1 1.16 822.60107421875 135.59629821777344 919.5317993164062 363.357421875 1.7703726291656494 0.6433590650558472 0.8995112776756287 2.2623507976531982 1.4167639017105103 5.800911903381348 1.533457877207793 0.35976430773735046
Cyclist -1 -1 -2.98 474.3890686035156 143.61749267578125 512.2333374023438 204.76109313964844 1.8529367446899414 0.6322298645973206 1.6951922178268433 -3.6123833656311035 0.6582567393779755 23.186918258666992 -3.1308558923391567 0.35825294256210327
Pedestrian -1 -1 1.32 872.6765747070312 141.37181091308594 942.0888671875 327.03411865234375 1.7359306812286377 0.6431402564048767 0.6856637001037598 2.8608486652374268 1.3503942489624023 6.568033695220947 1.7316143393560264 0.3577615022659302
Pedestrian -1 -1 1.37 516.4655151367188 143.8098907470703 536.0502319335938 206.57794189453125 1.801592469215393 0.6497440338134766 0.7471863627433777 -2.3190197944641113 0.7100122720003128 20.617919921875 1.2549249742168902 0.34908679127693176
Pedestrian -1 -1 1.49 576.3554077148438 137.2688751220703 613.1329345703125 238.43643188476562 1.731521725654602 0.6313660144805908 0.7934076189994812 -0.06279966235160828 1.0198120176792145 13.441906929016113 1.4867868015473658 0.3486980199813843
Cyclist -1 -1 -2.97 518.4706420898438 141.54481506347656 545.4996948242188 202.4516143798828 1.751646876335144 0.6397436261177063 1.5338751077651978 -2.6077077388763428 0.5516858696937561 24.699695587158203 -3.0771949275322896 0.34745723009109497
Cyclist -1 -1 2.81 390.59185791015625 147.6279296875 448.4288024902344 205.7857666015625 1.6639400720596313 0.6560196280479431 1.5511486530303955 -6.057371139526367 0.6793549656867981 22.99977684020996 2.5563392089068273 0.34356024861335754
Pedestrian -1 -1 1.52 501.87811279296875 143.1588897705078 527.7188720703125 208.2103271484375 1.7791658639907837 0.6602497100830078 0.5880382657051086 -2.4859657287597656 0.7728676348924637 20.298574447631836 1.3945521620738646 0.34166815876960754
Pedestrian -1 -1 1.41 839.2982788085938 146.01939392089844 909.3900146484375 301.0559387207031 1.6884881258010864 0.6234931349754333 0.5698516368865967 2.776573896408081 1.2676026225090027 7.104856014251709 1.778471542593616 0.3403121829032898
Pedestrian -1 -1 1.84 434.7710266113281 146.5387420654297 466.6734313964844 210.11448669433594 1.808892011642456 0.6259101033210754 0.5902057886123657 -4.215266704559326 0.8514807224273682 19.156444549560547 1.6265420189281983 0.33749622106552124
Pedestrian -1 -1 1.72 542.6637573242188 143.24122619628906 564.77783203125 209.54750061035156 1.7630102634429932 0.636103630065918 0.4735386371612549 -1.1678844690322876 0.8048665449023247 17.867639541625977 1.6551346831298703 0.3310890197753906
Pedestrian -1 -1 1.53 892.3843994140625 145.18551635742188 957.7146606445312 315.2967529296875 1.6614869832992554 0.6252956986427307 0.5239761471748352 3.240018606185913 1.3012613654136658 7.116771697998047 1.9527595732590974 0.32998886704444885
Cyclist -1 -1 -2.65 484.816650390625 142.06838989257812 517.511474609375 206.9015655517578 1.8770463466644287 0.6300302743911743 1.6139793395996094 -3.4730618000030518 0.6274360716342926 23.347209930419922 -2.7996577953559285 0.3285776972770691
Pedestrian -1 -1 1.48 569.8137817382812 142.41139221191406 600.6729736328125 224.765869140625 1.7432814836502075 0.6944194436073303 0.6615528464317322 -0.28600504994392395 0.9265370741486549 13.600934028625488 1.4636512960082095 0.3285543918609619
Pedestrian -1 -1 1.09 259.0960388183594 145.87493896484375 307.95989990234375 255.70884704589844 1.729511022567749 0.6466240286827087 0.7299649715423584 -5.334291458129883 1.1797934770584106 11.802775382995605 0.6614335932664801 0.324578195810318
Pedestrian -1 -1 1.88 470.3796691894531 142.65081787109375 502.4869079589844 216.74928283691406 1.8620388507843018 0.6621806621551514 0.8173742890357971 -2.9380264282226562 0.9445172995328903 17.402347564697266 1.7106656337397075 0.3228875696659088
Pedestrian -1 -1 1.49 612.7791748046875 141.2459259033203 643.7257080078125 230.25588989257812 1.742241621017456 0.6229729652404785 0.7551763653755188 0.3625105619430542 0.9643213078379631 13.817328453063965 1.5140353016324166 0.32242047786712646
Cyclist -1 -1 -2.91 481.7587585449219 141.60870361328125 508.7801208496094 205.1848907470703 1.8531908988952637 0.6304222345352173 1.6770697832107544 -3.6621758937835693 0.648711234331131 23.138439178466797 -3.0625903841696918 0.32058632373809814
Cyclist -1 -1 2.67 407.462646484375 145.00076293945312 444.5833435058594 201.9795684814453 1.6879181861877441 0.6033613085746765 1.6478796005249023 -6.104775905609131 0.6466233879327774 24.07200813293457 2.4264325748039255 0.31987395882606506
Cyclist -1 -1 2.33 398.84674072265625 144.4339141845703 438.81396484375 200.1810760498047 1.6959888935089111 0.6277003884315491 1.711430311203003 -6.3752827644348145 0.5878710150718689 24.49291229248047 2.0764267396707714 0.3183715343475342
Cyclist -1 -1 -0.23 264.80999755859375 140.25277709960938 310.0535888671875 225.4620819091797 1.8874998092651367 0.6524930000305176 1.7111790180206299 -7.678629398345947 1.0193595215678215 17.001083374023438 -0.6575710646914912 0.31796103715896606
Pedestrian -1 -1 1.32 258.0935974121094 136.5941162109375 308.7410888671875 280.85028076171875 1.7588367462158203 0.6905234456062317 0.7754676938056946 -4.90286922454834 1.2226798236370087 10.66132640838623 0.893474317479444 0.3165980875492096
Pedestrian -1 -1 1.51 568.84033203125 141.57962036132812 597.307373046875 213.48269653320312 1.7749896049499512 0.6249396204948425 0.790481448173523 -0.5515191555023193 0.8024647310376167 16.82144546508789 1.4743867805415753 0.3145146071910858
Pedestrian -1 -1 1.47 884.2637329101562 146.3806915283203 948.7030639648438 303.9180603027344 1.6661958694458008 0.6014257669448853 0.515747606754303 3.2339487075805664 1.2903737425804138 7.475249767303467 1.8791808249888904 0.3143903315067291
Pedestrian -1 -1 1.13 863.7881469726562 142.1612548828125 921.4733276367188 328.4711608886719 1.6882050037384033 0.6515693068504333 0.7305543422698975 2.8280608654022217 1.3605173230171204 6.848751544952393 1.5234161845556002 0.3130769729614258
Pedestrian -1 -1 1.65 490.41650390625 140.2052459716797 516.5870971679688 206.50811767578125 1.8267807960510254 0.6512594819068909 0.6473026871681213 -2.5700266361236572 0.7255018651485443 18.967327117919922 1.5104488882793143 0.3119688630104065
Pedestrian -1 -1 1.8 534.7413940429688 139.7790069580078 561.8202514648438 220.32289123535156 1.7175076007843018 0.6396135687828064 0.7576177716255188 -1.2336115837097168 0.9001675099134445 16.491775512695312 1.7270838604579248 0.3081895709037781
Cyclist -1 -1 2.76 480.56182861328125 139.7034149169922 515.4754028320312 199.27952575683594 1.785426378250122 0.6058638095855713 1.6734387874603271 -3.5320534706115723 0.5363315045833588 23.49556541442871 2.6082545768466847 0.30663713812828064
Cyclist -1 -1 -0.05 503.6738586425781 142.06520080566406 534.007080078125 201.5189971923828 1.82735276222229 0.6294452548027039 1.6731584072113037 -2.940650463104248 0.5856805443763733 24.336164474487305 -0.1738958435085305 0.3037914037704468
Cyclist -1 -1 2.53 473.6658630371094 140.9580841064453 507.3128967285156 196.72390747070312 1.793160080909729 0.6143766641616821 1.6704977750778198 -3.7427966594696045 0.5452686846256256 23.692626953125 2.3761527092936605 0.3025311529636383
Pedestrian -1 -1 1.45 452.58294677734375 141.28565979003906 488.1474304199219 220.07496643066406 1.8377859592437744 0.6646991968154907 0.6881112456321716 -3.2333335876464844 0.9138034167699516 17.234573364257812 1.2642297631494088 0.2994397282600403
Car -1 -1 2.21 -11.66386604309082 125.71330261230469 265.9236888885498 376.8838806152344 1.5841389894485474 1.6838631629943848 3.8436028957366943 -3.326768159866333 1.512021005153656 3.4317281246185303 1.4411644768113732 0.2965569496154785
Pedestrian -1 -1 1.56 585.4320678710938 136.72792053222656 623.093994140625 240.9016876220703 1.7568612098693848 0.642738401889801 0.7706255316734314 0.046260327100753784 0.9982655793428421 13.47897720336914 1.5650549163326408 0.2949376106262207
Cyclist -1 -1 2.79 413.2242126464844 145.42430114746094 449.4448547363281 198.18170166015625 1.654832124710083 0.5920121669769287 1.6230947971343994 -5.9548187255859375 0.5656287670135498 24.734987258911133 2.551506385633086 0.29481470584869385
Cyclist -1 -1 1.2 442.5694885253906 142.9715118408203 489.1377258300781 220.87928771972656 1.7385139465332031 0.6274018883705139 1.7449959516525269 -3.3180794715881348 0.8861512281000614 17.57703971862793 1.0116707661791136 0.29177021980285645
Cyclist -1 -1 2.24 455.41339111328125 146.00486755371094 495.9541320800781 203.37063598632812 1.8387693166732788 0.6145488619804382 1.6449311971664429 -3.876643419265747 0.750430703163147 21.35825538635254 2.062318132052921 0.29001539945602417
Cyclist -1 -1 -0.51 257.1669616699219 141.79258728027344 304.6141052246094 223.7376251220703 1.8461881875991821 0.6408462524414062 1.7253849506378174 -8.375101089477539 0.9815576411783695 18.058151245117188 -0.9467049619301156 0.28950682282447815
Pedestrian -1 -1 1.71 520.6500854492188 141.9417266845703 558.1392211914062 216.63914489746094 1.842822551727295 0.74205082654953 0.7899060845375061 -1.5137286186218262 0.9563246928155422 16.268571853637695 1.6177990371322046 0.2893121540546417
Pedestrian -1 -1 1.44 598.7271728515625 139.4888916015625 636.2979736328125 227.43585205078125 1.7412675619125366 0.6221290826797485 0.6487672924995422 0.21475863456726074 0.9466832354664803 14.220571517944336 1.458851874378679 0.28763121366500854
Cyclist -1 -1 1.78 448.8532409667969 141.5085906982422 500.9681701660156 208.92819213867188 1.7931573390960693 0.6550191640853882 1.6518399715423584 -3.889639377593994 0.6913074404001236 20.518795013427734 1.5931976750855918 0.28634440898895264
Pedestrian -1 -1 1.37 856.371826171875 148.23025512695312 921.8458251953125 296.7476806640625 1.6823168992996216 0.6113351583480835 0.5319715142250061 3.158832311630249 1.2954107522964478 7.722172260284424 1.7604588773388459 0.283579021692276
Cyclist -1 -1 1.0 464.0578918457031 141.3671875 503.4221496582031 198.70263671875 1.8716472387313843 0.6595314741134644 1.6785565614700317 -3.891787528991699 0.5995520353317261 23.059350967407227 0.8363919004405105 0.28352949023246765
Pedestrian -1 -1 1.84 547.8096923828125 140.77622985839844 572.6536865234375 218.11233520507812 1.7154361009597778 0.6215769052505493 0.8817539215087891 -0.9559866786003113 0.8282879311591387 16.231544494628906 1.7789292048280787 0.28337669372558594
Cyclist -1 -1 3.06 444.7021484375 145.49468994140625 471.6098937988281 217.89236450195312 1.8400410413742065 0.6134968400001526 1.7159926891326904 -3.994990587234497 0.8908185660839081 19.859241485595703 2.86292588905588 0.28128495812416077
Cyclist -1 -1 0.35 452.58294677734375 141.28565979003906 488.1474304199219 220.07496643066406 1.757819414138794 0.6180954575538635 1.7769619226455688 -3.3694443702697754 0.8403431326150894 17.913118362426758 0.16710862067758825 0.28097134828567505
Pedestrian -1 -1 1.45 500.00225830078125 145.54624938964844 523.3757934570312 212.78428649902344 1.769447684288025 0.6501810550689697 0.8146086931228638 -2.3861966133117676 0.8577120695263147 17.776039123535156 1.3188925517249395 0.27998220920562744
Pedestrian -1 -1 2.21 446.88671875 141.26768493652344 483.27203369140625 220.8271942138672 1.875895619392395 0.6845026612281799 0.754238486289978 -3.553260087966919 0.9565673619508743 17.879135131835938 2.014343939802604 0.2795310914516449
Cyclist -1 -1 -3.04 257.91424560546875 140.20120239257812 318.1679382324219 241.96888732910156 1.818038821220398 0.6176968812942505 1.7847554683685303 -5.89421272277832 1.1293182522058487 13.04246997833252 2.8173028079729017 0.27899375557899475
Pedestrian -1 -1 1.42 818.9241333007812 125.32569885253906 990.9940185546875 365.48004150390625 1.737109899520874 0.60053551197052 0.7903078198432922 2.3200409412384033 1.423736572265625 5.773917198181152 1.7986539937127386 0.27594414353370667
Cyclist -1 -1 0.43 468.929443359375 142.4569549560547 503.5103759765625 210.75332641601562 1.8726060390472412 0.6294732689857483 1.758480191230774 -3.352008104324341 0.8437876924872398 19.711963653564453 0.2636904310273458 0.27577078342437744
Cyclist -1 -1 -3.01 427.1263732910156 145.22755432128906 459.26251220703125 202.59185791015625 1.714593529701233 0.5916761755943298 1.595907211303711 -5.357019901275635 0.6456398218870163 23.387746810913086 3.0530061286882457 0.27501511573791504
Cyclist -1 -1 -0.73 236.4259033203125 136.61978149414062 317.90740966796875 299.2879943847656 1.7800854444503784 0.5964752435684204 1.70133638381958 -3.867685079574585 1.3288370668888092 8.592297554016113 -1.1505781343453485 0.2729440927505493
Pedestrian -1 -1 1.29 510.0824279785156 141.76089477539062 537.4052124023438 210.67726135253906 1.8169872760772705 0.6811539530754089 0.7356580495834351 -2.2485549449920654 0.7761910855770111 19.727142333984375 1.1810546959156394 0.2718348503112793
Car -1 -1 -1.26 461.2703857421875 144.41355895996094 495.6607971191406 212.425048828125 1.7613022327423096 1.522634744644165 3.5397768020629883 -4.271672248840332 0.8270992711186409 24.11333656311035 -1.4316508450582743 0.268736332654953
Pedestrian -1 -1 1.4 910.943359375 152.62744140625 966.60791015625 265.7695007324219 1.7039461135864258 0.6275202035903931 0.6668146252632141 4.216494083404541 1.2646321058273315 9.093938827514648 1.8322049806026435 0.2626940608024597
Van -1 -1 2.21 -10.532319068908691 100.087158203125 262.27157497406006 362.79833984375 1.9603641033172607 1.8383082151412964 4.711845397949219 -3.498577833175659 1.5105285048484802 3.861563205718994 1.4720699854392318 0.2618369460105896
Pedestrian -1 -1 1.27 573.1158447265625 141.18775939941406 602.891357421875 215.08145141601562 1.7157578468322754 0.644025444984436 0.8160487413406372 -0.36243483424186707 0.8044709153473377 16.77753257751465 1.2457280518180216 0.25975245237350464
Cyclist -1 -1 0.15 516.0040893554688 141.71856689453125 542.2423095703125 194.9468231201172 1.8074363470077515 0.6262256503105164 1.6502885818481445 -2.542612314224243 0.4921387732028961 24.683488845825195 0.05169968309749784 0.25972554087638855
Cyclist -1 -1 -0.12 498.43206787109375 141.1780548095703 529.7009887695312 203.0405731201172 1.7624071836471558 0.5869004130363464 1.5898652076721191 -2.9254207611083984 0.5360784828662872 23.351856231689453 -0.2451164780620929 0.2595720589160919
Pedestrian -1 -1 1.48 892.8341674804688 155.39183044433594 938.4653930664062 278.2267150878906 1.611112117767334 0.6191915273666382 0.6058725118637085 3.70704984664917 1.2744855880737305 8.32521915435791 1.9012906989359584 0.2575934827327728
Pedestrian -1 -1 1.87 534.2340087890625 140.81634521484375 555.1952514648438 206.98446655273438 1.7306636571884155 0.6363954544067383 0.7551078796386719 -1.5367958545684814 0.6989180743694305 18.292516708374023 1.7856272060875504 0.25746849179267883
Pedestrian -1 -1 1.63 504.871826171875 144.24453735351562 539.6426391601562 218.95802307128906 1.8355152606964111 0.6395069360733032 0.9010096192359924 -2.049639940261841 0.9254223182797432 16.77106285095215 1.5046496570989003 0.2563339173793793
Pedestrian -1 -1 0.99 234.23471069335938 136.466796875 303.59649658203125 299.37786865234375 1.8023813962936401 0.6519636511802673 0.7620967626571655 -4.195076942443848 1.341819703578949 8.820669174194336 0.5422101821052876 0.25427401065826416
Pedestrian -1 -1 1.17 793.1962890625 132.89073181152344 943.5878295898438 358.91937255859375 1.7214146852493286 0.5939378142356873 0.7803451418876648 2.060295820236206 1.424417495727539 5.422040939331055 1.5281819562896732 0.25287970900535583
Pedestrian -1 -1 1.98 431.15203857421875 144.9381866455078 457.0220642089844 207.80430603027344 1.7395590543746948 0.618526041507721 0.6804420948028564 -4.685534954071045 0.7500970661640167 20.465621948242188 1.756911353177541 0.2528613209724426
Cyclist -1 -1 2.81 408.7340087890625 143.90524291992188 434.1910095214844 200.08575439453125 1.7178409099578857 0.6127910614013672 1.665245532989502 -6.476921558380127 0.5889420807361603 25.1563663482666 2.5575610806182096 0.252186119556427
Pedestrian -1 -1 1.02 272.93707275390625 141.65818786621094 306.2266540527344 223.83119201660156 1.838342547416687 0.6125078797340393 0.530717670917511 -6.940089702606201 0.9953705295920372 15.519410133361816 0.6044128012699637 0.24979862570762634
Cyclist -1 -1 -1.32 524.8341674804688 142.09144592285156 556.3555297851562 223.34141540527344 1.7457162141799927 0.5622987151145935 1.7705779075622559 -1.3919614553451538 0.8988301083445549 16.125598907470703 -1.4054130870767159 0.24858900904655457
Pedestrian -1 -1 1.24 495.9479675292969 142.33168029785156 520.1069946289062 206.64242553710938 1.788488745689392 0.6555639505386353 0.662233293056488 -2.638160467147827 0.7187816202640533 19.562868118286133 1.1052585526669407 0.24763387441635132
Pedestrian -1 -1 1.61 516.863525390625 144.47015380859375 540.42041015625 215.15960693359375 1.7600481510162354 0.654920220375061 0.8261867165565491 -1.9926772117614746 0.8335374072194099 18.199819564819336 1.4989340477701134 0.24583078920841217
Cyclist -1 -1 -2.32 441.08612060546875 144.3596649169922 467.0198669433594 216.8981170654297 1.7855849266052246 0.5884137749671936 1.6832343339920044 -3.9645497798919678 0.8701784536242485 18.933086395263672 -2.522028338084076 0.24495723843574524
Cyclist -1 -1 -1.36 818.9241333007812 125.32569885253906 990.9940185546875 365.48004150390625 1.8555196523666382 0.5963805913925171 1.7941006422042847 2.4696261882781982 1.525234878063202 6.204190731048584 -0.9777333516855142 0.2430882304906845
Pedestrian -1 -1 1.18 496.80645751953125 147.84889221191406 521.7478637695312 217.31036376953125 1.6754539012908936 0.6153355240821838 0.8096505403518677 -2.3677313327789307 0.8946017846465111 17.438528060913086 1.0488687392424296 0.23948556184768677
Pedestrian -1 -1 1.29 878.141845703125 148.2338104248047 949.01904296875 343.2547302246094 1.7192901372909546 0.6283958554267883 0.804956316947937 2.7521140575408936 1.4214932918548584 6.384214878082275 1.7000870864956559 0.23786501586437225
Pedestrian -1 -1 1.39 474.3890686035156 143.61749267578125 512.2333374023438 204.76109313964844 1.83607816696167 0.6551222205162048 0.6111029982566833 -3.060225248336792 0.7820214778184891 18.963462829589844 1.2321684939042186 0.23757721483707428
Cyclist -1 -1 1.62 437.6412658691406 143.72096252441406 487.0886535644531 206.50450134277344 1.813382625579834 0.6500058770179749 1.6538989543914795 -4.291393756866455 0.7396699786186218 21.192188262939453 1.4188053664898614 0.23757310211658478
Pedestrian -1 -1 1.76 601.8005981445312 141.88699340820312 633.0728759765625 218.36595153808594 1.7374563217163086 0.6058819890022278 0.7623840570449829 0.28608956933021545 0.822107594460249 16.62620735168457 1.7812011649829689 0.23661689460277557
Cyclist -1 -1 0.24 496.374755859375 141.02297973632812 523.9574584960938 199.59344482421875 1.774381399154663 0.6025319695472717 1.6338273286819458 -3.0906472206115723 0.488017737865448 24.025453567504883 0.10892315896102467 0.2363893836736679
Pedestrian -1 -1 1.82 540.1388549804688 139.61827087402344 558.9564208984375 206.22621154785156 1.7347463369369507 0.6162790656089783 0.7452890872955322 -1.2924953699111938 0.734924778342247 17.906312942504883 1.7468933251582595 0.2363710105419159
Pedestrian -1 -1 1.23 853.6856689453125 153.7504119873047 912.6392822265625 279.0562744140625 1.6040221452713013 0.574081540107727 0.5340656638145447 3.5371291637420654 1.2334540486335754 8.745402336120605 1.6140017125460453 0.23504988849163055
Cyclist -1 -1 -2.97 442.7829895019531 139.62562561035156 475.91119384765625 221.4817352294922 1.7511087656021118 0.5997156500816345 1.7551767826080322 -3.483905792236328 0.8703269902616739 17.439071655273438 3.111393417598947 0.2337193787097931
Cyclist -1 -1 2.47 468.6673889160156 140.78775024414062 509.8012390136719 190.18408203125 1.7870186567306519 0.6108372211456299 1.6536380052566528 -3.8984453678131104 0.4100898802280426 24.958209991455078 2.3127991685160545 0.23290801048278809
Cyclist -1 -1 -2.38 490.4980773925781 141.7628936767578 522.0545654296875 208.80758666992188 1.9010725021362305 0.6529154777526855 1.587270736694336 -3.202256202697754 0.6318110525608063 23.572111129760742 -2.5182546172368436 0.232498437166214
Cyclist -1 -1 0.5 507.6978454589844 143.3944854736328 535.5377807617188 195.6619110107422 1.736304521560669 0.6005016565322876 1.6490507125854492 -2.897404193878174 0.47504356503486633 24.609397888183594 0.3871337548647187 0.23239535093307495
Pedestrian -1 -1 1.31 491.7492370605469 145.39813232421875 528.5341186523438 217.55337524414062 1.8774292469024658 0.6740477085113525 0.849895179271698 -2.372093915939331 0.990484494715929 17.10409164428711 1.168475736893944 0.2310190051794052
Pedestrian -1 -1 0.69 788.2459716796875 153.6798095703125 859.5272827148438 348.9599304199219 1.648160696029663 0.6031142473220825 0.8664343357086182 2.0023231506347656 1.3914900422096252 6.148203372955322 1.0031410600010737 0.22680586576461792
Cyclist -1 -1 2.48 333.5024719238281 148.44363403320312 374.0931396484375 202.60455322265625 1.673547387123108 0.6032308340072632 1.6882191896438599 -8.021281242370605 0.6911966353654861 23.093969345092773 2.1421686244206173 0.2262660413980484
Pedestrian -1 -1 1.48 838.3991088867188 153.8584442138672 904.1181030273438 272.8744812011719 1.613023042678833 0.6149281859397888 0.5316735506057739 3.3273839950561523 1.224516361951828 8.716815948486328 1.8464962140059766 0.22504322230815887
Pedestrian -1 -1 1.59 472.2453918457031 147.43507385253906 496.39569091796875 216.45333862304688 1.6810412406921387 0.6341050863265991 0.8119301199913025 -2.9376931190490723 0.9115191251039505 17.73017120361328 1.4257372045675467 0.22501319646835327
Cyclist -1 -1 -1.23 241.7960205078125 137.72027587890625 293.7256164550781 280.7560729980469 1.8145729303359985 0.5611187815666199 1.7298070192337036 -4.866157531738281 1.26080322265625 10.455081939697266 -1.6687794325873453 0.2248954474925995
Pedestrian -1 -1 1.37 508.6225891113281 144.7092742919922 534.324462890625 199.49156188964844 1.770015001296997 0.59735107421875 0.618971586227417 -2.520458936691284 0.6057913601398468 21.500425338745117 1.2542470627470657 0.22471077740192413
Pedestrian -1 -1 1.07 839.1956787109375 154.55810546875 921.3497924804688 357.6861572265625 1.6409398317337036 0.6217658519744873 0.7638627886772156 2.2361788749694824 1.3870166540145874 5.610747337341309 1.4496647104025193 0.2244020700454712
Pedestrian -1 -1 1.36 881.4715576171875 148.19773864746094 933.2926025390625 300.35394287109375 1.6794586181640625 0.6034383773803711 0.5555981397628784 3.225957155227661 1.2760997414588928 7.647766590118408 1.7575632456226087 0.22377292811870575
Pedestrian -1 -1 1.67 868.4927978515625 153.96873474121094 935.3255615234375 275.14080810546875 1.6517280340194702 0.5921406149864197 0.558763325214386 3.650775194168091 1.2383970618247986 8.731904029846191 2.0634279145200587 0.2229429930448532
Pedestrian -1 -1 1.3 825.2310180664062 152.99090576171875 895.2529296875 299.7198181152344 1.6471511125564575 0.6373869776725769 0.5689708590507507 2.793238639831543 1.2998130917549133 7.76842737197876 1.6500722750270294 0.2217765748500824
Cyclist -1 -1 2.78 404.21337890625 143.48155212402344 430.199951171875 201.26133728027344 1.707130789756775 0.600346565246582 1.6598522663116455 -6.552823543548584 0.5833971500396729 24.990432739257812 2.524758906921492 0.22105622291564941
Pedestrian -1 -1 1.3 518.05322265625 140.1446990966797 549.8178100585938 204.7906951904297 1.8490498065948486 0.6540512442588806 0.6659817099571228 -1.725963830947876 0.7449329048395157 18.515663146972656 1.2072060845132988 0.2207113653421402
Pedestrian -1 -1 0.87 767.1189575195312 142.9159393310547 922.7380981445312 358.7863464355469 1.6770092248916626 0.554802656173706 0.7664874792098999 1.865216851234436 1.420726478099823 5.415162563323975 1.2015416985206695 0.22066955268383026
Cyclist -1 -1 2.44 489.13287353515625 143.14256286621094 515.4315185546875 212.2700653076172 1.9499485492706299 0.6376086473464966 1.5588217973709106 -3.0952537059783936 0.7723573297262192 20.78317642211914 2.295955642997468 0.21972215175628662
Cyclist -1 -1 0.58 502.9673767089844 142.79344177246094 528.5606079101562 195.5196075439453 1.7508336305618286 0.6012415885925293 1.62937593460083 -3.144688844680786 0.4505271911621094 25.211862564086914 0.4531728642288222 0.21956446766853333
Cyclist -1 -1 0.9 477.5244445800781 141.02415466308594 502.7596130371094 200.50271606445312 1.896105408668518 0.6349436044692993 1.7333459854125977 -3.786757469177246 0.615915447473526 22.947322845458984 0.7318114609015716 0.21946759521961212
Cyclist -1 -1 0.93 250.32830810546875 135.88641357421875 330.8262634277344 250.34637451171875 1.8595069646835327 0.6501117944717407 1.8360508680343628 -5.1753363609313965 1.1751393377780914 11.747912406921387 0.5103074176773834 0.21594198048114777
Pedestrian -1 -1 1.52 917.8488159179688 151.9012451171875 979.1213989257812 266.1429748535156 1.7124526500701904 0.6553711295127869 0.6084111332893372 4.6107354164123535 1.2672487795352936 9.584992408752441 1.9645218641370237 0.21498264372348785
Cyclist -1 -1 2.54 475.34307861328125 139.76895141601562 518.8482055664062 192.56553649902344 1.798927903175354 0.6045293211936951 1.674094319343567 -3.6221609115600586 0.43073439598083496 24.355783462524414 2.3949359920158155 0.21139779686927795
Cyclist -1 -1 -2.73 431.15203857421875 144.9381866455078 457.0220642089844 207.80430603027344 1.7734401226043701 0.5962682366371155 1.6636313199996948 -5.1450347900390625 0.6977111846208572 22.60433006286621 -2.9557489786095346 0.21084392070770264
Pedestrian -1 -1 0.62 222.97474670410156 151.56283569335938 297.62567138671875 309.30987548828125 1.6609306335449219 0.5741434097290039 0.7768069505691528 -3.7264857292175293 1.327268809080124 7.727504730224609 0.16874635381745584 0.21041487157344818
Pedestrian -1 -1 2.05 411.604736328125 145.63729858398438 453.1952209472656 206.91448974609375 1.8226659297943115 0.6282646656036377 0.5709422826766968 -5.082404136657715 0.8199191614985466 20.964365005493164 1.812035971087937 0.21023643016815186
Pedestrian -1 -1 1.47 912.7850952148438 135.02748107910156 988.4937744140625 328.8829040527344 1.8438153266906738 0.6830106377601624 0.7225650548934937 3.1924216747283936 1.410593181848526 6.604991436004639 1.9234314921508888 0.20903968811035156
Pedestrian -1 -1 1.08 835.0353393554688 144.67947387695312 898.2305908203125 311.6759338378906 1.7114059925079346 0.6232682466506958 0.5682443380355835 2.7103803157806396 1.2850717604160309 7.261427879333496 1.4401399233658534 0.209004208445549
Cyclist -1 -1 2.12 415.3879699707031 139.3191680908203 463.9019470214844 220.36473083496094 1.8055847883224487 0.6851620078086853 1.7767084836959839 -4.978592395782471 0.8098026216030121 20.57323455810547 1.8813671555137823 0.20887252688407898
Pedestrian -1 -1 0.8 253.13108825683594 133.93019104003906 316.12322998046875 302.5350646972656 1.7397290468215942 0.6772581338882446 0.759989857673645 -4.1219258308410645 1.3374557495117188 9.059060096740723 0.3716977721275292 0.20866963267326355
Pedestrian -1 -1 1.44 509.0107727050781 147.65562438964844 528.7882080078125 210.51695251464844 1.6782745122909546 0.6126280426979065 0.7925142049789429 -2.3857948780059814 0.7751053795218468 19.55487823486328 1.321823498696065 0.20864179730415344
Pedestrian -1 -1 2.27 418.7040100097656 145.89735412597656 443.6337585449219 202.86343383789062 1.8064287900924683 0.6230505108833313 0.5875357389450073 -5.647388935089111 0.6957239955663681 22.983814239501953 2.0307446114438186 0.20844487845897675
Cyclist -1 -1 0.63 488.79718017578125 139.7861328125 519.0151977539062 199.2274169921875 1.8346892595291138 0.6143560409545898 1.6337169408798218 -3.192655086517334 0.5165175497531891 23.569896697998047 0.49853983959060244 0.20826692879199982
Pedestrian -1 -1 1.88 822.2606201171875 160.81805419921875 887.6376342773438 281.89312744140625 1.5519447326660156 0.5826352834701538 0.5406665205955505 2.9243576526641846 1.2695341110229492 8.193633079528809 2.2204967615929894 0.20803017914295197
Pedestrian -1 -1 1.53 595.2950439453125 139.8193359375 630.3089599609375 229.9832000732422 1.717153549194336 0.6152214407920837 0.7574203610420227 0.13999183475971222 0.9706255793571472 13.434962272644043 1.540208132681295 0.20792265236377716
Pedestrian -1 -1 1.56 514.2919921875 144.62594604492188 551.9899291992188 218.8614959716797 1.8018944263458252 0.6626686453819275 0.7750409245491028 -1.6860424280166626 0.9793548583984375 16.185420989990234 1.454657268535179 0.20776185393333435
Pedestrian -1 -1 0.93 779.6026611328125 146.62210083007812 870.1653442382812 356.46673583984375 1.6807960271835327 0.5978134870529175 0.7553696632385254 1.9449272155761719 1.3960627913475037 5.991876125335693 1.242812760538941 0.20743340253829956
Pedestrian -1 -1 1.88 882.7318725585938 153.37481689453125 958.602783203125 285.459228515625 1.658003807067871 0.5985162854194641 0.5562648177146912 3.6898932456970215 1.2501271069049835 8.394552230834961 2.2929270179406203 0.2063627690076828
Van -1 -1 2.22 13.00928783416748 88.78031921386719 251.78159618377686 281.3430480957031 2.154294490814209 1.944555640220642 5.110340595245361 -4.609780311584473 1.5674020946025848 5.340851306915283 1.5042995880750052 0.20630832016468048
Cyclist -1 -1 2.0 411.9198303222656 141.86349487304688 480.37274169921875 232.9170379638672 1.7793368101119995 0.6503732204437256 1.782200574874878 -3.68533992767334 1.0777139961719513 15.868428230285645 1.7684795285656536 0.20599110424518585
Cyclist -1 -1 2.58 403.9671325683594 150.62255859375 456.2962951660156 210.3223114013672 1.710595726966858 0.6378727555274963 1.6523792743682861 -5.16153621673584 0.8383953720331192 21.111242294311523 2.3434742409854294 0.20560689270496368
Pedestrian -1 -1 1.31 816.1229248046875 154.0825958251953 885.3003540039062 307.5141906738281 1.6153669357299805 0.6365774273872375 0.5639820098876953 2.6033289432525635 1.2977703511714935 7.564116954803467 1.6453129031490157 0.2040032595396042
Cyclist -1 -1 0.45 471.16583251953125 141.2522735595703 497.98193359375 203.75315856933594 1.8423811197280884 0.6260209083557129 1.7299926280975342 -3.7464346885681152 0.6440177857875824 21.886865615844727 0.2813761897996123 0.20271892845630646
Pedestrian -1 -1 1.44 448.7510070800781 144.8261260986328 492.9324035644531 212.6556396484375 1.8550763130187988 0.6679803729057312 0.6280399560928345 -3.261414051055908 0.9061918053776026 17.410419464111328 1.2545372536770394 0.20140273869037628
Pedestrian -1 -1 1.89 462.1207580566406 153.5635528564453 488.2605285644531 221.2982635498047 1.6139733791351318 0.5588976740837097 0.6729279160499573 -3.149015188217163 0.9977095127105713 17.394460678100586 1.7101041401825219 0.20113031566143036
Pedestrian -1 -1 1.42 869.4761962890625 156.7406005859375 939.451416015625 305.5799255371094 1.520054578781128 0.5458937287330627 0.7071855068206787 3.364229202270508 1.3272236585617065 7.924928188323975 1.8165125883103181 0.2010337859392166
Cyclist -1 -1 2.6 527.5029907226562 142.53598022460938 554.598388671875 195.16644287109375 1.8376011848449707 0.6227422952651978 1.592437505722046 -2.3373866081237793 0.4575445055961609 25.15306854248047 2.5108508555424383 0.20086538791656494
Car -1 -1 -1.35 476.4613342285156 143.8742218017578 509.03546142578125 208.6744842529297 1.7120016813278198 1.4885693788528442 3.6044514179229736 -4.431466102600098 0.5588555634021759 29.228065490722656 -1.497782933980913 0.20082421600818634
Pedestrian -1 -1 1.93 426.8370361328125 143.1793975830078 473.4803161621094 222.83538818359375 1.8743715286254883 0.701063871383667 0.6733733415603638 -3.8122589588165283 0.9731493182480335 17.68526840209961 1.7133318074218753 0.2007232904434204
Pedestrian -1 -1 1.54 572.7027587890625 144.1828155517578 607.0864868164062 232.52450561523438 1.6582404375076294 0.6190763711929321 0.7920196652412415 -0.28237462043762207 0.9674024879932404 13.797195434570312 1.5231078885754972 0.20022720098495483
Cyclist -1 -1 2.6 524.1043701171875 141.8385467529297 549.3784790039062 197.0638885498047 1.8561711311340332 0.6507341861724854 1.611990213394165 -2.411179780960083 0.4565385580062866 24.80776596069336 2.5069199982495487 0.19975855946540833
Car -1 -1 -1.31 487.1435852050781 142.16732788085938 515.4841918945312 212.11170959472656 1.7260407209396362 1.5166041851043701 3.6439595222473145 -4.350489139556885 0.5489989221096039 29.511280059814453 -1.4598667203506404 0.19650904834270477
Pedestrian -1 -1 1.66 418.66949462890625 146.90309143066406 472.58404541015625 211.60528564453125 1.807832956314087 0.6571363806724548 0.5947627425193787 -3.9874305725097656 0.8712938502430916 18.120676040649414 1.4437394705879134 0.1959289312362671
Pedestrian -1 -1 1.13 844.6444702148438 147.44866943359375 916.9124755859375 264.5428161621094 1.7276195287704468 0.6489251255989075 0.6139209866523743 4.030810832977295 1.2031890153884888 10.040892601013184 1.511965206232361 0.19420452415943146
Car -1 -1 -1.5 447.95831298828125 145.43959045410156 478.153564453125 212.43624877929688 1.6955679655075073 1.5040165185928345 3.368960380554199 -5.420274257659912 0.7901342213153839 27.930015563964844 -1.695403214930347 0.1929064393043518
Pedestrian -1 -1 2.3 862.1731567382812 141.89779663085938 1045.9876708984375 352.5733947753906 1.7227143049240112 0.5690014362335205 0.839849591255188 3.1118533611297607 1.5171136856079102 6.391693115234375 2.7559937611100835 0.19290193915367126
Pedestrian -1 -1 1.41 481.83990478515625 147.50732421875 505.87359619140625 217.69644165039062 1.6682053804397583 0.6101072430610657 0.8714913129806519 -2.717242956161499 0.8943402282893658 17.208309173583984 1.254237168219416 0.19149155914783478
Car -1 -1 -1.38 463.9245300292969 143.65652465820312 490.3697204589844 217.93780517578125 1.7873725891113281 1.5761356353759766 3.5339858531951904 -4.318393230438232 0.8491509929299355 23.575130462646484 -1.562162287634167 0.19108930230140686
Cyclist -1 -1 -1.15 793.1962890625 132.89073181152344 943.5878295898438 358.91937255859375 1.7750258445739746 0.6415821313858032 1.848874807357788 2.397341251373291 1.4812027215957642 6.007121562957764 -0.7724981015435328 0.19045519828796387
Pedestrian -1 -1 1.15 848.488037109375 148.1522979736328 914.522705078125 348.09307861328125 1.6959172487258911 0.6010149121284485 0.8220605254173279 2.764314889907837 1.4494979977607727 6.689711570739746 1.538391982984951 0.18996506929397583
Pedestrian -1 -1 1.54 577.8212890625 142.73721313476562 609.9815673828125 227.15609741210938 1.6900137662887573 0.6044496297836304 0.7000306844711304 -0.118496373295784 0.9616052582859993 14.083687782287598 1.529295235703037 0.18740174174308777
Pedestrian -1 -1 1.43 457.6912841796875 144.715087890625 491.2517395019531 204.10279846191406 1.7685178518295288 0.6109405159950256 0.6785491704940796 -3.4594643115997314 0.7800773084163666 18.593402862548828 1.2422999804201984 0.18669721484184265
Cyclist -1 -1 1.32 483.8790588378906 140.7311553955078 519.2517700195312 188.38067626953125 1.7965410947799683 0.6020538210868835 1.6445831060409546 -3.62103271484375 0.36606431007385254 25.526113510131836 1.1835558136486029 0.18664363026618958
Pedestrian -1 -1 1.59 446.9110107421875 145.2490234375 482.4204406738281 205.1454620361328 1.7910757064819336 0.6353533267974854 0.609208345413208 -3.82987642288208 0.8101487457752228 18.77269744873047 1.387897501600535 0.18605555593967438
Pedestrian -1 -1 1.63 869.7476196289062 159.8336944580078 919.6981201171875 265.9649963378906 1.562058687210083 0.576741099357605 0.5207235217094421 3.701392889022827 1.2318848371505737 8.86952018737793 2.021299766637739 0.18385328352451324
Truck -1 -1 2.0 1.7859588861465454 72.79328918457031 252.60952150821686 337.2578887939453 3.2255876064300537 2.3902926445007324 7.0804033279418945 -4.3021321296691895 1.69199987500906 5.1829938888549805 1.3023561102381933 0.18357272446155548
Pedestrian -1 -1 1.83 475.98577880859375 144.15528869628906 519.6398315429688 209.7023162841797 1.9069249629974365 0.7438952922821045 0.6921367645263672 -2.4904799461364746 0.9358601868152618 16.56992530822754 1.683304198148 0.18332304060459137
Car -1 -1 -1.33 483.094482421875 141.86233520507812 507.5198669433594 209.13088989257812 1.6947499513626099 1.5369787216186523 3.4445407390594482 -4.429506301879883 0.5662209093570709 28.892414093017578 -1.4847634062135313 0.1829148232936859
Cyclist -1 -1 -2.15 485.84979248046875 139.76341247558594 511.6624450683594 209.34939575195312 1.8695704936981201 0.6219176054000854 1.7481281757354736 -3.437141180038452 0.6322716474533081 22.633272171020508 -2.2997630197630246 0.18273986876010895
Pedestrian -1 -1 1.82 536.6123046875 140.87460327148438 556.089599609375 197.84829711914062 1.7290239334106445 0.617825984954834 0.6470397710800171 -1.6589787006378174 0.5886104106903076 20.494693756103516 1.739890114158407 0.18251264095306396
Cyclist -1 -1 -0.34 493.30926513671875 143.09051513671875 527.6476440429688 210.40042114257812 1.8361237049102783 0.6220170855522156 1.770476222038269 -2.5058863162994385 0.794921025633812 19.910999298095703 -0.4673491485883381 0.18018469214439392
Cyclist -1 -1 -1.87 522.6823120117188 139.73068237304688 551.9431762695312 216.31663513183594 1.8130725622177124 0.6093641519546509 1.7088533639907837 -1.7633953094482422 0.800563782453537 17.61798667907715 -1.972106881258794 0.17862533032894135
Car -1 -1 -1.38 501.876708984375 142.63600158691406 532.919921875 201.52476501464844 1.6156644821166992 1.5478146076202393 3.615568161010742 -3.3740575313568115 0.42346081137657166 28.83629608154297 -1.4990575960693873 0.17730559408664703
Pedestrian -1 -1 2.16 545.0596313476562 141.59780883789062 560.6259765625 196.45916748046875 1.701681137084961 0.5829533934593201 0.6048544049263 -1.6753308773040771 0.4397050440311432 24.091751098632812 2.093385035441191 0.17685458064079285
Car -1 -1 -1.52 514.0457153320312 143.19691467285156 542.091796875 200.65194702148438 1.6560964584350586 1.5486644506454468 3.5612456798553467 -3.386467695236206 0.4366772472858429 29.068239212036133 -1.6374746522454462 0.17621375620365143
Car -1 -1 -1.82 438.1581115722656 141.7567138671875 474.4338073730469 221.3654022216797 1.6355401277542114 1.5323807001113892 3.4660744667053223 -4.639941215515137 0.7464934810996056 23.316062927246094 -2.0164169017584204 0.1748383492231369
Cyclist -1 -1 0.96 446.6662902832031 142.50579833984375 485.0088195800781 202.0842742919922 1.746803641319275 0.6278447508811951 1.673418402671814 -3.854520797729492 0.7215516865253448 19.694889068603516 0.7711952167487617 0.17369166016578674
Pedestrian -1 -1 1.69 527.5029907226562 142.53598022460938 554.598388671875 195.16644287109375 1.7699137926101685 0.5982164144515991 0.5503172278404236 -1.9200160503387451 0.5745367109775543 20.6004581451416 1.6010498896115966 0.1724926382303238
Pedestrian -1 -1 1.67 535.1752319335938 140.1819305419922 559.9793090820312 204.32688903808594 1.7912429571151733 0.6549667119979858 0.6141567230224609 -1.470238208770752 0.7185416668653488 19.493080139160156 1.5928769085208732 0.1649124026298523
Cyclist -1 -1 2.28 420.2557373046875 148.3389129638672 479.0564880371094 220.8506622314453 1.822432041168213 0.7183913588523865 1.8445478677749634 -3.735142946243286 1.0051205903291702 17.099815368652344 2.0626975308424225 0.164682999253273
Pedestrian -1 -1 1.44 415.4644470214844 138.30601501464844 473.8466491699219 240.756591796875 1.7242592573165894 0.691703736782074 0.6877084970474243 -4.126499652862549 0.9724086076021194 17.257156372070312 1.2079919676687574 0.16464819014072418
Pedestrian -1 -1 1.58 510.5625 142.981201171875 547.5777587890625 214.7954559326172 1.806686282157898 0.7061778903007507 0.732243001461029 -1.9525039196014404 0.8416907154023647 18.05095863342285 1.4753100411687559 0.1499996781349182
Car -1 -1 2.84 442.5694885253906 142.9715118408203 489.1377258300781 220.87928771972656 1.5688492059707642 1.5639420747756958 3.6440088748931885 -4.357755661010742 0.7560482211410999 23.624876022338867 2.6565606383266527 0.1421165019273758