Car -1 -1 -1.55 565.7435913085938 173.79684448242188 628.6286010742188 233.3970184326172 1.652915596961975 1.7007116079330444 3.901973009109497 -0.2939039170742035 1.2859024703502655 21.57806396484375 -1.56474419416719 0.8885006904602051
Truck -1 -1 -1.31 288.58465576171875 56.080875396728516 532.4678955078125 277.6712074279785 3.4575350284576416 2.5488412380218506 8.094866752624512 -3.358881950378418 1.327454388141632 14.707082748413086 -1.5351713162039973 0.8162668943405151
Van -1 -1 -1.25 276.3222961425781 61.195648193359375 540.1103515625 283.9158630371094 2.683311939239502 2.1448798179626465 6.595065593719482 -2.7542331218719482 1.0882759094238281 12.446335792541504 -1.464703919441682 0.7162717580795288
Car -1 -1 -0.76 3.103870391845703 191.23812866210938 94.40649795532227 321.6200256347656 1.4511325359344482 1.6223958730697632 4.060174465179443 -7.720744609832764 1.5202396512031555 7.3485493659973145 -1.5703053904281532 0.7099636793136597
Car -1 -1 2.33 -1.4037814140319824 199.10755920410156 111.35392427444458 327.1907043457031 1.4324021339416504 1.660165786743164 4.411197185516357 -8.160900115966797 1.6193278431892395 8.061517715454102 1.536491977842255 0.6396328806877136
Car -1 -1 -1.41 271.30328369140625 169.08628845214844 369.41192626953125 239.71043395996094 1.6347360610961914 1.6371204853057861 3.740900993347168 -7.341660022735596 1.2647775709629059 18.53424644470215 -1.7837252077961123 0.5903508067131042
Car -1 -1 1.78 263.188720703125 173.7421417236328 329.80224609375 216.32611083984375 1.5315018892288208 1.5668518543243408 3.56587815284729 -12.16920280456543 1.2158674001693726 28.263675689697266 1.3723596719155848 0.5746742486953735
Car -1 -1 -0.5 3.9024369716644287 239.45947265625 98.54908919334412 374.562255859375 1.5149857997894287 1.6351467370986938 3.7646777629852295 -3.3694121837615967 1.5922808051109314 2.084282398223877 -1.5175307649217062 0.5372309684753418
Car -1 -1 -0.48 -3.488602638244629 232.04750061035156 127.30238246917725 377.0603332519531 1.347141981124878 1.5583163499832153 3.7307519912719727 -3.3674395084381104 1.4807396531105042 2.1176836490631104 -1.4926718191771977 0.527342677116394
Car -1 -1 -0.09 521.0227661132812 178.1936492919922 553.4993286132812 208.64234924316406 1.5461981296539307 1.602182149887085 4.006078243255615 -3.7450294494628906 1.1787258088588715 38.42938995361328 -0.18792019789318548 0.5051223635673523
Car -1 -1 -0.24 265.2085876464844 171.1405029296875 341.3629455566406 223.74110412597656 1.5352164506912231 1.6500455141067505 3.727492332458496 -11.775904655456543 1.2506367862224579 27.66365623474121 -0.6431301983106539 0.4457501173019409
Car -1 -1 -0.5 -8.257877349853516 214.20289611816406 106.35374069213867 368.11383056640625 1.4664534330368042 1.5939736366271973 3.7866125106811523 -3.4354965686798096 1.5353139638900757 2.20912766456604 -1.5041461543499288 0.41692450642585754
Car -1 -1 -1.41 267.2480163574219 172.77926635742188 358.1280212402344 232.67251586914062 1.5379254817962646 1.6295017004013062 3.5000715255737305 -7.693872451782227 1.2305609583854675 18.952640533447266 -1.7942960595673068 0.3918847143650055
Car -1 -1 0.73 735.87158203125 177.0137481689453 1099.9949951171875 377.2302551269531 1.7688052654266357 1.5985347032546997 4.09469747543335 1.4540473222732544 1.7026333212852478 2.559267282485962 1.2426837114094518 0.34073954820632935
Car -1 -1 2.14 1.2222145795822144 190.15110778808594 115.64139640331268 351.8436279296875 1.4348914623260498 1.624234676361084 4.410896301269531 -8.64200496673584 1.6826270818710327 8.158469200134277 1.3252631923055995 0.3277454078197479
Car -1 -1 -0.51 2.595797538757324 164.42088317871094 84.35058879852295 336.21307373046875 1.4887666702270508 1.579397201538086 4.063922882080078 -7.359726428985596 1.4679134488105774 6.459831237792969 -1.3573544768254129 0.3225419223308563
Car -1 -1 1.59 7.952907562255859 179.46363830566406 100.19219589233398 335.7222900390625 1.422744631767273 1.630253553390503 4.425520420074463 -7.96158504486084 1.5191373825073242 7.557692050933838 0.777447273871207 0.2863379418849945
Car -1 -1 -1.22 11.501585960388184 203.00270080566406 102.83573818206787 311.28118896484375 1.4571533203125 1.6122123003005981 4.064334869384766 -8.231324195861816 1.662808120250702 8.451676368713379 -1.9908217626179603 0.266765832901001
Car -1 -1 -0.22 -8.665886878967285 188.0258026123047 95.11501216888428 353.6670837402344 1.5566229820251465 1.625276803970337 4.048163890838623 -6.220914840698242 1.8221855163574219 4.49810791015625 -1.1626330349328633 0.2613547444343567
Car -1 -1 -1.45 274.4968566894531 149.21104431152344 366.77386474609375 242.53749084472656 1.7907335758209229 1.7223865985870361 3.7038838863372803 -7.155002117156982 1.3062251210212708 18.09553337097168 -1.8237019676360209 0.253210186958313
Car -1 -1 2.07 260.1397399902344 178.31497192382812 332.5255126953125 220.93399047851562 1.4708985090255737 1.5815887451171875 3.855590343475342 -13.46164321899414 1.2840296030044556 30.91689682006836 1.6555479801805664 0.25210413336753845
Car -1 -1 -0.99 258.69903564453125 176.72683715820312 351.45086669921875 225.9170684814453 1.4571598768234253 1.6442875862121582 3.591313123703003 -10.247753143310547 1.258847177028656 24.47100067138672 -1.3912775738934444 0.24272216856479645
Car -1 -1 -1.2 273.2604675292969 180.7291259765625 355.1180419921875 236.14044189453125 1.4822005033493042 1.6188106536865234 3.738615036010742 -8.592639923095703 1.367553174495697 21.482357025146484 -1.5838338828566627 0.24197833240032196
Car -1 -1 -1.1 273.4069519042969 151.46676635742188 399.61700439453125 249.6551513671875 1.5331701040267944 1.711530327796936 4.119206428527832 -7.367122650146484 1.2511781454086304 19.204938888549805 -1.4693477617520871 0.21855373680591583
Car -1 -1 -0.52 527.8209838867188 176.02218627929688 556.077880859375 206.51473999023438 1.5402247905731201 1.6416008472442627 4.127227306365967 -3.672922372817993 1.1447196304798126 38.10407257080078 -0.6122991169156853 0.21740156412124634
Car -1 -1 1.97 -0.402239590883255 201.33828735351562 90.00481149554253 302.3184509277344 1.3561415672302246 1.5614709854125977 3.760551691055298 -8.779781341552734 1.651785671710968 8.992958068847656 1.2013909607802002 0.21351857483386993
Van -1 -1 -2.19 7.402746677398682 200.46051025390625 106.60547494888306 322.10931396484375 1.8514865636825562 1.8125832080841064 4.466433525085449 -9.214634895324707 1.9445492625236511 9.667441368103027 -2.947832692948084 0.21308580040931702
Car -1 -1 -0.76 -5.45338249206543 234.1376495361328 171.7941608428955 377.53216552734375 1.3972344398498535 1.6261943578720093 3.917131185531616 -3.000476360321045 1.5055650472640991 2.2867918014526367 -1.676368883755976 0.20677293837070465
Car -1 -1 -1.08 286.5255126953125 184.90719604492188 370.2583923339844 242.22842407226562 1.4259414672851562 1.6785602569580078 4.0429463386535645 -8.154905319213867 1.3661017417907715 20.66905403137207 -1.453664323021922 0.2045045644044876
Car -1 -1 -1.62 569.7888793945312 173.61021423339844 619.596923828125 220.77099609375 1.6411149501800537 1.7008634805679321 4.105007171630859 -0.32444775104522705 1.2203665673732758 22.749168395996094 -1.6347397821600884 0.20008595287799835
Truck -1 -1 -1.4 280.2770080566406 77.76673126220703 503.41668701171875 268.0445022583008 3.607733726501465 2.5177760124206543 8.13884449005127 -3.8729615211486816 1.3533563613891602 15.484583854675293 -1.6460996991240187 0.19925406575202942
Pedestrian -1 -1 1.3 525.0253295898438 176.4666748046875 553.845458984375 206.8832244873047 1.851296305656433 0.6635676622390747 0.815628707408905 -3.1143956184387207 1.261152744293213 34.151084899902344 1.2095448709801087 0.1985936164855957
Car -1 -1 -1.29 276.6441955566406 160.64376831054688 386.3232727050781 244.34164428710938 1.6742439270019531 1.6592003107070923 3.6183135509490967 -6.991551876068115 1.2448518872261047 18.086729049682617 -1.6592019498991748 0.19289736449718475
Cyclist -1 -1 0.9 7.5495100021362305 173.2993927001953 106.72107219696045 341.037109375 1.6974080801010132 0.5837402939796448 1.7426220178604126 -6.15956449508667 1.5652446150779724 7.074847221374512 0.1802733146426898 0.19182488322257996
Car -1 -1 0.07 513.7274780273438 179.12327575683594 552.4544067382812 213.42742919921875 1.4951390027999878 1.548376441001892 3.9033396244049072 -3.7538275718688965 1.1828015744686127 38.57329559326172 -0.0269925893751064 0.17828644812107086
Car -1 -1 -0.51 0.8180898427963257 219.39511108398438 82.58147943019867 368.4322204589844 1.4707890748977661 1.5737913846969604 3.7318038940429688 -3.260533332824707 1.4235228896141052 2.346447467803955 -1.4589376553067073 0.17648087441921234
Car -1 -1 0.07 -1.4618991613388062 176.60899353027344 65.43459284305573 305.8348693847656 1.5190849304199219 1.57893705368042 3.921454429626465 -6.696901321411133 1.3758805394172668 6.1958112716674805 -0.7522243393566566 0.17646802961826324
Van -1 -1 -1.66 521.4296875 175.9202880859375 552.8013916015625 208.58090209960938 1.8274641036987305 1.6965699195861816 4.649720668792725 -4.19070291519165 1.2488852143287659 43.515625 -1.7584702114654087 0.16629262268543243
Car -1 -1 1.77 -5.182734966278076 208.28164672851562 89.30485200881958 344.39642333984375 1.5272339582443237 1.5532853603363037 3.9157867431640625 -7.393542766571045 1.822041928768158 6.599377632141113 0.927717438104489 0.15746621787548065
Car -1 -1 2.09 8.3975830078125 198.95484924316406 156.82273864746094 353.98876953125 1.4584277868270874 1.6312295198440552 4.142235279083252 -3.673248767852783 1.45340096950531 3.2257044315338135 1.2434880596334583 0.11464186012744904