Car -1 -1 -1.88 778.9204711914062 177.9816131591797 967.1775512695312 296.4634704589844 1.5450695753097534 1.6202596426010132 3.8560569286346436 3.996255397796631 1.6796138882637024 11.715633392333984 -1.55293045606337 0.9009507298469543
Car -1 -1 1.79 421.98846435546875 185.5482177734375 507.558837890625 239.86526489257812 1.421164870262146 1.565744400024414 3.858840227127075 -4.385708332061768 1.8703774809837341 22.23239517211914 1.5984084088556783 0.8875937461853027
Car -1 -1 -1.76 738.3369750976562 180.98263549804688 842.710205078125 252.900390625 1.441428780555725 1.6044467687606812 3.694798707962036 4.068055629730225 1.6867729425430298 16.983556747436523 -1.524455270794741 0.8788859248161316
Car -1 -1 -2.14 894.883056640625 199.0448455810547 1242.4263916015625 372.3350524902344 1.4146075248718262 1.5738205909729004 3.8200337886810303 3.8954334259033203 1.6719722151756287 5.894089698791504 -1.5561493139161602 0.8744857907295227
Car -1 -1 -1.7 713.3535766601562 178.55929565429688 779.778564453125 229.9214324951172 1.4967553615570068 1.6514943838119507 3.9039530754089355 4.3554487228393555 1.6964510679244995 23.544225692749023 -1.512840925865186 0.8691734075546265
Car -1 -1 1.76 473.41632080078125 182.7451629638672 532.5550537109375 224.3236083984375 1.461933970451355 1.5808749198913574 3.8392062187194824 -4.2051005363464355 1.891400396823883 28.57431983947754 1.613118643654862 0.8599591851234436
Car -1 -1 -1.71 695.30908203125 179.0787353515625 750.3512573242188 219.6439208984375 1.5579426288604736 1.6412097215652466 4.238256454467773 4.494202136993408 1.7859902381896973 29.479562759399414 -1.5558554439325665 0.84379643201828
Car -1 -1 1.74 501.4734191894531 181.95591735839844 550.8391723632812 215.22528076171875 1.4567197561264038 1.5859017372131348 3.981165885925293 -3.911156415939331 1.91882985830307 33.861854553222656 1.629002504150602 0.8277358412742615
Car -1 -1 1.78 551.8410034179688 178.18446350097656 589.4351806640625 200.66726684570312 1.4854600429534912 1.6230183839797974 4.321632385253906 -2.779162883758545 1.9332470893859863 51.0321159362793 1.7234875248826116 0.7590715885162354
Car -1 -1 1.76 485.1542053222656 181.26234436035156 544.6704711914062 220.1307373046875 1.4810583591461182 1.542970895767212 4.172292709350586 -3.9617178440093994 1.9014984369277954 33.77492904663086 1.6467035618909716 0.5872005820274353
Car -1 -1 -1.64 685.5057373046875 176.38096618652344 725.6390991210938 210.23175048828125 1.6261937618255615 1.6776851415634155 4.279253005981445 4.67920446395874 1.805397391319275 35.480167388916016 -1.511860733994487 0.5784141421318054
Car -1 -1 -1.71 705.8849487304688 179.0144500732422 771.4403076171875 227.17337036132812 1.5101861953735352 1.6068506240844727 4.126031875610352 4.474882125854492 1.7705854177474976 29.204078674316406 -1.5550433603701839 0.5671941041946411
Car -1 -1 -1.66 688.111328125 177.21311950683594 733.7124633789062 214.40142822265625 1.5453650951385498 1.596099615097046 4.350756645202637 4.716222763061523 1.7872213125228882 36.28342819213867 -1.5264777469296824 0.5349631905555725
Car -1 -1 -1.7 698.91748046875 178.26585388183594 758.4605712890625 224.22686767578125 1.5178108215332031 1.6514904499053955 4.287219047546387 4.425108432769775 1.7547070980072021 29.04680824279785 -1.5490070317151376 0.40194350481033325
Car -1 -1 -1.8 737.5444946289062 182.0161895751953 877.4090576171875 259.2147521972656 1.4641711711883545 1.5825209617614746 3.7139532566070557 4.2223734855651855 1.7466219663619995 17.113723754882812 -1.5594482187377379 0.37962931394577026
Car -1 -1 1.74 491.78851318359375 183.9285430908203 542.6580810546875 217.73497009277344 1.4310389757156372 1.5630100965499878 3.858891248703003 -4.043431758880615 1.9197631478309631 33.618350982666016 1.6172906365326858 0.295073002576828
Car -1 -1 -1.69 689.2982788085938 178.4390411376953 738.8883056640625 219.55508422851562 1.4897160530090332 1.6265007257461548 4.218690395355225 4.21989107131958 1.7923755645751953 29.635635375976562 -1.553176966062658 0.2841353416442871
Car -1 -1 -1.71 714.2578735351562 180.6740264892578 792.9068603515625 237.29757690429688 1.495287537574768 1.6096965074539185 3.8673794269561768 4.362940311431885 1.727247714996338 23.23842430114746 -1.5210671485285179 0.25598403811454773
Car -1 -1 -1.69 693.8255615234375 176.20376586914062 739.3629150390625 213.0554962158203 1.5570486783981323 1.6742608547210693 4.218077182769775 4.962206840515137 1.774841845035553 35.144737243652344 -1.5519219071569834 0.22226090729236603
Car -1 -1 1.78 461.2311706542969 184.58621215820312 527.1047973632812 229.773193359375 1.4610027074813843 1.599493145942688 3.9880154132843018 -4.398088455200195 1.9408997893333435 29.25629425048828 1.6317010388646995 0.22218625247478485
Car -1 -1 -1.75 729.4253540039062 182.0592041015625 819.7631225585938 244.40806579589844 1.4428255558013916 1.6449041366577148 3.6940724849700928 3.9546101093292236 1.6364946365356445 17.23615264892578 -1.5259578502832767 0.20031200349330902
Car -1 -1 -1.82 749.1558227539062 185.05474853515625 904.2535400390625 277.4730224609375 1.4727269411087036 1.5780549049377441 3.6748504638671875 4.343372821807861 1.7835622429847717 16.10209083557129 -1.5577891524611243 0.19793665409088135
Car -1 -1 -2.84 1186.5330810546875 166.59231567382812 1239.0250244140625 232.17091369628906 1.5051790475845337 1.5517066717147827 3.463212013244629 15.967812538146973 1.404691457748413 17.4284610748291 -2.102927126181555 0.1894712746143341
Car -1 -1 3.04 1198.50048828125 165.47792053222656 1240.081787109375 227.03353881835938 1.4673858880996704 1.500105381011963 3.2077414989471436 16.70225715637207 1.3290191888809204 18.184926986694336 -2.497581369657569 0.17499208450317383
Car -1 -1 -1.67 659.021240234375 174.29769897460938 672.2803955078125 189.2832794189453 1.6491485834121704 1.627780556678772 4.321493625640869 6.052303314208984 1.7429984211921692 80.0 -1.5955466548590342 0.1702384352684021
Car -1 -1 -1.68 664.3378295898438 178.10250854492188 684.2022094726562 191.56983947753906 1.448123812675476 1.681239366531372 4.348186492919922 7.167339324951172 2.0118631720542908 80.0 -1.5893462865566281 0.16231094300746918
Car -1 -1 -1.79 1223.0731201171875 166.2373809814453 1241.075927734375 225.67144775390625 1.4860671758651733 1.5567262172698975 3.6508986949920654 17.18295669555664 1.4129128456115723 17.918231964111328 -1.0218961746570931 0.15265187621116638
Car -1 -1 -2.0 1218.136474609375 164.66249084472656 1240.031005859375 226.35316467285156 1.4537073373794556 1.5464105606079102 3.4530255794525146 17.1033992767334 1.3807217478752136 17.833898544311523 -1.2374654885595389 0.12891164422035217
Car -1 -1 -2.19 680.4158935546875 178.03294372558594 719.2601928710938 205.8560028076172 1.5015594959259033 1.6209847927093506 4.146434307098389 5.1769304275512695 1.911057472229004 42.71650314331055 -2.0725150924503835 0.07870505750179291