Car -1 -1 -1.32 266.39068603515625 190.50778198242188 432.14727783203125 296.8740234375 1.4070066213607788 1.6014364957809448 3.7813327312469482 -4.011749267578125 1.552479088306427 11.92734432220459 -1.6403924438005806 0.8869548439979553
Car -1 -1 -1.53 561.2817993164062 178.2897186279297 602.9625854492188 217.57728576660156 1.6445937156677246 1.6887173652648926 3.9445643424987793 -1.1267210245132446 1.3410243391990662 32.29959487915039 -1.5686779270875384 0.866919994354248
Car -1 -1 -0.92 5.54331636428833 188.0134735107422 311.9440121650696 371.112548828125 1.6083941459655762 1.6252310276031494 3.7609827518463135 -3.1663553714752197 1.6414979696273804 4.065693378448486 -1.5827064747117818 0.8504077196121216
Car -1 -1 -1.12 200.6329345703125 185.24038696289062 320.8126525878906 245.19297790527344 1.5508005619049072 1.605764389038086 3.344721794128418 -9.2756929397583 1.5398645401000977 19.68553924560547 -1.5575943774693801 0.821551501750946
Van -1 -1 -0.92 449.7403869628906 147.86582946777344 526.28369140625 222.8736114501953 2.675542116165161 2.186544418334961 6.415165901184082 -4.7083516120910645 1.3674598839133978 29.791311264038086 -1.0792781854346485 0.779140293598175
Van -1 -1 1.68 332.7915954589844 148.8551025390625 433.4224853515625 228.9311065673828 2.5863566398620605 2.095165967941284 6.168284893035889 -8.352892875671387 1.4189621210098267 27.200220108032227 1.3860935896825364 0.7525666356086731
Truck -1 -1 0.91 336.87457275390625 146.92803955078125 430.2783203125 229.6714630126953 3.2272117137908936 2.3171041011810303 7.402799606323242 -9.170991897583008 1.7741466909646988 30.20926856994629 0.6151183480080427 0.6344863772392273
Car -1 -1 -1.15 180.0425567626953 183.24908447265625 285.8758544921875 228.04444885253906 1.5379694700241089 1.6210641860961914 3.500807285308838 -14.03454875946045 1.4960293173789978 26.99687957763672 -1.6308312756226337 0.6027153730392456
Car -1 -1 1.59 42.104312896728516 182.06544494628906 260.9839210510254 295.273193359375 1.4909216165542603 1.6947802305221558 4.202714443206787 -9.194761276245117 1.4958504438400269 14.594051361083984 1.0296059135483357 0.5822045207023621
Car -1 -1 2.14 57.32924270629883 175.96966552734375 147.14593887329102 214.9249725341797 1.5313328504562378 1.4954673051834106 3.7602643966674805 -21.769092559814453 1.1781514585018158 31.17513656616211 1.5305773291676061 0.5694111585617065
Truck -1 -1 -0.77 452.4671325683594 145.1853485107422 529.7617797851562 223.95223999023438 3.3658506870269775 2.5245542526245117 8.2711181640625 -5.065069198608398 1.6945317536592484 32.48636245727539 -0.9263981453819952 0.5375146865844727
Car -1 -1 -0.68 188.63768005371094 185.8408203125 304.0375671386719 235.93052673339844 1.5028358697891235 1.585353136062622 3.4191811084747314 -10.942371368408203 1.5682732462882996 22.17643165588379 -1.1389664992973625 0.5264711380004883
Car -1 -1 1.61 28.512056350708008 181.7221221923828 278.1071186065674 318.9194030761719 1.6090151071548462 1.6542494297027588 4.216711044311523 -9.720541000366211 1.856726586818695 14.815792083740234 1.0310987539889958 0.3938356041908264
Car -1 -1 -0.84 13.016839981079102 179.32034301757812 290.8632755279541 344.6212158203125 1.6171845197677612 1.6396691799163818 3.684255838394165 -2.79695725440979 1.4070746898651123 4.043231964111328 -1.4465730542649862 0.3465566635131836
Van -1 -1 1.63 505.0438232421875 168.19308471679688 541.5191040039062 204.84619140625 2.314039945602417 2.002685070037842 6.313881874084473 -5.659168243408203 1.216464325785637 48.7813720703125 1.509944838578516 0.33378127217292786
Van -1 -1 1.86 287.0516357421875 177.03431701660156 351.6140441894531 215.10704040527344 1.860273003578186 1.795386791229248 4.451831817626953 -15.134712219238281 1.4532687067985535 37.835506439208984 1.4800341202324558 0.30368614196777344
Van -1 -1 1.67 495.5279541015625 166.46876525878906 542.3140258789062 207.2621307373047 2.2197482585906982 1.9732146263122559 6.151047229766846 -5.633756160736084 1.2926497012376785 46.11642074584961 1.5467630188612098 0.301626056432724
Van -1 -1 1.24 478.97039794921875 156.68223571777344 538.1813354492188 212.74569702148438 2.5227088928222656 2.162585496902466 6.732435703277588 -4.921200752258301 1.3231528922915459 32.6712532043457 1.0908480524378827 0.2984583079814911
Van -1 -1 1.62 508.1876220703125 169.74517822265625 536.9036254882812 203.90286254882812 2.3001508712768555 1.8782881498336792 6.043511867523193 -5.675331115722656 1.1654764404520392 49.0994758605957 1.5088584217614631 0.2902807593345642
Car -1 -1 -1.85 454.8648681640625 160.5638427734375 527.0195922851562 223.97523498535156 2.09020733833313 1.7875899076461792 4.596251964569092 -4.383664131164551 1.3821699917316437 27.611663818359375 -2.008947077679073 0.2776039242744446
Car -1 -1 1.48 65.70513153076172 184.7960662841797 254.86840057373047 274.4889831542969 1.4801139831542969 1.6689684391021729 4.052585124969482 -9.06441879272461 1.5157586336135864 14.326634407043457 0.9204375301491456 0.27560263872146606
Van -1 -1 1.73 463.7485656738281 148.66525268554688 531.994873046875 220.11830139160156 2.6634716987609863 2.066784620285034 6.0881547927856445 -4.600221157073975 1.3739636577665806 29.527990341186523 1.5772418003898379 0.26907163858413696
Car -1 -1 -2.13 6.690023899078369 182.11785888671875 82.8366379737854 243.61398315429688 1.4713484048843384 1.5860451459884644 3.8201451301574707 -18.018924713134766 1.489720642566681 20.839405059814453 -2.839816626713872 0.24393977224826813
Car -1 -1 1.88 286.31494140625 179.21002197265625 356.24407958984375 215.10043334960938 1.6407192945480347 1.6374468803405762 4.049691677093506 -14.54833698272705 1.428885579109192 36.36540985107422 1.500432459961722 0.2417953908443451
Van -1 -1 -2.79 460.6680908203125 164.42947387695312 527.492919921875 222.65077209472656 2.23652982711792 1.930371642112732 5.314527988433838 -4.5285258293151855 1.4406505525112152 28.869211196899414 -2.946667211867849 0.22363780438899994
Pedestrian -1 -1 1.8 458.6991271972656 152.32022094726562 529.8526000976562 220.6561279296875 2.02645206451416 0.7512895464897156 0.9656097888946533 -3.711357831954956 1.428301364183426 24.091262817382812 1.64368740542964 0.2207317054271698
Car -1 -1 -1.03 181.07423400878906 180.48965454101562 327.2986755371094 242.54110717773438 1.495333194732666 1.6585341691970825 3.849575996398926 -9.515839576721191 1.6061574220657349 20.602163314819336 -1.461624529442366 0.2194814234972
Car -1 -1 2.34 171.85684204101562 187.92909240722656 267.2141418457031 234.2147216796875 1.4752705097198486 1.5739973783493042 3.6880290508270264 -13.351280212402344 1.6292034983634949 25.317068099975586 1.8565877213838071 0.21245528757572174
Van -1 -1 1.75 376.3702087402344 176.93936157226562 440.2738037109375 221.36207580566406 2.1293742656707764 1.9268757104873657 5.6989006996154785 -9.600318908691406 1.649847149848938 36.18207931518555 1.4865550167599118 0.211995467543602
Car -1 -1 1.17 79.461181640625 191.86175537109375 235.42425537109375 271.4293212890625 1.4605551958084106 1.5257402658462524 3.2663838863372803 -8.873323440551758 1.554165780544281 14.31514835357666 0.611338862474005 0.20799213647842407
Van -1 -1 1.73 486.6520080566406 162.74900817871094 539.2272338867188 210.77496337890625 2.359773874282837 1.9796557426452637 5.962649345397949 -5.231466293334961 1.3372055292129517 38.426856994628906 1.5907155602084053 0.20185071229934692
Car -1 -1 -1.47 156.441650390625 181.46322631835938 323.99615478515625 253.51060485839844 1.441714882850647 1.70995032787323 3.903179168701172 -9.659597396850586 1.5351911187171936 20.621177673339844 -1.9111558675948288 0.194952592253685
Car -1 -1 1.45 472.8788146972656 158.69696044921875 537.5426025390625 217.43536376953125 2.03468656539917 1.8110873699188232 4.599983215332031 -5.0320611000061035 1.3545885384082794 32.40255355834961 1.299594233276535 0.17709708213806152
Car -1 -1 -0.93 4.269065856933594 176.7259063720703 30.68938446044922 228.9788360595703 1.4680438041687012 1.5951138734817505 4.025951385498047 -21.29414176940918 1.306467056274414 23.682559967041016 -1.6591792589472742 0.17654186487197876
Van -1 -1 -2.44 310.34088134765625 162.74441528320312 431.2041015625 250.4122772216797 2.3641257286071777 1.959818959236145 5.424476146697998 -8.201661109924316 1.679765522480011 26.96126365661621 -2.737076816764615 0.1747201681137085
Car -1 -1 -0.41 136.60977172851562 174.36361694335938 317.0948486328125 260.5015563964844 1.4962025880813599 1.707669734954834 4.027254581451416 -10.099687576293945 1.5105999112129211 20.2651424407959 -0.8682998964983373 0.17386552691459656
Car -1 -1 -1.07 217.31936645507812 183.7732696533203 358.52508544921875 255.2895050048828 1.4951270818710327 1.655716061592102 3.70017671585083 -8.997535705566406 1.5218806862831116 19.449880599975586 -1.5063707129560324 0.17328888177871704
Car -1 -1 -0.55 136.6027374267578 186.50978088378906 287.73358154296875 249.98280334472656 1.435579776763916 1.6208659410476685 3.9120635986328125 -10.893488883972168 1.4856886267662048 20.941129684448242 -1.0304229576163575 0.17085638642311096
Car -1 -1 -1.28 4.473340034484863 178.7595977783203 39.605217933654785 230.92298889160156 1.4972789287567139 1.587955117225647 4.014557838439941 -21.284257888793945 1.37782621383667 23.77119255065918 -2.0103984462897815 0.16924898326396942
Car -1 -1 3.13 4.134180545806885 183.10826110839844 68.19507837295532 241.5028839111328 1.4962080717086792 1.612194538116455 3.8412179946899414 -18.552804946899414 1.473243236541748 20.97800636291504 2.4011639776306524 0.1637374460697174
Van -1 -1 1.66 500.0943603515625 159.6282196044922 541.8711547851562 205.09396362304688 2.442182779312134 2.0158567428588867 6.542519569396973 -5.675220966339111 1.032402217388153 47.074344635009766 1.5364614840513386 0.16280129551887512
Van -1 -1 1.82 470.03509521484375 150.03941345214844 525.7574462890625 214.2779083251953 2.63986873626709 2.0977585315704346 5.908320903778076 -5.230531692504883 1.2371719628572464 33.05573654174805 1.6654545195672936 0.16134852170944214
Car -1 -1 2.34 54.276668548583984 180.70913696289062 167.27770614624023 224.96205139160156 1.499602198600769 1.5466290712356567 3.6670145988464355 -21.283458709716797 1.2617477178573608 30.41541290283203 1.7327321190772258 0.15184353291988373
Car -1 -1 -2.45 104.82323455810547 185.35047912597656 270.0215072631836 259.58245849609375 1.468003273010254 1.689604640007019 3.861729860305786 -10.072940826416016 1.5168002247810364 17.17339324951172 -2.9826594292952127 0.1483321338891983
Car -1 -1 1.41 486.1199951171875 171.06654357910156 535.9852294921875 213.92161560058594 1.7689470052719116 1.7225995063781738 4.419217586517334 -5.349299907684326 1.3563745617866516 39.85866165161133 1.2759169117061209 0.14817096292972565
Car -1 -1 -1.53 558.5301513671875 178.6899871826172 593.6909790039062 211.62344360351562 1.568469524383545 1.6696584224700928 3.988262414932251 -1.3596001863479614 1.3460748195648193 36.08260726928711 -1.5692084116928111 0.14544187486171722
Car -1 -1 2.23 46.881561279296875 179.43434143066406 148.26661682128906 223.18020629882812 1.5189404487609863 1.6347966194152832 3.959005355834961 -24.299699783325195 1.2690723538398743 33.614070892333984 1.6017044082857064 0.13894400000572205
Car -1 -1 -2.48 1210.763427734375 325.8686218261719 1238.76171875 379.1665954589844 1.361680269241333 1.4642417430877686 3.4041056632995605 4.316954612731934 1.9089900255203247 3.5737855434417725 -1.5968111953962563 0.10790164023637772
Car -1 -1 -2.52 91.70223999023438 186.44607543945312 277.9034729003906 279.6613464355469 1.47874915599823 1.6318244934082031 3.8332486152648926 -9.8115816116333 1.7250145077705383 16.298337936401367 -3.064277282763051 0.09127374738454819