Car -1 -1 -1.41 417.199951171875 174.46438598632812 504.8947448730469 241.48587036132812 1.6147239208221436 1.6759190559387207 4.08437967300415 -3.8430755138397217 1.3605210185050964 19.448509216308594 -1.6010928868537277 0.8936322331428528
Car -1 -1 -1.6 576.5193481445312 173.0524444580078 643.7727661132812 236.03477478027344 1.6591436862945557 1.72441828250885 3.993973970413208 0.05096155405044556 1.3041888177394867 21.105205535888672 -1.5984014140180571 0.887211799621582
Car -1 -1 -1.43 477.92431640625 177.6370849609375 523.824951171875 214.2376251220703 1.5100919008255005 1.6431421041488647 3.9395482540130615 -4.712541580200195 1.2218427658081055 32.11876678466797 -1.5732705486811724 0.8201841115951538
Van -1 -1 -1.11 2.8688278198242188 47.49787521362305 401.6487350463867 374.7738151550293 2.60690975189209 2.085864782333374 6.016845703125 -4.137842655181885 1.4646450281143188 7.902106285095215 -1.5884604054692417 0.8143846392631531
Truck -1 -1 -1.44 520.7708129882812 150.8879852294922 562.067138671875 196.51947021484375 3.50673246383667 2.570335626602173 8.581757545471191 -5.161864280700684 0.8561697602272034 58.6148681640625 -1.5322143510490909 0.789206862449646
Car -1 -1 -1.33 379.1490173339844 180.7022705078125 427.72119140625 214.99398803710938 1.4356151819229126 1.6077518463134766 3.753593921661377 -9.381512641906738 1.3243600726127625 33.416011810302734 -1.6052141061916974 0.6468894481658936
Car -1 -1 -1.55 573.524169921875 175.1317596435547 615.909912109375 217.32244873046875 1.5866124629974365 1.6408463716506958 3.8218400478363037 -0.6463152170181274 1.1799139976501465 31.100305557250977 -1.572441202277778 0.6376808285713196
Truck -1 -1 -2.36 4.785717487335205 24.705801010131836 403.36146211624146 375.1162624359131 3.19057297706604 2.5110373497009277 7.651533603668213 -4.211770057678223 1.5447745807468891 7.989603042602539 -2.8499914831208066 0.6324702501296997
Car -1 -1 -1.49 496.6375732421875 178.09136962890625 531.427490234375 207.5150146484375 1.5041805505752563 1.6281746625900269 3.844372034072876 -5.257248401641846 1.163149356842041 41.328514099121094 -1.6170276849357137 0.6131356954574585
Car -1 -1 -1.47 486.4446716308594 177.36456298828125 528.5269775390625 212.184814453125 1.5435982942581177 1.6472424268722534 3.9188356399536133 -4.6568284034729 1.2098933160305023 33.21643829345703 -1.6135185147406874 0.5899125933647156
Car -1 -1 -1.55 575.2164916992188 173.8775634765625 624.7877197265625 221.24827575683594 1.6723979711532593 1.650370717048645 4.076166152954102 -0.39937183260917664 1.2184996902942657 30.329980850219727 -1.5634695332781705 0.5743973255157471
Car -1 -1 -1.57 575.1759033203125 172.8778533935547 634.9285888671875 228.47288513183594 1.6558517217636108 1.7057340145111084 3.9530720710754395 -0.2652723789215088 1.2457812428474426 25.61044692993164 -1.5773448121111704 0.5718993544578552
Van -1 -1 -2.11 521.1573486328125 150.2242431640625 563.71630859375 195.24281311035156 2.8220086097717285 2.177380084991455 6.123324871063232 -4.746622085571289 0.6652452945709229 54.143890380859375 -2.195659236312949 0.40367045998573303
Van -1 -1 -1.14 -5.703494071960449 76.51307678222656 309.2218599319458 359.5564727783203 2.5866355895996094 2.096162796020508 5.9988627433776855 -4.160391330718994 1.7026898264884949 6.626062870025635 -1.7029923454148612 0.36094042658805847
Truck -1 -1 -1.39 519.7313842773438 158.57521057128906 556.266845703125 197.95765686035156 3.4748659133911133 2.4935202598571777 8.335463523864746 -5.520589828491211 0.9939802289009094 59.13711166381836 -1.4805310299041459 0.3403126001358032
Car -1 -1 -1.5 517.9551391601562 172.65267944335938 547.2965087890625 199.02684020996094 1.5053242444992065 1.7012492418289185 3.951763391494751 -5.129603385925293 0.911881223320961 50.855342864990234 -1.5983895240203303 0.30924364924430847
Van -1 -1 -1.42 417.543701171875 174.4132080078125 501.6893615722656 243.046142578125 1.860040545463562 1.7559375762939453 4.290191650390625 -4.193657875061035 1.5012941360473633 20.802425384521484 -1.6209312924429522 0.3041081428527832
Car -1 -1 -1.47 502.9129333496094 176.94613647460938 535.5606079101562 204.8711700439453 1.3969709873199463 1.6315417289733887 3.680129051208496 -5.164144515991211 1.0705319344997406 41.730369567871094 -1.5902606747837664 0.3024176359176636
Truck -1 -1 -1.08 526.5281982421875 154.05392456054688 565.005859375 195.36366271972656 3.5571916103363037 2.5460636615753174 8.799025535583496 -5.233786582946777 0.9401417970657349 59.49745559692383 -1.1645596741792916 0.2991117238998413
Car -1 -1 -1.47 511.86138916015625 176.37063598632812 540.5838012695312 201.47030639648438 1.4201468229293823 1.647451400756836 3.89316987991333 -4.972623825073242 1.0435810089111328 43.0558967590332 -1.5853073774655133 0.2984292805194855
Car -1 -1 -1.14 -6.645605087280273 109.77232360839844 305.891809463501 366.0039520263672 1.8650387525558472 1.7197961807250977 4.541606903076172 -5.421809673309326 1.6278238892555237 8.02979564666748 -1.7313328912305135 0.2777145802974701
Car -1 -1 -1.21 519.7673950195312 165.8743133544922 549.8211669921875 199.8531951904297 1.6744805574417114 1.6565743684768677 3.5860180854797363 -5.114810943603516 0.937942162156105 50.6983528137207 -1.3137679447379478 0.27196165919303894
Car -1 -1 -1.46 513.9163208007812 170.8587188720703 543.9207763671875 200.07000732421875 1.525951623916626 1.685258388519287 3.953969717025757 -5.367524147033691 0.896626204252243 49.765995025634766 -1.5673952154197064 0.26101550459861755
Car -1 -1 -1.42 500.0153503417969 172.5235595703125 537.3366088867188 206.41885375976562 1.4581180810928345 1.581092119216919 3.954890012741089 -5.024609565734863 0.9988239705562592 44.170894622802734 -1.53321178231708 0.24554044008255005
Pedestrian -1 -1 1.39 519.7706909179688 149.4396209716797 560.2913208007812 194.8858184814453 1.9660229682922363 0.6000576019287109 0.9669254422187805 -3.7836549282073975 0.7326261699199677 43.04573059082031 1.305562120422616 0.24407972395420074
Car -1 -1 -1.46 572.8880615234375 178.47267150878906 611.5459594726562 222.30197143554688 1.5025166273117065 1.643074631690979 3.694126605987549 -0.6555659174919128 1.305872917175293 30.254587173461914 -1.477457751617833 0.23890456557273865
Van -1 -1 -1.45 478.3503723144531 176.52162170410156 523.14111328125 214.65943908691406 1.9149454832077026 1.7571654319763184 4.315733432769775 -4.9509358406066895 1.3434802293777466 33.56455993652344 -1.5987403027641571 0.23002596199512482
Car -1 -1 -1.42 520.0259399414062 161.66688537597656 554.14990234375 198.1699676513672 1.656793236732483 1.7453840970993042 4.037313938140869 -4.876845359802246 0.7897263802587986 49.65778350830078 -1.5160929156547702 0.2265884280204773
Truck -1 -1 -2.06 66.59990692138672 37.0789680480957 404.5602035522461 329.7477912902832 3.128657341003418 2.4593305587768555 7.2040510177612305 -4.598477840423584 1.421445056796074 8.190569877624512 -2.5671748381584543 0.22022508084774017
Car -1 -1 -1.56 572.0565795898438 177.34478759765625 608.552734375 215.30389404296875 1.5264418125152588 1.6285125017166138 3.6874029636383057 -0.705499529838562 1.2758669257164001 31.468353271484375 -1.581770208956069 0.2189721316099167
Car -1 -1 -1.03 -6.691027641296387 92.71935272216797 393.63358783721924 375.0592575073242 1.6790636777877808 1.716459035873413 4.478790760040283 -3.8585355281829834 1.3859971165657043 7.508609294891357 -1.5067521787398563 0.20684108138084412
Car -1 -1 -1.48 505.8085632324219 169.8765411376953 538.37890625 202.2538299560547 1.4323290586471558 1.686974048614502 3.7325446605682373 -5.122575283050537 0.9206992536783218 43.6591682434082 -1.6002933900019238 0.19925600290298462
Van -1 -1 -2.95 -48.665985107421875 48.74454116821289 482.1449279785156 378.9758644104004 1.9042019844055176 1.9497932195663452 5.813137054443359 -2.6777701377868652 1.3575724363327026 5.814633369445801 2.901764421363712 0.1753607988357544
Car -1 -1 -1.48 489.6293640136719 172.6115264892578 529.740478515625 206.71116638183594 1.5199519395828247 1.596383810043335 3.901810646057129 -5.198300361633301 0.9472689628601074 41.34273910522461 -1.6029754684393378 0.17346034944057465
Pedestrian -1 -1 1.31 519.841552734375 158.74282836914062 556.094970703125 197.86778259277344 1.9079045057296753 0.5931809544563293 0.8266328573226929 -4.324603080749512 0.9205277003347874 43.24266815185547 1.212709946449861 0.1704329401254654
Car -1 -1 -1.45 434.82421875 175.749755859375 508.51446533203125 232.00929260253906 1.5952903032302856 1.6416542530059814 3.9405434131622314 -3.860999822616577 1.3345671892166138 20.65542221069336 -1.6342648065667325 0.1690751016139984
Car -1 -1 -1.4 514.51806640625 164.8186798095703 545.88134765625 198.87240600585938 1.7250076532363892 1.6395213603973389 3.6736319065093994 -5.299646377563477 0.993530660867691 47.34019470214844 -1.5154670090850946 0.16203443706035614