Car -1 -1 2.04 116.44731903076172 203.48289489746094 334.6747360229492 314.8260192871094 1.4418182373046875 1.5782662630081177 3.8423526287078857 -6.093748569488525 1.9608638286590576 11.827581405639648 1.5647838143046302 0.8954296112060547
Car -1 -1 -1.76 699.8933715820312 175.08485412597656 824.68359375 261.6964111328125 1.5486695766448975 1.6044659614562988 3.751000165939331 2.9583301544189453 1.6140950918197632 15.053627014160156 -1.5659899884703146 0.8750199675559998
Car -1 -1 1.97 287.8784484863281 193.3432159423828 422.78082275390625 266.24530029296875 1.4139348268508911 1.6104415655136108 4.267397880554199 -6.116912364959717 1.997866690158844 17.672639846801758 1.6336494470539487 0.8726509809494019
Car -1 -1 1.78 403.97314453125 178.62435913085938 476.4083251953125 231.72015380859375 1.776425838470459 1.661493182182312 4.023143291473389 -5.889567852020264 1.943924903869629 25.340808868408203 1.546671936484282 0.8694808483123779
Car -1 -1 1.79 442.7655029296875 180.7997589111328 501.56048583984375 220.44581604003906 1.5522571802139282 1.5874598026275635 4.022472381591797 -5.919667720794678 1.9338627457618713 31.131446838378906 1.6003430913383232 0.7887164354324341
Car -1 -1 1.65 558.4628295898438 178.9557342529297 584.5038452148438 197.96142578125 1.5172960758209229 1.6547322273254395 3.74656343460083 -3.113929510116577 2.0032026767730713 58.423126220703125 1.596713133361856 0.6413724422454834
Car -1 -1 2.71 636.5274658203125 176.8103790283203 657.38720703125 194.05923461914062 1.4426020383834839 1.6051908731460571 3.4613211154937744 3.339632749557495 1.8946409821510315 64.14776611328125 2.76158733665401 0.4210135042667389
Van -1 -1 1.8 403.89202880859375 178.60964965820312 477.6515808105469 231.84356689453125 1.8441712856292725 1.7160850763320923 4.1947760581970215 -6.136114120483398 2.049700975418091 26.466896057128906 1.5716801936493328 0.3209368586540222
Car -1 -1 1.71 525.1997680664062 180.1367950439453 550.9190673828125 199.0040283203125 1.4444000720977783 1.6274417638778687 3.2995402812957764 -5.856910228729248 2.080225944519043 59.089927673339844 1.6142591519953484 0.3037478029727936
Pedestrian -1 -1 1.94 699.9969482421875 174.47067260742188 750.5908203125 236.5705108642578 1.592632532119751 0.6657468676567078 0.7913447022438049 3.2163968086242676 1.6984041929244995 20.413660049438477 2.0978174432184913 0.29630720615386963
Car -1 -1 1.77 425.535400390625 180.1290283203125 491.30230712890625 224.55386352539062 1.5832985639572144 1.6116204261779785 4.0727643966674805 -6.045360565185547 1.9451120495796204 30.72597312927246 1.579476470642387 0.28164881467819214
Car -1 -1 -3.12 682.49755859375 170.18023681640625 746.4459228515625 196.3308868408203 1.6100809574127197 1.6778098344802856 4.169922351837158 7.541273593902588 1.4598180055618286 53.01435852050781 -2.983144611640503 0.23159240186214447
Car -1 -1 1.8 412.775146484375 181.99032592773438 483.8529968261719 230.33016967773438 1.6473504304885864 1.6400055885314941 3.9559502601623535 -5.928645610809326 1.9605337977409363 27.368825912475586 1.5836608423768403 0.2315596342086792
Car -1 -1 1.76 465.5294189453125 184.01095581054688 512.8226318359375 215.73245239257812 1.5072499513626099 1.5392022132873535 3.758679151535034 -6.011162757873535 2.025339663028717 37.28358840942383 1.5969466789448719 0.22821326553821564
Car -1 -1 1.74 485.1034240722656 181.8936309814453 524.7097778320312 209.4373016357422 1.5536121129989624 1.5676767826080322 3.4614310264587402 -5.8721232414245605 2.0768889784812927 41.02887725830078 1.597785348357048 0.22818781435489655
Car -1 -1 -3.02 690.0108642578125 169.66751098632812 750.84912109375 193.7364044189453 1.639810562133789 1.746253252029419 4.49506950378418 8.121437072753906 1.437164068222046 53.69039535522461 -2.870315817778579 0.2157655656337738
Pedestrian -1 -1 2.74 699.887451171875 177.1646728515625 819.7310791015625 263.3079528808594 1.7101740837097168 0.6492614150047302 0.8595442771911621 2.4837911128997803 1.648011326789856 12.695820808410645 2.937296595834864 0.20790733397006989
Pedestrian -1 -1 2.38 697.7713623046875 177.77708435058594 792.5150146484375 257.6191711425781 1.7000339031219482 0.693116307258606 0.8995162844657898 2.433234930038452 1.642256736755371 13.031067848205566 2.5621979139630806 0.18508508801460266
Pedestrian -1 -1 2.63 701.7789306640625 180.09893798828125 749.1898803710938 247.00357055664062 1.5502707958221436 0.6725929379463196 0.7438913583755493 2.628746509552002 1.7176973819732666 16.5677547454834 2.789480353816616 0.17991892993450165
Car -1 -1 -1.7 688.2966918945312 171.26321411132812 760.4332885742188 220.75897216796875 1.5231313705444336 1.5689246654510498 3.5728862285614014 4.216762065887451 1.683889627456665 26.406641006469727 -1.5392674837323206 0.13274544477462769