Car -1 -1 -1.73 734.5690307617188 185.91549682617188 836.740234375 261.19091796875 1.4166122674942017 1.6127290725708008 3.8872220516204834 3.901216745376587 1.8113729357719421 16.68817901611328 -1.5013191466835467 0.8927561044692993
Car -1 -1 -1.85 777.9415893554688 194.79025268554688 969.3306884765625 311.7800598144531 1.4121564626693726 1.6084717512130737 3.846512794494629 3.627855062484741 1.7348983883857727 10.722840309143066 -1.526692135747881 0.8867880702018738
Car -1 -1 1.79 468.2480163574219 190.181640625 534.4305419921875 236.97454833984375 1.518144130706787 1.5605294704437256 3.4452855587005615 -3.8909013271331787 2.171640634536743 26.007719039916992 1.6434515978580029 0.8768048882484436
Car -1 -1 1.75 500.3367004394531 188.1925811767578 554.7935180664062 226.95700073242188 1.5293216705322266 1.5764797925949097 3.7772715091705322 -3.5471251010894775 2.245491862297058 31.39493179321289 1.6393140974832807 0.8473426103591919
Car -1 -1 -1.58 692.5150146484375 181.34950256347656 723.2257080078125 210.060302734375 1.6720587015151978 1.6903231143951416 4.297844409942627 5.786588668823242 2.1808475852012634 42.677345275878906 -1.4438702492966593 0.8231749534606934
Car -1 -1 2.9 1042.4847412109375 180.31031799316406 1241.2291259765625 252.9127960205078 1.399260401725769 1.6354206800460815 4.299378871917725 11.741669654846191 1.5797576904296875 15.681380271911621 -2.7417112167734627 0.7220035195350647
Car -1 -1 1.76 533.4845581054688 189.96331787109375 576.8902587890625 218.4751739501953 1.443933129310608 1.6009891033172607 4.009753704071045 -2.970402240753174 2.4082805514335632 39.0706787109375 1.6797232073285837 0.7133768796920776
Car -1 -1 1.71 539.4278564453125 188.89306640625 578.3557739257812 216.07530212402344 1.5151996612548828 1.5871199369430542 3.9061551094055176 -2.8600499629974365 2.4332269430160522 40.74579620361328 1.6441283906515158 0.6764776706695557
Car -1 -1 1.74 602.0332641601562 185.49620056152344 628.5646362304688 202.2546844482422 1.5127031803131104 1.6436192989349365 4.148373126983643 0.5035357475280762 2.6470632553100586 65.68231201171875 1.745986816507953 0.5391016602516174
Car -1 -1 1.74 485.8623962402344 188.2332000732422 550.9873657226562 229.9183807373047 1.517217755317688 1.5619001388549805 4.12980842590332 -3.5174598693847656 2.2491020560264587 30.8137264251709 1.6292120672539934 0.503884494304657
Van -1 -1 -0.49 211.6156005859375 189.80470275878906 326.580322265625 234.0528564453125 2.1298139095306396 1.8815414905548096 4.548382759094238 -16.275541305541992 2.9630470275878906 35.126991271972656 -0.924452279583388 0.49201223254203796
Pedestrian -1 -1 2.38 1131.4727783203125 162.94102478027344 1147.493896484375 210.07188415527344 1.7494351863861084 0.6310360431671143 0.5489456057548523 19.381898880004883 1.3888970017433167 26.34632682800293 3.018226516224951 0.4797508418560028
Van -1 -1 2.29 219.6739959716797 178.38192749023438 352.873779296875 230.73605346679688 2.334105968475342 2.047229290008545 5.214169502258301 -14.284393310546875 2.482025384902954 32.17251205444336 1.8769789286461513 0.4560006260871887
Car -1 -1 2.17 1193.4073486328125 181.59445190429688 1240.263427734375 260.3247985839844 1.47267484664917 1.5944104194641113 3.96750807762146 12.945462226867676 1.6051714420318604 13.2083740234375 2.9463301750843023 0.43019431829452515
Car -1 -1 2.42 1201.3336181640625 182.33070373535156 1239.410400390625 252.6866455078125 1.4131783246994019 1.653028130531311 3.8292415142059326 13.36251163482666 1.5785368084907532 13.919608116149902 -3.0947480744113953 0.3500889539718628
Car -1 -1 1.52 1183.6484375 184.29254150390625 1239.093017578125 254.83978271484375 1.3364238739013672 1.6024020910263062 3.667025327682495 12.287713050842285 1.5075016021728516 13.277584075927734 2.268688905410346 0.3439849615097046
Car -1 -1 1.8 529.1647338867188 190.92147827148438 572.4754638671875 220.83087158203125 1.4704176187515259 1.57021164894104 3.9364943504333496 -3.0277276039123535 2.4463576674461365 38.785125732421875 1.7195283719941958 0.2971700131893158
Car -1 -1 1.7 518.9431762695312 188.5076446533203 571.5427856445312 222.3880615234375 1.4524246454238892 1.551340937614441 3.9694244861602783 -2.9372987747192383 2.3599897027015686 38.405338287353516 1.62244663177946 0.27816042304039
Car -1 -1 2.26 1168.1336669921875 183.6151123046875 1243.065185546875 262.4523620605469 1.4679263830184937 1.6214884519577026 4.08408784866333 12.789229393005371 1.5835316181182861 13.448982238769531 3.021171887850876 0.2677754759788513
Van -1 -1 0.98 232.95745849609375 173.93321228027344 362.2088928222656 227.89064025878906 2.34069561958313 2.068758964538574 5.3853912353515625 -13.740535736083984 2.4243160486221313 31.615245819091797 0.57461973204027 0.2526054382324219
Car -1 -1 1.81 478.36297607421875 188.9094696044922 540.5404663085938 230.01922607421875 1.5121434926986694 1.5849900245666504 3.740478992462158 -3.9083948135375977 2.0938307642936707 27.494543075561523 1.6657685465147143 0.2486589401960373
Car -1 -1 1.74 506.9813232421875 188.17918395996094 558.55419921875 223.3562469482422 1.5420308113098145 1.595862865447998 4.0505475997924805 -3.504423141479492 2.242880344390869 32.56427001953125 1.6319632188582887 0.24124133586883545
Car -1 -1 1.65 213.64874267578125 192.62582397460938 330.6492919921875 235.9542999267578 1.63175368309021 1.5967984199523926 4.044123649597168 -14.358362197875977 2.6590172052383423 30.832195281982422 1.211667400415684 0.2236940860748291
Car -1 -1 -1.78 733.65771484375 192.05043029785156 854.1524658203125 272.7308349609375 1.4049947261810303 1.590232014656067 3.869108200073242 3.940927267074585 1.8354754447937012 16.736209869384766 -1.5498683664255273 0.22272634506225586
Car -1 -1 1.74 606.6329345703125 185.891357421875 632.0953979492188 202.18484497070312 1.4113240242004395 1.6588234901428223 4.204448223114014 0.6554641723632812 2.6204798221588135 66.1238784790039 1.7528637865224992 0.2022235095500946
Car -1 -1 1.64 1200.1087646484375 184.44091796875 1236.0675048828125 265.4906005859375 1.4508998394012451 1.5696587562561035 3.625629425048828 12.459050178527832 1.5901539325714111 12.551712989807129 2.41743911691181 0.2014087587594986
Car -1 -1 1.76 514.7093505859375 190.27200317382812 564.7308349609375 223.41183471679688 1.5024334192276 1.5865546464920044 3.8747642040252686 -3.3890573978424072 2.2763074040412903 31.42823028564453 1.6544563806148016 0.19803711771965027
Car -1 -1 2.62 1022.7562255859375 181.94554138183594 1199.42822265625 245.33555603027344 1.4148155450820923 1.6299939155578613 4.145696640014648 11.9708890914917 1.5784164667129517 16.45883560180664 -3.0302061667711957 0.19606707990169525
Car -1 -1 -2.27 1211.659423828125 174.06549072265625 1240.0069580078125 243.62364196777344 1.4822293519973755 1.631320834159851 4.090456962585449 13.264715194702148 1.532429814338684 13.138569831848145 -1.4840491461931622 0.18973296880722046
Car -1 -1 1.33 1212.738037109375 176.83009338378906 1247.5855712890625 266.8158264160156 1.481658935546875 1.585566759109497 3.841057538986206 12.352102279663086 1.6608415246009827 12.800028800964355 2.0999702143512256 0.18169862031936646
Pedestrian -1 -1 1.39 1127.934326171875 163.78199768066406 1144.13037109375 209.5524444580078 1.7621465921401978 0.5885084271430969 0.5738710165023804 19.54567527770996 1.4254648685455322 26.892133712768555 2.0162628010702335 0.17743685841560364
Car -1 -1 2.8 1215.1094970703125 181.57374572753906 1240.455322265625 252.24754333496094 1.4567279815673828 1.6666804552078247 3.744189977645874 13.128243446350098 1.5699617862701416 13.30342960357666 -2.700826304111798 0.17709362506866455
Car -1 -1 2.96 1216.9228515625 177.22267150878906 1241.6026611328125 239.82005310058594 1.4234471321105957 1.6087547540664673 3.8621718883514404 13.241438865661621 1.5098260641098022 13.51869010925293 -2.549262771764006 0.1658986508846283