Car -1 -1 1.89 319.20111083984375 191.26834106445312 475.0771789550781 285.04840087890625 1.4167104959487915 1.5883618593215942 3.9670722484588623 -3.867006778717041 1.818445861339569 13.709228515625 1.6190471752583253 0.8952745795249939
Car -1 -1 1.76 434.96673583984375 184.38827514648438 513.66748046875 242.97129821777344 1.5106195211410522 1.5817302465438843 3.7240846157073975 -3.9051713943481445 1.86076158285141 21.02108383178711 1.5761758078949306 0.8748940825462341
Car -1 -1 -1.05 604.841064453125 178.64454650878906 646.2787475585938 218.42596435546875 1.5175319910049438 1.6102417707443237 3.4972894191741943 0.6246766448020935 1.761742651462555 29.69446563720703 -1.0296403002252816 0.8633325099945068
Car -1 -1 1.7 498.6643981933594 180.58721923828125 543.2431640625 215.6393585205078 1.4445650577545166 1.5637316703796387 3.746234178543091 -4.045180797576904 1.8192622661590576 33.03530502319336 1.579032107816282 0.8527979254722595
Car -1 -1 1.69 530.2429809570312 174.8577880859375 563.075439453125 199.12242126464844 1.494509220123291 1.5936269760131836 4.0859551429748535 -4.237250804901123 1.6852271556854248 48.841522216796875 1.608089777289691 0.7104122042655945
Car -1 -1 1.64 505.47528076171875 178.54164123535156 548.8798217773438 211.4164276123047 1.526601791381836 1.6694912910461426 4.164223670959473 -4.0178399085998535 1.827336072921753 32.791385650634766 1.5167765707631222 0.3776645362377167
Car -1 -1 1.64 516.0018310546875 177.2262725830078 555.2577514648438 206.9730682373047 1.5996294021606445 1.653172254562378 4.160690784454346 -4.076298713684082 1.8884268999099731 34.71772003173828 1.5204407404928686 0.24672454595565796
Car -1 -1 -0.44 3.7277588844299316 251.91513061523438 67.59525918960571 388.5902099609375 1.4913870096206665 1.7072581052780151 3.924605369567871 -2.5644285678863525 1.5146650075912476 1.326149582862854 -1.537977237586757 0.2234666794538498
Car -1 -1 -0.49 1.5406090021133423 231.1070098876953 31.262282967567444 394.6541748046875 1.5648366212844849 1.6345900297164917 3.8329784870147705 -2.615602970123291 1.4362902641296387 1.4029452800750732 -1.563589593825526 0.2030101865530014
Car -1 -1 -0.46 7.996679782867432 253.15895080566406 86.512442111969 386.4326171875 1.471818447113037 1.7028898000717163 3.903935432434082 -2.547250986099243 1.5242639183998108 1.364168643951416 -1.5369900979932627 0.2024204432964325
Car -1 -1 -0.45 0.2420775294303894 234.3911590576172 44.53814762830734 393.02288818359375 1.5053831338882446 1.6275418996810913 3.9491381645202637 -2.9312708377838135 1.5414629578590393 1.4636178016662598 -1.5615304629836766 0.19154080748558044
Car -1 -1 1.69 525.9939575195312 176.18650817871094 559.2275390625 200.8110809326172 1.530003309249878 1.5908418893814087 4.069329738616943 -4.444478988647461 1.7411388754844666 49.96400833129883 1.6031986349560121 0.17117854952812195
Car -1 -1 -0.47 12.207572937011719 254.302734375 106.42747497558594 384.64068603515625 1.4654537439346313 1.6760408878326416 3.829761028289795 -2.6043739318847656 1.5600351095199585 1.4714189767837524 -1.5308528691037333 0.1632596105337143
Car -1 -1 -0.38 0.23179727792739868 261.0748596191406 27.85920625925064 387.26922607421875 1.5491132736206055 1.6921329498291016 3.8810367584228516 -2.791627883911133 1.5681363344192505 1.5175968408584595 -1.4544857256263057 0.16304083168506622