Van -1 -1 1.22 432.2989501953125 154.15414428710938 491.8568420410156 194.21221923828125 2.1483395099639893 1.926329493522644 5.056247234344482 -8.605700492858887 1.0792959020473063 41.456966400146484 1.011657090013097 0.8293721079826355
Car -1 -1 1.33 523.6822509765625 162.28057861328125 591.4951782226562 190.0712890625 1.559606909751892 1.6030097007751465 3.485065221786499 -3.1656336784362793 0.9859042167663574 42.217681884765625 1.258440883887456 0.7083601355552673
Car -1 -1 -1.9 482.9890441894531 161.8302459716797 533.4220581054688 191.5391082763672 1.595016598701477 1.6311982870101929 3.587552785873413 -5.853873252868652 1.0244001895189285 40.71190643310547 -2.044094308995011 0.6986113786697388
Car -1 -1 1.23 436.2021789550781 154.97801208496094 489.06060791015625 194.60166931152344 2.0487537384033203 1.6914044618606567 3.8528780937194824 -7.668154716491699 1.1203004196286201 37.63546371459961 1.0252021188272398 0.6479672193527222
Van -1 -1 0.78 664.462646484375 154.1551055908203 737.484375 188.17874145507812 2.005868673324585 1.847530722618103 4.516062259674072 5.510549545288086 0.8870987296104431 43.70405197143555 0.9034366129006699 0.5745135545730591
Car -1 -1 -1.46 1198.1651611328125 170.79678344726562 1241.757080078125 289.8385314941406 1.4416404962539673 1.6141878366470337 3.9789841175079346 9.623783111572266 1.4357255101203918 8.899566650390625 -0.630847875669402 0.5087090730667114
Car -1 -1 0.39 1206.9903564453125 167.6488037109375 1237.766845703125 287.521240234375 1.5363845825195312 1.5906319618225098 4.080028533935547 9.515791893005371 1.39000004529953 8.453757286071777 1.237526416721285 0.49335283041000366
Car -1 -1 2.95 747.0383911132812 160.62887573242188 804.8218994140625 184.80857849121094 1.579642653465271 1.6533621549606323 3.58528470993042 10.770787239074707 0.6593402624130249 47.26055908203125 -3.113261614699029 0.37579238414764404
Pedestrian -1 -1 3.1 19.419265747070312 155.39793395996094 45.31813049316406 221.7178955078125 1.693740963935852 0.7453484535217285 0.8474062085151672 -15.100370407104492 1.323198676109314 18.969430923461914 2.4269425075329636 0.36421874165534973
Cyclist -1 -1 -2.73 1202.9295654296875 176.86749267578125 1243.246826171875 286.4688720703125 1.7034001350402832 0.5486633777618408 1.6503838300704956 8.265604019165039 1.619038164615631 8.894994735717773 -1.9790637178188 0.36060914397239685
Car -1 -1 -1.17 1216.3814697265625 167.35951232910156 1241.7523193359375 286.2568054199219 1.4816982746124268 1.5878500938415527 3.891394853591919 9.604592323303223 1.4630975127220154 8.540834426879883 -0.33054871185420787 0.34149742126464844
Pedestrian -1 -1 2.78 28.699804306030273 157.77561950683594 62.341970443725586 215.79519653320312 1.7071563005447388 0.5982491970062256 0.8379380702972412 -17.63070297241211 1.2905538082122803 22.5023250579834 2.1177909403801394 0.3239695131778717
Cyclist -1 -1 -2.98 1197.9749755859375 189.03741455078125 1238.6248779296875 284.0843505859375 1.650142788887024 0.5413497090339661 1.5873358249664307 8.866059303283691 1.7956154942512512 9.684673309326172 -2.2340508780738997 0.31126928329467773
Car -1 -1 -2.14 744.6085205078125 158.27565002441406 797.5274658203125 183.89991760253906 1.7438594102859497 1.6681592464447021 3.8588309288024902 11.251959800720215 0.7500588595867157 50.15646743774414 -1.922142045300216 0.269226610660553
Car -1 -1 0.19 663.3720092773438 155.84730529785156 743.0855102539062 187.58013916015625 1.7995482683181763 1.6701442003250122 3.999967098236084 5.22338342666626 0.8863322008401155 41.00331115722656 0.3163990858795893 0.2687654197216034
Car -1 -1 -2.34 1183.1268310546875 173.36248779296875 1235.697998046875 288.4224548339844 1.45639967918396 1.5457442998886108 3.6074278354644775 9.32590103149414 1.5004429817199707 9.049450874328613 -1.5348283287293434 0.24127735197544098
Van -1 -1 -1.3 1205.7781982421875 183.3050994873047 1244.61279296875 287.0987243652344 1.7676351070404053 1.7742806673049927 4.142196178436279 10.903210639953613 1.8221054077148438 10.487489700317383 -0.49190068930669373 0.23197023570537567
Car -1 -1 2.23 1213.3035888671875 147.05860900878906 1241.4276123046875 291.1729736328125 1.6538790464401245 1.659021019935608 4.123208999633789 9.795174598693848 1.3799923658370972 8.418932914733887 3.0882512928953485 0.2296840250492096
Car -1 -1 -1.5 1201.7044677734375 183.71177673339844 1239.11083984375 281.6912841796875 1.493513822555542 1.583292841911316 3.9549670219421387 9.390219688415527 1.668750286102295 8.68641185760498 -0.6741472001193616 0.21285349130630493
Cyclist -1 -1 2.5 1207.692626953125 159.69027709960938 1240.392333984375 286.9150695800781 1.7515881061553955 0.597251832485199 1.7946972846984863 7.900116920471191 1.420494258403778 8.19639778137207 -3.015191418333689 0.2101123332977295
Car -1 -1 0.5 934.17431640625 159.3652801513672 999.4378051757812 180.658447265625 1.4723256826400757 1.6227034330368042 3.9269678592681885 25.742755889892578 0.6064123064279556 52.436279296875 0.9562754503364035 0.2099963277578354
Car -1 -1 -0.0 853.5283203125 161.42100524902344 910.269775390625 185.2608184814453 1.5547709465026855 1.6373952627182007 3.8592536449432373 19.960012435913086 0.8251205943524837 52.8674430847168 0.35897209961901355 0.20608747005462646
Pedestrian -1 -1 2.86 21.874343872070312 156.08563232421875 56.58730697631836 214.43203735351562 1.6797853708267212 0.6483570337295532 0.8370088934898376 -17.389869689941406 1.2343370914459229 21.998489379882812 2.1870042360069277 0.19775594770908356
Cyclist -1 -1 -2.83 1183.1268310546875 173.36248779296875 1235.697998046875 288.4224548339844 1.6679048538208008 0.5801597833633423 1.6232699155807495 7.748652458190918 1.5265568494796753 8.654919624328613 -2.0983858723201276 0.19295841455459595
Cyclist -1 -1 2.68 1185.614990234375 192.14199829101562 1235.158203125 281.3499450683594 1.5395851135253906 0.5291216373443604 1.5193134546279907 8.553508758544922 1.7227908968925476 9.517165184020996 -2.870999560965286 0.1915748417377472
Car -1 -1 0.49 1215.72119140625 184.2111358642578 1239.396240234375 270.3573303222656 1.6137914657592773 1.5737524032592773 3.922102928161621 9.213321685791016 1.6541316509246826 8.82231616973877 1.2966112074151717 0.18330731987953186
Van -1 -1 -1.31 1202.697265625 188.27989196777344 1239.1839599609375 284.4672546386719 1.767612099647522 1.821781873703003 4.188980579376221 11.019314765930176 1.897408664226532 10.655043601989746 -0.5126901205421728 0.18261778354644775
Car -1 -1 2.71 519.595458984375 164.32896423339844 582.2460327148438 190.88067626953125 1.4823678731918335 1.5618693828582764 3.5255377292633057 -3.3161444664001465 1.0240718722343445 43.42869186401367 2.6348030862919884 0.1818837970495224
Car -1 -1 -0.59 584.581298828125 38.801692962646484 739.1441650390625 127.00280380249023 2.206327199935913 1.9671056270599365 5.4308600425720215 1.7667782306671143 -1.64328134059906 30.855764389038086 -0.5309082864290544 0.18145762383937836
Cyclist -1 -1 0.91 16.99628257751465 158.7865447998047 48.77538299560547 229.8755340576172 1.6554145812988281 0.6391183137893677 1.6694986820220947 -14.93346881866455 1.381422996520996 18.457447052001953 0.23114487445574916 0.17581219971179962
Cyclist -1 -1 2.38 1213.3035888671875 147.05860900878906 1241.4276123046875 291.1729736328125 1.7835360765457153 0.6017025709152222 1.8190710544586182 7.37045955657959 1.3875014781951904 7.542198181152344 -3.1253095439413316 0.1756392866373062
Pedestrian -1 -1 -1.12 1203.5631103515625 182.27252197265625 1243.693359375 288.3622741699219 1.5121352672576904 0.466479629278183 0.7591419219970703 7.986599922180176 1.6114575266838074 9.02804183959961 -0.39447578761797786 0.17111922800540924
Cyclist -1 -1 -1.61 20.41790008544922 154.7086944580078 46.31232833862305 219.01734924316406 1.7462873458862305 0.6749371886253357 1.7507190704345703 -16.867918014526367 1.2574917376041412 21.21305274963379 -2.2846039303392685 0.15041330456733704
Truck -1 -1 -2.83 1202.697265625 188.27989196777344 1239.1839599609375 284.4672546386719 2.629457473754883 2.5444750785827637 7.187627792358398 11.984548568725586 2.3550857305526733 11.894976615905762 -2.0366040933571785 0.13054093718528748