Car -1 -1 -1.25 268.1990051269531 186.4774932861328 432.8555603027344 282.3784484863281 1.4083051681518555 1.6127816438674927 3.8629603385925293 -4.429378032684326 1.4423500895500183 12.900392532348633 -1.5841567825442864 0.8993178009986877
Car -1 -1 -1.55 573.1387939453125 174.89300537109375 613.6688842773438 212.58444213867188 1.6286042928695679 1.6818315982818604 3.969050884246826 -0.6349297165870667 1.1696776449680328 32.824241638183594 -1.571892080450965 0.875358521938324
Car -1 -1 -1.38 384.0992126464844 180.2757110595703 467.4036560058594 235.558349609375 1.4043841361999512 1.6158627271652222 3.982548236846924 -5.15457820892334 1.3321701288223267 20.835750579833984 -1.6186439125072143 0.8641362190246582
Van -1 -1 -1.4 465.6407165527344 155.2796173095703 529.0435180664062 217.71620178222656 2.256660223007202 1.960693359375 5.380784511566162 -4.412406921386719 1.1599584743380547 30.152334213256836 -1.5457672763993777 0.8639101982116699
Car -1 -1 -0.75 -0.6445766091346741 190.97247314453125 190.3998722434044 302.8620910644531 1.4217253923416138 1.6919581890106201 4.135087013244629 -8.621047973632812 1.5293315052986145 11.438157081604004 -1.3975853435437733 0.8287191390991211
Car -1 -1 -1.17 241.5239715576172 182.0548858642578 338.1839904785156 238.58242797851562 1.463430643081665 1.5525906085968018 3.2930455207824707 -9.10555648803711 1.4144618511199951 20.882675170898438 -1.5775015900208444 0.8082528114318848
Car -1 -1 -0.87 -6.672223091125488 224.44583129882812 158.40376567840576 375.3279113769531 1.4137885570526123 1.6099759340286255 3.7823116779327393 -4.502913951873779 1.6468015313148499 4.301609516143799 -1.6759579743277602 0.7574427723884583
Car -1 -1 -1.02 2.5131051540374756 198.29888916015625 179.2713143825531 331.7943115234375 1.3812726736068726 1.5571672916412354 3.808819055557251 -9.093827247619629 1.6212243437767029 11.005433082580566 -1.7058726037311 0.5713287591934204
Car -1 -1 1.57 372.3263854980469 168.68667602539062 429.17254638671875 212.48121643066406 1.8191051483154297 1.7062681913375854 4.187623977661133 -8.885129928588867 1.1353335529565811 31.252382278442383 1.2912677426181176 0.5385839939117432
Car -1 -1 -0.73 -11.27619457244873 205.60409545898438 164.37534046173096 356.89215087890625 1.3976008892059326 1.6024575233459473 3.7874391078948975 -4.045847415924072 1.4452435374259949 4.323392868041992 -1.4845900727942372 0.4547477662563324
Car -1 -1 -1.33 466.8031311035156 157.35003662109375 528.9808959960938 217.56631469726562 2.1877400875091553 1.8463501930236816 4.623777866363525 -4.200599670410156 1.2203084379434586 29.02926254272461 -1.4746459558940987 0.3755703866481781
Car -1 -1 -1.05 257.999755859375 186.2471160888672 410.293212890625 272.8668212890625 1.4879077672958374 1.6161220073699951 3.5730667114257812 -4.681389808654785 1.4625493884086609 13.039496421813965 -1.3994025097873646 0.36955496668815613
Car -1 -1 -1.1 245.94480895996094 183.185546875 357.59149169921875 244.7814178466797 1.398237705230713 1.5729799270629883 3.4148237705230713 -8.979761123657227 1.4113567471504211 20.81983757019043 -1.5073763125637862 0.3457585275173187
Car -1 -1 -0.8 -1.8642624616622925 212.3892822265625 111.68142235279083 373.1888732910156 1.4615299701690674 1.6265290975570679 3.976856231689453 -4.737838268280029 1.5528146028518677 4.237060546875 -1.6425757119955309 0.3094342052936554
Car -1 -1 -1.4 379.7947082519531 176.46920776367188 457.654296875 227.7992706298828 1.4453006982803345 1.6314942836761475 3.945610523223877 -5.442124843597412 1.2597340941429138 21.370664596557617 -1.6456412938192155 0.30605584383010864
Car -1 -1 -1.22 255.54891967773438 182.9203643798828 355.6893615722656 231.9525909423828 1.4329884052276611 1.5788671970367432 3.4013049602508545 -9.302361488342285 1.4038379192352295 21.76780891418457 -1.6213960694208573 0.28493013978004456
Car -1 -1 -0.87 -0.5974498391151428 198.3144073486328 50.52883952856064 284.1000671386719 1.4050037860870361 1.546610713005066 3.5972585678100586 -11.204366683959961 1.599228858947754 11.642385482788086 -1.6367677919184391 0.24735702574253082
Car -1 -1 -0.81 2.201077938079834 196.08062744140625 37.19820547103882 284.718017578125 1.4613395929336548 1.5559502840042114 3.42790150642395 -10.922384262084961 1.5707024931907654 11.159252166748047 -1.5849959295440987 0.2272830307483673
Car -1 -1 -1.48 -5.1779680252075195 186.41966247558594 31.61622905731201 299.5195007324219 1.6046171188354492 1.6339890956878662 3.9560391902923584 -10.263973236083984 1.773224115371704 9.818056106567383 -2.2906219165260095 0.22095027565956116
Car -1 -1 -0.86 5.921996116638184 200.26210021972656 59.11251354217529 290.99761962890625 1.3912105560302734 1.5964173078536987 3.498140335083008 -10.879249572753906 1.584722101688385 11.300732612609863 -1.6260548965426187 0.21300923824310303
Car -1 -1 -0.61 12.446803092956543 199.84344482421875 219.93931102752686 319.67950439453125 1.4112672805786133 1.6419036388397217 4.135449409484863 -6.804459571838379 1.5939638018608093 8.639827728271484 -1.2727184077316833 0.21034418046474457
Car -1 -1 -0.87 -0.009326094761490822 200.30870056152344 70.4029282387346 289.6939392089844 1.42326021194458 1.6017500162124634 3.8094964027404785 -10.744287490844727 1.5809017419815063 11.104966163635254 -1.635753224848746 0.21001681685447693
Car -1 -1 -1.56 -1.6151416301727295 188.92172241210938 40.57298398017883 307.5036926269531 1.576467752456665 1.6049706935882568 4.129364967346191 -10.593827247619629 1.7483304738998413 9.999505043029785 -2.369647735563868 0.20458820462226868
Van -1 -1 -1.41 481.39013671875 161.6211700439453 530.9286499023438 214.22149658203125 2.2519724369049072 1.9656606912612915 5.550472259521484 -4.401335716247559 1.2663826197385788 31.62392807006836 -1.5469570308119032 0.20252849161624908
Car -1 -1 -0.93 -0.41223934292793274 208.4142608642578 43.11222431063652 291.42041015625 1.398109793663025 1.5862808227539062 3.9266817569732666 -10.802800178527832 1.7302985787391663 10.879319190979004 -1.7165027247527904 0.19964909553527832
Car -1 -1 -1.25 277.0074462890625 185.36378479003906 415.7847595214844 260.2024230957031 1.3761110305786133 1.620901107788086 3.6053807735443115 -5.086886882781982 1.3763940334320068 14.356240272521973 -1.5902112826346269 0.1994938999414444
Car -1 -1 -0.8 6.319512367248535 200.6502685546875 45.35719013214111 292.4347839355469 1.3640296459197998 1.5778597593307495 3.4955036640167236 -10.992765426635742 1.5818817615509033 11.251729965209961 -1.5766947638268292 0.19938141107559204
Car -1 -1 -1.5 573.0955200195312 174.0537872314453 607.9519653320312 207.28099060058594 1.6630723476409912 1.7041436433792114 4.152193546295166 -0.7285996079444885 1.1150486171245575 34.99624252319336 -1.5180553681368787 0.197539821267128
Car -1 -1 -0.63 2.9430832862854004 222.50587463378906 125.87402963638306 361.78564453125 1.4789104461669922 1.5988678932189941 3.7916176319122314 -4.913114070892334 1.6535625457763672 4.317014217376709 -1.4817775054038318 0.18992893397808075
Car -1 -1 -1.09 248.80699157714844 183.90481567382812 376.9981689453125 254.09605407714844 1.4792218208312988 1.5730444192886353 3.4798481464385986 -9.297693252563477 1.4630327224731445 21.78396987915039 -1.4913865062537033 0.18865281343460083
Car -1 -1 -0.78 0.3954024910926819 198.2288818359375 97.59387356042862 335.595947265625 1.4460705518722534 1.6467480659484863 4.153266906738281 -5.962335109710693 1.485096514225006 5.82149076461792 -1.577757922715449 0.18858762085437775
Car -1 -1 -0.91 376.8919982910156 172.3286895751953 448.148681640625 216.53648376464844 1.5210647583007812 1.6208462715148926 3.96817684173584 -9.246635437011719 1.1125577092170715 33.795528411865234 -1.1765247747179446 0.1873040348291397
Car -1 -1 -0.97 0.09624385088682175 214.45199584960938 35.496554367244244 298.9592590332031 1.4134961366653442 1.5897554159164429 3.9198269844055176 -10.129444122314453 1.8089153170585632 10.072385787963867 -1.7600072822451507 0.17358508706092834
Car -1 -1 -0.68 -0.702215850353241 202.23167419433594 159.80416232347488 313.6636657714844 1.3888862133026123 1.6033334732055664 3.7811684608459473 -9.889918327331543 1.6747697591781616 11.891663551330566 -1.3746142901371954 0.17129011452198029
Car -1 -1 -0.75 -1.3570663928985596 199.08502197265625 134.54637598991394 329.5523376464844 1.443495750427246 1.6316946744918823 4.17318868637085 -5.708053112030029 1.4406551122665405 5.8150835037231445 -1.523305872031882 0.17003947496414185
Car -1 -1 -1.76 1.8070334196090698 192.49607849121094 54.74021899700165 300.12567138671875 1.6117912530899048 1.617700219154358 4.118264675140381 -10.688260078430176 1.7655490636825562 10.455611228942871 -2.5545300637221064 0.16910679638385773
Car -1 -1 2.16 3.881321668624878 187.4941864013672 34.32525706291199 260.3426513671875 1.509643316268921 1.5979368686676025 3.8278913497924805 -13.594209671020508 1.6534625887870789 14.523716926574707 1.4075410979206744 0.15652012825012207
Car -1 -1 -1.72 267.4675598144531 182.3319091796875 359.9586486816406 225.32240295410156 1.4466291666030884 1.5684164762496948 3.5449631214141846 -10.83187198638916 1.419953465461731 26.42482566833496 -2.1109177662966 0.15238966047763824
Car -1 -1 -1.38 -4.663095951080322 197.3285675048828 33.79366064071655 314.1982421875 1.514367699623108 1.6321085691452026 3.784353256225586 -9.763586044311523 1.8606138825416565 9.189589500427246 -2.192672524668904 0.14983277022838593
Car -1 -1 2.18 279.9566955566406 181.89077758789062 362.046875 219.77401733398438 1.4431382417678833 1.5891906023025513 3.6774351596832275 -12.392596244812012 1.3877422213554382 31.271024703979492 1.8057090249116552 0.1460292786359787