Car -1 -1 1.8 371.5132751464844 184.9510955810547 517.2405395507812 289.0561218261719 1.534640908241272 1.613582730293274 3.8531417846679688 -2.7958710193634033 1.785189688205719 13.07793140411377 1.5864760578486345 0.8830493092536926
Car -1 -1 1.25 715.7054443359375 190.3086395263672 966.9632568359375 354.2189025878906 1.5185437202453613 1.62350332736969 3.8952441215515137 2.5304694175720215 1.7253553867340088 8.70952320098877 1.5333503146186667 0.8764020800590515
Car -1 -1 1.62 513.6069946289062 183.39016723632812 561.2659912109375 224.47177124023438 1.5170502662658691 1.5874794721603394 3.5891036987304688 -2.937899589538574 1.981845498085022 29.3078556060791 1.5247498843481413 0.8623616099357605
Car -1 -1 -1.67 650.1173706054688 179.40158081054688 703.7730102539062 222.82061767578125 1.5708280801773071 1.651075839996338 3.9976847171783447 2.497775077819824 1.8122411370277405 28.369300842285156 -1.5850897883795643 0.8607069849967957
Car -1 -1 1.37 701.6527709960938 176.91665649414062 813.5521850585938 269.2976989746094 1.6799982786178589 1.6347910165786743 4.029898166656494 2.9725122451782227 1.7909026741981506 15.23316764831543 1.562653778045025 0.8326482176780701
Car -1 -1 1.63 555.1111450195312 181.4474334716797 580.5971069335938 203.6637725830078 1.517818808555603 1.6445283889770508 4.082261085510254 -3.013002634048462 2.1686096787452698 51.97751235961914 1.5720420544587927 0.7436718344688416
Car -1 -1 -1.69 639.0323486328125 175.31344604492188 677.9591674804688 212.36476135253906 1.6724038124084473 1.6649339199066162 3.82370924949646 2.363755702972412 1.8927679061889648 36.01974868774414 -1.6244743444986351 0.7230002880096436
Car -1 -1 -1.67 647.0245971679688 177.37615966796875 697.3447875976562 219.4739532470703 1.6340681314468384 1.6372079849243164 3.946138381958008 2.317324161529541 1.8345192074775696 29.31987953186035 -1.5911704296995 0.5453065037727356
Van -1 -1 1.38 701.9520874023438 178.03982543945312 813.04931640625 269.7877502441406 1.8227040767669678 1.702911138534546 4.210941791534424 3.2192959785461426 1.9370613098144531 16.073793411254883 1.5745100035476582 0.4970175623893738
Car -1 -1 -1.57 636.2503662109375 176.13034057617188 668.9122314453125 209.68885803222656 1.6887027025222778 1.6310981512069702 4.046664237976074 2.3846991062164307 1.918643295764923 39.05698776245117 -1.5055496646413271 0.44565436244010925
Car -1 -1 -1.65 641.9189453125 178.89515686035156 688.9154663085938 216.17149353027344 1.5776654481887817 1.6178269386291504 3.689451217651367 2.3903286457061768 1.82888263463974 34.941104888916016 -1.5787961774393198 0.38355833292007446
Car -1 -1 -1.63 631.8564453125 176.75404357910156 661.8021240234375 205.28297424316406 1.7267292737960815 1.6925781965255737 4.308637619018555 2.234287977218628 2.034523904323578 47.96120071411133 -1.5859713804375764 0.3436903655529022
Car -1 -1 -3.1 701.849365234375 188.409912109375 845.5248413085938 288.7659606933594 1.4297921657562256 1.5658870935440063 3.78029465675354 2.9369966983795166 1.8494946956634521 14.897248268127441 -2.905910282088251 0.27730023860931396
Van -1 -1 -1.64 640.705322265625 177.06370544433594 679.8536987304688 213.58258056640625 1.881133794784546 1.6990147829055786 4.513795375823975 2.645305633544922 2.1066404581069946 38.47072219848633 -1.5749845676696843 0.21312552690505981
Car -1 -1 -1.67 641.8135375976562 183.15057373046875 681.0402221679688 217.0644989013672 1.4583789110183716 1.594128966331482 3.682579755783081 2.339643955230713 1.9768540263175964 34.449974060058594 -1.6040272373392792 0.20398381352424622
Car -1 -1 -1.61 634.7203369140625 174.66830444335938 666.1016845703125 204.7675323486328 1.7834138870239258 1.6780706644058228 4.188604831695557 2.4168190956115723 1.8481500148773193 44.07197570800781 -1.5600312030299346 0.15294121205806732
Car -1 -1 -2.55 1214.5286865234375 309.0808410644531 1243.3671875 366.80413818359375 1.3264832496643066 1.4931963682174683 3.134315013885498 1.6176906824111938 1.098144382238388 1.2394952774047852 -1.6331337919319804 0.14542651176452637
Car -1 -1 1.64 540.0901489257812 182.2466278076172 577.6961669921875 211.91708374023438 1.6341177225112915 1.5479273796081543 4.097110748291016 -3.158175468444824 2.2251126170158386 47.739402770996094 1.5777940782158133 0.1414037048816681
Car -1 -1 -2.57 1210.634033203125 314.0954895019531 1241.4903564453125 369.77301025390625 1.2737948894500732 1.5424435138702393 3.3473377227783203 0.3552471101284027 0.7374852299690247 0.2648159861564636 -1.6388544396916078 0.12741190195083618