Car -1 -1 -1.89 734.5364990234375 181.84820556640625 968.0364990234375 327.646240234375 1.4354745149612427 1.626999020576477 4.0447611808776855 2.886063814163208 1.6076297760009766 9.555533409118652 -1.5993119360575934 0.8775590658187866
Car -1 -1 -0.51 885.3540649414062 168.5067901611328 1068.0782470703125 229.6459503173828 1.567028522491455 1.6707078218460083 4.016417503356934 10.26998233795166 1.5370405316352844 20.875423431396484 -0.05306939891464557 0.5628536939620972
Car -1 -1 -0.15 731.6575927734375 148.8087921142578 926.2621459960938 230.33627319335938 1.9218451976776123 1.7660837173461914 4.589069843292236 6.562412261962891 1.5643106698989868 21.464200973510742 0.14410900280528782 0.4472067952156067
Car -1 -1 -0.23 716.6350708007812 150.4021759033203 899.8534545898438 225.3870391845703 1.8370987176895142 1.7348991632461548 4.5509467124938965 6.413898468017578 1.3740288317203522 23.4371337890625 0.03734617853529709 0.3767561912536621
Van -1 -1 -0.44 753.5359497070312 155.01768493652344 942.9420776367188 232.414306640625 2.3654990196228027 2.1316635608673096 6.035062789916992 8.144891738891602 1.7928457856178284 24.673355102539062 -0.12192920581446076 0.357697993516922
Car -1 -1 -1.77 729.4254150390625 172.08380126953125 967.8340454101562 294.58343505859375 1.4509899616241455 1.654197335243225 4.032063961029053 3.0749099254608154 1.483792245388031 9.668604850769043 -1.4612313722684274 0.3468879759311676
Car -1 -1 0.05 942.1173095703125 163.44483947753906 1185.40673828125 268.17181396484375 1.790597677230835 1.6201870441436768 3.990431547164917 9.978666305541992 1.812705934047699 15.529869079589844 0.6240270267973926 0.3095068633556366
Car -1 -1 -0.33 908.5457763671875 167.21817016601562 1098.414794921875 235.98196411132812 1.5473365783691406 1.6765652894973755 4.021894454956055 10.318035125732422 1.6117769479751587 18.9346923828125 0.16394613485662113 0.2979912757873535
Van -1 -1 -0.7 735.9083251953125 157.47727966308594 927.1866455078125 225.85243225097656 2.312143325805664 2.122382164001465 5.933854579925537 7.125979900360107 1.5054589807987213 24.531909942626953 -0.4130841756716652 0.2849564254283905
Van -1 -1 0.68 720.1396484375 149.8750457763672 906.7149658203125 225.7910614013672 2.392935037612915 2.0500028133392334 5.850890159606934 7.137417316436768 1.6761782765388489 26.153949737548828 0.9495905270368352 0.2825561761856079
Car -1 -1 -0.39 747.9618530273438 156.73556518554688 950.7081298828125 232.46119689941406 1.698830246925354 1.668911099433899 4.3853583335876465 6.803597450256348 1.5028873085975647 20.90441131591797 -0.07263560173980199 0.2785109579563141
Car -1 -1 -0.44 786.8453979492188 164.97198486328125 969.4309692382812 237.6241912841797 1.6548960208892822 1.618441104888916 4.214494705200195 7.474264144897461 1.6384466886520386 20.668106079101562 -0.09494669150287605 0.24614757299423218
Car -1 -1 -0.46 811.1433715820312 167.11842346191406 984.1082763671875 226.65182495117188 1.5080687999725342 1.6417807340621948 4.159029960632324 8.281177520751953 1.604839026927948 21.13712501525879 -0.08687625503804508 0.2343561351299286
Van -1 -1 -2.62 708.3992919921875 149.6902618408203 879.57666015625 219.722900390625 2.436530590057373 2.1390292644500732 5.842933177947998 7.198855400085449 1.5791021585464478 26.986425399780273 -2.357446479387735 0.22988493740558624
Car -1 -1 -0.48 839.884033203125 169.59336853027344 1010.8556518554688 227.665283203125 1.4692680835723877 1.6000218391418457 4.090888500213623 8.909374237060547 1.613889992237091 21.24445152282715 -0.07917927209461206 0.2277137041091919
Car -1 -1 0.71 705.0233764648438 148.98532104492188 864.047119140625 214.4349822998047 1.9746875762939453 1.7237859964370728 4.604290008544922 6.108197212219238 1.2854661047458649 25.24587631225586 0.9423908349078118 0.223092719912529
Car -1 -1 -0.48 6.05568265914917 275.8521423339844 133.95601224899292 383.7960510253906 1.5303744077682495 1.5853275060653687 3.66927170753479 -1.8778355121612549 1.3763502836227417 1.2185912132263184 -1.4735372101765147 0.22204643487930298
Car -1 -1 -0.64 855.3131713867188 165.31524658203125 1044.8568115234375 241.64903259277344 1.5151251554489136 1.6118788719177246 4.207265853881836 8.769801139831543 1.72843998670578 18.912107467651367 -0.20692106779810704 0.2180655151605606
Car -1 -1 -1.55 758.3649291992188 167.92156982421875 942.7239990234375 266.4234313964844 1.4331835508346558 1.6764432191848755 4.3265180587768555 4.398193359375 1.6132683753967285 14.2169771194458 -1.253003945925661 0.21116210520267487
Car -1 -1 -0.65 782.7188720703125 163.550048828125 940.8043212890625 224.96127319335938 1.46868097782135 1.661144733428955 4.300960540771484 7.505894660949707 1.47869211435318 21.852312088012695 -0.3238962631977391 0.2084737867116928
Car -1 -1 -0.3 903.8359985351562 172.30706787109375 1043.8621826171875 222.8337860107422 1.55486261844635 1.5894849300384521 3.796154737472534 11.38978099822998 1.605445384979248 22.731287002563477 0.1631453974874617 0.20716823637485504
Car -1 -1 0.39 975.7091064453125 158.59544372558594 1216.108642578125 272.1053466796875 1.8701049089431763 1.6348750591278076 4.036590099334717 10.062625885009766 1.797398030757904 14.441849708557129 0.9943971119300095 0.20231777429580688
Van -1 -1 0.24 991.005126953125 152.23988342285156 1219.4097900390625 257.7903747558594 1.9860007762908936 1.8733810186386108 4.669400215148926 10.656941413879395 1.7222946286201477 15.363081932067871 0.8463806444542206 0.19199292361736298
Car -1 -1 -2.16 928.943603515625 164.2222442626953 1155.116943359375 257.1944580078125 1.7225234508514404 1.6315416097640991 3.982912063598633 10.563116073608398 1.8132989406585693 17.163463592529297 -1.6062144147626878 0.19175884127616882
Car -1 -1 -0.33 740.9097900390625 161.2443084716797 960.37890625 258.9969787597656 1.4719640016555786 1.6123157739639282 4.229963302612305 6.52233362197876 1.5656692385673523 20.203638076782227 -0.016086543408408982 0.18932528793811798
Van -1 -1 -0.46 775.7177124023438 151.5892791748047 956.785888671875 227.26052856445312 2.310018301010132 2.079561233520508 5.566290855407715 8.33393669128418 1.7282674312591553 24.527008056640625 -0.13045080404935883 0.18536163866519928
Car -1 -1 0.7 1007.650146484375 151.97064208984375 1220.2171630859375 263.35113525390625 1.8007299900054932 1.6222953796386719 4.11257791519165 11.04141616821289 1.691479742527008 14.546297073364258 1.3499912548033528 0.1807357519865036
Pedestrian -1 -1 0.47 716.6350708007812 150.4021759033203 899.8534545898438 225.3870391845703 1.9989863634109497 0.6284943222999573 0.8290590047836304 5.464609146118164 1.5339086055755615 19.879369735717773 0.7347823895308583 0.17743124067783356
Cyclist -1 -1 0.08 708.3992919921875 149.6902618408203 879.57666015625 219.722900390625 1.7346179485321045 0.7682250738143921 1.88775634765625 5.238180160522461 1.4144033789634705 20.13296890258789 0.33726245937681654 0.16822034120559692
Car -1 -1 -0.42 5.000676155090332 283.617919921875 105.52197742462158 387.90234375 1.4844938516616821 1.6308083534240723 3.981275796890259 -1.9153064489364624 1.3141108751296997 1.0988715887069702 -1.4690370646370985 0.15457281470298767
Pedestrian -1 -1 1.55 1196.9371337890625 256.7455139160156 1238.0023193359375 348.41290283203125 1.447829246520996 0.3245798647403717 0.4737338721752167 4.801025390625 1.9866416454315186 5.163597106933594 2.295081925192319 0.154183492064476
Car -1 -1 -1.81 1220.7698974609375 62.555320739746094 1240.793212890625 106.14201354980469 1.8811274766921997 1.7793437242507935 3.6528244018554688 36.929359436035156 -3.5580400824546814 39.871524810791016 -1.0636931875633868 0.15379828214645386
Car -1 -1 0.4 698.2761840820312 150.57388305664062 840.2015380859375 209.5429229736328 1.8983099460601807 1.7181512117385864 4.5027265548706055 5.845293998718262 1.2731705009937286 26.58261489868164 0.6204318747613993 0.1520431935787201
Pedestrian -1 -1 1.72 1187.76318359375 256.75262451171875 1233.4925537109375 347.8254699707031 1.3796882629394531 0.30929622054100037 0.4947664141654968 4.73525333404541 1.957313060760498 5.201188087463379 2.454912379809053 0.14874666929244995
Van -1 -1 0.0 736.9132690429688 155.4312744140625 940.65625 252.6007843017578 2.3337881565093994 2.035004138946533 5.729039669036865 7.342514991760254 1.6731612086296082 25.208314895629883 0.28840740443578516 0.14757341146469116
Car -1 -1 -0.41 -6.471372127532959 255.57530212402344 131.56942987442017 393.4454345703125 1.4203686714172363 1.6663353443145752 3.904158115386963 -2.073777198791504 1.3470884561538696 1.005776047706604 -1.5264356413811093 0.14453238248825073
Car -1 -1 -0.19 10.164538383483887 245.8912353515625 190.19433879852295 391.2392578125 1.4926265478134155 1.6123769283294678 3.8207554817199707 -2.489644765853882 1.56010103225708 1.2220139503479004 -1.3038215096635764 0.1391238272190094
Car -1 -1 -0.2 41.02717208862305 234.87464904785156 217.04006576538086 378.82757568359375 1.5669916868209839 1.556528091430664 3.729310989379883 -2.3659653663635254 1.5821433067321777 1.3371710777282715 -1.2592673649901585 0.1333203762769699
Car -1 -1 -2.58 1218.077880859375 317.0680847167969 1241.5396728515625 370.72955322265625 1.6089717149734497 1.5125316381454468 3.3980295658111572 1.2595936059951782 1.206184208393097 0.9409607648849487 -1.6554538619439052 0.11299660056829453
Car -1 -1 -2.59 1216.2535400390625 304.4903869628906 1242.4586181640625 361.7691955566406 1.5731415748596191 1.5492689609527588 3.510382890701294 1.2403079271316528 1.1697750687599182 0.9353480935096741 -1.6622032953992107 0.11131343245506287
Car -1 -1 -2.58 1211.76025390625 310.8603210449219 1239.985595703125 366.5168151855469 1.5722928047180176 1.6050418615341187 3.5286383628845215 0.7059425711631775 1.009677231311798 0.5255972146987915 -1.6501597952724163 0.10692248493432999
Car -1 -1 -2.58 1209.5941162109375 300.7593994140625 1241.9171142578125 365.87890625 1.5631247758865356 1.5996307134628296 3.5199742317199707 0.37296000123023987 0.9000179469585419 0.26272448897361755 -1.6189523790856377 0.10012523084878922