Car -1 -1 -1.71 684.7540893554688 178.21109008789062 781.115234375 252.89356994628906 1.4504103660583496 1.598265528678894 3.629350185394287 2.698371648788452 1.6712055802345276 16.88159942626953 -1.5536691511501566 0.8861491084098816
Car -1 -1 -1.88 766.6543579101562 182.6179656982422 983.990966796875 332.00823974609375 1.4790692329406738 1.563414216041565 3.4820854663848877 3.095973491668701 1.6431179642677307 9.19705581665039 -1.5555617341131116 0.8795169591903687
Car -1 -1 1.77 429.1451721191406 180.8426055908203 501.93951416015625 231.1981964111328 1.4325357675552368 1.5620777606964111 3.639090061187744 -4.526450157165527 1.7200483679771423 23.094436645507812 1.5718443203320138 0.8637337684631348
Car -1 -1 -2.14 847.6461791992188 194.21360778808594 1241.5977783203125 369.45587158203125 1.4744036197662354 1.5520685911178589 3.43304443359375 3.045494318008423 1.6657229661941528 5.032595634460449 -1.598647019360941 0.858112633228302
Car -1 -1 2.28 -5.372762203216553 207.65335083007812 240.6050362586975 373.5311279296875 1.3604918718338013 1.5082632303237915 3.5271685123443604 -4.315883636474609 1.6687135696411133 5.060691833496094 1.5785221496757993 0.8394417762756348
Car -1 -1 -1.73 667.8033447265625 177.81732177734375 735.8491821289062 229.32785034179688 1.4829012155532837 1.5472255945205688 3.2563703060150146 2.770507335662842 1.6648169159889221 22.68732261657715 -1.6111259062899599 0.8227863311767578
Car -1 -1 1.75 460.6507263183594 174.83120727539062 520.6832885742188 221.29989624023438 1.611832857131958 1.6152610778808594 3.9259543418884277 -4.556190013885498 1.7444923520088196 28.084186553955078 1.5857925542088092 0.821186900138855
Car -1 -1 0.5 163.49374389648438 178.28858947753906 338.2513732910156 240.1775360107422 1.520422101020813 1.5005284547805786 3.80729079246521 -9.236373901367188 1.6452338695526123 18.741350173950195 0.03841564504318784 0.7896758317947388
Car -1 -1 -1.65 653.4822998046875 176.7267608642578 699.6480712890625 213.70570373535156 1.4744046926498413 1.6019680500030518 3.5857510566711426 2.7578225135803223 1.6660311222076416 30.91489028930664 -1.562337188620785 0.7753952145576477
Van -1 -1 -1.58 631.2900390625 148.2760467529297 679.709716796875 202.29730224609375 2.5163557529449463 2.053011655807495 5.620556354522705 2.6061747074127197 1.5598958432674408 42.85525131225586 -1.5227739616690998 0.7313683032989502
Car -1 -1 1.68 489.3698425292969 175.3206329345703 534.29345703125 214.4783172607422 1.6459590196609497 1.645471453666687 4.026899337768555 -4.4636335372924805 1.764552116394043 33.730743408203125 1.5506941785890138 0.7258864045143127
Car -1 -1 -1.73 670.749267578125 178.0187225341797 753.8593139648438 237.90072631835938 1.512472152709961 1.574723720550537 3.377565860748291 2.851792335510254 1.7085217237472534 22.665010452270508 -1.601815771624306 0.562131941318512
Car -1 -1 -1.65 662.5082397460938 177.2415771484375 722.248291015625 224.18426513671875 1.521553635597229 1.5346659421920776 3.227379560470581 2.6859498023986816 1.685484230518341 23.984058380126953 -1.5412554497031543 0.5215972661972046
Car -1 -1 -1.73 675.6996459960938 177.5007781982422 768.0291137695312 244.09710693359375 1.4777426719665527 1.5719966888427734 3.6461009979248047 2.594906806945801 1.571604609489441 17.16550636291504 -1.5804231663433015 0.4189906120300293
Truck -1 -1 -1.61 632.484130859375 150.10511779785156 680.9846801757812 201.4278564453125 3.3776824474334717 2.626983404159546 8.759552001953125 2.9641165733337402 1.9052040725946426 47.07791519165039 -1.5509651900486041 0.4186788499355316
Van -1 -1 -1.57 638.2684326171875 159.71287536621094 686.127197265625 205.32704162597656 2.41460919380188 1.9335262775421143 5.188326835632324 2.9827606678009033 1.662159413099289 43.77996063232422 -1.5052556504191283 0.41510921716690063
Car -1 -1 -1.64 654.6251220703125 176.7736053466797 712.1406860351562 220.34933471679688 1.4972342252731323 1.569539189338684 3.3939805030822754 2.766765832901001 1.656167447566986 30.404691696166992 -1.5447698901272693 0.4038608968257904
Car -1 -1 -1.55 645.1389770507812 169.65382385253906 695.0537109375 211.1439971923828 1.5798567533493042 1.5924923419952393 3.5431900024414062 2.744358539581299 1.7342833280563354 33.674171447753906 -1.4696079079950728 0.38444003462791443
Car -1 -1 -1.59 639.821044921875 165.02645874023438 682.6118774414062 205.18455505371094 1.6412851810455322 1.6038490533828735 4.00138521194458 2.672236919403076 1.6487271189689636 39.267372131347656 -1.5206877620284054 0.38143572211265564
Car -1 -1 1.71 475.6416320800781 172.95433044433594 530.0097045898438 221.0244140625 1.679815649986267 1.6009178161621094 3.855361223220825 -4.407273292541504 1.7991981506347656 31.26894760131836 1.5702459309516383 0.37830686569213867
Car -1 -1 1.79 439.8613586425781 178.82583618164062 508.913818359375 227.07150268554688 1.5155302286148071 1.5545378923416138 3.675849199295044 -4.460186004638672 1.7133966088294983 23.124059677124023 1.596411029520965 0.3441506326198578
Car -1 -1 -1.6 646.5101318359375 173.22113037109375 688.87353515625 209.0088653564453 1.553389072418213 1.588498830795288 3.792051315307617 2.825552225112915 1.6762182116508484 37.11679458618164 -1.5223075614784047 0.32816994190216064
Car -1 -1 -1.58 636.5233764648438 158.97459411621094 678.2568969726562 202.57156372070312 1.7802894115447998 1.6735941171646118 4.178016662597656 2.6443989276885986 1.6127526760101318 40.38101577758789 -1.5126482105853922 0.29070597887039185
Van -1 -1 -1.55 645.3214111328125 170.8858642578125 697.382080078125 212.5861358642578 2.1395561695098877 1.836037278175354 4.828955173492432 3.098830461502075 1.7826614379882812 40.50528335571289 -1.4763350284306096 0.27249380946159363
Car -1 -1 -2.66 1178.4091796875 261.0439758300781 1239.3682861328125 371.5841064453125 1.48952317237854 1.5979691743850708 3.696352005004883 1.5841535329818726 1.182092308998108 0.9020369648933411 -1.6027142477382297 0.26189348101615906
Car -1 -1 -1.56 639.4190673828125 169.21710205078125 676.726318359375 203.24110412597656 1.638364315032959 1.6537617444992065 4.103959083557129 2.740257501602173 1.6599096059799194 40.489505767822266 -1.4875354785517647 0.25441038608551025
Van -1 -1 -1.57 635.7615356445312 165.59207153320312 680.9404296875 207.58819580078125 2.352586269378662 1.8890661001205444 5.123487949371338 2.7206673622131348 1.7694751620292664 42.561317443847656 -1.501178273616686 0.2329118251800537
Car -1 -1 2.96 1200.4234619140625 203.59161376953125 1240.49853515625 387.3191833496094 1.5576822757720947 1.636192798614502 3.5173888206481934 2.022437810897827 1.2492381632328033 1.1135952472686768 -2.2556518717013923 0.22167523205280304
Car -1 -1 -2.65 1195.7645263671875 259.7676086425781 1240.2288818359375 376.173095703125 1.4766261577606201 1.6081717014312744 3.67340350151062 1.7238823175430298 1.194495439529419 0.9862397313117981 -1.6017530606468302 0.21839457750320435
Pedestrian -1 -1 1.64 635.4391479492188 156.4412384033203 678.1328125 202.37648010253906 1.8123047351837158 0.633105993270874 0.7519835233688354 2.13247013092041 1.421684443950653 35.57537841796875 1.700310074917807 0.21764087677001953
Car -1 -1 -2.54 1209.729736328125 270.769775390625 1240.1591796875 379.8025817871094 1.524945616722107 1.6227648258209229 3.503857374191284 1.5515499114990234 1.1537376642227173 0.9381742477416992 -1.51269258002562 0.21552592515945435
Car -1 -1 1.74 453.0301208496094 179.98077392578125 516.65673828125 227.316162109375 1.5524605512619019 1.5435447692871094 3.689539670944214 -4.637147426605225 1.8317987322807312 27.50973129272461 1.5730037617203507 0.2141079604625702
Pedestrian -1 -1 1.75 638.2684326171875 159.71287536621094 686.127197265625 205.32704162597656 1.8766834735870361 0.6581763625144958 0.7588180303573608 2.4131886959075928 1.5799005031585693 34.534263610839844 1.8215905119458409 0.20933930575847626
Car -1 -1 -2.48 1208.25634765625 243.88726806640625 1240.81689453125 379.9122009277344 1.5398883819580078 1.6287531852722168 3.5446109771728516 2.095559597015381 1.2583800256252289 1.2538013458251953 -1.4483402542880235 0.20209312438964844
Cyclist -1 -1 -1.63 649.9561157226562 174.44662475585938 698.3787231445312 213.0587158203125 1.9029204845428467 0.5904144644737244 1.8468207120895386 2.2116687297821045 1.6895205974578857 25.12055206298828 -1.541236209572463 0.19562183320522308
Truck -1 -1 -1.56 635.4143676757812 157.93460083007812 679.2908935546875 203.8407440185547 3.184577226638794 2.4841220378875732 7.928467750549316 3.028257131576538 1.738087236881256 47.063819885253906 -1.5006790927801603 0.19464869797229767
Car -1 -1 3.1 1178.767822265625 206.0912322998047 1239.89990234375 383.5920715332031 1.5316540002822876 1.5649235248565674 3.683250904083252 2.071908712387085 1.3059168457984924 1.0921974182128906 -2.0972528244886455 0.19410517811775208
Car -1 -1 2.31 2.0186386108398438 192.12669372558594 206.68950653076172 357.063720703125 1.514854073524475 1.568132758140564 3.5255444049835205 -4.388792514801025 1.6680153608322144 4.763819217681885 1.5683687599166296 0.19298036396503448
Car -1 -1 -1.71 657.9058227539062 178.4026641845703 704.982177734375 216.180419921875 1.4927195310592651 1.5095844268798828 3.4019927978515625 2.860089063644409 1.7117109298706055 30.306339263916016 -1.6188348869762823 0.19208060204982758
Car -1 -1 -1.68 670.3468017578125 183.6051483154297 739.4075927734375 239.96417236328125 1.4524109363555908 1.5808732509613037 3.5303494930267334 2.706016778945923 1.7937064170837402 22.05684471130371 -1.5594516258673314 0.19020050764083862
Car -1 -1 -1.64 659.8347778320312 182.98716735839844 711.0702514648438 224.67919921875 1.4034018516540527 1.5328034162521362 3.3652353286743164 2.8450610637664795 1.7756624221801758 27.885684967041016 -1.5371010806418202 0.18954405188560486
Car -1 -1 2.28 13.241039276123047 200.7246551513672 270.48225021362305 355.01654052734375 1.4361878633499146 1.5866084098815918 3.7429795265197754 -3.9963362216949463 1.6159749031066895 4.847957134246826 1.592533435665259 0.18773168325424194
Car -1 -1 -2.65 1159.1466064453125 248.18043518066406 1239.8040771484375 372.26385498046875 1.4830491542816162 1.5714993476867676 3.715175151824951 1.6922097206115723 1.2014917731285095 1.0190973281860352 -1.6175298858387546 0.1835443526506424
Car -1 -1 -2.1 1130.8388671875 237.67308044433594 1241.2021484375 375.3215637207031 1.4399604797363281 1.5573513507843018 3.773305654525757 2.1303772926330566 1.346894919872284 1.3823037147521973 -1.1027490057838847 0.18339264392852783
Car -1 -1 -1.65 641.0521240234375 161.43067932128906 692.126953125 206.06118774414062 1.5474023818969727 1.6264708042144775 3.5715715885162354 2.671527862548828 1.4479263424873352 34.062965393066406 -1.570374954882305 0.17903809249401093
Pedestrian -1 -1 1.92 649.9561157226562 174.44662475585938 698.3787231445312 213.0587158203125 1.8058658838272095 0.6347318887710571 0.7355425953865051 2.364314079284668 1.758060872554779 27.69749641418457 2.005210778313824 0.17588216066360474
Car -1 -1 2.31 0.8446690440177917 229.36807250976562 169.09178513288498 362.75543212890625 1.7282655239105225 1.6075760126113892 3.8354125022888184 -3.7170591354370117 1.7641100883483887 4.411840438842773 1.6124425995498974 0.17208482325077057
Car -1 -1 1.72 532.9674682617188 176.90371704101562 554.0463256835938 195.1893768310547 1.4967619180679321 1.6288012266159058 3.9951837062835693 -5.741136074066162 1.8357571959495544 64.13198852539062 1.6337062969334495 0.1711050271987915
Car -1 -1 -1.67 1145.8116455078125 216.3179168701172 1234.294677734375 376.2900085449219 1.610486388206482 1.5378339290618896 3.5914034843444824 1.9486140012741089 1.371688723564148 1.2515811920166016 -0.6730294585976573 0.1708599328994751
Pedestrian -1 -1 1.67 645.1389770507812 169.65382385253906 695.0537109375 211.1439971923828 1.817080020904541 0.6331185698509216 0.6839554309844971 2.601609706878662 1.7159600257873535 31.655540466308594 1.7546318410058648 0.16756293177604675
Cyclist -1 -1 -1.6 638.2684326171875 159.71287536621094 686.127197265625 205.32704162597656 1.8024940490722656 0.5659991502761841 1.819985032081604 2.255462169647217 1.4968783259391785 30.438079833984375 -1.5263173902161888 0.16285617649555206
Car -1 -1 -0.26 1096.31982421875 190.64556884765625 1232.885986328125 364.1639404296875 1.4456613063812256 1.577022671699524 3.6529576778411865 3.6807098388671875 1.462778091430664 3.064157485961914 0.6209655319095941 0.16225780546665192
Cyclist -1 -1 -1.6 645.1389770507812 169.65382385253906 695.0537109375 211.1439971923828 1.8891050815582275 0.5552698969841003 1.8413326740264893 2.3386752605438232 1.733563244342804 26.761960983276367 -1.5107616868666263 0.15982268750667572
Car -1 -1 -2.3 1201.493896484375 269.9073486328125 1242.848388671875 365.08135986328125 1.4554455280303955 1.4517017602920532 3.256998300552368 2.5681779384613037 1.4268504977226257 1.8919366598129272 -1.368482860499757 0.15434184670448303
Pedestrian -1 -1 1.86 635.7615356445312 165.59207153320312 680.9404296875 207.58819580078125 1.746529459953308 0.6085110902786255 0.7829263806343079 2.123777389526367 1.555247724056244 32.76896667480469 1.9218752294545656 0.15191198885440826
Car -1 -1 -1.53 1171.8529052734375 242.88046264648438 1245.949462890625 361.3270568847656 1.6651698350906372 1.5694760084152222 3.8865268230438232 2.4746296405792236 1.502744734287262 1.8111215829849243 -0.5925958757482697 0.15048208832740784
Car -1 -1 -2.62 1166.6497802734375 225.7190704345703 1237.7117919921875 377.5296936035156 1.4747591018676758 1.466232180595398 3.4800150394439697 2.1064670085906982 1.3520949482917786 1.1869202852249146 -1.5637665665134035 0.14544124901294708
Car -1 -1 -1.33 1209.0987548828125 283.8494873046875 1244.0416259765625 369.8712463378906 1.5567545890808105 1.4672863483428955 3.459080696105957 3.9088857173919678 1.898918628692627 2.920213222503662 -0.40380996582258355 0.1290844827890396
Car -1 -1 -2.25 1190.5960693359375 247.81881713867188 1242.687744140625 368.5013427734375 1.4453232288360596 1.523256540298462 3.542189836502075 3.149157762527466 1.5249302983283997 2.2588629722595215 -1.301042091058327 0.1271466761827469
Car -1 -1 -1.82 1147.35693359375 190.118408203125 1230.1761474609375 355.7153625488281 1.5434770584106445 1.562795877456665 3.581149101257324 3.0293190479278564 1.41915625333786 2.2151565551757812 -0.8811930731796007 0.12454827129840851
Car -1 -1 0.18 1156.59033203125 280.8976745605469 1215.86474609375 360.275146484375 1.5468424558639526 1.599513053894043 3.7876365184783936 5.342288017272949 2.2214816212654114 4.234153747558594 1.0853738033714606 0.12417546659708023
Car -1 -1 -2.51 1215.7001953125 301.256591796875 1243.4862060546875 363.342041015625 1.352639079093933 1.5284749269485474 3.1605966091156006 2.392362594604492 1.3323124647140503 1.9389379024505615 -1.6217794013098663 0.12035680562257767
Car -1 -1 -1.59 1175.2838134765625 208.46673583984375 1247.5107421875 333.5207214355469 1.628277063369751 1.531342625617981 3.7164478302001953 3.5245814323425293 1.5110172629356384 2.756679058074951 -0.6814688076002122 0.11921703070402145
Car -1 -1 -0.25 1165.0804443359375 287.7408447265625 1219.0172119140625 363.6912536621094 1.564648985862732 1.551230788230896 3.579216241836548 4.212257385253906 1.984617531299591 3.3584485054016113 0.6523534196585841 0.11227036267518997
Car -1 -1 -2.01 1213.696533203125 273.1709289550781 1245.494140625 363.67840576171875 1.4921705722808838 1.475227952003479 3.0752291679382324 2.840871810913086 1.4698567390441895 2.209002733230591 -1.101160576265837 0.10347088426351547
Car -1 -1 -1.27 1187.6688232421875 281.6023864746094 1236.9725341796875 372.86651611328125 1.5871636867523193 1.4789196252822876 3.457217216491699 2.8907835483551025 1.654131531715393 2.151460886001587 -0.3387635644333802 0.0984153151512146
Car -1 -1 -0.63 1198.7706298828125 280.78228759765625 1237.0889892578125 362.2597961425781 1.5661375522613525 1.4897751808166504 3.5302863121032715 4.110113620758057 1.8787808418273926 3.1521565914154053 0.28863005456029 0.09038857370615005
Car -1 -1 -1.24 1212.6903076171875 303.80694580078125 1242.784912109375 376.08782958984375 1.52349853515625 1.4768767356872559 3.396305561065674 2.969064235687256 1.72160005569458 2.3611552715301514 -0.34542372074303085 0.06778820604085922