Car -1 -1 -1.41 490.6590576171875 184.35348510742188 577.100341796875 242.4398193359375 1.3865357637405396 1.6204679012298584 3.9974443912506104 -1.8611088991165161 1.692661166191101 19.231109619140625 -1.5102948263470335 0.8755309581756592
Car -1 -1 -2.27 898.6624145507812 176.14996337890625 1235.3109130859375 373.5645446777344 1.4861242771148682 1.6390912532806396 4.173028469085693 3.7473435401916504 1.5476728677749634 4.929090976715088 -1.6195970243344533 0.8653690814971924
Car -1 -1 -1.58 544.8124389648438 179.7106170654297 597.1790161132812 219.32774353027344 1.4512656927108765 1.5770939588546753 3.610363483428955 -1.3970152139663696 1.7067397236824036 27.887041091918945 -1.6302315534674676 0.8413694500923157
Van -1 -1 -1.88 716.3077392578125 110.97199249267578 894.4525756835938 259.0788345336914 2.5346944332122803 2.0038201808929443 5.568078517913818 3.641052484512329 1.4291212558746338 14.766772270202637 -1.6361633550874037 0.8351602554321289
Car -1 -1 -1.66 688.104736328125 174.9857177734375 731.1135864257812 210.2422332763672 1.4989912509918213 1.5967923402786255 4.03159236907959 4.382419109344482 1.5901118516921997 32.70246505737305 -1.530925923279308 0.782919704914093
Pedestrian -1 -1 1.55 842.2308349609375 151.04368591308594 883.64794921875 259.7757873535156 1.7893199920654297 0.6426864266395569 0.5534189343452454 4.058315753936768 1.4411221742630005 11.638066291809082 1.883246629474928 0.7422635555267334
Pedestrian -1 -1 1.15 837.5020751953125 150.3507843017578 889.4722290039062 267.7816467285156 1.7618764638900757 0.623650312423706 0.8075699210166931 3.9965641498565674 1.4565114378929138 11.437649726867676 1.4878232063860723 0.7067357897758484
Truck -1 -1 -1.87 715.1658325195312 111.53044128417969 896.1876220703125 260.72418212890625 3.3133628368377686 2.4865646362304688 7.21747350692749 4.008841514587402 1.7473523542284966 16.386566162109375 -1.6334312007365206 0.4960063695907593
Car -1 -1 0.98 673.2363891601562 170.85711669921875 700.9705810546875 196.10525512695312 1.6643718481063843 1.7003953456878662 4.220541477203369 5.243291854858398 1.5870153903961182 48.032955169677734 1.0924511267315005 0.470805287361145
Car -1 -1 -1.85 719.491455078125 118.20354461669922 887.3998413085938 262.68685150146484 2.296092987060547 1.8381233215332031 4.62607479095459 3.5752718448638916 1.4016084372997284 15.04435920715332 -1.6123156014532993 0.4530397355556488
Car -1 -1 -1.66 710.6947631835938 170.44573974609375 789.61962890625 230.62994384765625 1.5572739839553833 1.6465994119644165 4.081466197967529 3.9748921394348145 1.5541409850120544 21.844097137451172 -1.4826149318157569 0.4171706736087799
Pedestrian -1 -1 1.92 826.81884765625 154.3388671875 893.4374389648438 257.7051696777344 1.774075984954834 0.651680588722229 0.8566639423370361 4.00142240524292 1.3976725339889526 11.384343147277832 2.2534806395229214 0.414987176656723
Cyclist -1 -1 -1.25 833.1201171875 151.69883728027344 889.361083984375 267.9430847167969 1.7310497760772705 0.5283147692680359 1.7607762813568115 4.14324951171875 1.5145272016525269 12.01744270324707 -0.9192961537523212 0.33249107003211975
Pedestrian -1 -1 2.47 807.9155883789062 138.5755615234375 898.690185546875 265.77862548828125 1.9054086208343506 0.6587232351303101 0.9521423578262329 3.6024129390716553 1.470507025718689 11.19898509979248 2.7793062348474837 0.30751949548721313
Car -1 -1 -1.81 719.551513671875 145.43753051757812 879.0614624023438 255.85984802246094 1.9132297039031982 1.7079845666885376 4.464515209197998 4.1718549728393555 1.52231365442276 17.989219665527344 -1.5820072208299685 0.2894848883152008
Car -1 -1 -1.79 713.4622802734375 131.65692138671875 863.3179931640625 251.19808959960938 2.015702962875366 1.7366082668304443 4.509934425354004 4.02675724029541 1.5542166233062744 17.599157333374023 -1.565054216501042 0.2810858190059662
Pedestrian -1 -1 2.34 759.66748046875 130.15859985351562 892.7835083007812 249.39356994628906 1.9592612981796265 0.6566343903541565 0.8029627203941345 3.5284485816955566 1.4021070301532745 11.919709205627441 2.6251841224177976 0.2737787067890167
Car -1 -1 -1.72 708.8953857421875 168.34536743164062 803.9714965820312 236.7312774658203 1.5839121341705322 1.6752959489822388 4.06779670715332 4.0989789962768555 1.5169618129730225 21.056474685668945 -1.5248924635819847 0.2605862021446228
Car -1 -1 -1.76 716.6334228515625 153.2494659423828 844.4630737304688 249.58216857910156 1.8080452680587769 1.6875425577163696 4.304866313934326 4.4277567863464355 1.5691362023353577 19.515851974487305 -1.536131865150729 0.2569727599620819
Car -1 -1 -1.65 709.9461059570312 175.7205352783203 771.8348388671875 227.16659545898438 1.5369958877563477 1.6443499326705933 3.9585671424865723 4.036516189575195 1.6383460760116577 23.272802352905273 -1.4812775210939355 0.2392466962337494
Car -1 -1 -1.66 816.6372680664062 152.59022521972656 895.3666381835938 255.4479522705078 1.7825895547866821 1.6453616619110107 3.8285205364227295 4.7447075843811035 1.5158830881118774 15.004751205444336 -1.356010019724625 0.23647290468215942
Pedestrian -1 -1 2.31 790.13232421875 130.8650665283203 892.1079711914062 266.6684265136719 1.8908740282058716 0.6630847454071045 1.020063877105713 3.463192939758301 1.395300567150116 10.890898704528809 2.6223063452517614 0.23576034605503082
Pedestrian -1 -1 2.43 721.2981567382812 115.07067108154297 892.056884765625 260.61766815185547 2.055359125137329 0.6611118912696838 1.0571657419204712 3.2257015705108643 1.4298158586025238 11.5247802734375 2.6992904056067433 0.23574168980121613
Pedestrian -1 -1 2.38 804.7887573242188 158.31495666503906 885.0394287109375 254.48220825195312 1.735870122909546 0.6664696335792542 0.9137427806854248 3.8330016136169434 1.3943827152252197 11.517017364501953 2.698923485728354 0.2351837307214737
Cyclist -1 -1 -1.89 723.500732421875 110.94027709960938 884.96142578125 263.61895751953125 1.818088173866272 0.5558108687400818 1.8408633470535278 2.996805191040039 1.1771888136863708 11.237309455871582 -1.6296166228460578 0.23463058471679688
Car -1 -1 -1.35 510.17962646484375 182.53482055664062 587.5770263671875 232.449951171875 1.326277732849121 1.6028028726577759 3.912142753601074 -1.778953194618225 1.6146140098571777 19.844388961791992 -1.4404250396451657 0.23363645374774933
Car -1 -1 -1.63 696.0520629882812 176.80682373046875 755.4061889648438 221.48397827148438 1.4689947366714478 1.6006518602371216 3.8959736824035645 3.8109846115112305 1.6371122598648071 23.447711944580078 -1.4707196374658453 0.22799481451511383
Van -1 -1 2.47 5.449817180633545 60.522125244140625 227.27333402633667 363.12725830078125 2.081007719039917 1.9500752687454224 5.133744239807129 -2.7708683013916016 1.3998475670814514 1.719765067100525 1.4564847538414245 0.22384513914585114
Car -1 -1 -1.6 833.9765625 152.59014892578125 892.2891845703125 264.8714904785156 1.791922688484192 1.6093816757202148 3.6692709922790527 4.904293537139893 1.5883718729019165 14.58230209350586 -1.277273985529244 0.22301481664180756
Car -1 -1 -1.62 693.9112548828125 176.75059509277344 739.31787109375 216.04803466796875 1.4817591905593872 1.6097314357757568 3.8949670791625977 4.2999138832092285 1.6250042915344238 29.65098762512207 -1.4764926966491618 0.21974444389343262
Truck -1 -1 -1.79 734.4251708984375 118.42739868164062 877.2864990234375 263.3591003417969 3.081052541732788 2.5221548080444336 7.256589412689209 4.322215557098389 1.6864266395568848 16.68849754333496 -1.534684974170669 0.21867512166500092
Van -1 -1 2.56 673.2987670898438 170.0810089111328 700.3726196289062 196.4062042236328 1.885824203491211 1.7490503787994385 4.65615177154541 5.441452980041504 1.8048053979873657 51.098533630371094 2.6638139472341997 0.21758557856082916
Car -1 -1 -1.53 673.4378051757812 172.4031524658203 706.1885986328125 199.3731231689453 1.628509283065796 1.6766382455825806 4.316998481750488 5.279322624206543 1.5716575980186462 48.124847412109375 -1.4162677888660156 0.20183128118515015
Car -1 -1 -1.7 778.4715576171875 139.59693908691406 900.810546875 264.1348876953125 1.7535983324050903 1.6931711435317993 4.287726879119873 4.038996696472168 1.4112433195114136 14.182191848754883 -1.425399970121024 0.19698837399482727
Car -1 -1 -1.91 680.8775634765625 173.11508178710938 720.1099243164062 203.74212646484375 1.5846226215362549 1.6236711740493774 4.132816314697266 5.001229763031006 1.5526030659675598 43.530757904052734 -1.795035488410143 0.19521111249923706
Car -1 -1 -1.76 723.1224365234375 164.04286193847656 821.648681640625 237.57144165039062 1.714073896408081 1.6487388610839844 4.017405033111572 4.335325717926025 1.5564754009246826 19.878135681152344 -1.5440136069943442 0.19175007939338684
Car -1 -1 -2.66 678.349609375 172.02792358398438 711.5298461914062 200.1803741455078 1.5989458560943604 1.6374340057373047 4.084758758544922 5.135641574859619 1.3855141997337341 48.840553283691406 -2.558309206432062 0.18925108015537262
Pedestrian -1 -1 1.46 821.9591674804688 157.07528686523438 882.4618530273438 250.6503143310547 1.7728644609451294 0.6377242803573608 0.8019058108329773 4.083550930023193 1.4117532968521118 12.312185287475586 1.7801186953847674 0.18840886652469635
Car -1 -1 2.4 5.449817180633545 60.522125244140625 227.27333402633667 363.12725830078125 1.9190332889556885 1.7671332359313965 4.9664130210876465 -3.3960981369018555 1.5402717590332031 1.8496479988098145 1.3321129344262665 0.1869722306728363
Pedestrian -1 -1 2.42 736.15869140625 164.3466033935547 782.9777221679688 223.6051483154297 1.8725265264511108 0.7124055624008179 0.9012063145637512 3.893890142440796 1.5774449110031128 18.811532974243164 2.6228527255306346 0.1696295291185379
Pedestrian -1 -1 2.41 737.0501708984375 162.3486328125 800.9016723632812 229.0740509033203 1.9294244050979614 0.7260907888412476 0.8841825723648071 3.586820363998413 1.6048876643180847 16.639856338500977 2.618704722148836 0.16556477546691895