Car -1 -1 -1.09 106.99673461914062 182.997802734375 286.8807067871094 272.46307373046875 1.5502135753631592 1.5773468017578125 3.5053651332855225 -8.028105735778809 1.5225977301597595 14.338088989257812 -1.5991468465635394 0.8693124055862427
Car -1 -1 -1.56 573.5626831054688 177.736083984375 620.3700561523438 220.52650451660156 1.6156672239303589 1.6984968185424805 4.096493244171143 -0.3846855163574219 1.3150296211242676 29.06308364868164 -1.5762270163028633 0.8644475340843201
Van -1 -1 -1.26 279.3102111816406 129.34877014160156 491.9233093261719 283.7821044921875 2.442568302154541 2.0703279972076416 5.877945899963379 -3.5500876903533936 1.4856964349746704 13.124755859375 -1.52401453938052 0.8321555852890015
Truck -1 -1 -1.48 473.2626953125 121.15391540527344 556.7445068359375 219.84423828125 3.4067370891571045 2.5425984859466553 8.036345481872559 -3.634005308151245 1.2217419147491455 30.135086059570312 -1.5971019318213706 0.8190319538116455
Car -1 -1 2.4 0.8101849555969238 201.0625457763672 61.536476612091064 320.24267578125 1.4183701276779175 1.5941364765167236 4.040524959564209 -8.363664627075195 1.624752938747406 7.992488861083984 1.5897246519129293 0.7553925514221191
Car -1 -1 0.73 748.889892578125 203.17697143554688 1140.477783203125 376.29473876953125 1.7641217708587646 1.5105732679367065 3.811939001083374 1.3165613412857056 1.7124789953231812 2.6835169792175293 1.1892921327885464 0.40913039445877075
Truck -1 -1 -1.19 275.17694091796875 113.2419204711914 501.2261657714844 278.1922378540039 3.3275957107543945 2.505621910095215 7.4430341720581055 -4.254049301147461 1.9256152510643005 15.947339057922363 -1.4531785580329304 0.38742953538894653
Car -1 -1 1.81 -4.876936912536621 184.36476135253906 50.75075626373291 325.09625244140625 1.4077051877975464 1.6442503929138184 4.089061260223389 -8.507009506225586 1.5896905660629272 7.79673957824707 0.976237241725296 0.3203376829624176
Car -1 -1 1.28 -6.141570568084717 196.6217041015625 65.66043138504028 333.8274230957031 1.5143933296203613 1.613952875137329 3.900508403778076 -8.256278038024902 1.7130011916160583 7.9026079177856445 0.4743345412114728 0.28920820355415344
Car -1 -1 2.37 -1.140221118927002 213.84710693359375 47.18984937667847 299.1641540527344 1.3569220304489136 1.5155733823776245 3.430920124053955 -9.602128028869629 1.9029096961021423 9.628284454345703 1.5903929089097595 0.2800115942955017
Van -1 -1 2.46 -1.3598169088363647 206.76983642578125 60.015785813331604 321.5977478027344 1.652604103088379 1.7244874238967896 4.168472766876221 -9.365797996520996 1.8610857725143433 9.022391319274902 1.6550927627076728 0.2766772210597992
Car -1 -1 2.4 1.2191911935806274 214.3270263671875 55.39607107639313 311.0094909667969 1.4455348253250122 1.595054030418396 3.9350664615631104 -8.574278831481934 1.8076432347297668 8.204651832580566 1.5931876999412893 0.2765245735645294
Car -1 -1 1.08 -4.687719821929932 191.90292358398438 54.998170375823975 302.1254577636719 1.5463213920593262 1.582433819770813 3.824185609817505 -6.89443302154541 1.4461089372634888 6.847071647644043 0.2901259343855962 0.23826344311237335
Truck -1 -1 -1.4 489.81878662109375 134.98770141601562 559.6884155273438 214.56898498535156 3.359001874923706 2.5191476345062256 7.92984676361084 -3.644864082336426 1.1499589085578918 31.660400390625 -1.5124788604504449 0.2363274246454239
Car -1 -1 -1.24 281.47998046875 137.53082275390625 494.2637939453125 282.8236389160156 2.0809662342071533 1.792605996131897 4.868840217590332 -3.574070692062378 1.4118687808513641 13.1751070022583 -1.5060605806235516 0.22157332301139832
Van -1 -1 2.55 -0.45070070028305054 217.88624572753906 57.99060255289078 307.2661437988281 1.649741291999817 1.7188609838485718 4.206668853759766 -10.8254976272583 2.145111620426178 10.935412406921387 1.7690880604183992 0.22061029076576233
Car -1 -1 2.52 4.183993339538574 202.95989990234375 80.44806957244873 324.55059814453125 1.40333890914917 1.5891568660736084 4.0168843269348145 -8.325852394104004 1.6250620484352112 7.972577095031738 1.712916692359781 0.2135983407497406
Car -1 -1 2.32 -6.1250457763671875 180.01974487304688 64.68728637695312 311.0785827636719 1.4870256185531616 1.5916023254394531 4.088397979736328 -8.546772003173828 1.645172655582428 8.201375007629395 1.5143821475589903 0.21272040903568268
Cyclist -1 -1 -1.49 709.6591796875 182.29550170898438 750.3087768554688 212.39532470703125 1.6602344512939453 0.5339546799659729 1.6765286922454834 6.944003105163574 1.645142376422882 40.5443115234375 -1.3174753754775121 0.21054302155971527
Cyclist -1 -1 1.29 -1.2991589307785034 184.96556091308594 57.37362015247345 324.3960876464844 1.6687558889389038 0.5421850681304932 1.745335340499878 -6.566036224365234 1.6112253069877625 7.178077697753906 0.5495860933118939 0.20883671939373016
Car -1 -1 2.4 1.0533698797225952 215.6479949951172 40.89576184749603 290.5918884277344 1.328431248664856 1.4652595520019531 3.2314612865448 -9.9508695602417 1.8752804398536682 10.095807075500488 1.6228773921062238 0.20075783133506775
Car -1 -1 -1.06 119.90992736816406 181.58627319335938 275.58416748046875 258.4620361328125 1.470515251159668 1.5528743267059326 3.5002663135528564 -8.141182899475098 1.3991569876670837 14.32158374786377 -1.580182534534039 0.1965283304452896
Car -1 -1 0.72 726.3357543945312 172.8912811279297 1168.5975341796875 381.9797668457031 1.6009421348571777 1.658779501914978 3.981814384460449 1.955782175064087 1.486947238445282 2.197953701019287 1.4468895936522808 0.19282902777194977
Car -1 -1 0.84 670.595703125 138.19456481933594 1214.8515625 421.77915954589844 1.3783150911331177 1.6960320472717285 4.544025421142578 1.8659741878509521 1.4717174172401428 4.609673023223877 1.221405984675643 0.18126113712787628
Cyclist -1 -1 -1.7 706.0726928710938 182.6350555419922 742.3328247070312 211.94351196289062 1.695245385169983 0.5411689877510071 1.72646164894104 6.500746250152588 1.657803475856781 41.486446380615234 -1.5414858984408237 0.16944754123687744
Car -1 -1 0.79 814.2117309570312 190.30975341796875 1185.9898681640625 381.74981689453125 1.7596147060394287 1.6421135663986206 4.104522705078125 1.608405351638794 1.5973641276359558 2.578585386276245 1.3487452753832834 0.1656627207994461
Van -1 -1 0.75 649.4383544921875 79.96215057373047 1196.7357177734375 389.33943939208984 1.931213140487671 1.8076298236846924 5.169821262359619 1.6466341018676758 1.3655044734477997 4.1980743408203125 1.1260121754585963 0.1640169471502304
Van -1 -1 0.85 670.595703125 138.19456481933594 1214.8515625 421.77915954589844 1.9792312383651733 1.6490830183029175 4.7732319831848145 2.2114367485046387 2.0583911538124084 5.5423455238342285 1.2281301075890916 0.14809070527553558