Car -1 -1 -1.84 718.6232299804688 169.191162109375 880.6997680664062 276.8282775878906 1.5673292875289917 1.620889663696289 3.928483486175537 3.1553757190704346 1.5368823409080505 12.894946098327637 -1.6021437168304002 0.8820199370384216
Car -1 -1 -1.98 795.662841796875 172.9005889892578 1197.9981689453125 377.77923583984375 1.5321078300476074 1.6065558195114136 3.749084234237671 2.9657130241394043 1.5626718997955322 6.549231052398682 -1.5580050650396853 0.873292863368988
Car -1 -1 2.03 113.61298370361328 171.7218475341797 396.2390823364258 348.14801025390625 1.6938939094543457 1.6199365854263306 3.8448541164398193 -4.117257118225098 1.733051359653473 9.002245903015137 1.6017623528057312 0.8459925651550293
Car -1 -1 2.38 2.6149377822875977 184.58837890625 171.47693729400635 377.7422180175781 1.6234217882156372 1.6124186515808105 3.841724395751953 -4.34512996673584 1.7955289483070374 3.761770725250244 1.5192257632207218 0.8109910488128662
Van -1 -1 -1.79 662.4871215820312 120.27763366699219 788.3089599609375 238.3058624267578 2.447551727294922 1.9688950777053833 5.631175994873047 2.8511745929718018 1.3756696581840515 19.552345275878906 -1.6498284914048735 0.712756872177124
Van -1 -1 -1.78 655.7584228515625 130.55128479003906 775.8016967773438 230.840087890625 2.488698720932007 2.082334280014038 5.870199680328369 2.7788333892822266 1.4036419987678528 21.19377326965332 -1.6534676451083081 0.7045155167579651
Car -1 -1 -1.58 493.0541687011719 179.5218963623047 530.29345703125 205.04232788085938 1.4237604141235352 1.6652945280075073 4.21989631652832 -6.04262638092041 1.8720277547836304 44.53852081298828 -1.7098620918187475 0.6944853067398071
Car -1 -1 -1.66 634.1484985351562 173.29299926757812 668.60791015625 201.98745727539062 1.5937873125076294 1.6605472564697266 3.9218645095825195 2.3596091270446777 1.6308850646018982 43.25410461425781 -1.609135061288569 0.6383123993873596
Truck -1 -1 -1.74 656.9146728515625 123.3099136352539 781.4573364257812 233.53260803222656 3.3345797061920166 2.5726358890533447 7.896234035491943 3.1401355266571045 1.7014711275696754 23.409189224243164 -1.6089136568732982 0.5769041776657104
Pedestrian -1 -1 -1.14 133.6446075439453 174.9318389892578 203.73663330078125 311.7540588378906 1.5883368253707886 0.5971202850341797 0.402576744556427 -6.077681541442871 1.6750786900520325 10.136619567871094 -1.6822919491804997 0.49619072675704956
Pedestrian -1 -1 -0.31 149.33651733398438 176.50477600097656 192.03195190429688 298.43017578125 1.5930755138397217 0.5291072130203247 0.36857327818870544 -6.570504665374756 1.7453032732009888 10.88341999053955 -0.8489111078932963 0.4390338659286499
Cyclist -1 -1 2.31 10.564788818359375 174.54116821289062 174.2008819580078 374.42486572265625 1.7243115901947021 0.6226739287376404 1.8598626852035522 -3.0105714797973633 1.576058268547058 3.573697566986084 1.6135154542282804 0.3553532361984253
Van -1 -1 -1.79 657.8444213867188 147.9165496826172 761.4080810546875 223.8939666748047 2.2756752967834473 1.9681860208511353 5.792293071746826 3.1603620052337646 1.542560636997223 24.710817337036133 -1.6625002207447714 0.34498539566993713
Van -1 -1 2.05 116.28231048583984 170.27357482910156 401.28832244873047 350.0679016113281 1.8766599893569946 1.7524923086166382 4.382224082946777 -4.290889739990234 1.8699005842208862 9.397957801818848 1.6205060124993143 0.34496012330055237
Car -1 -1 -1.63 581.5283813476562 174.8126678466797 606.109130859375 194.58314514160156 1.5164626836776733 1.6956310272216797 3.539764165878296 -1.3978842496871948 1.7252193093299866 59.67538833618164 -1.652818379371162 0.28690826892852783
Pedestrian -1 -1 -0.39 125.6007308959961 176.82501220703125 193.64675903320312 332.61846923828125 1.677501916885376 0.5470722913742065 0.554741621017456 -6.0558085441589355 1.7889220118522644 10.198216438293457 -0.9297852942391733 0.28568875789642334
Car -1 -1 -2.03 660.2763671875 160.4145050048828 732.8709106445312 220.77847290039062 1.813144564628601 1.725790023803711 4.135722637176514 3.052250385284424 1.6286665797233582 28.72869300842285 -1.91975566460491 0.2808292508125305
Car -1 -1 -1.73 655.2774047851562 152.9645233154297 749.2474365234375 221.33795166015625 1.7491546869277954 1.7298319339752197 4.419780731201172 2.929253578186035 1.5058220028877258 26.00663948059082 -1.617816092842908 0.2764960825443268
Pedestrian -1 -1 -1.93 12.243489265441895 166.84400939941406 181.56267261505127 375.201416015625 1.695756435394287 0.6762710213661194 0.9358453154563904 -3.1770005226135254 1.6223133206367493 4.112380027770996 -2.586349603316374 0.2733065187931061
Car -1 -1 -2.34 658.4896850585938 167.32777404785156 716.1371459960938 216.9299774169922 1.7464253902435303 1.7390787601470947 3.9790561199188232 3.0820181369781494 1.6475210785865784 29.372005462646484 -2.232450407142613 0.2698058784008026
Car -1 -1 -1.76 665.4656372070312 136.49337768554688 783.7490234375 233.26930236816406 2.0144472122192383 1.7829307317733765 4.615762710571289 3.011418342590332 1.4473164081573486 21.75107192993164 -1.6210801490980895 0.2648376226425171
Cyclist -1 -1 2.71 88.31749725341797 175.77157592773438 227.60994720458984 345.05755615234375 1.73491370677948 0.6212677359580994 1.7465218305587769 -4.902667045593262 1.8807747960090637 7.700141906738281 2.1409602230173164 0.2591383755207062
Car -1 -1 -1.75 657.6809692382812 142.67572021484375 766.8795776367188 226.07981872558594 1.8933767080307007 1.7401126623153687 4.534719467163086 2.976489782333374 1.459306001663208 23.64177131652832 -1.6294962625312053 0.258635938167572
Car -1 -1 -2.36 648.0443115234375 171.87100219726562 692.3038330078125 211.85279846191406 1.5844963788986206 1.6340231895446777 3.767775774002075 2.879520893096924 1.6542922854423523 33.834754943847656 -2.272887223536303 0.25164565443992615
Van -1 -1 2.34 12.804959297180176 167.83872985839844 180.44291400909424 376.93939208984375 1.8702073097229004 1.7327017784118652 4.357840538024902 -3.8462681770324707 1.691577434539795 3.857869863510132 1.5610210107456624 0.24550193548202515
Car -1 -1 -1.76 679.6234130859375 142.13153076171875 796.6039428710938 238.03245544433594 1.8783077001571655 1.7713342905044556 4.644774913787842 2.960697889328003 1.4096415638923645 19.646259307861328 -1.60728336906611 0.24521304666996002
Car -1 -1 2.39 -4.831027984619141 183.96829223632812 136.13999557495117 374.607666015625 1.525879979133606 1.601010799407959 3.756150007247925 -4.202253341674805 1.6556035280227661 3.6853010654449463 1.5382739267011534 0.24356317520141602
Car -1 -1 -2.59 656.7977294921875 169.2298126220703 701.5133056640625 213.6946563720703 1.5773208141326904 1.5981755256652832 3.804765462875366 2.993058681488037 1.666298270225525 31.551956176757812 -2.4938824243464275 0.2425479143857956
Pedestrian -1 -1 -2.95 107.90596771240234 182.7685546875 190.1364288330078 331.5951843261719 1.5595110654830933 0.6150217056274414 0.5435304045677185 -5.3217644691467285 1.6778371930122375 8.325057983398438 2.7632915945868763 0.23988641798496246
Pedestrian -1 -1 -1.3 131.52133178710938 183.60504150390625 217.69635009765625 297.2751159667969 1.5425673723220825 0.5423928499221802 0.5565639138221741 -6.252100467681885 1.7053790092468262 10.513092041015625 -1.8408574600283254 0.23884710669517517
Cyclist -1 -1 2.56 45.95627212524414 172.3937225341797 195.7862434387207 359.07012939453125 1.7403168678283691 0.6652378439903259 1.708808422088623 -2.781545639038086 1.4549565315246582 3.772941827774048 1.9265013842955359 0.2350674867630005
Cyclist -1 -1 2.15 107.495849609375 178.4485321044922 266.9416198730469 340.8702087402344 1.6743801832199097 0.6446649432182312 1.8127422332763672 -4.947554111480713 1.7662510871887207 8.322633743286133 1.6184081789148586 0.23011311888694763
Van -1 -1 -1.74 679.6234130859375 142.13153076171875 796.6039428710938 238.03245544433594 2.1391103267669678 1.8824639320373535 5.307352066040039 2.9789040088653564 1.5051080286502838 19.92991828918457 -1.5895449296802875 0.22621873021125793
Pedestrian -1 -1 -1.93 93.20703887939453 174.5830078125 231.86243438720703 339.6498718261719 1.7461493015289307 0.6815028190612793 0.7138350009918213 -5.0295329093933105 1.8302050232887268 8.416444778442383 -2.471491951964307 0.22549787163734436
Pedestrian -1 -1 -0.35 154.75680541992188 177.613525390625 195.034423828125 287.0985412597656 1.6074548959732056 0.5496601462364197 0.3684745132923126 -6.6246724128723145 1.6977568864822388 11.006053924560547 -0.8876708533456963 0.22503001987934113
Car -1 -1 2.21 63.36111068725586 171.3781280517578 339.6749839782715 357.80035400390625 1.5583328008651733 1.6244703531265259 3.992384672164917 -4.490854740142822 1.81373792886734 7.337268829345703 1.6637279751353171 0.2201520800590515
Pedestrian -1 -1 -1.25 112.77284240722656 181.99591064453125 181.40257263183594 302.5540771484375 1.449488878250122 0.5420354008674622 0.5040257573127747 -5.26391077041626 1.5517585277557373 8.215689659118652 -1.8164109371463741 0.21872544288635254
Pedestrian -1 -1 2.04 127.12630462646484 176.88929748535156 225.82835388183594 314.5954895019531 1.6327059268951416 0.5963084697723389 0.530123233795166 -5.776825428009033 1.712903380393982 9.632864952087402 1.5008764453941588 0.2185087949037552
Car -1 -1 -1.79 701.5650024414062 157.41439819335938 869.6697387695312 268.3327331542969 1.7131860256195068 1.6548808813095093 3.9275612831115723 3.0146684646606445 1.5590022206306458 12.59233570098877 -1.5596978881184071 0.21560128033161163
Car -1 -1 -1.67 646.3583374023438 171.24476623535156 680.1282958984375 207.53121948242188 1.5006259679794312 1.568665862083435 3.977696418762207 2.708677291870117 1.6733320951461792 37.86598205566406 -1.596622828961082 0.21191328763961792
Car -1 -1 2.4 8.798871040344238 170.93435668945312 221.13338947296143 369.4056396484375 1.6046559810638428 1.6317391395568848 3.603576183319092 -4.1334991455078125 1.671442687511444 3.9986531734466553 1.5937115929739667 0.20659305155277252
Pedestrian -1 -1 -2.08 45.95627212524414 172.3937225341797 195.7862434387207 359.07012939453125 1.6628985404968262 0.6769877076148987 0.7885746955871582 -3.2648746967315674 1.5520402789115906 4.83387565612793 -2.675120545466494 0.20607566833496094
Car -1 -1 2.35 45.95627212524414 172.3937225341797 195.7862434387207 359.07012939453125 1.6707583665847778 1.520028829574585 3.6415958404541016 -3.772775650024414 1.627999484539032 4.088939666748047 1.6084172139776616 0.20446397364139557
Van -1 -1 -1.74 655.2492065429688 157.5267333984375 739.487060546875 219.09950256347656 2.1058096885681152 1.870969533920288 5.457393646240234 3.168391466140747 1.55587899684906 25.525516510009766 -1.6120972847543573 0.20064681768417358
Pedestrian -1 -1 -0.15 142.29888916015625 179.33592224121094 199.42062377929688 300.4292907714844 1.4437305927276611 0.4607037603855133 0.49110808968544006 -6.11964225769043 1.6531566381454468 10.140558242797852 -0.6972375721203967 0.19757911562919617
Van -1 -1 -1.79 682.8126220703125 144.9098358154297 838.6494140625 249.00827026367188 2.3023600578308105 1.920251488685608 5.334641456604004 3.172149419784546 1.3656941205263138 17.812501907348633 -1.6111316388336405 0.19625155627727509
Pedestrian -1 -1 -1.27 95.2751693725586 182.02444458007812 168.0293731689453 303.67645263671875 1.491020917892456 0.5670422911643982 0.5512063503265381 -4.823207378387451 1.5411855578422546 7.345771312713623 -1.8526163718539959 0.1905055195093155
Pedestrian -1 -1 2.22 95.21868896484375 182.51800537109375 174.18356323242188 340.4454040527344 1.4868184328079224 0.4827112853527069 0.6094430088996887 -3.853166341781616 1.5372398495674133 5.950044631958008 1.6456096794737638 0.18533235788345337
Pedestrian -1 -1 -2.4 62.95118713378906 186.57470703125 181.22201538085938 364.4366149902344 1.662078619003296 0.7265834808349609 0.7319725751876831 -3.9346365928649902 1.674302101135254 5.781355381011963 -2.9970271555315247 0.18416081368923187
Car -1 -1 2.2 88.31749725341797 175.77157592773438 227.60994720458984 345.05755615234375 1.626316785812378 1.5212591886520386 3.463041067123413 -6.736527919769287 2.1204499006271362 10.012011528015137 1.6104407568045973 0.1779014617204666
Car -1 -1 -1.74 682.8126220703125 144.9098358154297 838.6494140625 249.00827026367188 1.8786064386367798 1.6958799362182617 4.038934707641602 3.030057907104492 1.4882903099060059 14.452094078063965 -1.5294526691847263 0.17704050242900848
Car -1 -1 -1.68 660.8984375 162.01438903808594 754.181396484375 226.3540496826172 1.6861475706100464 1.7582905292510986 4.4781270027160645 3.16823148727417 1.5470024347305298 25.32794189453125 -1.5555437607438165 0.17012225091457367
Cyclist -1 -1 1.83 8.798871040344238 170.93435668945312 221.13338947296143 369.4056396484375 1.6828322410583496 0.6235697269439697 1.6873611211776733 -2.806410074234009 1.4575672149658203 3.4302756786346436 1.144572606328687 0.16895237565040588
Car -1 -1 -1.72 639.85888671875 173.8060302734375 676.3899536132812 204.2422332763672 1.552189588546753 1.5877022743225098 3.5993075370788574 2.6163887977600098 1.6089494824409485 42.380001068115234 -1.657467488942867 0.16509877145290375
Pedestrian -1 -1 2.09 661.389404296875 142.7774658203125 727.5462646484375 223.92068481445312 2.0497944355010986 0.67047119140625 0.8558905720710754 2.3815383911132812 1.4154353141784668 19.923500061035156 2.206853616164782 0.15292000770568848
Car -1 -1 -2.37 638.989013671875 18.61612319946289 730.2599487304688 80.6513900756836 2.0114407539367676 1.994458794593811 4.884387493133545 5.6588969230651855 -5.489018201828003 40.981380462646484 -2.2337917144135933 0.13904227316379547