Car -1 -1 1.84 235.67466735839844 186.05014038085938 530.4893646240234 376.5050354003906 1.4853578805923462 1.6628421545028687 4.106218338012695 -1.9027689695358276 1.5688188076019287 7.381389617919922 1.5851878788065186 0.8593329191207886
Van -1 -1 -1.69 598.1353759765625 138.8731689453125 695.8986206054688 240.53846740722656 2.498260498046875 2.0101447105407715 5.667901515960693 1.1316814422607422 1.341893032193184 21.038774490356445 -1.6329341834524556 0.8401787281036377
Pedestrian -1 -1 -0.59 750.5579223632812 165.9486083984375 797.1310424804688 270.73333740234375 1.6470074653625488 0.6090500950813293 0.6397531032562256 2.7025539875030518 1.3661581873893738 11.367685317993164 -0.35663071981147887 0.7563207149505615
Pedestrian -1 -1 -0.44 743.7256469726562 162.57476806640625 804.7926025390625 269.983642578125 1.7208895683288574 0.5943734049797058 0.5983829498291016 2.7299280166625977 1.394027829170227 11.365647315979004 -0.2010016222712676 0.7338420748710632
Cyclist -1 -1 0.71 748.8456420898438 165.1092987060547 799.1513671875 268.49334716796875 1.6282145977020264 0.5783659219741821 1.6924628019332886 2.7973997592926025 1.361301302909851 11.648218154907227 0.944509576272555 0.5731821656227112
Pedestrian -1 -1 1.15 515.1157836914062 173.8553009033203 528.8278198242188 213.23593139648438 1.7773427963256836 0.6147021651268005 0.8941866159439087 -3.7602109909057617 1.3613716065883636 32.67558670043945 1.0394961344348799 0.5040701031684875
Truck -1 -1 -1.64 600.0056762695312 145.02944946289062 693.456787109375 239.84840393066406 3.200711965560913 2.484696626663208 7.358479976654053 1.2230241298675537 1.7037531211972237 22.9742431640625 -1.581891501672553 0.4273974597454071
Pedestrian -1 -1 -0.34 745.1654052734375 170.0684356689453 784.4539184570312 271.4642333984375 1.5579557418823242 0.5338013172149658 0.6401760578155518 2.732714891433716 1.40438711643219 11.668022155761719 -0.10710584199347428 0.40786680579185486
Pedestrian -1 -1 1.18 511.2069396972656 173.0419158935547 525.4664916992188 213.9893341064453 1.798699975013733 0.6421980857849121 0.9473959803581238 -3.8330671787261963 1.4073575139045715 32.74488067626953 1.0645667217979264 0.3800264596939087
Cyclist -1 -1 0.37 742.0004272460938 161.5734405517578 806.7740478515625 270.9222717285156 1.6591824293136597 0.5558317303657532 1.757513165473938 2.8872897624969482 1.3679745197296143 11.808381080627441 0.6076424574990344 0.36980029940605164
Pedestrian -1 -1 1.31 569.3170166015625 168.28268432617188 582.3292846679688 200.59112548828125 1.7859784364700317 0.5992205142974854 0.8254011273384094 -1.3648452758789062 1.116649478673935 42.08774948120117 1.2774262443177449 0.28140702843666077
Car -1 -1 0.03 748.25830078125 167.3450469970703 793.9949951171875 269.8446960449219 1.5869849920272827 1.5399128198623657 3.1155545711517334 3.1756834983825684 1.3970019817352295 13.649632453918457 0.2592208253379411 0.2748163342475891
Van -1 -1 -1.65 606.451416015625 159.3648223876953 690.5966796875 237.9188995361328 2.002450466156006 1.8540217876434326 4.782246112823486 1.2550323009490967 1.4441223740577698 20.936256408691406 -1.5868501911296686 0.269482284784317
Car -1 -1 -2.62 1162.04638671875 180.051513671875 1240.4464111328125 374.5093078613281 1.4671194553375244 1.6365752220153809 3.8474280834198 4.092715263366699 1.5991590023040771 2.0536205768585205 -1.5140717396992152 0.26377251744270325
Pedestrian -1 -1 1.01 571.2817993164062 171.47900390625 582.3441162109375 201.51878356933594 1.7409849166870117 0.5829887986183167 0.7886849641799927 -1.4007148742675781 1.1664480566978455 43.18394088745117 0.9802089621135881 0.25846391916275024
Car -1 -1 -1.61 607.1514282226562 169.95152282714844 689.8313598632812 237.62843322753906 1.692290186882019 1.7350002527236938 4.3658318519592285 1.2142833471298218 1.3806399703025818 20.292543411254883 -1.5514011609109861 0.25670933723449707
Pedestrian -1 -1 1.83 572.9940795898438 172.8379669189453 581.4721069335938 202.41770935058594 1.7947276830673218 0.584809422492981 0.7833684682846069 -1.441131591796875 1.2418432533740997 44.35052490234375 1.7952591577616772 0.25237807631492615
Pedestrian -1 -1 1.67 569.7349853515625 172.60916137695312 578.2938842773438 201.870849609375 1.7672568559646606 0.5900663137435913 0.7734203934669495 -1.6646525859832764 1.1292275488376617 43.78447723388672 1.6356904043452944 0.24748118221759796
Car -1 -1 -1.66 602.267822265625 153.70208740234375 692.0995483398438 237.91909790039062 1.9591296911239624 1.736029028892517 4.458610534667969 1.0394338369369507 1.3778313398361206 19.86013412475586 -1.6103419765709157 0.24005405604839325
Pedestrian -1 -1 1.18 575.088623046875 172.08929443359375 586.7283325195312 202.051513671875 1.7109239101409912 0.6367887854576111 0.7470584511756897 -1.200545310974121 1.250402182340622 43.283973693847656 1.14956586322851 0.2302856147289276
Pedestrian -1 -1 1.35 1166.0841064453125 172.11795043945312 1237.6207275390625 371.5765380859375 1.764461874961853 0.6798886656761169 0.4095499515533447 3.2548129558563232 1.7917668223381042 3.2111592292785645 2.1386136219823557 0.22383776307106018
Cyclist -1 -1 1.28 335.7545166015625 177.49375915527344 374.9165954589844 245.7930450439453 1.5799248218536377 0.6038644909858704 1.642176866531372 -5.809046268463135 1.4666438102722168 16.991718292236328 0.9489248037692626 0.2202516794204712
Cyclist -1 -1 0.49 754.6041259765625 173.78704833984375 823.342529296875 261.1881103515625 1.6743667125701904 0.5675290822982788 1.6691800355911255 3.056551933288574 1.3453279733657837 12.192081451416016 0.7379130309777295 0.21402353048324585
Cyclist -1 -1 1.47 328.6692810058594 180.36402893066406 384.1402587890625 246.93600463867188 1.5898470878601074 0.5865958333015442 1.616376280784607 -5.900618076324463 1.5191968083381653 17.703868865966797 1.1513935795783468 0.20109222829341888
Cyclist -1 -1 0.72 749.0679931640625 169.22457885742188 810.0913696289062 260.133056640625 1.6879466772079468 0.5682153105735779 1.6866021156311035 2.925194263458252 1.3250393867492676 12.106825828552246 0.9591181438303291 0.1976119726896286
Cyclist -1 -1 1.94 232.01934814453125 185.7037811279297 527.8252563476562 375.7703552246094 1.740583896636963 0.5636401176452637 1.8035528659820557 -1.8385697603225708 1.6467443704605103 6.126907825469971 1.6474949306129059 0.19047357141971588
Pedestrian -1 -1 -0.84 1.588746428489685 171.05767822265625 30.54549539089203 356.9061584472656 1.9075394868850708 0.7366669774055481 0.5707547664642334 -3.324807643890381 1.7245292663574219 3.3636066913604736 -1.6173752382071207 0.1763983815908432
Car -1 -1 -2.36 1177.481689453125 172.50454711914062 1238.4676513671875 369.342529296875 1.5605363845825195 1.633253812789917 3.596688747406006 2.9667372703552246 1.3617019057273865 1.6275221109390259 -1.2955656562531974 0.17626020312309265
Car -1 -1 1.9 -0.7477999925613403 161.6691436767578 28.298243403434753 349.3324890136719 1.8492295742034912 1.6714876890182495 4.170710563659668 -3.924489974975586 1.6647722721099854 2.1518008708953857 0.8293392443931764 0.15425211191177368
Pedestrian -1 -1 0.8 533.0753784179688 171.01593017578125 544.4714965820312 201.455078125 1.651379942893982 0.6048403382301331 0.7044404149055481 -3.5271146297454834 1.067778542637825 43.036983489990234 0.7174334978686714 0.15052159130573273
Car -1 -1 0.4 2.5288238525390625 182.92774963378906 28.677236557006836 360.38330078125 1.6682300567626953 1.6489040851593018 4.038483619689941 -3.120516061782837 1.4539313316345215 1.583972692489624 -0.6984903935762814 0.12031189352273941
Car -1 -1 -0.67 1.2081226110458374 264.5379333496094 37.87352788448334 360.1748962402344 1.3627811670303345 1.4976239204406738 3.4493823051452637 -2.629687547683716 1.3610470294952393 1.8662124872207642 -1.6207508632262382 0.11862584948539734