Pedestrian -1 -1 2.97 774.56494140625 165.75531005859375 827.1822509765625 298.2039794921875 1.7398854494094849 0.5983456969261169 0.8226206302642822 2.78839373588562 1.561772644519806 10.075936317443848 -3.0403793375016273 0.8402710556983948
Van -1 -1 1.77 364.6561279296875 171.33946228027344 469.08404541015625 252.65292358398438 1.9501214027404785 1.7820066213607788 4.427248954772949 -4.786754131317139 1.743756353855133 19.212814331054688 1.5265555490792897 0.8285320401191711
Pedestrian -1 -1 -3.01 1002.362548828125 157.8135528564453 1109.5103759765625 324.4504089355469 1.8739186525344849 0.590287983417511 1.1008203029632568 5.059690952301025 1.5743980407714844 8.104702949523926 -2.4517355831426473 0.8232346773147583
Pedestrian -1 -1 -2.28 253.77825927734375 175.37033081054688 331.6633605957031 351.45953369140625 1.5409053564071655 0.590689480304718 0.6118695735931396 -3.040680170059204 1.5809340476989746 7.025921821594238 -2.692363639856759 0.7869646549224854
Car -1 -1 2.33 -2.7766060829162598 153.6298828125 313.95633459091187 374.0621032714844 1.7967063188552856 1.7324053049087524 4.279040813446045 -2.9635584354400635 1.7658435702323914 2.9303812980651855 1.5352856490541713 0.7651420831680298
Pedestrian -1 -1 -1.71 242.2888946533203 182.59994506835938 341.4938659667969 357.4506530761719 1.5401195287704468 0.5707945227622986 0.7204859852790833 -3.012911319732666 1.5924741625785828 6.952165603637695 -2.114080328436799 0.6972837448120117
Van -1 -1 1.7 420.29864501953125 177.1622314453125 493.67193603515625 236.91104125976562 1.836016297340393 1.8160407543182373 4.751071929931641 -4.937421798706055 1.7484638690948486 25.28326416015625 1.5113301080253816 0.6430582404136658
Pedestrian -1 -1 1.9 581.129150390625 179.61019897460938 599.93896484375 232.46218872070312 1.657073974609375 0.6483545303344727 0.6284841895103455 -0.29818248748779297 1.6213672757148743 23.431060791015625 1.8890351375323045 0.6414225101470947
Pedestrian -1 -1 1.75 327.28448486328125 180.8578338623047 362.51947021484375 266.6466369628906 1.600713849067688 0.5764570832252502 0.5257558822631836 -4.828819751739502 1.575442135334015 13.708412170410156 1.4153721355207267 0.6328556537628174
Van -1 -1 2.32 -0.2570009231567383 143.85264587402344 310.3289976119995 372.45916748046875 2.0501484870910645 1.7932947874069214 4.4426140785217285 -2.778226852416992 1.638396143913269 3.028456926345825 1.573582340108703 0.5957558751106262
Cyclist -1 -1 1.9 279.97576904296875 180.69332885742188 321.3553466796875 270.1096496582031 1.620834469795227 0.5949320793151855 1.6547538042068481 -5.58302640914917 1.603498935699463 13.76144027709961 1.515136815029507 0.5658249855041504
Cyclist -1 -1 -0.99 499.2278747558594 180.10125732421875 521.9653930664062 230.1774139404297 1.736354947090149 0.5457227230072021 1.8013073205947876 -3.1584999561309814 1.677130103111267 25.061487197875977 -1.114651049219038 0.5433374047279358
Pedestrian -1 -1 -1.74 499.2206115722656 181.0250701904297 518.251708984375 230.8151092529297 1.7210655212402344 0.641636312007904 0.8564647436141968 -3.3099913597106934 1.6892340779304504 25.557844161987305 -1.8647369843634989 0.5202051401138306
Pedestrian -1 -1 1.68 297.76617431640625 183.0617218017578 344.783935546875 264.8638000488281 1.5921995639801025 0.5725706219673157 0.40045851469039917 -5.193925380706787 1.5854431986808777 13.471659660339355 1.3164171394759352 0.5171332359313965
Pedestrian -1 -1 0.98 496.70208740234375 178.5807342529297 522.2296142578125 229.78286743164062 1.792785882949829 0.6469688415527344 0.9417674541473389 -3.156750202178955 1.6720259189605713 24.57998275756836 0.8521176539416437 0.5118003487586975
Pedestrian -1 -1 2.34 310.48095703125 181.95571899414062 353.57025146484375 266.7882385253906 1.5869643688201904 0.5810984373092651 0.42243340611457825 -5.044083595275879 1.5946911573410034 13.45301342010498 1.9842089935010492 0.5116826295852661
Car -1 -1 1.75 363.6231994628906 170.6251678466797 469.191162109375 254.96209716796875 1.9183155298233032 1.7474679946899414 4.285235404968262 -4.54976224899292 1.6547459363937378 18.183130264282227 1.5089352926364388 0.5113429427146912
Pedestrian -1 -1 -2.26 268.78656005859375 182.55995178222656 336.2689208984375 360.6214294433594 1.4745793342590332 0.5828952789306641 0.7590423822402954 -2.859837293624878 1.5782818794250488 6.855157375335693 -2.652013192871001 0.4658748209476471
Cyclist -1 -1 1.98 290.5611877441406 180.9187774658203 328.2164306640625 268.696044921875 1.6216962337493896 0.604358434677124 1.666222333908081 -5.529506206512451 1.612109124660492 13.91545581817627 1.6024864290622656 0.4633563160896301
Pedestrian -1 -1 1.82 289.02606201171875 180.1123504638672 334.5291442871094 275.30584716796875 1.644179344177246 0.5961087942123413 0.4299771785736084 -5.45290994644165 1.6452776193618774 13.769754409790039 1.4440576087606027 0.4588138163089752
Pedestrian -1 -1 -0.0 276.9378662109375 179.5455322265625 321.1119689941406 274.5736999511719 1.6492195129394531 0.5766831636428833 0.5194668173789978 -5.625195026397705 1.6292742490768433 13.44597053527832 -0.39687469921703933 0.4343625605106354
Pedestrian -1 -1 0.81 579.6656494140625 182.23025512695312 603.0619506835938 235.56532287597656 1.6798804998397827 0.6136058568954468 0.8186347484588623 -0.3029067814350128 1.6648202538490295 22.212505340576172 0.7914571844845097 0.41569122672080994
Pedestrian -1 -1 2.86 215.6036834716797 175.74749755859375 340.9817199707031 364.9625244140625 1.7071751356124878 0.6086623072624207 0.6751421689987183 -2.93990421295166 1.7031757235527039 7.04982328414917 2.468311115521378 0.41139906644821167
Cyclist -1 -1 2.1 295.4776611328125 182.93614196777344 338.041015625 270.1349182128906 1.6599754095077515 0.6028175950050354 1.6584612131118774 -5.589925765991211 1.6823477745056152 14.23025131225586 1.7207547752509589 0.4077945649623871
Cyclist -1 -1 2.08 304.1195068359375 180.77061462402344 336.70001220703125 267.2294921875 1.611727237701416 0.614425539970398 1.6363325119018555 -5.684861183166504 1.5863180756568909 14.408451080322266 1.7042277329449345 0.4067626893520355
Pedestrian -1 -1 2.0 283.1694030761719 182.5482635498047 342.86956787109375 269.664306640625 1.6491585969924927 0.5899706482887268 0.475242018699646 -5.471939563751221 1.6747652888298035 13.757545471191406 1.626120260972547 0.40272459387779236
Cyclist -1 -1 0.77 275.42919921875 180.5244598388672 325.4132995605469 255.98782348632812 1.5559624433517456 0.584291398525238 1.585364818572998 -6.7551140785217285 1.5599740743637085 16.133358001708984 0.3685014942290099 0.4006979167461395
Cyclist -1 -1 -0.27 324.29034423828125 182.1951904296875 361.29302978515625 266.2125244140625 1.6112087965011597 0.5548774600028992 1.723392367362976 -5.115016460418701 1.6394903063774109 14.380144119262695 -0.6123718219965557 0.38719990849494934
Cyclist -1 -1 -1.99 579.0053100585938 181.77008056640625 603.1577758789062 236.61502075195312 1.6693869829177856 0.5288161635398865 1.7245980501174927 -0.27219685912132263 1.6838869452476501 22.412397384643555 -2.0028614642230247 0.37969228625297546
Pedestrian -1 -1 2.63 279.1010437011719 174.73495483398438 326.557373046875 307.77203369140625 1.603433609008789 0.6196311712265015 0.5619458556175232 -4.889134407043457 1.666240155696869 11.86962890625 2.2346138094322825 0.364569753408432
Cyclist -1 -1 2.02 297.94671630859375 182.82032775878906 351.19000244140625 268.3624572753906 1.6131067276000977 0.6057513952255249 1.7263636589050293 -5.633542060852051 1.692640781402588 14.528943061828613 1.6490530317722136 0.36065611243247986
Pedestrian -1 -1 0.94 293.9555358886719 179.84881591796875 325.747314453125 266.97119140625 1.5722987651824951 0.5529866218566895 0.5691841244697571 -5.51238489151001 1.5437346696853638 13.607585906982422 0.5600017917737468 0.36006343364715576
Cyclist -1 -1 2.07 235.04617309570312 178.8832244873047 345.4852600097656 360.048583984375 1.592003583908081 0.5655582547187805 1.6655067205429077 -3.002610683441162 1.6232645511627197 7.101973056793213 1.672637329374588 0.3587639033794403
Pedestrian -1 -1 1.03 279.3993835449219 182.47193908691406 331.2795104980469 267.6127014160156 1.5845071077346802 0.5655289888381958 0.40317249298095703 -5.273256778717041 1.5739850997924805 12.842573165893555 0.640569769466703 0.3554777503013611
Cyclist -1 -1 2.12 283.1694030761719 182.5482635498047 342.86956787109375 269.664306640625 1.62588369846344 0.6108474731445312 1.7362016439437866 -5.791466236114502 1.7189691662788391 14.467635154724121 1.7405548080604865 0.35513371229171753
Cyclist -1 -1 1.82 276.4323425292969 176.600341796875 324.03094482421875 280.6123046875 1.616551160812378 0.574949324131012 1.680975317955017 -5.88613224029541 1.624116599559784 13.849203109741211 1.4177537206754796 0.35265645384788513
Car -1 -1 1.7 423.7494201660156 183.36058044433594 487.4176940917969 237.49435424804688 1.5278823375701904 1.6560990810394287 4.272439956665039 -5.003856182098389 1.7049261331558228 25.40552520751953 1.5058352870334737 0.3421929180622101
Pedestrian -1 -1 1.44 299.676513671875 182.31765747070312 335.4217834472656 268.8845520019531 1.6556190252304077 0.5610540509223938 0.530439019203186 -5.462757110595703 1.6231030821800232 13.813972473144531 1.0657122591543802 0.33902785181999207
Cyclist -1 -1 1.85 317.8502502441406 182.21434020996094 348.6196594238281 264.8375244140625 1.6241445541381836 0.6125854253768921 1.6470986604690552 -5.438722133636475 1.5969152450561523 14.524368286132812 1.4942153719950628 0.32027727365493774
Pedestrian -1 -1 0.96 268.5821533203125 181.4561309814453 317.1247863769531 283.871337890625 1.5789400339126587 0.5996500849723816 0.5188543200492859 -5.364742279052734 1.6625723242759705 12.632926940917969 0.5557827615355695 0.3201698362827301
Car -1 -1 1.67 419.38531494140625 176.711669921875 495.24102783203125 237.1480712890625 1.7396219968795776 1.748474359512329 4.549464702606201 -4.716859340667725 1.6446104049682617 24.013856887817383 1.4747619480682141 0.31882351636886597
Pedestrian -1 -1 2.02 287.0863037109375 177.3939666748047 332.7096862792969 295.6002197265625 1.5848854780197144 0.6341173052787781 0.5667563676834106 -5.241022109985352 1.6626736521720886 13.149012565612793 1.638278211736301 0.3175082206726074
Cyclist -1 -1 -0.49 1003.6339721679688 158.83067321777344 1105.8203125 323.2718200683594 1.7452268600463867 0.5794693231582642 1.788815975189209 5.393869400024414 1.543542504310608 8.579461097717285 0.07210943770747136 0.3150542378425598
Pedestrian -1 -1 -2.25 286.2809753417969 180.26766967773438 324.60601806640625 271.1593933105469 1.6166664361953735 0.579384446144104 0.5542866587638855 -5.69386625289917 1.6307055354118347 13.7293701171875 -2.6439558134794687 0.3124442398548126
Van -1 -1 1.69 397.4693298339844 175.8528594970703 486.43157958984375 242.54396057128906 1.8877617120742798 1.7449777126312256 4.802005767822266 -4.989870071411133 1.7183367013931274 23.478775024414062 1.4850063834709477 0.305234432220459
Pedestrian -1 -1 -3.02 272.5700988769531 175.09352111816406 320.72552490234375 316.2633056640625 1.5995879173278809 0.6278665065765381 0.6129776239395142 -4.2863945960998535 1.6494219303131104 10.12409496307373 2.8598825544828435 0.2858569622039795
Pedestrian -1 -1 1.81 316.6571960449219 182.09124755859375 352.1783752441406 277.32244873046875 1.6158709526062012 0.6270016431808472 0.528732180595398 -5.346375465393066 1.6903415322303772 14.694540977478027 1.4650435725281543 0.2851525545120239
Pedestrian -1 -1 1.36 307.3961181640625 180.51063537597656 339.3466491699219 264.0155334472656 1.619049072265625 0.5840193033218384 0.6667428612709045 -5.433871746063232 1.5423376560211182 14.020517349243164 0.993086868192492 0.28185221552848816
Cyclist -1 -1 -1.28 580.2297973632812 179.54556274414062 600.41357421875 232.28089904785156 1.7206394672393799 0.5634964108467102 1.68489408493042 -0.313498318195343 1.6855099201202393 24.037534713745117 -1.2915673715122011 0.27801576256752014
Pedestrian -1 -1 1.14 307.5108642578125 176.74200439453125 345.67193603515625 283.15576171875 1.6291927099227905 0.6547879576683044 0.6698142290115356 -4.9386210441589355 1.6095844507217407 13.435152053833008 0.7830580156146993 0.2763981521129608
Pedestrian -1 -1 2.97 238.615966796875 177.99440002441406 320.73223876953125 343.28485107421875 1.5975919961929321 0.6313769221305847 0.675625741481781 -2.9762773513793945 1.5481740832328796 6.837955951690674 2.555395142081661 0.27631431818008423
Cyclist -1 -1 2.62 310.48095703125 181.95571899414062 353.57025146484375 266.7882385253906 1.5879335403442383 0.5868963003158569 1.6549804210662842 -5.320197105407715 1.5988824367523193 14.026616096496582 2.2537339350854424 0.27525824308395386
Pedestrian -1 -1 3.07 246.9223175048828 176.24534606933594 313.0118713378906 358.4976806640625 1.488203525543213 0.5672067999839783 0.7007979154586792 -2.9862639904022217 1.573113203048706 6.765083312988281 2.657899229689864 0.2689129412174225
Pedestrian -1 -1 1.41 259.0025329589844 174.37518310546875 321.6136169433594 330.8934020996094 1.5685840845108032 0.6358610987663269 0.7050846219062805 -3.3135464191436768 1.527308702468872 7.556731700897217 1.0010411038371467 0.26585209369659424
Pedestrian -1 -1 1.61 234.984130859375 195.3445281982422 328.02001953125 357.6777648925781 1.509185552597046 0.540404200553894 0.7010805010795593 -3.04891037940979 1.6377811431884766 7.036196708679199 1.198390260752845 0.2651226818561554
Pedestrian -1 -1 -2.96 278.1020812988281 179.18402099609375 334.487060546875 338.4468078613281 1.6223623752593994 0.6007021069526672 0.6992499232292175 -2.9566807746887207 1.5081661939620972 7.184930801391602 2.936563542784498 0.2541877031326294
Pedestrian -1 -1 -2.68 260.83026123046875 177.89300537109375 343.86590576171875 339.4653015136719 1.6619582176208496 0.6384494304656982 0.7656611800193787 -2.7268435955047607 1.5732162594795227 6.641209602355957 -3.0692237262575137 0.25342661142349243
Pedestrian -1 -1 1.38 1010.8344116210938 138.0860595703125 1126.6868896484375 324.3831481933594 1.85248601436615 0.6601695418357849 1.0587626695632935 5.084757328033447 1.576612651348114 7.838423728942871 1.9575965444732253 0.2507129907608032
Pedestrian -1 -1 1.03 261.043212890625 179.84005737304688 309.5741271972656 288.8992919921875 1.6119362115859985 0.6054713129997253 0.5678364038467407 -4.751265048980713 1.6037025451660156 10.802635192871094 0.6195125983088401 0.2492818385362625
Pedestrian -1 -1 2.91 768.9949340820312 170.23052978515625 823.9336547851562 285.5005187988281 1.6578848361968994 0.593044638633728 0.5703847408294678 2.7786262035369873 1.5021833181381226 10.073244094848633 -3.1007198520210313 0.24869169294834137
Pedestrian -1 -1 2.73 261.6318054199219 175.47645568847656 308.82049560546875 320.0697326660156 1.6118755340576172 0.6394180059432983 0.6928565502166748 -3.5039501190185547 1.5377018451690674 8.014620780944824 2.3170027355402683 0.24731409549713135
Pedestrian -1 -1 1.93 309.7508239746094 185.6970672607422 345.6206359863281 263.4874572753906 1.485878348350525 0.5266058444976807 0.8020967245101929 -5.510888576507568 1.5484745502471924 14.643453598022461 1.5659344811891263 0.24476394057273865
Pedestrian -1 -1 1.44 704.0675048828125 196.4016876220703 721.5142211914062 257.4111022949219 1.448086142539978 0.47065749764442444 0.3923253118991852 2.626739740371704 1.8092864155769348 16.965330123901367 1.5958598542398708 0.24299012124538422
Cyclist -1 -1 2.28 1215.7574462890625 134.88632202148438 1242.716552734375 350.17510986328125 1.6502184867858887 0.6254375576972961 1.7588146924972534 3.7049319744110107 1.4735735654830933 3.023080587387085 -3.116289843922436 0.24035078287124634
Pedestrian -1 -1 2.63 168.78030395507812 171.4029541015625 333.14471435546875 367.0869140625 1.7207882404327393 0.6231296062469482 0.7409771084785461 -2.7105913162231445 1.5664027333259583 5.98298454284668 2.2086863052430274 0.23583422601222992
Pedestrian -1 -1 -1.4 423.7494201660156 183.36058044433594 487.4176940917969 237.49435424804688 1.713546872138977 0.6345336437225342 0.7293818593025208 -4.558232307434082 1.7670462727546692 22.197608947753906 -1.6051169177898919 0.23325861990451813
Pedestrian -1 -1 -1.2 223.0911102294922 176.79884338378906 314.2525939941406 349.9474182128906 1.5654808282852173 0.595085859298706 0.580328106880188 -3.264942169189453 1.567391812801361 7.155030727386475 -1.6238282949204894 0.23176169395446777
Pedestrian -1 -1 -1.83 194.95208740234375 181.02725219726562 322.1583251953125 353.39111328125 1.635333776473999 0.6172387003898621 0.6199410557746887 -2.88004207611084 1.6302247643470764 6.371172904968262 -2.2548550676235832 0.23174703121185303
Car -1 -1 2.21 225.92063903808594 184.7279815673828 338.1800842285156 360.4716491699219 1.4815866947174072 1.4816315174102783 3.0209221839904785 -3.136190414428711 1.6084414720535278 7.94832181930542 1.8347901455161697 0.23062819242477417
Cyclist -1 -1 1.71 275.11090087890625 181.0266876220703 315.2831115722656 263.85003662109375 1.6024298667907715 0.570883572101593 1.5801481008529663 -5.875110626220703 1.6010109782218933 13.894329071044922 1.309088844406281 0.2181677222251892
Cyclist -1 -1 2.61 262.090576171875 172.53236389160156 335.5854187011719 359.95550537109375 1.5804380178451538 0.6577748656272888 1.671560287475586 -3.032170534133911 1.6022595167160034 7.1344990730285645 2.2080684664916497 0.2167627513408661
Car -1 -1 -2.45 250.3367919921875 177.79925537109375 339.5888977050781 349.8819274902344 1.601358413696289 1.5072842836380005 3.0789406299591064 -3.7897658348083496 1.718053162097931 8.454107284545898 -2.875795728549594 0.2154567539691925
Cyclist -1 -1 1.88 423.7494201660156 183.36058044433594 487.4176940917969 237.49435424804688 1.7072300910949707 0.5230026841163635 1.8801934719085693 -4.3088178634643555 1.6816459894180298 21.211639404296875 1.6801054149546069 0.21331757307052612
Pedestrian -1 -1 1.53 265.4542541503906 182.1328125 314.82794189453125 307.3892517089844 1.588073492050171 0.6205830574035645 0.6809616684913635 -4.033155918121338 1.616205632686615 9.437810897827148 1.1291623302693958 0.20828169584274292
Pedestrian -1 -1 1.58 1004.3860473632812 160.6016845703125 1079.8492431640625 306.3247985839844 1.7964082956314087 0.5915637612342834 0.8973389267921448 5.458354473114014 1.4967446327209473 8.697994232177734 2.1392539477555523 0.20813807845115662
Pedestrian -1 -1 1.11 266.1143493652344 179.5587921142578 328.66937255859375 270.95745849609375 1.6487401723861694 0.5850191116333008 0.4014012813568115 -5.1406402587890625 1.6019375920295715 12.1575345993042 0.7114021007709681 0.20790795981884003
Cyclist -1 -1 1.81 303.2445983886719 183.39407348632812 345.1278381347656 264.3631896972656 1.561501383781433 0.5820918083190918 1.585585355758667 -5.430024147033691 1.5297317504882812 14.386879920959473 1.4449818427057366 0.207115039229393
Cyclist -1 -1 0.81 307.5108642578125 176.74200439453125 345.67193603515625 283.15576171875 1.645950198173523 0.5881552696228027 1.6067196130752563 -4.346761703491211 1.5776387453079224 11.680716514587402 0.451269419187442 0.20664504170417786
Pedestrian -1 -1 1.56 320.96051025390625 182.10372924804688 355.216552734375 265.68988037109375 1.5676651000976562 0.5356539487838745 0.5285400152206421 -5.304036617279053 1.6142641305923462 14.638006210327148 1.2147303009523593 0.2057754248380661
Cyclist -1 -1 1.72 770.1682739257812 164.78172302246094 829.811279296875 296.65802001953125 1.7193992137908936 0.6174649000167847 1.8022329807281494 2.939950466156006 1.5861549973487854 10.485756874084473 1.9931960959263844 0.20500251650810242
Pedestrian -1 -1 1.58 299.50341796875 181.20936584472656 340.7438659667969 285.5589904785156 1.6001933813095093 0.618399441242218 0.6784127950668335 -4.637742042541504 1.616650104522705 12.346473693847656 1.2158913095543689 0.20341898500919342
Car -1 -1 -1.8 273.8758850097656 182.20372009277344 326.85028076171875 257.0272216796875 1.426609992980957 1.5105427503585815 3.0464062690734863 -7.605373382568359 1.6698886156082153 18.86866569519043 -2.182614853402452 0.2021433562040329
Cyclist -1 -1 0.49 269.71539306640625 178.60049438476562 334.51043701171875 261.4728088378906 1.6733262538909912 0.5957321524620056 1.7661795616149902 -6.3798394203186035 1.672262191772461 15.295037269592285 0.09257194718800577 0.20129309594631195
Pedestrian -1 -1 2.17 584.318359375 177.2598876953125 602.1065673828125 232.91380310058594 1.637557864189148 0.6771478056907654 0.6375728845596313 -0.17416225373744965 1.656452715396881 23.95479393005371 2.166024381734295 0.1983540952205658
Pedestrian -1 -1 -0.09 243.55764770507812 179.41705322265625 310.5736999511719 311.6181945800781 1.6168897151947021 0.6680157780647278 0.6701626181602478 -3.947755813598633 1.5898535251617432 8.812283515930176 -0.5088833945770683 0.19729052484035492
Pedestrian -1 -1 0.3 308.8057556152344 190.08885192871094 334.27288818359375 269.6377258300781 1.4823431968688965 0.5028026700019836 0.7219933271408081 -5.1931915283203125 1.6635367274284363 13.52324104309082 -0.06829503475717758 0.19024139642715454
Cyclist -1 -1 0.6 261.702880859375 183.1377410888672 318.4305419921875 249.8628387451172 1.5852338075637817 0.5718494653701782 1.5945022106170654 -7.873842716217041 1.6296333074569702 18.209503173828125 0.1925508470316366 0.18758463859558105
Pedestrian -1 -1 -1.29 141.2138671875 172.82730102539062 215.4679718017578 259.3389587402344 1.623801589012146 0.592488706111908 0.3509957492351532 -7.8448309898376465 1.4349722266197205 13.321664810180664 -1.8235817861282149 0.18461909890174866
Cyclist -1 -1 0.23 287.4521789550781 177.80535888671875 331.6503601074219 278.3507385253906 1.6633069515228271 0.6054589152336121 1.6365413665771484 -6.007374286651611 1.667936623096466 14.636177062988281 -0.1564735741005565 0.18019206821918488
Pedestrian -1 -1 1.89 606.0247802734375 175.37030029296875 619.5781860351562 232.0294647216797 1.6199681758880615 0.6396509408950806 0.6231691241264343 0.3055402636528015 1.5887993574142456 23.69756507873535 1.907088153979359 0.17862394452095032
Pedestrian -1 -1 2.54 582.8551025390625 176.69032287597656 598.4293823242188 229.54397583007812 1.6666221618652344 0.6913530230522156 0.7465565204620361 -0.303711473941803 1.5807750225067139 25.509050369262695 2.5325108560140546 0.1782681941986084
Pedestrian -1 -1 -2.47 289.9846496582031 175.75657653808594 343.51025390625 326.5568542480469 1.6483229398727417 0.6829180121421814 0.7599611282348633 -3.4840612411499023 1.6246027946472168 9.141414642333984 -2.835283155725124 0.174690842628479
Cyclist -1 -1 0.64 299.50341796875 181.20936584472656 340.7438659667969 285.5589904785156 1.635299563407898 0.5670936703681946 1.5614365339279175 -3.73537015914917 1.532723844051361 9.845620155334473 0.2765145340750266 0.17183354496955872
Truck -1 -1 1.61 364.2070617675781 171.8855743408203 473.2291259765625 252.63565063476562 2.89953351020813 2.3551082611083984 6.593109607696533 -5.079190254211426 2.102875530719757 21.90411376953125 1.3838744589364982 0.1716189831495285
Pedestrian -1 -1 3.02 306.24871826171875 181.97433471679688 348.2242126464844 312.0427551269531 1.6261693239212036 0.643359899520874 0.5954152941703796 -4.227456092834473 1.7130700945854187 11.222261428833008 2.6646242201357992 0.15751543641090393
Car -1 -1 2.32 0.7334262132644653 154.88751220703125 241.66747772693634 376.83477783203125 1.6935681104660034 1.6213401556015015 4.049569129943848 -4.575122356414795 1.7505205869674683 4.583172798156738 1.5314019608963836 0.1544256955385208
Car -1 -1 2.48 6.359213352203369 186.88900756835938 133.9248948097229 366.6127624511719 1.4969927072525024 1.5885355472564697 3.9319252967834473 -5.994096279144287 1.6794704794883728 5.430022716522217 1.6499104439760792 0.12887604534626007
Pedestrian -1 -1 -2.49 106.4426040649414 182.26434326171875 335.2540054321289 358.16015625 1.6878875494003296 0.7381846308708191 0.8494749665260315 -2.7498795986175537 1.7018939852714539 5.391580581665039 -2.9630680343697113 0.11920003592967987