Van -1 -1 1.77 356.76702880859375 150.1365509033203 479.2658386230469 245.9309844970703 1.8758803606033325 1.8059002161026 4.5898756980896 -4.1714935302734375 1.228566735982895 17.128509521484375 1.5331489527005804 0.8548139333724976
Pedestrian -1 -1 2.81 1033.03076171875 128.66970825195312 1155.2303466796875 345.2534484863281 1.8079136610031128 0.5921143889427185 1.06307852268219 4.412083625793457 1.3828447461128235 6.498490810394287 -2.878029207251174 0.8468884825706482
Pedestrian -1 -1 -2.89 45.12343215942383 153.8720703125 179.79941177368164 372.8356018066406 1.6595444679260254 0.620560348033905 0.5971903204917908 -3.1473493576049805 1.4974849224090576 4.585360050201416 2.791992581152636 0.8403144478797913
Pedestrian -1 -1 2.09 221.86082458496094 158.82472229003906 281.81280517578125 292.696044921875 1.6609091758728027 0.6024888157844543 0.5233607888221741 -4.5478835105896 1.3781356811523438 9.329078674316406 1.6397527191406782 0.8245194554328918
Pedestrian -1 -1 -2.69 773.293701171875 153.08322143554688 832.37451171875 301.10009765625 1.6826921701431274 0.5982220768928528 0.7350693345069885 2.4136595726013184 1.3211574256420135 8.498064994812012 -2.4122125152155967 0.8011331558227539
Pedestrian -1 -1 2.33 30.124902725219727 151.41989135742188 156.755464553833 369.76025390625 1.7912418842315674 0.6466991305351257 0.7613633871078491 -3.3494553565979004 1.5856096148490906 4.768315315246582 1.7218909221764829 0.7939605712890625
Pedestrian -1 -1 2.19 171.4110107421875 159.58595275878906 221.4170684814453 273.37451171875 1.6658034324645996 0.5981380939483643 0.648044764995575 -6.113070964813232 1.3325910568237305 10.775684356689453 1.6774791468222219 0.7688474059104919
Van -1 -1 1.73 429.50115966796875 157.24241638183594 510.2411804199219 222.20240783691406 1.8755055665969849 1.809184193611145 4.7538862228393555 -4.178799152374268 1.1297675520181656 23.413400650024414 1.554529287894825 0.7192845940589905
Pedestrian -1 -1 2.22 119.01033782958984 155.11805725097656 156.54617309570312 251.9516143798828 1.7054890394210815 0.6022236347198486 0.38975760340690613 -8.27807903289795 1.2842354476451874 12.918533325195312 1.647480905627913 0.7130865454673767
Pedestrian -1 -1 0.68 1140.4832763671875 127.55834197998047 1210.8509521484375 265.8915328979492 1.8638964891433716 0.6180979609489441 0.6703078746795654 8.080941200256348 1.174393191933632 10.135178565979004 1.354910415343114 0.6929822564125061
Pedestrian -1 -1 0.77 513.62744140625 159.07110595703125 536.7322387695312 216.9196319580078 1.7631555795669556 0.6507015824317932 0.809963047504425 -2.283950090408325 1.0520168095827103 21.518709182739258 0.6670464994594809 0.6776423454284668
Pedestrian -1 -1 -0.91 1140.8870849609375 133.67726135253906 1193.2449951171875 270.2605285644531 1.8039710521697998 0.5929965376853943 0.8886470794677734 8.145622253417969 1.1940161883831024 10.34361743927002 -0.24085711224004047 0.6355098485946655
Pedestrian -1 -1 -0.8 1135.4351806640625 138.20298767089844 1185.400634765625 271.4113464355469 1.7899147272109985 0.6108522415161133 0.7101246118545532 7.941457271575928 1.2377439737319946 10.253082275390625 -0.13870561880271293 0.604957103729248
Pedestrian -1 -1 1.46 618.011474609375 156.0944061279297 638.9493408203125 213.87063598632812 1.730764627456665 0.6512882709503174 0.736141562461853 0.8286890387535095 0.9892252162098885 22.28831672668457 1.4977352583354735 0.5644721388816833
Cyclist -1 -1 -1.24 597.4258422851562 157.94427490234375 621.9138793945312 217.1123809814453 1.7362266778945923 0.5366084575653076 1.773438811302185 0.26899901032447815 1.0192629098892212 22.738426208496094 -1.2268519598804692 0.5314611196517944
Pedestrian -1 -1 1.19 598.731201171875 156.48114013671875 622.4259033203125 213.67103576660156 1.6350847482681274 0.6453819870948792 0.7766883373260498 0.26886969804763794 0.9288733154535294 22.91638946533203 1.2066404957450345 0.5250965356826782
Pedestrian -1 -1 1.29 125.93095397949219 151.5888214111328 157.50582885742188 248.48406982421875 1.661385416984558 0.5888505578041077 0.332273006439209 -8.085318565368652 1.2125381827354431 12.77121639251709 0.7257708938800604 0.5000630021095276
Cyclist -1 -1 -1.1 509.4007263183594 158.75103759765625 534.9569091796875 217.9970703125 1.7455549240112305 0.5360131859779358 1.7803378105163574 -2.324810266494751 1.051223024725914 21.528745651245117 -1.2056072092460948 0.47932350635528564
Pedestrian -1 -1 1.7 748.9519653320312 173.9305877685547 778.1655883789062 257.6708068847656 1.4880294799804688 0.5348989963531494 0.4391331076622009 2.930908441543579 1.2539154291152954 13.085124015808105 1.9158039835531877 0.4741397798061371
Pedestrian -1 -1 1.14 162.1571807861328 150.78424072265625 213.54652404785156 263.0037536621094 1.7753549814224243 0.6505648493766785 0.6027154922485352 -6.51918363571167 1.342055231332779 11.341869354248047 0.6147728801279282 0.4720282554626465
Pedestrian -1 -1 2.35 54.2435188293457 148.67103576660156 155.86975479125977 353.9115905761719 1.6879892349243164 0.6838340163230896 0.76107257604599 -3.935838460922241 1.4577841758728027 5.563940525054932 1.7331688358635464 0.4681817293167114
Pedestrian -1 -1 -0.78 1148.8038330078125 128.21343994140625 1199.25830078125 264.1005859375 1.8215751647949219 0.5689048171043396 0.958221971988678 8.135977745056152 1.1382542997598648 10.283000946044922 -0.10921456195093171 0.4216938018798828
Pedestrian -1 -1 1.93 167.0646209716797 157.7481231689453 216.42782592773438 285.8099365234375 1.6047788858413696 0.6146594285964966 0.5360587239265442 -5.779973983764648 1.322568655014038 10.37061595916748 1.4234551313599049 0.4172692894935608
Car -1 -1 1.74 430.2001037597656 156.92019653320312 511.67376708984375 221.32974243164062 1.7272074222564697 1.6883304119110107 4.388362884521484 -4.038666248321533 1.0438082367181778 22.917558670043945 1.5674864827018524 0.4118146002292633
Pedestrian -1 -1 1.14 607.51708984375 155.86892700195312 632.4262084960938 215.13058471679688 1.6384271383285522 0.6303920745849609 0.7266179919242859 0.5395306348800659 0.957551047205925 22.520610809326172 1.1663286641881925 0.40564703941345215
Pedestrian -1 -1 2.86 1061.5806884765625 133.5026092529297 1161.592041015625 333.9503173828125 1.7441942691802979 0.6431110501289368 0.929527223110199 4.883691787719727 1.378968596458435 6.99819803237915 -2.8105740745752 0.4009609520435333
Pedestrian -1 -1 2.23 614.8489379882812 160.2078094482422 640.2205200195312 222.35169982910156 1.7464274168014526 0.6258105039596558 0.8842859864234924 0.7640293836593628 1.087933972477913 19.656932830810547 2.265610617648841 0.4000549018383026
Pedestrian -1 -1 1.25 612.6434326171875 155.66880798339844 635.9115600585938 216.1834259033203 1.6546744108200073 0.6447693705558777 0.6706212162971497 0.7695245742797852 0.9803791493177414 21.529129028320312 1.2899650017759186 0.386479914188385
Cyclist -1 -1 -0.62 169.4679412841797 158.50672912597656 223.5853729248047 274.0604248046875 1.6655962467193604 0.5664180517196655 1.6715686321258545 -6.377279758453369 1.323235273361206 11.390015602111816 -1.1349265997641966 0.3723716139793396
Pedestrian -1 -1 2.25 114.26983642578125 157.2991943359375 150.796875 257.7933044433594 1.6800601482391357 0.5916597843170166 0.4308178424835205 -8.347668647766113 1.2942297160625458 13.017258644104004 1.6833408896438158 0.3713616132736206
Pedestrian -1 -1 1.53 746.5451049804688 175.408447265625 773.50244140625 253.8186798095703 1.4782880544662476 0.5139167904853821 0.4515376687049866 2.990647554397583 1.2975146770477295 13.326170921325684 1.7481766389990288 0.357826292514801
Car -1 -1 1.81 359.3540954589844 151.2566680908203 481.2724304199219 245.32432556152344 1.8796839714050293 1.7411165237426758 4.323773384094238 -4.059682369232178 1.2027051150798798 16.764915466308594 1.5771084682496337 0.35497304797172546
Pedestrian -1 -1 1.57 509.36474609375 161.21987915039062 534.2086791992188 218.53990173339844 1.7100616693496704 0.6278216242790222 0.8372029066085815 -2.3437085151672363 1.0405082702636719 21.230270385742188 1.4596900968303261 0.3501593768596649
Pedestrian -1 -1 0.35 1155.8060302734375 128.6551055908203 1217.7635498046875 261.2750244140625 1.8872450590133667 0.6814119815826416 0.7356237173080444 8.530739784240723 1.1641607284545898 10.62341022491455 1.0244388621934908 0.34665447473526
Pedestrian -1 -1 1.7 214.66226196289062 159.8098602294922 269.57904052734375 276.4819030761719 1.5406908988952637 0.5543609857559204 0.5548394918441772 -4.999591827392578 1.2664557695388794 10.151324272155762 1.2440985299327458 0.3411966860294342
Pedestrian -1 -1 0.98 1158.3975830078125 136.55543518066406 1207.139892578125 260.1225891113281 1.786374568939209 0.6185593605041504 0.41457077860832214 8.85625171661377 1.143048956990242 10.928704261779785 1.6618099241049675 0.3345477879047394
Cyclist -1 -1 -1.88 599.6229248046875 156.8052978515625 628.5038452148438 222.76681518554688 1.6770308017730713 0.5443474054336548 1.7734941244125366 0.30219024419784546 1.0413983017206192 21.369308471679688 -1.8661642294662464 0.3282182216644287
Pedestrian -1 -1 0.51 138.5482940673828 150.04397583007812 173.66122436523438 248.47996520996094 1.7031002044677734 0.6016078591346741 0.4436233341693878 -7.885147571563721 1.2310407161712646 12.554353713989258 -0.0549360079221759 0.32659441232681274
Pedestrian -1 -1 2.55 1081.719482421875 128.49505615234375 1174.4307861328125 331.0943908691406 1.848077654838562 0.6686641573905945 0.9711503982543945 5.107865810394287 1.3737757802009583 7.149031162261963 -3.1124740887865627 0.32278943061828613
Pedestrian -1 -1 2.1 128.16322326660156 152.7101593017578 171.49649047851562 254.11912536621094 1.6637274026870728 0.6223491430282593 0.5199371576309204 -7.904680252075195 1.2205300331115723 12.54835319519043 1.5374521691031084 0.31793540716171265
Pedestrian -1 -1 1.31 140.83714294433594 147.86351013183594 184.55030822753906 252.5232391357422 1.7394453287124634 0.6144688725471497 0.47983047366142273 -7.6307692527771 1.2881026566028595 12.3757905960083 0.7614298121094727 0.3145190179347992
Pedestrian -1 -1 -0.25 121.05363464355469 149.77146911621094 151.9214324951172 259.854248046875 1.7059847116470337 0.5598652362823486 0.5439981818199158 -8.009040832519531 1.2480714619159698 12.551891326904297 -0.8132883525987444 0.31228402256965637
Cyclist -1 -1 -1.0 770.527099609375 148.947021484375 840.5556030273438 293.1474304199219 1.7966430187225342 0.5672171115875244 1.7916288375854492 2.4498839378356934 1.3545250594615936 8.868889808654785 -0.7345500354078318 0.3112521767616272
Pedestrian -1 -1 1.39 115.60234069824219 150.16354370117188 158.37806701660156 273.5948791503906 1.659297227859497 0.6831576824188232 0.4508975148200989 -8.166402816772461 1.1578916013240814 12.766444206237793 0.8187833374447337 0.30329617857933044
Pedestrian -1 -1 1.15 188.95233154296875 167.2667236328125 231.4951934814453 274.08575439453125 1.3928583860397339 0.4892319142818451 0.6588519215583801 -5.803015232086182 1.2528638243675232 10.640896797180176 0.6553506393577706 0.29787594079971313
Pedestrian -1 -1 0.41 1126.602783203125 133.56625366210938 1180.023681640625 290.6972351074219 1.8892771005630493 0.6649448871612549 0.8644723892211914 7.321296215057373 1.3123279809951782 9.335640907287598 1.0789940547749772 0.29380878806114197
Pedestrian -1 -1 2.29 102.88346862792969 154.80606079101562 156.73101806640625 255.0458221435547 1.686966061592102 0.6104415059089661 0.5180658102035522 -7.868018627166748 1.2811157405376434 12.167085647583008 1.7173950688568809 0.2925644516944885
Pedestrian -1 -1 1.14 154.0638885498047 151.6516876220703 199.71240234375 252.36585998535156 1.738900065422058 0.6431001424789429 0.6121475696563721 -7.6069440841674805 1.304513156414032 12.799022674560547 0.6040403065953406 0.2854475975036621
Pedestrian -1 -1 1.26 130.4744873046875 149.38438415527344 164.1778564453125 249.88584899902344 1.6063735485076904 0.5505795478820801 0.5029808878898621 -7.759461879730225 1.1307191848754883 12.300155639648438 0.7011957847736197 0.2805470824241638
Cyclist -1 -1 -2.32 1043.739013671875 139.98944091796875 1150.5413818359375 344.0693359375 1.7788563966751099 0.607020378112793 1.7228120565414429 4.539813041687012 1.4484053254127502 6.747314929962158 -1.7325360447778202 0.2792004942893982
Pedestrian -1 -1 1.96 1114.44580078125 132.31661987304688 1184.08349609375 293.1344299316406 1.872137427330017 0.6642908453941345 0.850418210029602 7.011885166168213 1.3690611720085144 9.296669006347656 2.602808397247739 0.27481767535209656
Cyclist -1 -1 -0.9 607.51708984375 155.86892700195312 632.4262084960938 215.13058471679688 1.6983839273452759 0.5950053334236145 1.7221852540969849 0.5173225998878479 0.9567033499479294 23.325252532958984 -0.8730000642329303 0.2729792892932892
Pedestrian -1 -1 1.6 209.82513427734375 164.5597381591797 258.21905517578125 271.0852355957031 1.4430147409439087 0.5170676708221436 0.5884023904800415 -5.584536552429199 1.2448390126228333 10.86747932434082 1.1210932654446424 0.27063387632369995
Cyclist -1 -1 -0.51 115.97030639648438 148.83599853515625 160.7128143310547 251.8577423095703 1.716172456741333 0.5406465530395508 1.7215075492858887 -8.699603080749512 1.2474523782730103 13.615644454956055 -1.0788232234505326 0.26930657029151917
Cyclist -1 -1 -1.75 613.4934692382812 157.8095703125 640.1669921875 221.92173767089844 1.713442087173462 0.5171507596969604 1.687591552734375 0.7567126154899597 1.0331531763076782 20.621780395507812 -1.7173772794322488 0.2688136696815491
Pedestrian -1 -1 2.65 768.0982055664062 162.66587829589844 822.772216796875 298.0502624511719 1.4657775163650513 0.5968750715255737 0.7990763187408447 2.3287911415100098 1.2951998114585876 8.402535438537598 2.9244433900351723 0.2660067677497864
Truck -1 -1 1.71 356.671875 150.65579223632812 482.99200439453125 245.35960388183594 2.7612266540527344 2.3910398483276367 6.579090118408203 -4.504567623138428 1.5512454956769943 18.412817001342773 1.4711064072181639 0.26375773549079895
Cyclist -1 -1 -1.8 609.01904296875 159.00588989257812 637.0113525390625 220.38821411132812 1.725400447845459 0.5387492179870605 1.7702507972717285 0.47447142004966736 1.0752030164003372 21.17413330078125 -1.7751904307045168 0.26222771406173706
Cyclist -1 -1 -1.14 617.7698974609375 156.6292266845703 638.7544555664062 212.822021484375 1.7083507776260376 0.580132782459259 1.7533676624298096 0.8934807181358337 0.9979943037033081 23.040382385253906 -1.104904804758748 0.2593090832233429
Pedestrian -1 -1 2.14 1097.60693359375 124.33218383789062 1175.9613037109375 315.63177490234375 1.880157709121704 0.6819788217544556 0.9487848877906799 5.499180793762207 1.383330076932907 7.465963363647461 2.771566424988931 0.2588072419166565
Pedestrian -1 -1 1.94 193.77032470703125 160.0303955078125 257.38702392578125 273.5406799316406 1.5786646604537964 0.5689264535903931 0.5745084285736084 -5.35482120513916 1.3376091718673706 10.143267631530762 1.456182062455687 0.25735265016555786
Pedestrian -1 -1 2.08 608.6787719726562 156.50787353515625 637.6954345703125 223.73777770996094 1.7608957290649414 0.621828556060791 0.8060827255249023 0.6341639161109924 1.079820454120636 19.726459503173828 2.1129035175719038 0.2569136619567871
Pedestrian -1 -1 1.96 776.324951171875 152.55430603027344 850.6710205078125 290.2619323730469 1.7365041971206665 0.616633951663971 0.8046214580535889 2.5980236530303955 1.358881413936615 9.126401901245117 2.2420451368848813 0.2538762390613556
Van -1 -1 1.77 375.4156799316406 156.32748413085938 486.5414123535156 240.2378692626953 1.9036691188812256 1.7699413299560547 4.629580974578857 -4.0919904708862305 1.261830747127533 17.246503829956055 1.5324519141625892 0.25364741683006287
Pedestrian -1 -1 1.72 1122.668701171875 130.74465942382812 1192.577880859375 278.2325134277344 1.9106454849243164 0.6766116619110107 0.7889026403427124 7.395227909088135 1.3675112128257751 9.668844223022461 2.3754859190325064 0.24865157902240753
Pedestrian -1 -1 1.57 228.34027099609375 159.53756713867188 291.2472839355469 274.9465026855469 1.7224658727645874 0.6289448738098145 0.8025380969047546 -5.087666988372803 1.3776914477348328 10.399565696716309 1.11950027296169 0.24845677614212036
Pedestrian -1 -1 2.18 68.67495727539062 156.3228759765625 165.97195434570312 336.5032958984375 1.6215770244598389 0.647705614566803 0.6514171361923218 -3.907256841659546 1.355121374130249 5.813323020935059 1.5855001287612156 0.24492834508419037
Truck -1 -1 1.71 429.88861083984375 156.05235290527344 511.30047607421875 221.71803283691406 2.7747230529785156 2.380418539047241 6.634636878967285 -4.446994781494141 1.4744949713349342 24.997333526611328 1.5365529644120315 0.23986971378326416
Pedestrian -1 -1 1.04 171.19300842285156 156.12619018554688 214.9896240234375 257.0644226074219 1.680343747138977 0.5737149119377136 0.49316149950027466 -6.61129903793335 1.2683373391628265 11.661025047302246 0.5260648335078724 0.23188289999961853
Pedestrian -1 -1 2.21 97.42167663574219 157.4178466796875 148.22227478027344 251.56610107421875 1.7049107551574707 0.5886114835739136 0.5108704566955566 -8.283344268798828 1.3267077505588531 12.570070266723633 1.6258337342865454 0.2314489334821701
Pedestrian -1 -1 2.14 594.0276489257812 159.17672729492188 625.0816650390625 217.888427734375 1.7605582475662231 0.6389338970184326 0.9202026724815369 0.26960495114326477 1.054051861166954 21.162750244140625 2.1529832936491937 0.2306004762649536
Pedestrian -1 -1 1.58 753.7547607421875 170.69102478027344 788.348388671875 267.9915771484375 1.5205761194229126 0.5793445706367493 0.6259729266166687 3.1706976890563965 1.3940050601959229 13.399338722229004 1.8147690366817537 0.23044843971729279
Cyclist -1 -1 -0.69 612.6434326171875 155.66880798339844 635.9115600585938 216.1834259033203 1.6615779399871826 0.6014671921730042 1.6898950338363647 0.792168915271759 0.9804012626409531 21.940567016601562 -0.6580538247205552 0.2287479043006897
Pedestrian -1 -1 2.91 16.839649200439453 154.83460998535156 131.8533821105957 367.7920227050781 1.7375514507293701 0.6220194101333618 0.766776978969574 -3.7190394401550293 1.5630283951759338 4.983057022094727 2.2674762206221644 0.22746263444423676
Pedestrian -1 -1 0.92 1127.5689697265625 138.35641479492188 1204.89599609375 268.3142395019531 1.8036041259765625 0.630250871181488 0.6219726800918579 7.829044818878174 1.2234675288200378 9.998167991638184 1.5837702018448727 0.22351685166358948
Car -1 -1 -0.21 1193.5731201171875 182.77999877929688 1236.7513427734375 318.68011474609375 1.6760293245315552 1.620013952255249 3.9946744441986084 6.300130367279053 1.590069830417633 5.372896194458008 0.6538950559217511 0.22311294078826904
Pedestrian -1 -1 2.48 88.03180694580078 144.71722412109375 162.0723114013672 330.8846130371094 1.6985063552856445 0.6936910152435303 0.7699905037879944 -4.690540790557861 1.446961760520935 7.1722636222839355 1.9036625779832903 0.22213609516620636
Van -1 -1 1.77 408.9122314453125 156.41629028320312 510.8641662597656 229.53207397460938 1.9640181064605713 1.7406543493270874 4.744682788848877 -4.228153228759766 1.135457456111908 22.33319664001465 1.5801264049652808 0.22158120572566986
Pedestrian -1 -1 1.75 2.436274766921997 143.56410217285156 166.740473985672 366.6976318359375 1.7613929510116577 0.6080886125564575 0.5723893642425537 -4.064172267913818 1.4982918500900269 5.425875186920166 1.110581749860593 0.2207297384738922
Pedestrian -1 -1 1.52 751.875732421875 172.3990478515625 783.3385620117188 258.9576721191406 1.5279895067214966 0.5593869090080261 0.5995555520057678 3.1437859535217285 1.3167516589164734 13.321614265441895 1.7509090472104942 0.21996459364891052
Pedestrian -1 -1 1.57 123.33100128173828 154.40509033203125 166.715576171875 265.92889404296875 1.6258628368377686 0.5927963852882385 0.46288299560546875 -7.910110950469971 1.2279192507266998 12.594226837158203 1.0074702429621922 0.21707096695899963
Pedestrian -1 -1 2.27 599.6229248046875 156.8052978515625 628.5038452148438 222.76681518554688 1.693993330001831 0.6112120747566223 0.8424301743507385 0.3022333085536957 1.0415859818458557 20.565933227539062 2.2880911854884474 0.21559467911720276
Pedestrian -1 -1 1.22 1046.595458984375 143.489013671875 1149.4937744140625 316.06072998046875 1.8252427577972412 0.6321063041687012 0.9299100637435913 5.095400333404541 1.368344396352768 7.387707233428955 1.8243893618073166 0.2143181413412094
Pedestrian -1 -1 1.57 1110.0205078125 123.15528106689453 1185.5408935546875 321.05249786376953 1.8542518615722656 0.6670047640800476 0.9947558641433716 5.957170009613037 1.4062927067279816 7.929584980010986 2.2188427015114005 0.21343876421451569
Cyclist -1 -1 2.86 39.36821365356445 154.74200439453125 173.0830421447754 373.2117919921875 1.6446788311004639 0.5798137784004211 1.6278146505355835 -3.2332751750946045 1.5026936531066895 4.704100131988525 2.255609511235151 0.21261994540691376
Pedestrian -1 -1 2.01 78.27751159667969 158.79884338378906 183.91915893554688 344.2530822753906 1.5906600952148438 0.6118471622467041 0.6232110261917114 -3.7149746417999268 1.3657217025756836 5.714996337890625 1.435180185873886 0.21257904171943665
Pedestrian -1 -1 -0.33 1119.417236328125 149.83877563476562 1172.8045654296875 270.0760192871094 1.722184181213379 0.5965515971183777 0.5474278926849365 8.070959091186523 1.2303840816020966 10.719254493713379 0.31743681993970263 0.20730526745319366
Cyclist -1 -1 1.77 431.7438659667969 160.0591583251953 509.8283996582031 222.5283660888672 1.7368552684783936 0.518488347530365 1.9193480014801025 -3.6076972484588623 1.1200974583625793 20.012317657470703 1.5901788940736186 0.20678752660751343
Car -1 -1 1.61 433.47845458984375 166.92063903808594 500.32513427734375 225.9234619140625 1.3862093687057495 1.6196807622909546 4.001969814300537 -4.266190528869629 1.1021997332572937 23.421035766601562 1.4263880727313616 0.20481278002262115
Pedestrian -1 -1 2.46 1022.0487670898438 146.14698791503906 1178.6007080078125 340.08087158203125 1.6257699728012085 0.5009353160858154 0.6725454330444336 4.439839839935303 1.4366205334663391 6.183221340179443 3.0869362496436397 0.2039097100496292
Pedestrian -1 -1 1.31 162.87451171875 154.77403259277344 204.26470947265625 252.0232391357422 1.7592686414718628 0.5898517966270447 0.4774070680141449 -6.574341297149658 1.2701860964298248 11.353086471557617 0.7852234592049561 0.20311270654201508
Pedestrian -1 -1 2.09 87.62246704101562 158.89805603027344 151.7880401611328 271.4023132324219 1.690740704536438 0.6244813203811646 0.5287283062934875 -8.477519989013672 1.3018141388893127 13.0161714553833 1.515944691686145 0.2024986743927002
Pedestrian -1 -1 1.41 145.90147399902344 157.49142456054688 208.8028564453125 300.5865783691406 1.6112524271011353 0.6081610321998596 0.5506410598754883 -6.014171600341797 1.39937424659729 10.496575355529785 0.8880273596797403 0.20145146548748016
Pedestrian -1 -1 1.15 146.83323669433594 154.19528198242188 181.21131896972656 247.17481994628906 1.5717185735702515 0.5315541625022888 0.41041433811187744 -7.798471927642822 1.183600515127182 12.749410629272461 0.5967149531847591 0.2005365490913391
Pedestrian -1 -1 1.85 73.79883575439453 173.4424591064453 129.1844024658203 273.7190856933594 1.4849132299423218 0.4916727542877197 0.5318618416786194 -8.362675666809082 1.373598873615265 12.006699562072754 1.23973120369131 0.20018011331558228
Pedestrian -1 -1 2.91 8.343183517456055 159.04429626464844 109.58771324157715 369.35595703125 1.7303727865219116 0.5998508930206299 0.8008948564529419 -3.9443159103393555 1.576063096523285 5.114035606384277 2.2505267177677934 0.19963358342647552
Pedestrian -1 -1 1.81 109.01892852783203 161.55584716796875 145.1217041015625 263.4224548339844 1.5297425985336304 0.5012273192405701 0.5032879710197449 -8.050985336303711 1.2655585408210754 12.256274223327637 1.228716806788972 0.19954122602939606
Pedestrian -1 -1 0.93 133.4759979248047 159.7276153564453 169.18331909179688 248.337890625 1.6268733739852905 0.5774529576301575 0.5226737260818481 -8.581521034240723 1.2440897822380066 13.803884506225586 0.3722164143762523 0.19824491441249847
Cyclist -1 -1 -0.78 157.24169921875 151.41062927246094 211.14126586914062 266.0610046386719 1.7606868743896484 0.5952712893486023 1.70704185962677 -6.6925554275512695 1.2932532131671906 11.669520378112793 -1.3030459842795237 0.1980006843805313
Pedestrian -1 -1 0.68 1127.77880859375 145.5913543701172 1190.2081298828125 265.9070129394531 1.8047488927841187 0.648044764995575 0.5824223160743713 8.004293441772461 1.2541088163852692 10.3699951171875 1.334419921763363 0.19782406091690063
Pedestrian -1 -1 2.92 -0.9311888217926025 171.5419464111328 87.66074538230896 373.5230712890625 1.6403052806854248 0.6504612565040588 0.7854512929916382 -3.888339042663574 1.571302354335785 4.73240327835083 2.2320137212697926 0.19777542352676392
Pedestrian -1 -1 1.43 1089.7537841796875 142.92501831054688 1185.2158203125 338.2402038574219 1.7858151197433472 0.6361736059188843 0.9779596328735352 5.13803243637085 1.355014979839325 7.076536178588867 2.0628381712942474 0.19709719717502594
Pedestrian -1 -1 1.69 30.632492065429688 169.4088592529297 133.0591278076172 313.978271484375 1.6138067245483398 0.5934630632400513 0.5317845344543457 -5.399749279022217 1.4548495411872864 7.4197235107421875 1.055988297215059 0.19642898440361023
Pedestrian -1 -1 0.9 1161.8043212890625 132.3438262939453 1215.91015625 292.4307556152344 1.922976016998291 0.7329981923103333 0.7303006649017334 7.682705402374268 1.2741452753543854 9.597307205200195 1.5776491347604953 0.19632692635059357
Pedestrian -1 -1 -0.38 1200.0772705078125 132.69879150390625 1228.859130859375 330.5445251464844 1.6994112730026245 0.6601101160049438 0.696651041507721 5.896503925323486 1.4652861952781677 6.333824157714844 0.3667973142543386 0.1912420690059662
Pedestrian -1 -1 1.47 156.27133178710938 160.5147705078125 209.7339324951172 267.38970947265625 1.574271559715271 0.5755087733268738 0.6477199792861938 -6.5185465812683105 1.3008044958114624 11.243657112121582 0.9429216372848188 0.19075371325016022
Car -1 -1 -0.13 1196.214111328125 198.01182556152344 1234.659912109375 332.6962890625 1.700395941734314 1.6267458200454712 4.075260639190674 6.840121269226074 1.7034351825714111 5.790339946746826 0.7352207892816356 0.1853380799293518
Pedestrian -1 -1 2.19 93.16141510009766 164.2501678466797 143.6452178955078 261.9540710449219 1.6869527101516724 0.607212483882904 0.4315263330936432 -8.570439338684082 1.3439882397651672 12.988944053649902 1.610287970842129 0.182473286986351
Pedestrian -1 -1 -1.37 432.9811096191406 162.0288848876953 505.3023986816406 224.3433837890625 1.715076208114624 0.6253833770751953 0.7613866329193115 -3.9431681632995605 1.1919879019260406 20.81942367553711 -1.558201089840745 0.18021048605442047
Pedestrian -1 -1 -3.04 70.37630462646484 171.120849609375 150.39398193359375 315.0637512207031 1.4771037101745605 0.481527715921402 0.7432377338409424 -4.888322830200195 1.3463430404663086 7.192917823791504 2.643355300803959 0.1782742738723755
Pedestrian -1 -1 -0.49 1177.7120361328125 126.80703735351562 1219.0020751953125 321.4275817871094 1.8181158304214478 0.7081180214881897 0.7515642046928406 6.243251323699951 1.4462947845458984 7.263868808746338 0.22408223088108237 0.17423813045024872
Cyclist -1 -1 1.15 1200.0772705078125 132.69879150390625 1228.859130859375 330.5445251464844 1.7703869342803955 0.6836926937103271 1.7454475164413452 5.758497714996338 1.4459355473518372 5.670464038848877 1.9466653135051892 0.17344164848327637
Car -1 -1 -0.2 1181.0194091796875 162.33831787109375 1235.963134765625 339.97625732421875 1.579102873802185 1.626002550125122 4.048654556274414 7.090528964996338 1.6015006303787231 5.555314064025879 0.7059849010707016 0.16955606639385223
Pedestrian -1 -1 1.19 101.36861419677734 152.5821533203125 155.29273986816406 292.4873352050781 1.7856590747833252 0.7149121761322021 0.683260977268219 -8.230053901672363 1.3758578598499298 12.801939010620117 0.6180685958350356 0.16731321811676025
Pedestrian -1 -1 -0.64 1185.65966796875 141.70883178710938 1230.064453125 256.77227783203125 1.7866441011428833 0.625603199005127 0.5946711897850037 8.277586936950684 1.1734771728515625 9.429431915283203 0.08429817297982556 0.16469205915927887
Pedestrian -1 -1 -0.12 1213.1644287109375 129.1127471923828 1231.8870849609375 344.0954895019531 1.7478150129318237 0.6848154067993164 0.7594931721687317 5.260873794555664 1.4987649321556091 5.496145725250244 0.6450943457878933 0.1630161851644516
Cyclist -1 -1 -1.0 16.09765625 166.06619262695312 132.47364807128906 347.1077880859375 1.7605068683624268 0.6260642409324646 1.6170408725738525 -4.534312725067139 1.578292727470398 5.553548336029053 -1.6862841176916774 0.15909619629383087
Pedestrian -1 -1 0.91 1150.640625 121.92694854736328 1206.4842529296875 301.6491165161133 1.9187146425247192 0.7581390738487244 0.7251728177070618 7.695612907409668 1.3467333912849426 9.922686576843262 1.5657915954998067 0.1529562771320343
Pedestrian -1 -1 0.27 1190.25732421875 137.42433166503906 1230.3603515625 312.89453125 1.8375287055969238 0.6871577501296997 0.7337461709976196 5.620438098907471 1.3623463213443756 6.374274253845215 0.9891289555112408 0.14892765879631042
Pedestrian -1 -1 -0.0 1189.0611572265625 126.12647247314453 1225.7415771484375 330.8121109008789 1.8147097826004028 0.7049220204353333 0.7733255624771118 5.553304195404053 1.4981573224067688 6.329409599304199 0.716233060679826 0.14385280013084412
Pedestrian -1 -1 -0.5 1171.3272705078125 123.87810516357422 1214.556640625 299.4906234741211 1.9614945650100708 0.7931963205337524 0.6779572367668152 7.22520112991333 1.3924484252929688 8.717171669006348 0.19649557602984125 0.12277743965387344
Pedestrian -1 -1 -0.57 1160.735107421875 140.7064208984375 1203.8271484375 300.31927490234375 1.7896504402160645 0.7038710117340088 0.7202736735343933 6.648817539215088 1.4622445106506348 8.013495445251465 0.11889075190344922 0.12216148525476456