Car -1 -1 1.75 256.9661865234375 192.36842346191406 369.2913818359375 275.594482421875 1.4904383420944214 1.64254891872406 4.092419624328613 -6.406935691833496 2.001076400279999 15.821378707885742 1.3672452250073484 0.8861615061759949
Car -1 -1 1.93 4.995000839233398 188.72352600097656 278.8268184661865 362.30755615234375 1.567457675933838 1.6163638830184937 3.9317944049835205 -5.458213806152344 1.8214434385299683 8.953511238098145 1.3828869939106383 0.8568704128265381
Car -1 -1 1.69 378.91827392578125 192.8843231201172 420.8575439453125 223.51246643066406 1.450473666191101 1.5846221446990967 3.765979766845703 -10.473943710327148 2.461980879306793 36.315101623535156 1.4129663608444112 0.85262131690979
Car -1 -1 1.8 350.44268798828125 186.97047424316406 396.5654602050781 212.0881805419922 1.5297818183898926 1.6534385681152344 4.366980075836182 -14.923994064331055 2.482773542404175 46.03763961791992 1.4865132625978053 0.6026527285575867
Car -1 -1 1.64 370.60467529296875 189.53341674804688 417.4596862792969 221.3829345703125 1.457601547241211 1.6334269046783447 4.023131847381592 -10.156304359436035 2.388937830924988 35.40853500366211 1.3562483684254012 0.35429754853248596
Car -1 -1 1.8 358.4701232910156 188.8030548095703 403.5327453613281 215.15391540527344 1.530982255935669 1.6617785692214966 4.375497341156006 -14.879324913024902 2.5315489768981934 46.35786056518555 1.491173776613402 0.31022849678993225
Car -1 -1 1.68 363.096923828125 189.4517822265625 412.8939208984375 217.6649169921875 1.496832251548767 1.6513434648513794 4.089272499084473 -10.557476997375488 2.4038605093955994 35.98347854614258 1.3934578340508388 0.20604072511196136
Car -1 -1 2.5 2.1185061931610107 179.9514923095703 56.15205264091492 321.70068359375 1.706714153289795 1.5495845079421997 3.8041601181030273 -5.013280868530273 1.619814395904541 4.287440299987793 1.6346066718097205 0.2054855078458786
Car -1 -1 1.66 389.01300048828125 191.68948364257812 427.0666809082031 219.36460876464844 1.4750521183013916 1.624565839767456 4.003024101257324 -10.571690559387207 2.5109641551971436 36.35935974121094 1.3768521871659676 0.19254207611083984
Car -1 -1 2.62 0.1400895118713379 148.70640563964844 71.23451852798462 333.5176086425781 1.6845979690551758 1.541683554649353 3.6804885864257812 -5.469496726989746 1.678108274936676 4.357901573181152 1.7202253371492215 0.17840424180030823
Car -1 -1 -1.75 1208.2783203125 226.4551544189453 1244.1634521484375 394.73065185546875 1.5447500944137573 1.6270251274108887 4.0926289558410645 3.439598798751831 1.6580808758735657 1.596701979637146 -0.6170390887692676 0.1571531742811203
Car -1 -1 -3.05 -2.8216552734375 146.14764404296875 52.07332992553711 289.1025390625 1.7365529537200928 1.559859275817871 3.7769341468811035 -5.005777835845947 1.5338299870491028 4.190027713775635 2.3592427638682008 0.15295077860355377
Car -1 -1 -2.58 1166.9141845703125 271.0852355957031 1236.27587890625 359.6283874511719 1.318902850151062 1.5181183815002441 3.4774069786071777 2.4465293884277344 1.3981080055236816 1.7601261138916016 -1.6327101602644234 0.14713163673877716
Car -1 -1 -2.27 1193.9080810546875 229.9305877685547 1240.4029541015625 394.4457092285156 1.5230637788772583 1.6137930154800415 4.137762069702148 2.812361001968384 1.5155962705612183 1.2779567241668701 -1.1214893587336787 0.13987144827842712
Car -1 -1 1.84 394.13763427734375 191.06961059570312 428.6886291503906 215.44676208496094 1.4333878755569458 1.6197363138198853 4.058457374572754 -10.949124336242676 2.5091752409934998 38.4527587890625 1.5583424623156006 0.13893228769302368
Car -1 -1 -2.55 1183.342529296875 270.05853271484375 1240.995849609375 360.3400573730469 1.3683602809906006 1.533381700515747 3.45989990234375 2.60854434967041 1.4302801489830017 1.7846359014511108 -1.5786808283788778 0.13322940468788147
Car -1 -1 2.39 5.852372169494629 177.89892578125 73.98680973052979 353.7828369140625 1.654465675354004 1.5667825937271118 3.751565456390381 -4.55905818939209 1.600801944732666 3.74636173248291 1.503925775769777 0.12605954706668854
Car -1 -1 -2.47 1198.33837890625 256.76409912109375 1242.5526123046875 373.5692443847656 1.5935022830963135 1.50303053855896 3.5872018337249756 1.5666923522949219 1.2427832782268524 1.0029546022415161 -1.4692832016908133 0.10025325417518616
Car -1 -1 -2.46 1207.9642333984375 268.2982177734375 1242.1353759765625 364.1042785644531 1.5388239622116089 1.4828232526779175 3.493255376815796 1.2716233730316162 1.1383168995380402 0.8944440484046936 -1.5034681974802053 0.08753152191638947