Van -1 -1 -1.79 690.4951782226562 122.6137466430664 864.5723266601562 277.1362991333008 2.3573782444000244 1.9453694820404053 5.201641082763672 2.9168858528137207 1.596158653497696 13.91084098815918 -1.5858996057909325 0.8684620261192322
Car -1 -1 -2.56 -4.074988842010498 180.5250701904297 339.8983998298645 292.73687744140625 1.352797269821167 1.6056256294250488 4.06162691116333 -6.02338171005249 1.498459815979004 9.903801918029785 -3.1097984016894973 0.8518062829971313
Car -1 -1 -2.81 215.12689208984375 165.44793701171875 438.5942077636719 251.09255981445312 1.6116844415664673 1.678727388381958 3.9946224689483643 -5.551847457885742 1.4760280847549438 14.448111534118652 3.108796689362398 0.8452250957489014
Van -1 -1 -1.69 648.30859375 148.99722290039062 712.9655151367188 215.747314453125 2.382131338119507 2.011600971221924 5.665147304534912 2.967284917831421 1.5808935165405273 31.665817260742188 -1.592132289380781 0.8194249868392944
Car -1 -1 -3.02 398.33587646484375 173.03268432617188 494.6794128417969 213.1207275390625 1.4496166706085205 1.6039661169052124 3.619842529296875 -6.415973663330078 1.473140835762024 28.343080520629883 3.045098471091614 0.739721953868866
Car -1 -1 -2.91 424.21417236328125 174.3324737548828 519.692138671875 209.3231658935547 1.469699740409851 1.600813627243042 3.7095048427581787 -5.981351375579834 1.5472697019577026 31.455760955810547 -3.09695822186659 0.7168218493461609
Van -1 -1 0.3 470.1471862792969 157.73265075683594 560.2307739257812 201.17897033691406 2.476382255554199 1.9292906522750854 5.518024444580078 -5.687755107879639 1.6387541890144348 42.754493713378906 0.16540447897438693 0.7061402201652527
Car -1 -1 -1.79 633.8869018554688 175.65896606445312 662.36279296875 199.95669555664062 1.497489094734192 1.605692744255066 3.817793369293213 2.3906288146972656 1.663614273071289 47.18505096435547 -1.7385570617031236 0.6704131960868835
Car -1 -1 -1.71 676.5757446289062 171.7923126220703 757.2544555664062 236.4564971923828 1.6518070697784424 1.7358777523040771 4.276790618896484 3.015859365463257 1.6722331643104553 21.158891677856445 -1.5647224383522929 0.6591934561729431
Car -1 -1 -2.99 402.7883605957031 173.4231719970703 514.221923828125 209.1710205078125 1.4202358722686768 1.5932742357254028 3.8370041847229004 -5.807162284851074 1.4654959440231323 30.678529739379883 3.10926684702231 0.5695292353630066
Car -1 -1 -0.76 634.8229370117188 173.0680694580078 667.051513671875 199.33126831054688 1.597469449043274 1.6390682458877563 4.0647292137146 2.5636610984802246 1.7221612930297852 47.10442352294922 -0.705795168436667 0.5633965730667114
Car -1 -1 -2.92 441.3134765625 172.6346435546875 533.1865844726562 208.11521911621094 1.5997533798217773 1.6704100370407104 4.09287691116333 -5.6196722984313965 1.5973591804504395 32.701969146728516 -3.0889297286627055 0.5451340079307556
Car -1 -1 -2.9 454.4573669433594 169.41883850097656 548.2290649414062 205.6987762451172 1.4769258499145508 1.616195797920227 4.11786413192749 -5.518600940704346 1.5420756936073303 35.387325286865234 -3.0561094681660688 0.5299236178398132
Car -1 -1 -1.69 646.310302734375 155.24453735351562 709.4918212890625 214.50454711914062 2.046722412109375 1.7593590021133423 4.644755840301514 2.5707883834838867 1.5701974034309387 29.379384994506836 -1.5982939938087055 0.5054965615272522
Car -1 -1 -3.01 466.69989013671875 159.31288146972656 561.3327026367188 202.715576171875 1.826019525527954 1.7138663530349731 4.352146148681641 -5.240435600280762 1.4929197430610657 38.28659439086914 3.138214477541453 0.4673709273338318
Car -1 -1 -0.73 1191.789794921875 180.2032928466797 1240.8353271484375 376.16717529296875 1.5546035766601562 1.6147103309631348 4.133899688720703 5.519460678100586 1.569773018360138 3.476849317550659 0.28245470149344243 0.4438002109527588
Car -1 -1 -0.9 1203.278076171875 217.08726501464844 1238.76416015625 365.9733581542969 1.5044442415237427 1.5847817659378052 3.8912620544433594 6.532729148864746 1.9136280417442322 4.830173015594482 0.03760409597986136 0.43476638197898865
Car -1 -1 -1.81 688.5874633789062 128.67642211914062 863.02587890625 274.48883056640625 2.185783624649048 1.7798975706100464 4.6508331298828125 2.9758944511413574 1.6173090934753418 14.73277473449707 -1.6127096936261607 0.3868885338306427
Car -1 -1 -2.55 306.6343994140625 172.57437133789062 443.4955749511719 224.01890563964844 1.4048043489456177 1.5189461708068848 3.9365217685699463 -6.949767112731934 1.4600637555122375 21.61063575744629 -2.8596735049572928 0.3613010346889496
Car -1 -1 -1.72 641.302490234375 158.5811004638672 694.0823364257812 210.43463134765625 1.9332237243652344 1.683310866355896 4.544068336486816 2.7675979137420654 1.619701087474823 34.417938232421875 -1.6359230120231958 0.32997459173202515
Car -1 -1 -2.93 463.07647705078125 165.90872192382812 549.8972778320312 202.29196166992188 1.6028681993484497 1.6365399360656738 4.066976070404053 -5.556859970092773 1.5169333219528198 37.13572311401367 -3.076659175428108 0.3254068195819855
Car -1 -1 -2.87 246.80287170410156 170.4287567138672 446.53387451171875 246.54782104492188 1.5443129539489746 1.661162257194519 4.040070056915283 -5.669780254364014 1.460791289806366 15.236210823059082 3.0555390372512523 0.3164452612400055
Car -1 -1 -1.71 681.8367919921875 159.88670349121094 772.9835205078125 242.4852294921875 1.830588698387146 1.7779287099838257 4.2754011154174805 3.020674467086792 1.71910959482193 20.047155380249023 -1.5615715057218003 0.3053605854511261
Van -1 -1 -2.92 462.0947570800781 166.13204956054688 550.5640258789062 205.63198852539062 2.0466983318328857 1.7457143068313599 4.975429058074951 -5.7817769050598145 1.6202594637870789 38.743709564208984 -3.0660249143491853 0.3030256927013397
Car -1 -1 -0.96 1198.9127197265625 213.36941528320312 1239.1121826171875 343.0797424316406 1.6664543151855469 1.6074358224868774 3.9421803951263428 4.917847156524658 1.7287893295288086 3.8859853744506836 -0.05783036964063548 0.30278757214546204
Car -1 -1 -1.69 642.2623291015625 165.93548583984375 685.9736938476562 211.24440002441406 1.7342056035995483 1.7272790670394897 4.429332733154297 2.6134722232818604 1.6286817789077759 31.77036476135254 -1.6100918717580956 0.2963915169239044
Car -1 -1 -3.08 310.2962341308594 171.86312866210938 461.3763732910156 233.15225219726562 1.464410662651062 1.632246494293213 3.907240152359009 -6.441644668579102 1.629179835319519 21.58241081237793 2.9087181165575355 0.2868158221244812
Car -1 -1 -1.68 643.80810546875 173.38604736328125 688.1498413085938 213.33375549316406 1.5371209383010864 1.6570340394973755 4.313328266143799 2.6704487800598145 1.66077721118927 32.40645217895508 -1.5928839811894875 0.26752012968063354
Car -1 -1 -1.7 646.594482421875 167.7771453857422 696.5185546875 214.05445861816406 1.7021276950836182 1.7171844244003296 4.521263122558594 2.7378599643707275 1.6771414279937744 31.93055534362793 -1.613828452741525 0.263081818819046
Van -1 -1 -1.76 686.3685913085938 141.915283203125 847.289794921875 268.450927734375 2.2529377937316895 1.9122766256332397 5.383569717407227 2.9369704723358154 1.6358903646469116 14.438992500305176 -1.5602633158504107 0.2575363218784332
Car -1 -1 -1.71 679.6287841796875 167.09706115722656 783.9751586914062 248.62571716308594 1.6435871124267578 1.652855634689331 4.330488681793213 3.1198294162750244 1.7487840056419373 19.48245620727539 -1.5474474612527906 0.25734344124794006
Car -1 -1 -2.93 356.9874572753906 173.10528564453125 482.51275634765625 221.95982360839844 1.463720440864563 1.5798404216766357 3.767387866973877 -6.37520694732666 1.5361713767051697 26.79692840576172 3.1158736886160163 0.2541993260383606
Car -1 -1 -2.06 631.887939453125 166.89706420898438 677.5209350585938 203.88792419433594 1.741504430770874 1.582869291305542 4.184594631195068 2.61149263381958 1.7741844654083252 46.98244857788086 -2.002630492960769 0.25399962067604065
Car -1 -1 -0.96 1209.3399658203125 156.96090698242188 1241.3255615234375 361.2487487792969 1.619247555732727 1.642643690109253 4.065094470977783 5.5430402755737305 1.6278182864189148 3.4806880950927734 0.054869813195818296 0.2474256008863449
Car -1 -1 -0.69 1206.2142333984375 242.9169921875 1239.0621337890625 359.4283447265625 1.541488528251648 1.6056079864501953 3.8028669357299805 6.841030120849609 2.0619415640830994 5.4765167236328125 0.2101085539836145 0.24540002644062042
Car -1 -1 -1.8 688.4218139648438 149.18153381347656 848.19482421875 267.3377380371094 1.823720932006836 1.6932122707366943 4.499624729156494 3.1047699451446533 1.674924075603485 16.07463264465332 -1.6043730501314748 0.23954512178897858
Car -1 -1 -0.84 1202.3851318359375 234.44984436035156 1234.87353515625 358.55682373046875 1.6871477365493774 1.6127581596374512 3.9850878715515137 5.7506585121154785 1.9004117846488953 4.723681449890137 0.040474315191586285 0.23906564712524414
Van -1 -1 -1.65 656.0012817382812 156.60462951660156 717.1145629882812 217.132080078125 2.2794649600982666 1.9658352136611938 5.520196914672852 2.82385516166687 1.6681522727012634 29.28996467590332 -1.5551847058940318 0.2389512062072754
Car -1 -1 -2.59 47.51911926269531 185.49366760253906 338.2083282470703 285.076904296875 1.4027683734893799 1.6091254949569702 3.984139919281006 -6.409196853637695 1.5651876330375671 10.54210376739502 -3.139093083167797 0.23777008056640625
Car -1 -1 0.48 479.41070556640625 164.33612060546875 561.69287109375 199.90472412109375 1.7441997528076172 1.6634747982025146 4.426921367645264 -5.155669689178467 1.513216495513916 41.50710678100586 0.3568548532262774 0.23775805532932281
Car -1 -1 -1.72 669.3049926757812 163.59417724609375 748.55419921875 232.60450744628906 1.7775731086730957 1.7203013896942139 4.210102081298828 2.615536689758301 1.608339786529541 20.167661666870117 -1.5889915430405042 0.2375187873840332
Car -1 -1 -2.62 111.79047393798828 175.00875854492188 408.23148345947266 261.9888610839844 1.5780541896820068 1.607498049736023 4.049865245819092 -6.111958980560303 1.5830726027488708 14.207808494567871 -3.024313085180073 0.23494228720664978
Pedestrian -1 -1 -0.14 1198.9127197265625 213.36941528320312 1239.1121826171875 343.0797424316406 1.7434093952178955 0.47423869371414185 0.7891834378242493 4.406887531280518 1.701412558555603 4.5716938972473145 0.6268520203936938 0.23358136415481567
Car -1 -1 -1.81 681.2103881835938 180.16592407226562 764.9730834960938 244.80528259277344 1.4358711242675781 1.6519925594329834 4.280932903289795 2.832353353500366 1.7177680134773254 19.860092163085938 -1.6647097423081476 0.23340287804603577
Pedestrian -1 -1 1.97 646.6388549804688 150.47618103027344 711.9928588867188 213.94761657714844 1.9576520919799805 0.7024713158607483 0.9852305054664612 2.3086795806884766 1.51026451587677 24.288015365600586 2.066136659626398 0.22987821698188782
Car -1 -1 -2.98 280.7383728027344 170.3880157470703 451.877197265625 237.90614318847656 1.530225396156311 1.6218388080596924 4.064139366149902 -6.435392379760742 1.5288711786270142 20.533212661743164 2.997729605156625 0.2283809632062912
Car -1 -1 3.11 1195.3531494140625 237.26751708984375 1239.599365234375 370.803466796875 1.4533923864364624 1.637239933013916 4.44471549987793 6.983942031860352 1.9865699410438538 5.035622596740723 -2.2242557859401817 0.2264629602432251
Truck -1 -1 -1.68 649.3158569335938 148.9071044921875 710.0635375976562 215.3964080810547 3.3101437091827393 2.509114980697632 7.832833766937256 3.0789899826049805 2.028874009847641 34.388675689697266 -1.5902900693823092 0.22448568046092987
Van -1 -1 -1.71 645.7695922851562 160.034423828125 704.6231079101562 214.85763549804688 2.174182653427124 1.905948281288147 5.2311248779296875 2.877236843109131 1.7547228932380676 32.94038391113281 -1.6202287837663336 0.2236974537372589
Van -1 -1 -2.93 448.50665283203125 169.42689514160156 541.9034423828125 208.60427856445312 2.095909357070923 1.8398115634918213 4.991410255432129 -5.683279514312744 1.5906507968902588 37.19053268432617 -3.081119201960914 0.22233833372592926
Car -1 -1 -2.91 486.5465087890625 169.71334838867188 558.1980590820312 200.98594665527344 1.5846089124679565 1.6337674856185913 4.203257083892822 -5.281011581420898 1.5966036915779114 42.95396423339844 -3.0331906322473383 0.22131690382957458
Van -1 -1 -1.64 638.9632568359375 157.7415771484375 691.8369140625 208.70265197753906 2.2704498767852783 1.95756196975708 5.50337028503418 3.0219812393188477 1.5612120032310486 32.25969314575195 -1.5488499282755193 0.22071592509746552
Van -1 -1 -1.64 654.1646118164062 150.9219207763672 704.1958618164062 210.623779296875 2.378427743911743 2.010234832763672 5.509086608886719 2.7553367614746094 1.561616599559784 29.736732482910156 -1.552234838616867 0.21981112658977509
Van -1 -1 1.87 481.56549072265625 165.85604858398438 561.291259765625 200.83033752441406 2.173138380050659 1.8613884449005127 5.061842918395996 -5.316073417663574 1.6076937913894653 42.83369064331055 1.7495660354109281 0.2181602120399475
Van -1 -1 -2.73 212.38258361816406 165.15286254882812 435.4961853027344 252.04908752441406 1.7293764352798462 1.7511301040649414 4.232031345367432 -5.758394718170166 1.4913450479507446 14.757298469543457 -3.0970620366221997 0.21497449278831482
Cyclist -1 -1 0.55 1191.789794921875 180.2032928466797 1240.8353271484375 376.16717529296875 1.6455166339874268 0.7287079691886902 1.826355218887329 4.324920177459717 1.6214349269866943 3.9568605422973633 1.3763059386943208 0.21465232968330383
Car -1 -1 -0.8 1209.3328857421875 197.670166015625 1240.45458984375 373.93792724609375 1.457829475402832 1.6336473226547241 4.185449123382568 5.919224262237549 1.6445475816726685 4.074265480041504 0.1716593118436922 0.2092544585466385
Car -1 -1 -3.03 402.6002197265625 170.97171020507812 481.9085998535156 211.03688049316406 1.4513928890228271 1.5554871559143066 3.3439486026763916 -6.502195358276367 1.4243488907814026 28.202747344970703 3.0286318262403675 0.20861636102199554
Car -1 -1 -0.68 1216.29736328125 259.5948486328125 1239.396240234375 345.4466552734375 1.626133680343628 1.5520821809768677 3.876333713531494 7.812551021575928 2.3821314573287964 7.030989170074463 0.15328816923547617 0.20606772601604462
Car -1 -1 -2.9 161.02767944335938 176.2490234375 385.8420104980469 256.995361328125 1.4812012910842896 1.6447490453720093 3.843256711959839 -6.4625935554504395 1.499357283115387 14.625597953796387 2.9652276527701193 0.2036939263343811
Car -1 -1 -1.74 660.3204345703125 170.93841552734375 723.5169677734375 227.1266632080078 1.5689350366592407 1.6976675987243652 4.293350696563721 2.789210796356201 1.5997090935707092 22.796642303466797 -1.6136921646041262 0.19814811646938324
Pedestrian -1 -1 -0.15 1187.2603759765625 197.46397399902344 1245.1317138671875 367.6236572265625 1.5703996419906616 0.5611021518707275 0.6792777180671692 4.313431739807129 1.6557514071464539 4.498523235321045 0.6159376567904511 0.19806940853595734
Van -1 -1 -1.67 666.4892578125 157.6671905517578 746.76611328125 235.05905151367188 1.997976303100586 1.8649604320526123 5.024322509765625 2.9125149250030518 1.7089125514030457 21.87030029296875 -1.5388772966694066 0.19650807976722717
Car -1 -1 -2.89 195.90980529785156 171.7280731201172 430.8131103515625 260.7596130371094 1.5691190958023071 1.6741195917129517 4.002288818359375 -5.729481220245361 1.5101946592330933 14.52315616607666 3.019554636235542 0.18654309213161469
Car -1 -1 -1.64 637.2117309570312 170.01271057128906 678.4324951171875 207.70407104492188 1.6462161540985107 1.6426116228103638 4.133474349975586 2.674838066101074 1.7548137307167053 40.31718826293945 -1.5756656050545619 0.18270200490951538
Van -1 -1 -1.77 675.5677490234375 165.5460205078125 758.8972778320312 237.30960083007812 2.1161608695983887 1.873818278312683 4.978646755218506 2.9841039180755615 1.7253326773643494 23.16358184814453 -1.646042097672158 0.1823611706495285
Car -1 -1 2.31 334.2153625488281 171.94351196289062 419.64251708984375 217.4290771484375 1.451311469078064 1.4933675527572632 3.438941717147827 -8.151199340820312 1.3549121022224426 25.45745849609375 2.001552804181273 0.18178054690361023
Car -1 -1 -2.86 377.2340393066406 170.3462677001953 492.96246337890625 213.89002990722656 1.4685816764831543 1.595518708229065 3.9272992610931396 -6.135382175445557 1.5679001808166504 27.306644439697266 -3.0853766171236394 0.1799568384885788
Car -1 -1 -1.59 643.229248046875 169.19166564941406 674.9779052734375 206.91323852539062 1.7271689176559448 1.693629264831543 4.149817943572998 2.6767160892486572 1.6939780116081238 36.77766418457031 -1.5188941772720472 0.17906995117664337
Car -1 -1 -1.01 1199.4552001953125 199.48336791992188 1246.642333984375 326.908935546875 1.635013222694397 1.586215853691101 3.879701614379883 4.651369571685791 1.623051643371582 3.6466782093048096 -0.10185978105863791 0.17904548346996307
Car -1 -1 3.09 382.7644348144531 173.85577392578125 477.17108154296875 216.57530212402344 1.4461469650268555 1.5484185218811035 3.657851219177246 -6.584470748901367 1.5772263407707214 27.106643676757812 2.8499409539461507 0.17898374795913696
Car -1 -1 -1.53 3.436016798019409 177.83309936523438 35.17981791496277 308.2674255371094 1.5034676790237427 1.6097716093063354 3.947375774383545 -8.727301597595215 1.5649652481079102 7.736717224121094 -2.3771052147115714 0.1781732738018036
Car -1 -1 -1.69 654.28076171875 151.65684509277344 718.1578979492188 216.42425537109375 1.971834421157837 1.748791217803955 4.442824363708496 2.8666274547576904 1.5796286463737488 26.075576782226562 -1.5828640218226226 0.17116670310497284
Car -1 -1 2.17 335.6381530761719 171.24461364746094 399.64996337890625 219.08851623535156 1.4523837566375732 1.4351955652236938 3.465841770172119 -8.815020561218262 1.4045591354370117 26.240211486816406 1.8433812377220153 0.1704300194978714
Van -1 -1 -1.68 669.1785888671875 148.4214630126953 765.2532958984375 236.696044921875 2.409550189971924 2.0549490451812744 5.191682815551758 3.020296335220337 1.684272676706314 22.354248046875 -1.5432578574152913 0.16988086700439453
Car -1 -1 -1.59 639.684814453125 174.63778686523438 669.2459716796875 204.03036499023438 1.5559560060501099 1.600550889968872 4.056593894958496 2.944880247116089 1.840892255306244 48.7100944519043 -1.5299287722406198 0.16549664735794067
Car -1 -1 -1.7 666.5628051757812 162.0853729248047 734.13232421875 229.33848571777344 1.7316795587539673 1.7233870029449463 4.292474746704102 2.678178310394287 1.677525818347931 21.271455764770508 -1.570970364686466 0.158405140042305
Car -1 -1 -1.06 1217.2021484375 143.03733825683594 1242.427001953125 345.5614013671875 1.6978191137313843 1.6464484930038452 4.249300956726074 5.504626750946045 1.6216034889221191 3.573532819747925 -0.06526866119469332 0.15516874194145203
Van -1 -1 -1.65 666.5628051757812 162.0853729248047 734.13232421875 229.33848571777344 2.2005715370178223 1.9420280456542969 5.449548721313477 3.04325795173645 1.7442097067832947 27.542434692382812 -1.5433726608910696 0.15179362893104553
Car -1 -1 -0.19 632.1845703125 173.17872619628906 661.1823120117188 197.323974609375 1.5166208744049072 1.6630858182907104 4.064130783081055 2.5403892993927 1.6713622212409973 48.14501190185547 -0.1348621855107517 0.1394936442375183