Car -1 -1 -0.17 803.1976318359375 163.8494873046875 942.7704467773438 209.8645782470703 1.4884274005889893 1.6644178628921509 4.259241580963135 9.0875244140625 0.9762326180934906 24.151283264160156 0.1931028884752557 0.83998703956604
Car -1 -1 1.97 287.44482421875 177.89488220214844 349.8447570800781 212.6160888671875 1.678483009338379 1.6815974712371826 4.186742782592773 -14.259099006652832 1.5030325651168823 35.40554428100586 1.5882476242237242 0.8228216767311096
Car -1 -1 -0.81 3.3139827251434326 199.9101104736328 295.06959795951843 365.5931396484375 1.5498892068862915 1.6277421712875366 3.918158769607544 -3.3061811923980713 1.6753684878349304 3.6158714294433594 -1.5467610373745488 0.8056954741477966
Car -1 -1 1.72 438.1919860839844 174.69471740722656 471.9474792480469 199.79469299316406 1.5078606605529785 1.6070647239685059 3.772977590560913 -9.262182235717773 1.1450100541114807 44.052982330322266 1.5093391458422705 0.786926805973053
Pedestrian -1 -1 -2.27 1014.6593627929688 155.3818359375 1035.8076171875 211.85470581054688 1.802101969718933 0.631392776966095 0.8159990310668945 12.128929138183594 1.0132563933730125 20.455669403076172 -1.7314383388135237 0.4609828293323517
Pedestrian -1 -1 -2.53 1010.408935546875 151.82962036132812 1033.940185546875 218.55670166015625 1.8308651447296143 0.6359782814979553 1.05836021900177 11.583704948425293 0.9877722784876823 19.642942428588867 -1.9936853795406826 0.4058193862438202
Pedestrian -1 -1 -3.02 1006.08935546875 152.4197540283203 1029.0255126953125 212.00933837890625 1.7703285217285156 0.6110891103744507 0.9362711310386658 11.707005500793457 0.9343367740511894 20.080026626586914 -2.4955102581508566 0.4045740067958832
Pedestrian -1 -1 1.26 1005.205078125 151.1492156982422 1024.2564697265625 213.9912872314453 1.7858188152313232 0.6237569451332092 0.7164338827133179 11.732048034667969 0.9652259573340416 20.141948699951172 1.7865309857849212 0.39629167318344116
Pedestrian -1 -1 -2.87 1014.1525268554688 151.70928955078125 1038.994140625 222.36944580078125 1.7712457180023193 0.6278626322746277 0.99668288230896 11.377367973327637 1.0119574666023254 19.223745346069336 -2.333740124414245 0.3490367829799652
Pedestrian -1 -1 -2.58 1004.58740234375 150.357421875 1033.15380859375 216.15040588378906 1.8110746145248413 0.5959879159927368 0.8622535467147827 11.62859058380127 0.9940518960356712 19.89841079711914 -2.0526335888382095 0.31540200114250183
Pedestrian -1 -1 2.95 1009.6817626953125 155.5332794189453 1038.22705078125 212.01336669921875 1.71930730342865 0.6279047727584839 0.7697272300720215 11.900008201599121 0.9730627909302711 20.178268432617188 -2.7995101159331854 0.3012946546077728
Pedestrian -1 -1 -1.42 401.4155578613281 173.8215789794922 412.3927307128906 198.65237426757812 1.7048394680023193 0.5983728766441345 0.5510269403457642 -12.924676895141602 1.2813282012939453 46.55695724487305 -1.688687520914491 0.28076061606407166
Car -1 -1 -0.57 802.7916870117188 161.7271270751953 913.6901245117188 202.90988159179688 1.5633149147033691 1.642331838607788 4.215329170227051 10.536370277404785 0.9128455966711044 30.377296447753906 -0.23423680836424365 0.2688145637512207
Cyclist -1 -1 0.07 517.3775634765625 170.08816528320312 531.4376220703125 197.40309143066406 1.7170847654342651 0.5400711894035339 1.7214924097061157 -4.377346992492676 0.9684473797678947 38.64807891845703 -0.04186334507910061 0.26112881302833557
Pedestrian -1 -1 0.93 517.14404296875 172.74954223632812 529.037841796875 198.5899200439453 1.728348731994629 0.5919770002365112 0.843472421169281 -4.466893672943115 1.103514939546585 39.292606353759766 0.8164610900510461 0.24582381546497345
Van -1 -1 0.08 801.472412109375 162.54124450683594 946.9467163085938 210.89031982421875 1.832088589668274 1.7437889575958252 4.436817646026611 9.90721321105957 1.1080826818943024 25.51803970336914 0.4476953654553526 0.2391030192375183
Pedestrian -1 -1 -1.91 1016.6047973632812 154.4373779296875 1039.806396484375 210.7040252685547 1.7865413427352905 0.5983278155326843 0.8756378293037415 12.647756576538086 0.9764184504747391 21.132503509521484 -1.3717166704072943 0.23770743608474731
Pedestrian -1 -1 2.62 1016.4920654296875 153.50807189941406 1043.105224609375 224.50381469726562 1.7284008264541626 0.6212274432182312 0.9410616159439087 11.33802318572998 1.0337397456169128 18.908008575439453 -3.1208221496630015 0.23312702775001526
Pedestrian -1 -1 -1.69 399.1344909667969 176.11619567871094 415.02264404296875 198.52557373046875 1.6874773502349854 0.5983669757843018 0.6352787017822266 -12.963984489440918 1.3499838709831238 46.606388092041016 -1.957643016042213 0.2302846908569336
Cyclist -1 -1 3.05 1003.984619140625 151.84071350097656 1034.00927734375 213.51893615722656 1.6881588697433472 0.5758363008499146 1.7330501079559326 12.06309700012207 0.9748744815587997 20.68429946899414 -2.7096261161558015 0.2164038121700287
Pedestrian -1 -1 -1.31 402.4662170410156 172.92123413085938 414.1997375488281 199.99073791503906 1.726348876953125 0.6144776344299316 0.5803883671760559 -12.720364570617676 1.2515599727630615 46.16679763793945 -1.5805952562407652 0.2151017189025879
Cyclist -1 -1 1.57 400.2803955078125 174.3900909423828 415.1041259765625 200.18328857421875 1.734933614730835 0.5850277543067932 1.7527542114257812 -12.562934875488281 1.2488646805286407 45.40825271606445 1.300291340121266 0.2057473510503769
Cyclist -1 -1 -1.05 1013.39990234375 154.78480529785156 1038.368408203125 218.230712890625 1.7046681642532349 0.5504814982414246 1.7866368293762207 12.216073989868164 1.0272753536701202 20.800676345825195 -0.5196059781046491 0.19405190646648407
Cyclist -1 -1 1.74 401.4155578613281 173.8215789794922 412.3927307128906 198.65237426757812 1.7652732133865356 0.5310914516448975 1.717623233795166 -12.406723976135254 1.2280849814414978 44.46043395996094 1.4683034784793918 0.1864641159772873
Car -1 -1 1.97 296.7277526855469 176.5938720703125 348.9634704589844 207.52769470214844 1.5318363904953003 1.5128092765808105 3.67055082321167 -15.689203262329102 1.3716388940811157 39.188968658447266 1.588363642203869 0.17574018239974976