Car -1 -1 -0.56 815.5133666992188 192.4363555908203 1255.151123046875 350.1021728515625 1.4619100093841553 1.6180051565170288 4.068390369415283 4.582560062408447 1.7097854614257812 8.076622009277344 -0.04333909253981849 0.8629578351974487
Car -1 -1 -0.26 687.8971557617188 185.76107788085938 853.0872802734375 248.370361328125 1.5120713710784912 1.6767874956130981 3.813710927963257 4.123979568481445 1.910965919494629 18.949371337890625 -0.046312039370547176 0.8556646108627319
Car -1 -1 0.69 -7.655917644500732 166.08316040039062 193.14434480667114 303.9637145996094 1.7357772588729858 1.6230273246765137 4.290952205657959 -7.984742164611816 1.6192519068717957 9.441838264465332 -0.013915663298942782 0.8337422013282776
Car -1 -1 -2.79 231.09378051757812 179.1797637939453 394.20574951171875 238.5093536376953 1.5051658153533936 1.6566048860549927 3.838905096054077 -8.024490356445312 1.693829357624054 19.839078903198242 3.1072397842880335 0.7985219359397888
Car -1 -1 -2.43 22.945659637451172 174.39369201660156 280.5560111999512 278.3705749511719 1.6171584129333496 1.638360857963562 3.7374212741851807 -7.681433200836182 1.655534267425537 12.34428882598877 -2.9885310423855316 0.7667633295059204
Car -1 -1 -0.07 670.9224853515625 187.47457885742188 807.3704833984375 236.56336975097656 1.422332525253296 1.662187933921814 3.981013298034668 4.000481128692627 1.956427812576294 22.601179122924805 0.1099790869550743 0.7242872714996338
Car -1 -1 -2.8 282.2844543457031 175.1477508544922 411.512939453125 225.67556762695312 1.5877364873886108 1.709336519241333 4.157500267028809 -8.792935371398926 1.7075868248939514 24.37015151977539 3.1336826810512264 0.7116045355796814
Car -1 -1 -1.73 459.1299743652344 179.51171875 491.9715576171875 202.21481323242188 1.6202309131622314 1.6508214473724365 3.4573276042938232 -9.76547908782959 2.1233876943588257 52.64371109008789 -1.9146499492701086 0.7059332132339478
Car -1 -1 0.54 152.98519897460938 188.96800231933594 332.4708557128906 258.9872131347656 1.4007530212402344 1.5461770296096802 3.6772260665893555 -7.987296104431152 1.7691011428833008 15.55647087097168 0.06594928352200746 0.6624202728271484
Car -1 -1 0.44 80.00882720947266 175.282470703125 317.9540786743164 259.9887390136719 1.5003010034561157 1.4970535039901733 3.6897432804107666 -7.925760269165039 1.5695083737373352 14.55461597442627 -0.06073332424819888 0.6332529187202454
Car -1 -1 0.84 1.344273567199707 171.97903442382812 227.20287036895752 289.6549377441406 1.5608612298965454 1.561617136001587 3.8783679008483887 -7.729690074920654 1.5923699140548706 9.788180351257324 0.1692357649215417 0.6322859525680542
Car -1 -1 0.43 109.6878433227539 178.7377471923828 325.6936721801758 253.19886779785156 1.4871126413345337 1.5317158699035645 3.747579574584961 -7.917639255523682 1.6037973165512085 14.54841423034668 -0.07211846503622477 0.6217982769012451
Car -1 -1 -2.86 257.1502685546875 177.42816162109375 406.74774169921875 229.6876983642578 1.5323082208633423 1.675286889076233 4.21122932434082 -8.988702774047852 1.6802395582199097 24.902191162109375 3.0781672198025802 0.5807797908782959
Car -1 -1 -2.82 204.6456756591797 181.88580322265625 374.3401184082031 240.85643005371094 1.4535374641418457 1.6080234050750732 3.87872052192688 -8.083919525146484 1.6541149616241455 20.495777130126953 3.084650080700997 0.3817533254623413
Car -1 -1 -2.43 54.816078186035156 178.24874877929688 296.97657012939453 266.2770690917969 1.4648703336715698 1.5746068954467773 3.682892084121704 -7.754053115844727 1.5985329747200012 13.828097343444824 -2.944812856895707 0.3464071452617645
Car -1 -1 -2.68 313.6828308105469 173.8365936279297 418.9998779296875 221.3366241455078 1.628674864768982 1.7003177404403687 4.197976112365723 -8.895837783813477 1.705272614955902 26.324440002441406 -3.003783186447505 0.28937003016471863
Van -1 -1 -2.75 268.75848388671875 171.48336791992188 411.7760314941406 227.7501678466797 1.86333167552948 1.7294130325317383 4.632758140563965 -9.6541109085083 1.7398478984832764 26.953296661376953 -3.096649659246122 0.2865210175514221
Car -1 -1 -2.65 165.26051330566406 181.95059204101562 353.2176818847656 249.9041290283203 1.4590692520141602 1.582700252532959 3.9280107021331787 -8.295125007629395 1.6984246373176575 19.551786422729492 -3.0494511200667223 0.24337132275104523
Van -1 -1 0.01 677.9376831054688 185.6649932861328 844.4668579101562 244.39793395996094 1.8059489727020264 1.7139525413513184 4.50568962097168 4.513947010040283 2.021668553352356 21.896312713623047 0.21059533902491845 0.22421859204769135
Car -1 -1 -0.33 687.056640625 189.1482391357422 826.478271484375 238.8690643310547 1.462363362312317 1.6202741861343384 3.8841769695281982 4.394700527191162 1.9856176972389221 23.570735931396484 -0.14792287785333835 0.2080141007900238
Van -1 -1 -2.76 290.0266418457031 171.1925048828125 413.9501647949219 221.43350219726562 1.897123098373413 1.8035846948623657 4.641648292541504 -9.588760375976562 1.8574554324150085 26.92529296875 -3.0972822679611074 0.199224054813385
Car -1 -1 -2.72 -7.485769748687744 178.25332641601562 256.004403591156 302.0086364746094 1.4968074560165405 1.608730435371399 4.321009635925293 -7.710041046142578 1.6220457553863525 10.931351661682129 2.9455405107961727 0.1892552375793457
Car -1 -1 1.62 -5.306873321533203 196.2070770263672 54.47066116333008 321.53533935546875 1.7314640283584595 1.6092252731323242 4.195837020874023 -7.883232116699219 1.8104881048202515 7.385868549346924 0.803245012389386 0.1692027598619461
Car -1 -1 0.1 -6.888144493103027 163.35336303710938 178.97899723052979 273.70343017578125 1.7490675449371338 1.5143537521362305 3.871002435684204 -6.602004051208496 1.4101682901382446 8.049721717834473 -0.5888027506391311 0.1518646478652954
Car -1 -1 0.94 -1.6102744340896606 170.5137176513672 84.35501945018768 330.07049560546875 1.6740556955337524 1.6567277908325195 4.1035261154174805 -6.823486328125 1.5819991827011108 6.70977258682251 0.14323976759241397 0.14773158729076385