Car -1 -1 1.84 357.14324951171875 181.8543243408203 486.94598388671875 264.9079284667969 1.4396363496780396 1.6354511976242065 4.115505695343018 -3.8390285968780518 1.6748031973838806 15.272688865661621 1.5938958470660118 0.8924486637115479
Car -1 -1 -1.74 689.657958984375 177.35916137695312 796.7862548828125 258.6046142578125 1.5340747833251953 1.6035387516021729 3.4422900676727295 2.681403875350952 1.6466731429100037 15.329960823059082 -1.5691964138679069 0.8806875944137573
Car -1 -1 -1.09 5.783876895904541 168.0051727294922 387.8608727455139 373.3527526855469 1.6508365869522095 1.6372134685516357 4.096090316772461 -3.1443026065826416 1.6624574065208435 5.690799713134766 -1.5900804603799639 0.8607902526855469
Car -1 -1 -1.95 782.4230346679688 183.69529724121094 1201.86865234375 371.2479553222656 1.4462568759918213 1.6364442110061646 4.141116619110107 2.892284393310547 1.563765823841095 6.595746040344238 -1.5344170184659989 0.857704758644104
Car -1 -1 -1.62 648.27490234375 173.98617553710938 705.0913696289062 220.5958709716797 1.477996826171875 1.6519688367843628 4.076344013214111 2.3769469261169434 1.5771098136901855 26.100406646728516 -1.5287422366480907 0.8441527485847473
Car -1 -1 2.07 431.23321533203125 171.18336486816406 500.5583801269531 214.08197021484375 1.6874922513961792 1.583968997001648 3.6354894638061523 -6.098202228546143 1.6699947118759155 31.06743812561035 1.8795222207576394 0.7625388503074646
Van -1 -1 -1.59 637.4059448242188 142.56703186035156 694.805419921875 212.2345428466797 2.503042221069336 2.0356082916259766 5.711246490478516 2.3102869987487793 1.5178538262844086 33.32796096801758 -1.5253553425174893 0.6743176579475403
Truck -1 -1 -1.77 634.0218505859375 136.6561279296875 696.9617309570312 208.03358459472656 3.3346047401428223 2.431180000305176 7.760886192321777 2.718406915664673 1.6732480837963521 36.37615966796875 -1.6946595247343978 0.6470556855201721
Car -1 -1 -1.6 642.546875 159.6182098388672 697.8596801757812 218.4039306640625 1.652801513671875 1.6187196969985962 3.967146635055542 2.230936288833618 1.5450401902198792 26.405797958374023 -1.5149317138707534 0.5453823804855347
Van -1 -1 -1.64 632.407470703125 134.9197235107422 699.6273803710938 209.34005737304688 2.5970401763916016 2.1466290950775146 5.943125247955322 2.2045395374298096 1.410366490483284 33.36126708984375 -1.5748958253263723 0.47700804471969604
Car -1 -1 2.39 417.6982727050781 167.62026977539062 504.51995849609375 214.412841796875 1.6055241823196411 1.6684274673461914 4.079126834869385 -6.699766635894775 1.6652080416679382 32.35401153564453 2.1903234058902656 0.4541686475276947
Car -1 -1 -1.6 639.4153442382812 152.96499633789062 693.0126953125 214.7781219482422 1.8621022701263428 1.6578577756881714 4.137153148651123 2.104184627532959 1.5403202176094055 29.97787094116211 -1.530100441099414 0.3447255492210388
Van -1 -1 -1.61 642.546875 159.6182098388672 697.8596801757812 218.4039306640625 2.451752185821533 1.9586987495422363 5.322316646575928 2.4996461868286133 1.5902186632156372 32.953643798828125 -1.5392159617037828 0.3221278190612793
Truck -1 -1 -1.64 637.7900390625 147.3380889892578 701.833740234375 216.36866760253906 3.3936896324157715 2.502558469772339 7.690323829650879 2.6651601791381836 1.750831250101328 37.507564544677734 -1.5654782142992696 0.2955763339996338
Car -1 -1 -1.59 641.9521484375 167.80584716796875 691.8484497070312 216.28843688964844 1.6589852571487427 1.6522035598754883 4.048912048339844 2.2420802116394043 1.6335408687591553 29.77396583557129 -1.510022180305704 0.29243209958076477
Van -1 -1 -1.61 633.3430786132812 153.4757843017578 684.7935180664062 212.9773712158203 2.4027960300445557 1.9643559455871582 5.538536548614502 2.293259620666504 1.5675238966941833 34.07930374145508 -1.5409006088083785 0.2632720172405243
Car -1 -1 -1.66 634.8572998046875 149.49853515625 688.3452758789062 208.86595153808594 1.7261626720428467 1.6266173124313354 4.262492656707764 2.0452818870544434 1.4426140189170837 29.60634422302246 -1.5898132376388094 0.25301021337509155
Van -1 -1 2.65 417.6940612792969 167.88075256347656 505.2837829589844 213.4918975830078 2.0134565830230713 1.8649245500564575 4.658618927001953 -7.093447685241699 1.690549373626709 34.772239685058594 2.4469307036775065 0.25225889682769775
Car -1 -1 1.65 542.4282836914062 174.2709503173828 566.982177734375 192.56903076171875 1.4552351236343384 1.6349921226501465 4.283943176269531 -4.976630210876465 1.62893944978714 64.48309326171875 1.5746223051068284 0.23666667938232422
Car -1 -1 -1.71 639.5243530273438 166.23426818847656 706.7348022460938 222.47328186035156 1.5415258407592773 1.6407959461212158 4.181100845336914 2.4373574256896973 1.6110912561416626 27.23755645751953 -1.6160099083864878 0.22752328217029572
Car -1 -1 1.8 364.4010314941406 177.48724365234375 495.0239562988281 249.795166015625 1.5922801494598389 1.6676892042160034 3.9911649227142334 -3.8047842979431152 1.6862916350364685 15.113021850585938 1.555750331092013 0.22130006551742554
Car -1 -1 -0.5 0.6699683666229248 183.82606506347656 38.34069514274597 377.1111145019531 1.6451268196105957 1.683814525604248 3.630608320236206 -1.7002754211425781 1.2634432911872864 0.9435903429985046 -1.5679993342153224 0.22059138119220734
Car -1 -1 -0.52 4.596831798553467 204.30902099609375 64.50600385665894 377.48992919921875 1.5351371765136719 1.5748265981674194 3.631309986114502 -1.9454379081726074 1.3634103536605835 0.9716171026229858 -1.6233643742256163 0.21928617358207703
Car -1 -1 -1.67 635.1156005859375 163.44667053222656 672.0732421875 210.75927734375 1.622209906578064 1.6404050588607788 4.256579875946045 1.8879621028900146 1.4955752491950989 33.941932678222656 -1.6115797210791136 0.21172532439231873
Car -1 -1 -1.68 632.6240234375 151.62892150878906 679.1381225585938 207.36888122558594 1.7881035804748535 1.6648107767105103 4.3306193351745605 1.9238908290863037 1.4885499477386475 33.36982727050781 -1.6178345640127798 0.2077404111623764
Car -1 -1 -1.58 637.7900390625 147.3380889892578 701.833740234375 216.36866760253906 1.724182367324829 1.7044655084609985 4.327983379364014 2.281064033508301 1.5681036710739136 26.807537078857422 -1.4936940373715295 0.2044290006160736
Truck -1 -1 -1.63 644.2249145507812 161.70155334472656 701.3485717773438 219.91355895996094 3.451463222503662 2.5064520835876465 7.625576019287109 2.6858603954315186 1.9146952778100967 35.34782028198242 -1.5512942890450674 0.20346826314926147
Car -1 -1 -1.31 19.65825080871582 171.76470947265625 346.3679370880127 336.00927734375 1.5998573303222656 1.6252566576004028 3.7962214946746826 -3.344043731689453 1.5437389016151428 5.946917533874512 -1.8241547114030343 0.19904537498950958
Cyclist -1 -1 -1.81 635.32568359375 141.2510528564453 701.8464965820312 207.7874298095703 1.7663758993148804 0.5081905126571655 1.7376503944396973 2.21349835395813 1.371188998222351 25.260358810424805 -1.7181499899896995 0.1987856924533844
Car -1 -1 -2.69 1125.8387451171875 201.5342559814453 1238.209716796875 374.2681579589844 1.5182983875274658 1.5768401622772217 3.980036735534668 2.5930185317993164 1.4303618669509888 1.4437010288238525 -1.626158860343729 0.1980135589838028
Van -1 -1 -1.58 648.1065063476562 151.38758850097656 699.5197143554688 212.1746063232422 2.4995381832122803 2.016103506088257 5.484283924102783 2.5632762908935547 1.541351079940796 32.435523986816406 -1.4970186272376136 0.19782431423664093
Truck -1 -1 -1.61 639.1688842773438 158.22642517089844 695.995361328125 215.68258666992188 3.2724297046661377 2.506530523300171 7.781561374664307 2.5499415397644043 1.7342793196439743 36.207855224609375 -1.5410539426913719 0.19524499773979187
Car -1 -1 -0.51 -0.7756703495979309 201.15379333496094 44.88868969678879 381.3157043457031 1.455703854560852 1.5937309265136719 3.6704742908477783 -1.595668077468872 1.1425267159938812 0.8870980143547058 -1.5750112529718754 0.19402216374874115
Pedestrian -1 -1 1.77 633.1298828125 142.2364044189453 690.9525146484375 208.4509735107422 1.9237496852874756 0.6948242783546448 0.872462809085846 1.7895976305007935 1.2809560894966125 26.91254234313965 1.836002955900537 0.19309304654598236
Car -1 -1 -2.69 1163.5577392578125 216.6529541015625 1242.488037109375 378.383544921875 1.4806339740753174 1.624402403831482 3.906524896621704 2.299919843673706 1.346236228942871 1.1693854331970215 -1.5926270014424455 0.18690481781959534
Truck -1 -1 -1.57 648.1065063476562 151.38758850097656 699.5197143554688 212.1746063232422 3.4355554580688477 2.495248317718506 7.785485744476318 2.7461867332458496 1.74296323210001 35.88777160644531 -1.4913056386966757 0.18599778413772583
Car -1 -1 2.18 420.988037109375 174.3111572265625 499.9845886230469 224.77772521972656 1.5212570428848267 1.5124789476394653 3.758185625076294 -6.461766242980957 1.836030662059784 31.767494201660156 1.9776977557158375 0.1847347617149353
Car -1 -1 -2.51 1174.81494140625 221.83245849609375 1244.576904296875 353.7296142578125 1.729182481765747 1.6274598836898804 3.970149040222168 2.8250341415405273 1.5637623071670532 1.9019219875335693 -1.5299016098123293 0.18324141204357147
Van -1 -1 -1.58 638.3407592773438 150.6265411376953 704.36328125 216.60658264160156 2.2169229984283447 1.898820161819458 5.235443592071533 2.6025171279907227 1.565899133682251 31.78194808959961 -1.5014671321722792 0.18296068906784058
Van -1 -1 -1.63 641.9521484375 167.80584716796875 691.8484497070312 216.28843688964844 2.2173194885253906 1.8819248676300049 5.00501823425293 2.4494781494140625 1.6905097365379333 33.89768981933594 -1.5547512070610408 0.18110981583595276
Car -1 -1 -2.56 1152.932861328125 192.7808380126953 1237.58203125 363.3976745605469 1.6656783819198608 1.599980115890503 3.8914847373962402 2.9819512367248535 1.5702881813049316 1.735674500465393 -1.513095465306633 0.17414554953575134
Car -1 -1 -2.7 1209.846923828125 200.66368103027344 1243.6973876953125 379.1546630859375 1.5422319173812866 1.6194381713867188 3.8372962474823 3.0138959884643555 1.5290520191192627 1.5360493659973145 -1.6033123659330393 0.1708008348941803
Car -1 -1 0.04 0.8793412446975708 185.58633422851562 27.025697827339172 362.8147277832031 1.5147048234939575 1.6571799516677856 3.82179856300354 -2.570436954498291 1.2396575212478638 1.7333511114120483 -0.9327850933703008 0.1672571450471878
Car -1 -1 1.51 1072.326416015625 184.94334411621094 1226.71630859375 349.89471435546875 1.5316855907440186 1.6170315742492676 3.959200382232666 6.586350440979004 1.7408034205436707 6.605025768280029 2.295682659363459 0.16576573252677917
Pedestrian -1 -1 2.03 644.2249145507812 161.70155334472656 701.3485717773438 219.91355895996094 1.8505480289459229 0.6475812196731567 0.8107838034629822 2.252835988998413 1.565021276473999 25.941654205322266 2.116151495520178 0.16544105112552643
Car -1 -1 -2.66 1092.294921875 202.66676330566406 1229.50390625 369.9075012207031 1.4310003519058228 1.5451079607009888 3.8255724906921387 2.585556745529175 1.3839797973632812 1.6309188604354858 -1.650148308939496 0.16128630936145782
Car -1 -1 -0.49 3.9438257217407227 199.8692169189453 95.17134952545166 370.7508239746094 1.5205734968185425 1.507418155670166 3.729550361633301 -1.7151567935943604 1.2842099070549011 1.009813904762268 -1.533328063628229 0.15984225273132324
Car -1 -1 -1.97 39.64619445800781 170.03587341308594 312.5640411376953 297.47454833984375 1.5627261400222778 1.6253710985183716 3.80112361907959 -7.186285018920898 1.7957841753959656 12.408761024475098 -2.4917890551614317 0.1544402539730072
Car -1 -1 -2.33 1029.180908203125 215.8623046875 1218.2122802734375 368.8404235839844 1.4182004928588867 1.5745676755905151 3.551140785217285 3.2366654872894287 1.6383028030395508 3.275200843811035 -1.5493959097031968 0.1509382128715515
Car -1 -1 -2.64 1214.005126953125 225.1388702392578 1241.6634521484375 363.48431396484375 1.562841534614563 1.620500922203064 3.768864393234253 2.1398873329162598 1.2427732944488525 1.2575956583023071 -1.59942078061672 0.14149989187717438
Car -1 -1 1.79 403.6746826171875 174.81466674804688 498.7961120605469 228.9700469970703 1.5370352268218994 1.5829236507415771 3.8776140213012695 -6.641207695007324 1.8769476413726807 31.337303161621094 1.5845102092400838 0.13308772444725037
Car -1 -1 -0.66 8.610405921936035 246.049560546875 73.19575595855713 365.46826171875 1.408128023147583 1.454813003540039 3.434124231338501 -1.6203371286392212 1.2435244917869568 1.3262217044830322 -1.545550711944804 0.13103632628917694
Car -1 -1 -0.69 16.689035415649414 255.991943359375 78.74897193908691 369.1297302246094 1.442205786705017 1.4017460346221924 3.3901870250701904 -1.4712244272232056 1.2728532552719116 1.3142317533493042 -1.5289659058546707 0.11772412806749344
Car -1 -1 -0.7 -1.7021836042404175 239.748046875 54.454997181892395 358.2547912597656 1.4006681442260742 1.4904409646987915 3.389636516571045 -1.9782865047454834 1.2718384861946106 1.5303785800933838 -1.6077193369200646 0.11710888892412186
Car -1 -1 -0.68 13.125081062316895 237.4892578125 84.5027437210083 361.038818359375 1.40420401096344 1.4260790348052979 3.4825074672698975 -2.161402702331543 1.4027896523475647 1.852738380432129 -1.539040300233398 0.11312000453472137
Car -1 -1 -0.69 2.6711440086364746 257.91351318359375 62.0504355430603 368.7184143066406 1.3953335285186768 1.447178602218628 3.4088196754455566 -1.2476648092269897 1.1369742453098297 1.0101498365402222 -1.5755497770402567 0.10673794150352478
Car -1 -1 -0.73 -1.6997499465942383 260.8069152832031 50.91759014129639 367.1962890625 1.4196795225143433 1.457958459854126 3.2071259021759033 -1.1569337844848633 1.1034740805625916 0.9329490661621094 -1.618180592975456 0.10400936752557755
Car -1 -1 -0.72 10.777929306030273 269.41278076171875 68.07537651062012 371.7201232910156 1.4464366436004639 1.4313766956329346 3.536026954650879 -1.499964952468872 1.3307320475578308 1.3452237844467163 -1.5593610441890897 0.0953926369547844