Car -1 -1 -1.84 763.9370727539062 182.67625427246094 974.7777709960938 321.10986328125 1.4366447925567627 1.588528037071228 3.732107639312744 3.239490509033203 1.6375731825828552 9.754321098327637 -1.519120704582825 0.8932523131370544
Car -1 -1 -1.7 678.8974609375 181.53549194335938 732.1235961914062 220.5145263671875 1.4311202764511108 1.5740171670913696 3.5099968910217285 3.670532464981079 1.795257031917572 28.251174926757812 -1.5681838432050075 0.8731810450553894
Car -1 -1 -1.76 721.326416015625 176.1752166748047 848.1116333007812 264.9186706542969 1.5989450216293335 1.634930968284607 3.896211862564087 3.381495714187622 1.7100915908813477 14.886024475097656 -1.5336956456489883 0.8615018129348755
Car -1 -1 -2.87 280.7085876464844 180.92611694335938 444.97015380859375 241.44973754882812 1.4346283674240112 1.6310638189315796 3.6187357902526855 -6.319042205810547 1.6698129773139954 18.75474739074707 3.0868538704772277 0.8185348510742188
Car -1 -1 0.77 3.3772459030151367 183.3325653076172 249.76474285125732 374.4687805175781 1.5830364227294922 1.582261085510254 3.9165573120117188 -5.635098934173584 1.6322704553604126 6.150031566619873 0.028043632207271685 0.813184380531311
Car -1 -1 -2.79 342.64508056640625 178.92254638671875 490.4339904785156 234.70880126953125 1.4841490983963013 1.6261883974075317 3.9662201404571533 -5.630507946014404 1.6909745335578918 21.1214542388916 -3.04974135856499 0.7887706756591797
Car -1 -1 -2.71 113.77751159667969 179.26646423339844 386.6709442138672 271.41961669921875 1.4182190895080566 1.6147639751434326 4.113196849822998 -6.374353885650635 1.661003828048706 13.282722473144531 3.1232974277558974 0.788270890712738
Car -1 -1 -2.86 400.6854553222656 174.8884735107422 521.4247436523438 223.5512237548828 1.6662787199020386 1.6622035503387451 4.015344619750977 -5.287181854248047 1.7710903882980347 25.41910743713379 -3.0660447706297074 0.7687373161315918
Van -1 -1 -1.68 644.2247314453125 163.73574829101562 678.4937744140625 198.20498657226562 2.3663008213043213 1.9799290895462036 5.461467742919922 3.930107355117798 1.8370625972747803 55.42948913574219 -1.6058196145544015 0.7533456087112427
Car -1 -1 -2.92 433.3358154296875 174.35037231445312 532.8207397460938 215.51058959960938 1.6622198820114136 1.6542490720748901 4.239394664764404 -5.205087661743164 1.7488608360290527 30.470163345336914 -3.08630051456307 0.6876316070556641
Car -1 -1 -2.65 48.93148422241211 189.05484008789062 376.490779876709 296.0428771972656 1.4803227186203003 1.5705866813659668 4.055307388305664 -6.421996116638184 1.6936022639274597 13.249287605285645 -3.1003425886733336 0.49674177169799805
Car -1 -1 -2.9 365.45367431640625 176.52536010742188 502.9143371582031 229.4845428466797 1.5640952587127686 1.6350033283233643 4.01659631729126 -5.635008811950684 1.6977805495262146 24.726465225219727 -3.120331439843028 0.4604734778404236
Car -1 -1 -2.68 19.251934051513672 189.93544006347656 336.1804313659668 310.65582275390625 1.4843682050704956 1.581923246383667 4.266036510467529 -6.723392009735107 1.7342779636383057 12.941498756408691 3.122341444165718 0.39998093247413635
Car -1 -1 1.02 707.9617309570312 174.99974060058594 776.7010498046875 216.24319458007812 1.4895516633987427 1.6587188243865967 3.967454671859741 5.317385196685791 1.6586828827857971 29.865243911743164 1.191606057111077 0.3986837863922119
Car -1 -1 -1.75 723.6656494140625 177.91688537597656 887.351806640625 279.9471740722656 1.5315035581588745 1.6283103227615356 3.8494644165039062 3.578662872314453 1.749650239944458 15.243589401245117 -1.5229969923757896 0.38614538311958313
Car -1 -1 -2.89 314.3191833496094 180.72036743164062 479.9351501464844 236.4110107421875 1.4649746417999268 1.593218207359314 4.0326828956604 -5.670988082885742 1.6742101907730103 21.662036895751953 3.1360072002344417 0.37592998147010803
Car -1 -1 -2.89 388.5063171386719 179.17910766601562 505.84918212890625 227.3410186767578 1.5167475938796997 1.5903754234313965 3.931743860244751 -5.448367118835449 1.7955195307731628 25.193552017211914 -3.0981934601282326 0.32886797189712524
Car -1 -1 -2.7 0.9633040428161621 186.37838745117188 40.77236318588257 373.4728698730469 1.5748298168182373 1.6531963348388672 4.220881938934326 -5.573129653930664 1.6611365675926208 3.608419179916382 2.5855665601282602 0.29028528928756714
Car -1 -1 1.34 -0.9486832618713379 183.228759765625 66.23969411849976 370.50079345703125 1.689957857131958 1.6222636699676514 4.043059349060059 -5.484912872314453 1.8224751353263855 4.0391387939453125 0.4042825558548877 0.2836846113204956
Car -1 -1 -2.77 93.57909393310547 182.40985107421875 360.7168502807617 280.5906066894531 1.4369113445281982 1.5515341758728027 4.174811363220215 -6.423112869262695 1.651196300983429 13.142144203186035 3.0564871125353195 0.27138885855674744
Car -1 -1 -2.6 515.4229125976562 176.97601318359375 572.7137451171875 199.80227661132812 1.4372880458831787 1.5385370254516602 3.733874559402466 -4.613603591918945 1.7495176792144775 50.32352828979492 -2.69401916751068 0.27092358469963074
Car -1 -1 -2.13 688.7006225585938 178.62022399902344 748.8104248046875 218.2063751220703 1.399377703666687 1.5898886919021606 3.5814404487609863 3.9984054565429688 1.7869651913642883 28.71209716796875 -1.9883443490280737 0.26443615555763245
Car -1 -1 -2.77 140.49725341796875 179.5170440673828 368.0559387207031 259.10101318359375 1.443377137184143 1.6207112073898315 4.1148457527160645 -6.578358173370361 1.620060920715332 13.418766975402832 3.0617755553129316 0.26279911398887634
Car -1 -1 -0.32 702.17626953125 177.56045532226562 762.4653930664062 214.70834350585938 1.4494881629943848 1.5873830318450928 3.805269479751587 5.181678771972656 1.7271596193313599 31.228544235229492 -0.15510481648793917 0.26175087690353394
Car -1 -1 -3.01 481.1713562011719 179.36087036132812 553.2103881835938 208.13446044921875 1.4531108140945435 1.6072648763656616 4.0907301902771 -4.895773887634277 1.8272560238838196 37.660648345947266 3.1405308414083617 0.25436484813690186
Car -1 -1 -2.9 222.031494140625 182.65573120117188 408.3333435058594 245.0320587158203 1.418897271156311 1.6130908727645874 4.205992698669434 -6.966541290283203 1.6693105697631836 18.275352478027344 3.0150132948806503 0.25349894165992737
Car -1 -1 -2.88 447.7981262207031 175.20382690429688 544.2161865234375 212.56471252441406 1.5160038471221924 1.6212220191955566 4.152347087860107 -5.295453071594238 1.7153457403182983 32.978965759277344 -3.0429449256948846 0.24429918825626373
Car -1 -1 -2.5 -1.1172395944595337 193.14906311035156 51.866273283958435 373.15118408203125 1.6051204204559326 1.6301523447036743 4.229026794433594 -5.492990493774414 1.6676626801490784 3.7363107204437256 2.8085657210173123 0.2433801293373108
Car -1 -1 -2.44 3.750324249267578 202.00833129882812 45.25061798095703 367.51495361328125 1.5536926984786987 1.6776504516601562 4.340380668640137 -5.301122188568115 1.6954001188278198 3.5159943103790283 2.855140172833182 0.23355799913406372
Car -1 -1 1.59 2.1001505851745605 202.33653259277344 55.914626598358154 348.3382263183594 1.6812386512756348 1.5850757360458374 3.974696636199951 -4.758753776550293 1.7263623476028442 3.932088851928711 0.7137214764523243 0.232819065451622
Car -1 -1 -2.48 9.206703186035156 182.97230529785156 317.9729995727539 332.52752685546875 1.3823933601379395 1.6284198760986328 4.081134796142578 -6.323734283447266 1.682234525680542 9.05654239654541 -3.091919022350769 0.22732573747634888
Car -1 -1 -2.25 532.12353515625 176.8105010986328 571.3184814453125 197.78994750976562 1.427274465560913 1.5539641380310059 3.5226428508758545 -4.421901702880859 1.7748041152954102 52.26003646850586 -2.333958561728087 0.22482633590698242
Car -1 -1 -2.89 179.06578063964844 184.87632751464844 400.64837646484375 256.73907470703125 1.3860666751861572 1.6109697818756104 4.170562267303467 -6.555654048919678 1.6320055723190308 14.701457977294922 2.9760261143368716 0.21918252110481262
Car -1 -1 1.09 712.8246459960938 174.5824737548828 788.0164794921875 221.6726531982422 1.4851789474487305 1.6433335542678833 3.9390509128570557 5.479690074920654 1.6512606739997864 29.606287002563477 1.2742760928665327 0.2130039930343628
Car -1 -1 -2.78 75.6137924194336 183.98019409179688 317.07161712646484 271.7178955078125 1.4686938524246216 1.6467456817626953 4.057176113128662 -7.215568542480469 1.6616436839103699 13.150715827941895 3.0044359807148897 0.21137428283691406
Car -1 -1 1.79 708.4384155273438 177.31373596191406 781.8204956054688 226.61053466796875 1.5378882884979248 1.5900484323501587 3.7899301052093506 5.114023685455322 1.85407292842865 28.546491622924805 1.9688090490590335 0.20472343266010284
Car -1 -1 -1.8 717.9910888671875 177.61187744140625 826.6525268554688 256.1671142578125 1.4728931188583374 1.5884943008422852 3.734109401702881 3.554387331008911 1.6443549990653992 15.569775581359863 -1.580088367235577 0.2041691541671753
Van -1 -1 0.76 6.07597017288208 186.07154846191406 247.15610933303833 371.6856689453125 1.9406627416610718 1.7106382846832275 4.496922016143799 -5.903028964996338 1.922333002090454 6.750163555145264 0.0394488967167117 0.20252768695354462
Car -1 -1 -2.9 444.88958740234375 177.60482788085938 531.232421875 219.43124389648438 1.5757293701171875 1.6257319450378418 3.7837698459625244 -5.187374114990234 1.7933837175369263 30.550457000732422 -3.063903707164858 0.20177994668483734
Car -1 -1 -2.28 465.3381652832031 175.4144744873047 554.498291015625 209.48329162597656 1.5080769062042236 1.60966956615448 4.069112777709961 -4.9612627029418945 1.7115037441253662 35.77651596069336 -2.4204736539532377 0.20117247104644775
Car -1 -1 -2.91 231.50514221191406 184.7686767578125 439.11505126953125 249.5792236328125 1.5048942565917969 1.6790872812271118 4.216284275054932 -6.642874240875244 1.6940629482269287 18.701242446899414 3.0360922174761438 0.20110449194908142
Car -1 -1 -2.88 410.80157470703125 173.50115966796875 502.20269775390625 219.36314392089844 1.57319974899292 1.6317695379257202 3.620633125305176 -5.6319708824157715 1.7056099772453308 26.187673568725586 -3.0943736932932095 0.19848789274692535
Van -1 -1 -1.56 643.1346435546875 166.2628631591797 672.4497680664062 197.2926483154297 2.2338037490844727 1.9968098402023315 5.228610992431641 3.860001564025879 1.8185303807258606 55.373069763183594 -1.4902344312558737 0.1984548270702362
Car -1 -1 -2.97 -7.650753498077393 179.95394897460938 34.96040678024292 376.9336853027344 1.633216381072998 1.6544829607009888 4.3959832191467285 -5.596906661987305 1.6361350417137146 3.6790390014648438 2.322276155234137 0.19808684289455414
Car -1 -1 -2.35 1.9008628129959106 196.44334411621094 30.30305778980255 370.7867126464844 1.5276873111724854 1.656726598739624 4.248759746551514 -5.35273551940918 1.6494372487068176 3.4788269996643066 2.9343064629599924 0.19561059772968292
Car -1 -1 -2.81 1.0897064208984375 194.9773406982422 92.05632781982422 368.4386291503906 1.6332429647445679 1.6458302736282349 4.209046363830566 -5.227872371673584 1.600393831729889 3.91332745552063 2.5454900689391637 0.19554771482944489
Car -1 -1 -2.58 -8.939041137695312 199.76837158203125 43.20289611816406 379.5811462402344 1.5517358779907227 1.6667052507400513 4.30664587020874 -5.464009761810303 1.5992001295089722 3.685763120651245 2.7244329942741583 0.19314631819725037
Car -1 -1 -2.23 524.2254638671875 177.7841033935547 569.1483764648438 199.43374633789062 1.4832780361175537 1.5532045364379883 3.767418146133423 -4.642106533050537 1.8931140899658203 51.81624221801758 -2.3173888029028085 0.18589793145656586
Car -1 -1 0.98 15.670254707336426 177.04940795898438 256.6926546096802 314.6155090332031 1.4652955532073975 1.6417979001998901 4.011031627655029 -5.604290008544922 1.59988272190094 6.860071659088135 0.293060356193362 0.1833309382200241
Car -1 -1 1.49 -4.326882362365723 190.60609436035156 57.635348320007324 333.46600341796875 1.6278536319732666 1.5274494886398315 3.8791635036468506 -4.690675258636475 1.6027584671974182 3.996242046356201 0.6208093478425702 0.1810290366411209
Car -1 -1 -2.44 57.7716178894043 186.8697509765625 312.784969329834 290.5254821777344 1.4398987293243408 1.6534026861190796 4.146088123321533 -6.973755836486816 1.7467010021209717 11.766338348388672 -2.974853583229452 0.18043389916419983
Car -1 -1 2.58 6.35933256149292 234.47915649414062 47.67532682418823 359.40228271484375 1.7186312675476074 1.6475718021392822 4.126918792724609 -5.244273662567139 1.9276676177978516 4.352768421173096 1.7002331592577837 0.17016535997390747
Van -1 -1 -2.75 19.251934051513672 189.93544006347656 336.1804313659668 310.65582275390625 2.017313241958618 1.7742582559585571 4.625150203704834 -8.265839576721191 2.0182101726531982 15.144868850708008 3.0340804209760392 0.16468499600887299
Car -1 -1 -2.75 504.7633361816406 178.11863708496094 570.0787353515625 201.1332550048828 1.427971363067627 1.6003655195236206 4.160683631896973 -4.6935648918151855 1.7703930139541626 48.69829559326172 -2.844738438929866 0.16096414625644684
Car -1 -1 -2.62 0.04755034297704697 208.85150146484375 35.79672636836767 362.6037902832031 1.475208044052124 1.6074963808059692 3.9317939281463623 -4.475132465362549 1.5037562251091003 3.3569724559783936 2.737669830906187 0.1577463448047638
Car -1 -1 -1.21 714.8869018554688 176.28466796875 806.4808959960938 243.1383056640625 1.5079362392425537 1.612064003944397 3.861668109893799 5.014429569244385 1.8052233457565308 25.698497772216797 -1.0199022492232084 0.15602421760559082
Car -1 -1 -3.01 487.5184631347656 177.06851196289062 566.5223999023438 204.08338928222656 1.4416292905807495 1.5904271602630615 4.089484214782715 -4.971860885620117 1.7333335280418396 43.45209503173828 -3.1212892567461603 0.1318252831697464