Car -1 -1 -1.39 377.8687744140625 173.16758728027344 513.8601684570312 282.7533874511719 1.6210991144180298 1.6665980815887451 4.058342456817627 -2.830336332321167 1.7150365114212036 13.256691932678223 -1.596594324813844 0.8683608770370483
Car -1 -1 2.08 133.0897216796875 194.21371459960938 260.7401123046875 248.66563415527344 1.4740114212036133 1.6078180074691772 4.010123252868652 -12.470588684082031 2.1627339124679565 21.981407165527344 1.5668601901671675 0.8507549166679382
Cyclist -1 -1 -1.6 679.9715576171875 158.15869140625 735.6005859375 230.6392822265625 1.8790758848190308 0.5602506995201111 1.9344470500946045 2.645427942276001 1.4786588549613953 19.901662826538086 -1.4682491345298327 0.8230118751525879
Car -1 -1 -1.59 587.3638305664062 173.5390167236328 614.5750122070312 199.7272186279297 1.5256997346878052 1.6306225061416626 4.2123637199401855 -0.6234260201454163 1.6165593266487122 46.81601333618164 -1.598471346013894 0.8217431902885437
Pedestrian -1 -1 1.18 661.5789184570312 165.39602661132812 682.5394287109375 223.07308959960938 1.8187583684921265 0.6443926692008972 0.9978063702583313 1.9750128984451294 1.5729212164878845 23.22681999206543 1.2667025435897141 0.625866174697876
Pedestrian -1 -1 2.79 673.6119995117188 164.3387908935547 699.3782348632812 223.9854278564453 1.8077434301376343 0.6763312816619873 0.9290834069252014 2.274927854537964 1.5309919714927673 21.64702796936035 2.8963431355174993 0.5861222147941589
Pedestrian -1 -1 1.69 667.2733764648438 166.1893768310547 686.9835815429688 223.6930389404297 1.7186741828918457 0.6439791321754456 0.7847511172294617 2.036353349685669 1.5578609108924866 21.802915573120117 1.7782841845968127 0.5249290466308594
Cyclist -1 -1 -2.42 664.7286987304688 164.78738403320312 704.062744140625 223.91441345214844 1.7627018690109253 0.6366409063339233 1.8388310670852661 2.4083645343780518 1.5660751461982727 23.075889587402344 -2.3183476951861692 0.4791340231895447
Pedestrian -1 -1 2.48 670.4881591796875 165.41024780273438 695.4502563476562 223.78036499023438 1.8349871635437012 0.6615421175956726 0.9120930433273315 2.2126667499542236 1.552156388759613 22.4554386138916 2.5738423400741857 0.4699975848197937
Pedestrian -1 -1 2.6 682.5155639648438 160.02215576171875 731.9960327148438 230.4152069091797 1.7986299991607666 0.6472094058990479 0.9305636286735535 2.6334035396575928 1.5015846490859985 19.256689071655273 2.733903492748439 0.4699155390262604
Pedestrian -1 -1 1.74 668.6687622070312 164.81817626953125 691.1034545898438 221.49276733398438 1.7010728120803833 0.6169593334197998 0.7200263738632202 2.148296356201172 1.5526602864265442 22.416677474975586 1.8320165131195738 0.42979368567466736
Cyclist -1 -1 -2.38 663.790771484375 167.74937438964844 686.03759765625 222.0001220703125 1.6883512735366821 0.5750055313110352 1.8472704887390137 2.2120962142944336 1.5301227569580078 24.304048538208008 -2.289909579794596 0.4185023307800293
Cyclist -1 -1 -2.2 664.1477661132812 165.61734008789062 694.998779296875 222.28683471679688 1.7775031328201294 0.5882564783096313 1.8806418180465698 2.306797504425049 1.5617325901985168 23.651662826538086 -2.099475538077032 0.4160497486591339
Cyclist -1 -1 -2.57 669.2861328125 162.11297607421875 710.17919921875 226.4088592529297 1.7754278182983398 0.6231760382652283 1.8496288061141968 2.7194392681121826 1.5369343757629395 22.504804611206055 -2.4493548575137867 0.4104922413825989
Cyclist -1 -1 -2.44 670.2255859375 164.102783203125 698.488525390625 224.31570434570312 1.7956100702285767 0.6068553924560547 1.8132603168487549 2.8368453979492188 1.560317575931549 23.120943069458008 -2.318437649614152 0.3893358111381531
Pedestrian -1 -1 2.19 682.7713623046875 159.56118774414062 721.43505859375 226.9617156982422 1.8900953531265259 0.6917197108268738 0.8608472347259521 2.5193817615509033 1.5274496674537659 19.868408203125 2.311912015430412 0.3858211636543274
Pedestrian -1 -1 2.48 678.95068359375 159.79910278320312 714.3204345703125 226.59359741210938 1.8747963905334473 0.6795589923858643 0.9678272604942322 2.506211996078491 1.5234131813049316 20.41177749633789 2.6047165735475595 0.373065710067749
Car -1 -1 -0.62 1.2571543455123901 195.95736694335938 62.84529674053192 247.87567138671875 1.514304518699646 1.6001311540603638 4.022404193878174 -20.584869384765625 2.37588769197464 23.66223907470703 -1.3393746079597006 0.35953542590141296
Pedestrian -1 -1 2.44 677.3917846679688 162.0488739013672 705.7238159179688 226.18646240234375 1.8360872268676758 0.6689567565917969 0.9133952260017395 2.532296657562256 1.52039235830307 21.34832191467285 2.5540844284248383 0.3437473773956299
Cyclist -1 -1 -1.37 681.2814331054688 160.5414581298828 725.78857421875 224.12091064453125 1.824241042137146 0.6326014995574951 1.8374866247177124 2.623023748397827 1.492733359336853 20.867551803588867 -1.2462916137777862 0.3339230716228485
Pedestrian -1 -1 2.17 661.552978515625 166.41673278808594 690.4842529296875 220.02667236328125 1.7968279123306274 0.6612051725387573 0.869382917881012 2.108480215072632 1.6163925528526306 23.538400650024414 2.254839720480688 0.33063820004463196
Pedestrian -1 -1 2.17 661.7064208984375 166.62472534179688 678.6961059570312 216.8024139404297 1.6948672533035278 0.6674571633338928 0.8348308205604553 1.9159928560256958 1.5184097290039062 23.04185676574707 2.251908051638006 0.31704097986221313
Van -1 -1 -1.42 380.5697021484375 174.244384765625 516.329833984375 282.979736328125 1.8339707851409912 1.8309540748596191 4.631107807159424 -3.0899600982666016 1.9096583724021912 14.285233497619629 -1.6328986893890747 0.310046523809433
Cyclist -1 -1 -1.44 674.1834106445312 162.86712646484375 717.901611328125 227.54312133789062 1.8086720705032349 0.6172269582748413 1.8328983783721924 2.450025796890259 1.5115882754325867 21.129207611083984 -1.3259853278021598 0.30760666728019714
Cyclist -1 -1 -2.24 677.3917846679688 162.0488739013672 705.7238159179688 226.18646240234375 1.796159267425537 0.6006896495819092 1.82426118850708 2.7038238048553467 1.5305809378623962 22.70981788635254 -2.1219435726377 0.2934233546257019
Car -1 -1 -1.93 681.8990478515625 159.63995361328125 730.6539916992188 230.37603759765625 1.7637760639190674 1.5667989253997803 3.7975802421569824 3.095418930053711 1.5692490339279175 24.05111312866211 -1.8041797434915825 0.2803347408771515
Pedestrian -1 -1 3.0 663.2047119140625 164.6763153076172 703.7372436523438 223.990966796875 1.7711529731750488 0.6699556112289429 0.7722749710083008 2.1734230518341064 1.5820667147636414 22.7325496673584 3.0998713208943673 0.26164740324020386
Pedestrian -1 -1 1.84 673.0974731445312 165.0452880859375 710.9107055664062 226.7720489501953 1.72806978225708 0.6120386123657227 0.8089272379875183 2.369795083999634 1.5599958300590515 21.341344833374023 1.9470790886572846 0.25549766421318054
Car -1 -1 -1.42 688.2219848632812 157.1839141845703 737.0123901367188 228.67446899414062 1.8948566913604736 1.63502836227417 4.1200127601623535 3.3635435104370117 1.540791392326355 24.684589385986328 -1.281892558579238 0.23820361495018005
Pedestrian -1 -1 2.28 690.6098022460938 160.95199584960938 739.935302734375 231.11849975585938 1.8010941743850708 0.6419401168823242 0.9482275247573853 2.8178021907806396 1.4881005883216858 19.240964889526367 2.424191390158146 0.219020813703537
Pedestrian -1 -1 2.52 687.0157470703125 160.20318603515625 721.0255737304688 214.48406982421875 1.8752986192703247 0.705572783946991 0.929017186164856 2.7414278984069824 1.4525118470191956 21.540294647216797 2.642608913732899 0.21352538466453552
Car -1 -1 -1.93 675.497802734375 161.58038330078125 718.7861328125 226.60806274414062 1.6560252904891968 1.5584557056427002 3.6659014225006104 3.0081465244293213 1.6428782939910889 27.988697052001953 -1.8242558676916403 0.2053435891866684
Cyclist -1 -1 -2.1 689.5413208007812 164.43524169921875 742.5051879882812 228.54376220703125 1.7721482515335083 0.5917140245437622 1.8775252103805542 2.881802797317505 1.532461702823639 19.93244171142578 -1.9516424746931396 0.19752709567546844
Pedestrian -1 -1 2.84 657.7371215820312 165.93104553222656 695.3150024414062 222.91831970214844 1.7751779556274414 0.6593004465103149 0.7523295283317566 1.956997275352478 1.60298752784729 22.895767211914062 2.9274808603257316 0.19640327990055084