Car -1 -1 2.2 53.669090270996094 192.15940856933594 181.46910095214844 245.47183227539062 1.6002708673477173 1.6271864175796509 3.793452501296997 -16.6872501373291 2.3103719353675842 24.700416564941406 1.607260286121841 0.8340415358543396
Car -1 -1 1.93 361.58990478515625 185.4137725830078 400.6105041503906 206.108154296875 1.4026955366134644 1.6124790906906128 3.483008623123169 -16.584718704223633 2.340947687625885 52.12118911743164 1.624131236751289 0.7387644052505493
Car -1 -1 1.83 435.1429748535156 180.20352172851562 464.5044860839844 197.85971069335938 1.4529378414154053 1.5901376008987427 3.8519785404205322 -14.018014907836914 2.1325302124023438 63.44804763793945 1.6085318988743982 0.6825616359710693
Car -1 -1 1.75 479.4657287597656 178.137451171875 503.6170654296875 193.9689483642578 1.5499296188354492 1.6123392581939697 3.928943157196045 -11.634148597717285 2.0215314626693726 70.7510986328125 1.590735460291219 0.4598901569843292
Car -1 -1 1.79 477.59417724609375 177.5958251953125 506.88165283203125 195.20281982421875 1.5136933326721191 1.5414183139801025 3.8286798000335693 -10.681866645812988 1.9990180730819702 65.80873107910156 1.629987152558634 0.4278547465801239
Cyclist -1 -1 -1.95 694.066650390625 165.3299102783203 710.2899169921875 197.5516357421875 1.866112232208252 0.5909925103187561 1.9029905796051025 5.905889987945557 1.444214940071106 46.23097229003906 -1.8240200530439878 0.3574596047401428
Cyclist -1 -1 -1.72 697.6973266601562 163.86399841308594 708.5443725585938 197.34371948242188 1.8741196393966675 0.5563935041427612 1.8011668920516968 5.782779216766357 1.3006861507892609 45.19685363769531 -1.5933756201224263 0.29353198409080505
Car -1 -1 1.83 483.8330078125 175.9771270751953 515.7003173828125 195.0374755859375 1.5280976295471191 1.5653882026672363 4.1154961585998535 -10.219165802001953 1.952705979347229 66.21683502197266 1.6733835097746743 0.2887638211250305
Pedestrian -1 -1 2.07 697.8822631835938 163.86392211914062 709.08203125 197.2198944091797 1.8687434196472168 0.5920769572257996 0.9127797484397888 5.894516944885254 1.4727706909179688 46.17742919921875 2.19703417937928 0.28683680295944214
Cyclist -1 -1 -2.11 696.4999389648438 167.342041015625 709.5750732421875 196.9879913330078 1.8037054538726807 0.5678028464317322 1.9914451837539673 6.088045120239258 1.5270872116088867 47.33723449707031 -1.9846685198125336 0.23382923007011414
Van -1 -1 1.73 519.4495849609375 159.92633056640625 556.1846923828125 191.52061462402344 2.678305149078369 2.1022212505340576 6.402390480041504 -6.631897926330566 1.6685844957828522 66.22036743164062 1.626947711769195 0.22330082952976227
Truck -1 -1 1.74 519.75830078125 160.90745544433594 557.398681640625 190.5557098388672 3.3694283962249756 2.5120832920074463 10.114371299743652 -6.959690093994141 2.0665465593338013 69.23045349121094 1.6422815126688075 0.16636264324188232
Car -1 -1 1.73 480.38787841796875 177.31167602539062 511.0200500488281 194.353271484375 1.5314546823501587 1.5450538396835327 3.7710328102111816 -10.559871673583984 1.8309184908866882 66.70564270019531 1.5772999406932282 0.15150342881679535