Car -1 -1 -1.8 781.890625 178.36550903320312 1015.7830200195312 345.02655029296875 1.487954020500183 1.5909351110458374 3.55409836769104 3.0521585941314697 1.5694991946220398 8.36960506439209 -1.4551278652343136 0.902603030204773
Car -1 -1 1.98 149.91136169433594 202.63929748535156 351.94439697265625 311.0467834472656 1.463261365890503 1.6432322263717651 4.139453887939453 -6.028115272521973 2.073716640472412 12.585528373718262 1.5354681097344312 0.8843929171562195
Car -1 -1 1.77 456.5264892578125 187.2299041748047 505.8404846191406 219.58705139160156 1.396952748298645 1.571306824684143 3.9342994689941406 -6.235287189483643 2.1169602274894714 35.071868896484375 1.5897471206150104 0.8507902026176453
Car -1 -1 -2.52 1003.2147827148438 185.90834045410156 1242.6136474609375 371.0029296875 1.5541956424713135 1.6403727531433105 4.06949520111084 3.0539865493774414 1.6191561222076416 2.160125494003296 -1.5625088738781425 0.8072255253791809
Car -1 -1 -1.62 646.4298095703125 174.52716064453125 680.6546020507812 205.0659942626953 1.6124838590621948 1.5964317321777344 3.6237053871154785 2.835110664367676 1.7393333911895752 40.06740951538086 -1.5502637391558842 0.7809709310531616
Car -1 -1 -2.49 984.5455322265625 150.8330078125 1250.559814453125 378.26513671875 1.6856070756912231 1.5848658084869385 3.8752896785736084 3.260228395462036 1.7253188490867615 2.4809470176696777 -1.572124291376765 0.6612734198570251
Car -1 -1 1.74 472.6288757324219 185.99514770507812 514.6435546875 215.43479919433594 1.460459589958191 1.5680664777755737 3.666468381881714 -6.105400085449219 2.182305157184601 39.809661865234375 1.5870943639168562 0.5265774726867676
Car -1 -1 1.47 603.0370483398438 177.7041015625 632.62353515625 196.32533264160156 1.5132708549499512 1.6319767236709595 3.9500372409820557 0.4030095636844635 1.9131861925125122 59.21268844604492 1.4745834942971312 0.4228537976741791
Car -1 -1 1.94 609.0247802734375 177.5668487548828 638.8484497070312 195.97994995117188 1.5047807693481445 1.5879781246185303 4.016857624053955 0.8586593270301819 1.8245491981506348 60.298240661621094 1.9503103828159682 0.38245654106140137
Car -1 -1 1.75 478.7874450683594 185.49559020996094 518.7117309570312 214.44992065429688 1.5520998239517212 1.574133038520813 3.6180458068847656 -6.106663703918457 2.1743196845054626 39.79604721069336 1.5967623323474687 0.3705843389034271
Car -1 -1 1.21 599.3917236328125 177.5409393310547 628.1219482421875 196.67308044433594 1.528214931488037 1.6399600505828857 3.9542620182037354 0.28627631068229675 1.9174200296401978 59.67323303222656 1.214120989793635 0.36707794666290283
Van -1 -1 -2.37 971.3499145507812 41.294429779052734 1241.385986328125 384.5054588317871 2.5478971004486084 2.1780567169189453 5.4291090965271 3.0959548950195312 1.6489637792110443 2.216498851776123 -1.4163884243930491 0.3350135385990143
Van -1 -1 -2.11 956.4735717773438 36.298858642578125 1250.480224609375 316.9667663574219 2.6708900928497314 2.186542510986328 6.133159637451172 5.998156547546387 1.8009098172187805 5.1922383308410645 -1.2567585625774296 0.33499032258987427
Car -1 -1 -2.38 965.6642456054688 63.410037994384766 1250.489013671875 374.98813247680664 1.8555705547332764 1.8435086011886597 4.522003173828125 2.3427205085754395 1.3309755623340607 1.653906226158142 -1.4246318151653394 0.3101121783256531
Car -1 -1 1.78 463.82269287109375 186.86929321289062 510.18524169921875 216.56715393066406 1.4302152395248413 1.5528390407562256 3.632598400115967 -6.07652473449707 2.134286105632782 36.25868606567383 1.6114423046741067 0.30116844177246094
Car -1 -1 -0.32 598.4357299804688 177.63043212890625 638.5265502929688 196.69342041015625 1.4588594436645508 1.630749225616455 3.7625465393066406 0.5500791072845459 1.9237778186798096 59.866214752197266 -0.30682350017362614 0.25177615880966187
Car -1 -1 -1.76 644.5181274414062 178.11822509765625 683.5538330078125 206.80384826660156 1.5345557928085327 1.56607186794281 3.5933525562286377 2.895203113555908 1.8742793202400208 39.86927032470703 -1.6829649284382189 0.21467305719852448
Car -1 -1 -2.49 957.4437866210938 111.18185424804688 1233.954345703125 359.1688232421875 1.7130893468856812 1.599250316619873 3.8540072441101074 2.529790163040161 1.4054870009422302 2.2528064250946045 -1.643450960518912 0.21179692447185516
Van -1 -1 -2.24 955.9542846679688 82.23945617675781 1220.5849609375 347.71559143066406 2.4140827655792236 2.071457862854004 5.210931777954102 2.604505777359009 1.5335102677345276 2.8217103481292725 -1.4963698198132853 0.2010815292596817
Car -1 -1 -2.64 1040.6478271484375 142.46559143066406 1241.6131591796875 365.45166015625 1.7071748971939087 1.5510128736495972 3.7160205841064453 3.0315682888031006 1.5683124661445618 1.9156417846679688 -1.627770317853666 0.188796266913414
Van -1 -1 -2.69 955.338623046875 60.9476432800293 1232.382568359375 285.1779136657715 2.337796211242676 2.0341508388519287 5.230268955230713 7.189634323120117 1.5217766463756561 7.654841423034668 -1.9330635770568474 0.16851197183132172
Car -1 -1 -2.02 902.596923828125 99.78022003173828 1202.356201171875 355.51453399658203 1.5919482707977295 1.7367678880691528 4.190557479858398 5.254295825958252 1.8551182746887207 7.210040092468262 -1.3872464010745214 0.1654752492904663
Car -1 -1 -2.54 987.5730590820312 71.12545776367188 1226.9256591796875 340.4781188964844 1.9427509307861328 1.7113134860992432 4.2499589920043945 7.049858570098877 2.178973913192749 4.899720668792725 -1.57964116429965 0.16092336177825928
Van -1 -1 -2.12 984.5582885742188 101.39260864257812 1245.435302734375 317.55975341796875 2.454444408416748 1.874698281288147 5.0730180740356445 5.62627649307251 1.8118150234222412 5.0121307373046875 -1.2755290664300567 0.1482776403427124