Car -1 -1 -1.35 387.3051452636719 176.9303741455078 504.3854064941406 257.1009826660156 1.4353089332580566 1.6347771883010864 3.9268813133239746 -3.2078635692596436 1.4116600155830383 15.026677131652832 -1.5644868822643607 0.8769609928131104
Cyclist -1 -1 0.0 280.6040344238281 169.807861328125 347.80853271484375 237.81849670410156 1.7582515478134155 0.7064018249511719 1.8214168548583984 -7.816678524017334 1.5156463384628296 19.202024459838867 -0.38415343495944576 0.8268066644668579
Pedestrian -1 -1 0.14 548.6709594726562 160.69798278808594 573.8239135742188 222.8294219970703 1.735851526260376 0.6347706317901611 0.7698913812637329 -1.3201663494110107 1.1949530839920044 21.562999725341797 0.08105024564576091 0.807960033416748
Cyclist -1 -1 -1.72 731.5870971679688 158.46627807617188 771.373046875 199.6209716796875 1.841439962387085 0.5915507674217224 1.9963618516921997 6.738977432250977 0.8467779979109764 32.50849914550781 -1.517324025297432 0.7830062508583069
Car -1 -1 0.55 995.697265625 155.044921875 1106.8336181640625 190.17970275878906 1.4950981140136719 1.5878334045410156 3.7926204204559326 19.595962524414062 0.39646095037460327 30.974212646484375 1.1118854477917175 0.7181604504585266
Cyclist -1 -1 -2.49 735.2730712890625 153.92764282226562 767.5049438476562 199.05039978027344 1.8946715593338013 0.6571448445320129 2.0698516368865967 6.8144049644470215 0.7994541674852371 33.40345764160156 -2.291996530101649 0.7000978589057922
Cyclist -1 -1 -0.06 906.3916015625 145.66738891601562 959.6143798828125 203.03785705566406 1.7585790157318115 0.6588273048400879 1.8971872329711914 10.99679946899414 0.659887820482254 23.71489906311035 0.3707791522822319 0.687373161315918
Car -1 -1 2.42 1095.115478515625 145.9444580078125 1212.2154541015625 185.92120361328125 1.6743913888931274 1.7316302061080933 3.520090103149414 23.551395416259766 0.2185903787612915 30.382841110229492 3.077623443855358 0.6832135319709778
Pedestrian -1 -1 1.7 225.3153076171875 179.9468536376953 252.14089965820312 235.96762084960938 1.690418004989624 0.6170728206634521 0.49250492453575134 -11.603384017944336 1.6800517439842224 22.427488327026367 1.2202357467770568 0.6563445925712585
Cyclist -1 -1 1.14 969.5123291015625 143.368408203125 1044.7796630859375 207.29225158691406 1.7736212015151978 0.6330534219741821 1.8259944915771484 11.52338695526123 0.6983363032341003 20.33161163330078 1.654890596526153 0.6100074648857117
Car -1 -1 1.72 476.6201477050781 172.04541015625 504.83599853515625 191.0454864501953 1.444866418838501 1.6887102127075195 4.003129482269287 -9.39144515991211 0.7985080108046532 58.303565979003906 1.5609873364827447 0.5911594033241272
Pedestrian -1 -1 0.11 409.62799072265625 166.19961547851562 440.69427490234375 212.8809356689453 1.8492186069488525 0.6748360991477966 0.9317576885223389 -6.950845718383789 1.2687242031097412 27.37466812133789 -0.13909678198533282 0.5853912234306335
Pedestrian -1 -1 -0.63 910.9075317382812 145.4390411376953 954.8345336914062 201.84561157226562 1.7877064943313599 0.6250837445259094 0.8192125558853149 10.582385063171387 0.6638650000095367 22.979875564575195 -0.2029238180980779 0.5545376539230347
Cyclist -1 -1 0.13 278.837890625 170.2893524169922 333.1253967285156 236.8494873046875 1.7789990901947021 0.6939233541488647 1.7946865558624268 -8.139028549194336 1.537455141544342 19.43844223022461 -0.26635667917478134 0.4929632544517517
Cyclist -1 -1 -0.78 404.72808837890625 164.67259216308594 439.17608642578125 211.55947875976562 1.7866289615631104 0.6070725321769714 1.8300056457519531 -6.972558975219727 1.2032755315303802 27.252225875854492 -1.0296370010516993 0.4619206488132477
Cyclist -1 -1 -1.21 547.568359375 161.6036834716797 576.2178955078125 220.6977081298828 1.755784511566162 0.5014466643333435 1.7818101644515991 -1.266087293624878 1.222699224948883 21.728796005249023 -1.2636182499729838 0.44877904653549194
Cyclist -1 -1 -0.36 227.61172485351562 177.64898681640625 252.0062255859375 229.92523193359375 1.63726806640625 0.5435511469841003 1.663464903831482 -11.884394645690918 1.5846710801124573 23.06229019165039 -0.8325987832580206 0.43626752495765686
Pedestrian -1 -1 0.49 840.7593994140625 157.22251892089844 861.2077026367188 199.14285278320312 1.7274198532104492 0.5963140726089478 0.9604730606079102 10.161711692810059 0.7649173587560654 29.225730895996094 0.82709909780012 0.4085252583026886
Cyclist -1 -1 -0.54 407.62939453125 166.69769287109375 444.062255859375 213.8499298095703 1.8137835264205933 0.6625329256057739 1.7805256843566895 -7.1522345542907715 1.2313988208770752 28.531208038330078 -0.7820607793627952 0.39741015434265137
Car -1 -1 -1.25 392.36260986328125 174.74078369140625 487.7409362792969 241.15538024902344 1.4432886838912964 1.5550308227539062 4.046202182769775 -3.538398027420044 1.3324471712112427 16.070045471191406 -1.4705550757878463 0.361168771982193
Car -1 -1 -0.84 970.2986450195312 143.93630981445312 1047.8857421875 203.88211059570312 1.7199677228927612 1.602268099784851 3.57536244392395 14.295806884765625 0.6296359151601791 24.899110794067383 -0.32010097124167025 0.34358862042427063
Pedestrian -1 -1 0.43 229.84779357910156 177.671875 252.65908813476562 230.9850311279297 1.6765713691711426 0.631678581237793 0.5849982500076294 -11.503560066223145 1.6119799613952637 22.40296745300293 -0.040802194330004316 0.3195597529411316
Pedestrian -1 -1 -0.12 407.806884765625 167.99314880371094 452.1242980957031 210.40213012695312 1.765395998954773 0.6348728537559509 0.9460509419441223 -6.7166666984558105 1.1545310318470001 27.08654022216797 -0.3638254066260016 0.30560043454170227
Van -1 -1 -0.69 1088.438720703125 142.15818786621094 1219.4647216796875 186.13206481933594 1.9437490701675415 1.9275237321853638 4.469227313995361 23.70673179626465 0.22827786207199097 30.542688369750977 -0.031650483045494227 0.2976689636707306
Cyclist -1 -1 -0.51 408.0545654296875 167.8932342529297 453.5590515136719 211.38153076171875 1.7585363388061523 0.7181140184402466 1.8685171604156494 -7.19354772567749 1.1660975515842438 29.000152587890625 -0.7517884813881603 0.28287795186042786
Car -1 -1 -0.95 971.8937377929688 149.20111083984375 1061.20654296875 198.5937042236328 1.5811315774917603 1.5114785432815552 3.3242006301879883 14.882673263549805 0.6173018366098404 25.604625701904297 -0.4203581536648704 0.28100520372390747
Car -1 -1 -1.37 547.7928466796875 161.67616271972656 574.877685546875 220.99134826660156 1.6898828744888306 1.6267352104187012 3.8993468284606934 -1.4215682744979858 1.2055052518844604 26.6136531829834 -1.4227638298816343 0.28084492683410645
Cyclist -1 -1 -1.4 841.0054931640625 157.42050170898438 862.0106811523438 199.24464416503906 1.6727216243743896 0.5243536233901978 1.768472671508789 10.263537406921387 0.764968641102314 29.45219612121582 -1.0626690846215379 0.2783838212490082
Pedestrian -1 -1 -0.61 277.2357482910156 169.74868774414062 355.6081237792969 235.6243133544922 1.7573604583740234 0.6233086585998535 0.6315048336982727 -7.196917533874512 1.4963825345039368 17.632423400878906 -1.0021900940705892 0.2758900225162506
Pedestrian -1 -1 -0.54 907.4730224609375 146.3087158203125 945.0435180664062 201.26953125 1.820634126663208 0.6199197173118591 0.8359742760658264 10.613005638122559 0.6857353150844574 23.311399459838867 -0.10829556905362558 0.25854793190956116
Pedestrian -1 -1 0.09 970.4798583984375 143.50804138183594 1048.110107421875 204.59945678710938 1.7872731685638428 0.6284630298614502 0.7186422944068909 11.314045906066895 0.7489505559206009 19.832744598388672 0.6098005327208078 0.2500794529914856
Car -1 -1 -1.21 404.3221435546875 165.92982482910156 440.18951416015625 211.87564086914062 1.6941003799438477 1.5849192142486572 3.795442819595337 -8.341985702514648 1.2456318140029907 32.6890754699707 -1.4590143374476945 0.2423945516347885
Car -1 -1 -0.26 281.1409606933594 171.44960021972656 358.4043273925781 234.26864624023438 1.639765977859497 1.5286470651626587 3.3689165115356445 -8.822918891906738 1.5064254403114319 22.17401695251465 -0.6338495344633102 0.2297203689813614
Cyclist -1 -1 -2.88 223.10641479492188 178.384033203125 247.8111572265625 231.97677612304688 1.6654475927352905 0.5486093759536743 1.7251373529434204 -12.196309089660645 1.6940467357635498 23.329622268676758 2.926002580965317 0.2204846888780594
Pedestrian -1 -1 1.64 222.99777221679688 177.52381896972656 247.24508666992188 233.57345581054688 1.695068597793579 0.6114250421524048 0.7931585311889648 -11.866971969604492 1.643635094165802 22.624008178710938 1.1609717624614229 0.21665725111961365
Cyclist -1 -1 0.71 283.6557312011719 170.42796325683594 323.30938720703125 233.8810272216797 1.7098554372787476 0.5940431952476501 1.7220128774642944 -8.201003074645996 1.463571846485138 19.283477783203125 0.3050740579151885 0.21459008753299713
Car -1 -1 0.08 992.2081909179688 150.01939392089844 1087.9617919921875 192.9213409423828 1.4771513938903809 1.559999942779541 3.3049116134643555 18.90569305419922 0.3419744372367859 30.52084732055664 0.6392458452674004 0.20098990201950073
Cyclist -1 -1 -0.47 912.6116943359375 143.28001403808594 950.8502807617188 199.87342834472656 1.800454020500183 0.5572009682655334 1.779323697090149 10.713183403015137 0.6217179894447327 23.108060836791992 -0.03862019721755283 0.20092783868312836
Cyclist -1 -1 1.76 224.3939208984375 179.2906036376953 256.2248840332031 233.1923065185547 1.6827068328857422 0.6300287842750549 1.7134414911270142 -12.211225509643555 1.6335899233818054 23.62322235107422 1.2837619230342519 0.1995755285024643
Cyclist -1 -1 -1.34 544.9854736328125 161.15219116210938 583.2523193359375 221.84329223632812 1.788190484046936 0.5705438852310181 1.84062922000885 -1.2183583974838257 1.2505294680595398 21.798070907592773 -1.393850493714801 0.19712398946285248
Truck -1 -1 2.18 277.67364501953125 170.39979553222656 357.3361511230469 236.35035705566406 3.0168421268463135 2.518955707550049 6.640363693237305 -9.835034370422363 2.223233938217163 24.06899642944336 1.788557239607365 0.19623935222625732
Car -1 -1 -0.76 407.4521484375 168.29867553710938 457.6612548828125 208.56427001953125 1.5922831296920776 1.516029715538025 4.016555309295654 -8.061100959777832 1.23782017827034 34.80702590942383 -0.9901953331209308 0.18657205998897552
Car -1 -1 -1.08 398.9110107421875 170.9630584716797 465.9596862792969 224.75640869140625 1.5366714000701904 1.566300392150879 4.186213493347168 -6.208088397979736 1.4122247695922852 26.222482681274414 -1.3121490700586769 0.18121275305747986
Car -1 -1 -0.87 407.6651611328125 172.5812530517578 465.8934631347656 218.62698364257812 1.4605040550231934 1.5615571737289429 3.9367494583129883 -7.118926048278809 1.412240207195282 30.362131118774414 -1.0973783217564659 0.17691956460475922
Pedestrian -1 -1 -0.21 395.11700439453125 171.90093994140625 467.9766845703125 232.81854248046875 1.894076943397522 0.7378808856010437 0.8825026154518127 -5.031641006469727 1.5351911187171936 20.420734405517578 -0.44666632644918813 0.17556829750537872
Pedestrian -1 -1 0.32 405.1933288574219 169.99734497070312 460.6094970703125 222.47845458984375 1.8349477052688599 0.686829686164856 0.8316227793693542 -5.2466278076171875 1.418437659740448 21.863359451293945 0.0865816672721813 0.16803774237632751
Pedestrian -1 -1 0.35 388.9413146972656 176.49432373046875 497.4844055175781 253.7538604736328 1.763268232345581 0.6951107382774353 0.9328063726425171 -3.5838942527770996 1.5045111775398254 15.186456680297852 0.1150501193142901 0.152459979057312