Van -1 -1 -1.71 640.7454833984375 154.32070922851562 698.4199829101562 212.27685546875 2.3859505653381348 1.979779839515686 5.391069412231445 2.5785586833953857 1.6535802781581879 33.0345344543457 -1.636866034567209 0.8584925532341003
Car -1 -1 -2.66 -8.35795783996582 178.0550994873047 316.2442150115967 306.0021057128906 1.4581708908081055 1.6012020111083984 4.085962772369385 -6.176776885986328 1.5908609628677368 9.605265617370605 3.051072762296597 0.851238489151001
Car -1 -1 2.76 732.4190673828125 170.16249084472656 903.0225219726562 231.00550842285156 1.6698858737945557 1.6837961673736572 4.294671058654785 5.694022178649902 1.5685272216796875 20.577312469482422 3.0335619836005883 0.8351119160652161
Car -1 -1 -2.91 382.6624450683594 175.73512268066406 496.7084655761719 217.39657592773438 1.4812768697738647 1.6542677879333496 3.9413204193115234 -6.532708168029785 1.637653887271881 28.170066833496094 -3.1360692988727727 0.8155202269554138
Car -1 -1 -2.13 829.19580078125 198.2313995361328 1228.5247802734375 372.5425720214844 1.4842113256454468 1.5382628440856934 3.522820472717285 2.8701934814453125 1.6756993532180786 4.896203994750977 -1.6007698580011507 0.7957705855369568
Car -1 -1 0.06 262.70513916015625 164.6928253173828 432.7209777832031 238.38638305664062 1.7155556678771973 1.7313426733016968 3.929142713546753 -6.728200912475586 1.5587612986564636 18.886186599731445 -0.27808133708154426 0.764074444770813
Car -1 -1 -0.48 818.1456298828125 180.12924194335938 1027.5599365234375 265.058837890625 1.5494256019592285 1.633117437362671 3.624768018722534 6.140880107879639 1.6926007866859436 14.793166160583496 -0.08353210286409585 0.7597893476486206
Car -1 -1 -2.93 419.3589172363281 171.46408081054688 521.7368774414062 210.468994140625 1.7063482999801636 1.7280384302139282 4.1311540603637695 -6.1723480224609375 1.657634675502777 32.42128372192383 -3.1224533780928523 0.7492316365242004
Car -1 -1 0.92 3.1825506687164307 195.54527282714844 121.72953248023987 377.76513671875 1.4288361072540283 1.5778940916061401 3.949103355407715 -5.965889930725098 1.585108458995819 4.984951019287109 0.04864707492180642 0.6985917687416077
Car -1 -1 -2.46 313.2868347167969 177.62025451660156 447.8385314941406 231.24171447753906 1.4500495195388794 1.5885577201843262 3.6523871421813965 -6.715346336364746 1.6233563423156738 21.274925231933594 -2.7644810131397364 0.696326732635498
Car -1 -1 1.15 876.8587036132812 189.06289672851562 1167.8829345703125 286.3373718261719 1.4194284677505493 1.5447415113449097 3.6994881629943848 6.445347309112549 1.7010077834129333 11.802276611328125 1.6499440360019575 0.6470069289207458
Car -1 -1 -3.08 835.642333984375 184.65538024902344 1067.1993408203125 280.3096008300781 1.4257546663284302 1.5216094255447388 3.755171298980713 6.241649150848389 1.6952319145202637 12.766218185424805 -2.62988732997869 0.5831583142280579
Car -1 -1 0.56 856.2051391601562 186.957763671875 1211.9215087890625 320.8927917480469 1.4241780042648315 1.6199312210083008 3.6141011714935303 6.293492794036865 1.7155188918113708 11.4425687789917 1.066837177892305 0.5315772891044617
Car -1 -1 -2.9 396.5334777832031 174.32046508789062 508.64404296875 212.28033447265625 1.5588834285736084 1.6152576208114624 3.922334909439087 -6.28192663192749 1.6199408769607544 32.24953079223633 -3.089260840975178 0.5295711755752563
Car -1 -1 0.09 287.8987731933594 171.3015594482422 445.0912170410156 232.53465270996094 1.5228867530822754 1.6217650175094604 3.818105936050415 -6.822728633880615 1.563780665397644 20.331558227539062 -0.23526590711351458 0.5214523673057556
Car -1 -1 -2.78 483.95355224609375 170.9605712890625 549.023193359375 198.8755645751953 1.6399247646331787 1.580004096031189 3.694058656692505 -5.887719631195068 1.572596251964569 45.825828552246094 -2.9095752681283393 0.5172604322433472
Van -1 -1 -2.62 495.42095947265625 165.1302032470703 560.9307861328125 194.88128662109375 2.33097767829895 1.9772377014160156 5.101781368255615 -6.152409553527832 1.656968116760254 53.02125930786133 -2.7315403815975063 0.510409414768219
Car -1 -1 1.13 273.2434997558594 176.8267822265625 440.46636962890625 241.097900390625 1.4706950187683105 1.5680416822433472 3.8617653846740723 -6.531897068023682 1.6168504357337952 19.796302795410156 0.8142225278896653 0.5069572329521179
Car -1 -1 -2.66 490.41552734375 167.65570068359375 554.954345703125 197.7786407470703 1.803640365600586 1.669631004333496 3.796931743621826 -5.830018997192383 1.596717119216919 46.2620735168457 -2.780851137838443 0.488631010055542
Van -1 -1 -0.65 632.9658203125 155.24176025390625 688.258056640625 208.4564208984375 2.35249662399292 2.0052783489227295 5.566852569580078 2.4569284915924072 1.5830683708190918 31.10280418395996 -0.5664187587465115 0.4637411832809448
Car -1 -1 -2.88 471.7203063964844 171.80233764648438 543.1184692382812 200.1702880859375 1.6162621974945068 1.6524364948272705 3.899914264678955 -6.049797058105469 1.5307741165161133 44.15407943725586 -3.01403959214184 0.4623728394508362
Car -1 -1 1.79 863.1134033203125 187.99632263183594 1103.4031982421875 281.6430358886719 1.3921159505844116 1.540564775466919 3.6873888969421387 6.28548002243042 1.6692538261413574 12.544970512390137 2.2573879700121173 0.447360634803772
Car -1 -1 -1.66 625.510986328125 164.0138702392578 665.9397583007812 198.72853088378906 1.94517183303833 1.7395066022872925 4.272613048553467 2.1704862117767334 1.6323556900024414 44.66205596923828 -1.6147983119272995 0.4241516888141632
Car -1 -1 -1.73 638.6903686523438 153.89617919921875 700.48046875 212.85458374023438 2.244661331176758 1.7971832752227783 4.441782474517822 2.248532772064209 1.57188481092453 28.664852142333984 -1.651473631297483 0.39024943113327026
Car -1 -1 1.04 -2.318687915802002 183.48052978515625 145.16231489181519 370.47149658203125 1.5307166576385498 1.5770612955093384 3.9437971115112305 -5.698533535003662 1.6982406377792358 4.845343112945557 0.1694576138338224 0.38552266359329224
Van -1 -1 0.87 252.87646484375 163.79429626464844 423.88958740234375 240.93020629882812 1.847106695175171 1.7734661102294922 4.014452934265137 -7.1698079109191895 1.6128828525543213 19.300662994384766 0.515930700253822 0.3618134558200836
Van -1 -1 -1.62 625.0630493164062 160.492431640625 667.7994384765625 200.03306579589844 2.070561647415161 1.9331676959991455 5.528103828430176 2.2286508083343506 1.5439915657043457 43.95243453979492 -1.5741129063061283 0.3442574441432953
Van -1 -1 -1.95 625.6563110351562 158.13943481445312 676.0304565429688 202.59986877441406 2.194993734359741 2.032238006591797 5.6844048500061035 2.330904722213745 1.5210767090320587 37.40484619140625 -1.8866094333215147 0.32184696197509766
Van -1 -1 1.46 623.5842895507812 164.01181030273438 662.0947875976562 197.00498962402344 2.157686710357666 1.9171253442764282 6.019964694976807 2.2407126426696777 1.5869762301445007 48.265045166015625 1.5107614895488153 0.2997967302799225
Car -1 -1 1.38 499.34674072265625 171.254150390625 549.5769653320312 198.11737060546875 1.6188358068466187 1.5539487600326538 3.8572440147399902 -5.992190361022949 1.6455274820327759 48.15116882324219 1.253374972489791 0.29067593812942505
Car -1 -1 0.21 240.7757110595703 168.97903442382812 411.4129333496094 249.94778442382812 1.6462737321853638 1.5590136051177979 3.7425243854522705 -7.152334213256836 1.6790643334388733 18.953210830688477 -0.15180735235212905 0.2834247350692749
Car -1 -1 1.14 -12.872391700744629 186.95240783691406 188.73258876800537 346.6214294433594 1.4657455682754517 1.6603660583496094 3.960435152053833 -5.009246826171875 1.5157541632652283 4.698511123657227 0.3199803117694806 0.2688526511192322
Car -1 -1 -2.89 497.4216003417969 168.3845977783203 560.5382690429688 194.33580017089844 1.7637028694152832 1.7129638195037842 4.017660617828369 -5.898352146148682 1.502663791179657 49.96918869018555 -3.005727651412659 0.268279492855072
Car -1 -1 0.88 1084.8388671875 223.5118865966797 1241.9583740234375 383.17694091796875 1.3951090574264526 1.5223790407180786 3.4941060543060303 4.927154064178467 1.8663738369941711 4.4514899253845215 1.7117946819280272 0.2556627690792084
Car -1 -1 -1.73 628.6534423828125 157.80482482910156 690.3609008789062 211.76451110839844 1.8896883726119995 1.7659302949905396 4.467944145202637 2.2912757396698 1.5437358617782593 29.60793685913086 -1.6529693517980686 0.25213444232940674
Car -1 -1 -0.6 804.274169921875 177.7949981689453 982.7268676757812 250.58905029296875 1.493834137916565 1.6236083507537842 3.7409863471984863 6.002854347229004 1.6656749844551086 14.525350570678711 -0.20781112627904097 0.25021839141845703
Van -1 -1 1.5 504.852783203125 166.54103088378906 553.330810546875 194.88363647460938 2.1855719089508057 1.9518802165985107 5.106790065765381 -6.150057315826416 1.6087231040000916 53.42329406738281 1.3899167661422762 0.24359570443630219
Car -1 -1 -2.42 1.5385957956314087 179.80184936523438 246.55425131320953 319.1434326171875 1.4777504205703735 1.6207075119018555 4.191624164581299 -6.748551845550537 1.7018722891807556 8.587564468383789 -3.0882842853590233 0.24231275916099548
Car -1 -1 -2.65 324.23974609375 180.31369018554688 455.9493713378906 225.99351501464844 1.41917884349823 1.5595316886901855 3.7685458660125732 -7.012153148651123 1.6704289317131042 23.271278381347656 -2.9472596459779075 0.24174048006534576
Car -1 -1 -1.69 625.3781127929688 157.20579528808594 679.9964599609375 204.85684204101562 2.0550167560577393 1.7636479139328003 4.439908981323242 2.3890037536621094 1.582882285118103 34.551963806152344 -1.6222120155877233 0.2357124537229538
Car -1 -1 -2.88 467.63934326171875 173.1234130859375 531.5203247070312 202.91810607910156 1.5156837701797485 1.5681941509246826 3.7191355228424072 -6.2712321281433105 1.632710576057434 41.41392517089844 -3.0300482840151304 0.23269730806350708
Car -1 -1 -2.91 361.7480163574219 175.89715576171875 490.9848327636719 221.07467651367188 1.5474574565887451 1.63064444065094 4.0579514503479 -6.625506401062012 1.656955599784851 27.930015563964844 -3.138721226017097 0.2315652072429657
Truck -1 -1 -1.62 638.4988403320312 153.48497009277344 700.0350341796875 212.63388061523438 3.075425624847412 2.5681283473968506 7.737902641296387 2.6574959754943848 2.0078269243240356 34.5208625793457 -1.5403511639027831 0.22050432860851288
Car -1 -1 1.71 872.8566284179688 194.2784423828125 1155.5621337890625 327.06365966796875 1.451669692993164 1.5760418176651 3.6356709003448486 6.687174320220947 1.8369451761245728 11.97933578491211 2.218806205453717 0.21764765679836273
Car -1 -1 2.08 337.0681457519531 178.49053955078125 440.7455749511719 227.4142303466797 1.4507927894592285 1.5729504823684692 3.7119860649108887 -6.585372447967529 1.589579999446869 21.32394790649414 1.783257277786828 0.21742784976959229
Car -1 -1 -2.73 479.9928283691406 170.606689453125 535.8192138671875 203.0790252685547 1.5907632112503052 1.5508406162261963 3.8998632431030273 -5.9598588943481445 1.6032344698905945 41.94630432128906 -2.8725987291265556 0.21603421866893768
Car -1 -1 -3.01 373.3584899902344 176.86370849609375 476.1315612792969 219.1945037841797 1.435728907585144 1.612023115158081 3.6181654930114746 -6.823206424713135 1.5865944623947144 28.007753372192383 3.0334905340341374 0.20760560035705566
Car -1 -1 1.95 770.796630859375 175.458984375 932.7178955078125 239.0349884033203 1.51622474193573 1.6407077312469482 3.859950065612793 6.0662384033203125 1.5678425431251526 20.403600692749023 2.240154571983007 0.20659294724464417
Car -1 -1 -2.81 487.5558166503906 172.20440673828125 539.3416748046875 201.02635192871094 1.619959831237793 1.5561939477920532 3.886166572570801 -6.137491703033447 1.6461234092712402 43.9710807800293 -2.946941661219137 0.2019340693950653
Car -1 -1 1.22 -6.203437805175781 169.8666229248047 145.36766815185547 334.88189697265625 1.5350319147109985 1.6726047992706299 4.1264824867248535 -6.087067604064941 1.6195448637008667 5.629607200622559 0.3991321514557904 0.2015494853258133
Car -1 -1 2.49 852.2009887695312 198.78140258789062 1102.5894775390625 320.0776672363281 1.3933755159378052 1.5661391019821167 3.6871166229248047 6.457662105560303 1.9023801684379578 12.42180347442627 2.972114303449935 0.19834542274475098
Car -1 -1 -1.68 625.81591796875 170.54779052734375 662.4185791015625 199.75071716308594 1.819595217704773 1.7613458633422852 4.574851989746094 2.17838454246521 1.736304223537445 46.61981201171875 -1.6334694762273747 0.1950111836194992
Car -1 -1 -2.96 449.55914306640625 172.02565002441406 530.0480346679688 204.3267822265625 1.5639234781265259 1.6320159435272217 3.7680959701538086 -6.198823928833008 1.562494933605194 40.802181243896484 -3.1059127074986748 0.19336482882499695
Car -1 -1 -0.67 834.423828125 188.55870056152344 1193.7593994140625 346.269775390625 1.3241380453109741 1.618407964706421 4.210076808929443 7.645799160003662 1.5772249698638916 14.350785255432129 -0.18132351126066482 0.1875324696302414
Car -1 -1 -2.22 795.1439208984375 186.36856079101562 1248.4046630859375 392.1645812988281 1.5362110137939453 1.402345895767212 4.06751823425293 2.9266021251678467 1.7480680346488953 5.311429023742676 -1.7207170497964128 0.1868857741355896
Car -1 -1 2.55 766.601806640625 170.64935302734375 904.2930908203125 226.77294921875 1.523285150527954 1.6268243789672852 4.060582637786865 6.577201843261719 1.5097410082817078 21.37042236328125 2.8443981240706346 0.18608757853507996
Car -1 -1 -1.81 790.6007690429688 173.6904754638672 972.669677734375 242.66270446777344 1.4978076219558716 1.6071182489395142 3.8252477645874023 6.164270877838135 1.5797853469848633 18.977453231811523 -1.4920716930901676 0.18187902867794037
Car -1 -1 -2.63 354.63739013671875 176.57427978515625 463.4918518066406 222.78639221191406 1.4623873233795166 1.5967097282409668 3.6088907718658447 -6.388948440551758 1.5670667886734009 21.44171142578125 -2.922266941726666 0.18135789036750793
Car -1 -1 0.76 273.7281494140625 170.3524932861328 417.4877624511719 234.9549560546875 1.4812958240509033 1.6181608438491821 3.748037815093994 -8.111218452453613 1.650890290737152 22.000062942504883 0.41029730316713575 0.1667855978012085
Car -1 -1 -1.64 628.390380859375 163.97373962402344 675.2940063476562 206.68885803222656 1.8171510696411133 1.6989405155181885 4.352117538452148 2.448683738708496 1.7047902941703796 40.14773941040039 -1.57655279301812 0.16387565433979034
Car -1 -1 1.05 -0.26445382833480835 160.22988891601562 113.12491232156754 345.62677001953125 1.4612399339675903 1.620043158531189 4.034247875213623 -7.1479082107543945 1.6784562468528748 6.166605472564697 0.19462379829307785 0.16062882542610168
Car -1 -1 -2.48 898.740966796875 199.80010986328125 1200.73291015625 354.9460754394531 1.5105464458465576 1.5889167785644531 3.613703489303589 5.924217700958252 2.2045034170150757 10.29519271850586 -1.9597023670540308 0.11141597479581833