Car -1 -1 -1.81 716.5551147460938 160.97848510742188 910.3677368164062 311.2733459472656 1.7541192770004272 1.676777958869934 4.162474632263184 2.7006661891937256 1.6430249214172363 10.614164352416992 -1.5626641227044287 0.8887352347373962
Car -1 -1 1.7 502.7950134277344 179.0430450439453 567.0909423828125 228.8889617919922 1.545870065689087 1.6718517541885376 4.15345573425293 -2.6038036346435547 1.8070534467697144 25.88115882873535 1.602302176856158 0.8791283965110779
Car -1 -1 -1.74 671.169189453125 165.22813415527344 746.2037353515625 227.14471435546875 1.8266823291778564 1.6559516191482544 3.7430100440979004 3.016036033630371 1.614757478237152 22.792476654052734 -1.604600470414148 0.873603343963623
Car -1 -1 -1.99 804.4074096679688 200.43533325195312 1219.4609375 375.282470703125 1.4426090717315674 1.5561765432357788 3.4140636920928955 2.6959331035614014 1.683154046535492 5.847465515136719 -1.56025254208188 0.835056483745575
Car -1 -1 -1.71 655.8739624023438 177.20147705078125 705.4133911132812 214.0645294189453 1.5499330759048462 1.6111981868743896 4.063022613525391 2.951948404312134 1.743961751461029 31.830102920532227 -1.6224872540933886 0.8152046799659729
Car -1 -1 -1.85 665.0654296875 167.22267150878906 734.4795532226562 221.58827209472656 1.762711763381958 1.6861634254455566 3.848187208175659 3.0479965209960938 1.649535894393921 24.431106567382812 -1.724765137575889 0.6424998044967651
Car -1 -1 -1.61 663.7175903320312 170.2138214111328 721.3633422851562 220.51622009277344 1.5906391143798828 1.643676519393921 3.9946205615997314 2.9626848697662354 1.6408710479736328 30.151031494140625 -1.5115212564890879 0.4804229140281677
Van -1 -1 -1.75 672.2706298828125 165.09263610839844 748.6271362304688 228.6375274658203 2.017759323120117 1.75692880153656 4.4648356437683105 3.1705446243286133 1.7463663816452026 24.144826889038086 -1.6181129764319016 0.4697869122028351
Car -1 -1 -1.75 925.4132690429688 198.69540405273438 1225.982421875 371.4236145019531 1.4427762031555176 1.605349063873291 3.541518211364746 2.9316718578338623 1.6740615367889404 5.417916297912598 -1.2580540269351506 0.4002879559993744
Car -1 -1 -2.7 1122.5303955078125 231.64273071289062 1242.598388671875 376.3515930175781 1.4798738956451416 1.6107114553451538 3.677006721496582 2.855832099914551 1.4753844141960144 1.440341591835022 -1.6001117846208022 0.396674245595932
Car -1 -1 -2.65 1179.3648681640625 198.2890625 1239.9019775390625 386.9235534667969 1.5378128290176392 1.5811026096343994 3.6055495738983154 2.938429117202759 1.4749026894569397 1.423866629600525 -1.5278229999436261 0.36730721592903137
Car -1 -1 -2.68 1143.4249267578125 216.56893920898438 1244.49560546875 379.2001037597656 1.4734224081039429 1.5953902006149292 3.620769500732422 3.112272262573242 1.539607584476471 1.4708727598190308 -1.5481616422733309 0.35553357005119324
Car -1 -1 -2.67 1174.56298828125 255.274658203125 1235.9229736328125 374.0091857910156 1.5256586074829102 1.5973926782608032 3.674285650253296 2.8152530193328857 1.5427808165550232 1.6221047639846802 -1.6179908712731086 0.3157362639904022
Car -1 -1 -2.65 1162.228759765625 208.0095672607422 1241.985107421875 384.3933410644531 1.4776780605316162 1.5947860479354858 3.6358375549316406 3.091559648513794 1.5160970091819763 1.5049868822097778 -1.5307399625810048 0.30863678455352783
Car -1 -1 -1.67 652.0148315429688 178.73622131347656 695.4889526367188 211.56764221191406 1.4657177925109863 1.6191116571426392 3.9659223556518555 2.980144739151001 1.804065465927124 33.194664001464844 -1.5851938909081937 0.2717733085155487
Car -1 -1 -2.69 1183.9644775390625 253.8472442626953 1241.8876953125 376.8064880371094 1.5207321643829346 1.603287696838379 3.6127970218658447 2.852277994155884 1.5093658566474915 1.7023626565933228 -1.6538859411743232 0.2639056146144867
Car -1 -1 -2.05 809.9202880859375 198.60641479492188 1112.3590087890625 374.6429748535156 1.4222060441970825 1.5142353773117065 3.0656979084014893 2.617241144180298 1.7589314579963684 5.966836929321289 -1.6330409861058914 0.22016674280166626
Car -1 -1 -2.6 1191.95703125 172.31309509277344 1241.5184326171875 386.4549255371094 1.6524269580841064 1.6746894121170044 3.840646505355835 2.3026137351989746 1.3549211621284485 1.1632297039031982 -1.4958099673769532 0.21784991025924683
Car -1 -1 -1.61 661.3180541992188 176.4631805419922 709.3174438476562 218.69046020507812 1.5274147987365723 1.6214191913604736 3.923858404159546 3.3090481758117676 1.7957278490066528 32.4924201965332 -1.5060178958829242 0.21433761715888977
Car -1 -1 -2.61 1198.42529296875 247.4661407470703 1242.957275390625 378.74945068359375 1.5328172445297241 1.5890330076217651 3.4550576210021973 2.157627582550049 1.2998351454734802 1.382187843322754 -1.6135018192976869 0.21386295557022095
Car -1 -1 -2.68 1145.9222412109375 248.71182250976562 1238.7117919921875 380.1231384277344 1.4993832111358643 1.6312463283538818 3.7725744247436523 2.9169352054595947 1.4961697459220886 1.671514868736267 -1.6345291448312809 0.21349672973155975
Car -1 -1 -2.64 1174.81591796875 231.5804443359375 1242.078857421875 382.02911376953125 1.5083913803100586 1.587146520614624 3.6055760383605957 2.736339807510376 1.4384572505950928 1.5290553569793701 -1.5758823190003515 0.2045171707868576
Car -1 -1 -2.57 1044.650390625 222.29486083984375 1242.63720703125 369.4937744140625 1.5140490531921387 1.5232124328613281 3.5925488471984863 2.103694438934326 1.4225647449493408 1.4107677936553955 -1.589088464434015 0.19108131527900696
Car -1 -1 -2.57 1195.7200927734375 283.494384765625 1243.6610107421875 365.86492919921875 1.2360990047454834 1.5248876810073853 3.334108829498291 1.3949190378189087 0.9783997535705566 0.935231626033783 -1.5886693408988615 0.18475091457366943
Car -1 -1 -2.62 1156.8072509765625 256.49798583984375 1229.6732177734375 371.28643798828125 1.4542790651321411 1.575499176979065 3.6559784412384033 2.4786911010742188 1.415087103843689 1.5032693147659302 -1.5947586432658092 0.17509694397449493
Car -1 -1 -2.56 1204.60302734375 286.923583984375 1245.740966796875 364.2502136230469 1.2707339525222778 1.48441743850708 3.0920345783233643 1.8664586544036865 1.1064976751804352 1.2852307558059692 -1.5910900118980589 0.1674070805311203
Car -1 -1 1.58 590.5338745117188 176.41639709472656 609.5896606445312 194.52842712402344 1.5675007104873657 1.639758586883545 3.8490331172943115 -0.928055465221405 1.9544954895973206 68.48011779785156 1.569924977265564 0.16232019662857056
Car -1 -1 -2.46 997.8753051757812 215.24705505371094 1234.7730712890625 368.411865234375 1.4317841529846191 1.5860141515731812 3.5319173336029053 2.2980616092681885 1.4471285343170166 1.9971338510513306 -1.5997744863446526 0.1569807529449463