Car -1 -1 -1.74 627.2191772460938 177.0203094482422 674.8338012695312 210.31674194335938 1.4782261848449707 1.5751968622207642 3.478036403656006 1.8412538766860962 1.6711812019348145 33.255550384521484 -1.6834765081758336 0.864217221736908
Car -1 -1 -2.32 766.8624877929688 177.0376739501953 899.0698852539062 230.5812530517578 1.481595754623413 1.6289637088775635 3.801774740219116 6.598348140716553 1.6054239869117737 21.533105850219727 -2.021531032214403 0.8513666987419128
Car -1 -1 -2.64 17.294307708740234 179.97276306152344 313.38000106811523 282.35626220703125 1.4356310367584229 1.6228514909744263 3.9229371547698975 -7.054040908813477 1.5938549041748047 11.749894142150879 3.1029776999228567 0.8423935174942017
Car -1 -1 -2.91 363.0609436035156 177.1680450439453 482.0517272949219 220.06658935546875 1.5391290187835693 1.6441740989685059 3.9753007888793945 -7.330989360809326 1.7808724641799927 28.20868492126465 3.120434594880141 0.7871404886245728
Car -1 -1 -2.85 199.6494140625 159.98239135742188 433.0848388671875 257.6212463378906 1.980107069015503 1.8158115148544312 4.126670837402344 -6.3192243576049805 1.7208483219146729 15.661233901977539 3.045197674804678 0.7753742337226868
Car -1 -1 -2.73 135.9377899169922 176.65618896484375 376.01141357421875 268.25506591796875 1.635258674621582 1.627447247505188 4.0042724609375 -6.784073829650879 1.7215535640716553 13.802136421203613 3.092980688320946 0.7587370872497559
Car -1 -1 -2.91 403.5255432128906 178.0787811279297 493.5037536621094 211.75949096679688 1.437928318977356 1.6169146299362183 4.156122207641602 -7.256850719451904 1.7120705246925354 32.11396408081055 -3.133850468949026 0.7028079628944397
Car -1 -1 -2.78 168.04202270507812 171.2276153564453 396.8267517089844 262.9144287109375 1.7355456352233887 1.6844450235366821 3.8428690433502197 -6.700938701629639 1.7538195252418518 15.750295639038086 3.0963810681634136 0.6575669646263123
Car -1 -1 -1.7 610.730712890625 175.12234497070312 645.4959106445312 203.12940979003906 1.4811774492263794 1.575656533241272 3.7248668670654297 0.9932305812835693 1.648112952709198 41.36634063720703 -1.678558244025874 0.6022132039070129
Car -1 -1 -2.9 382.1513671875 179.0955352783203 488.5903015136719 215.370361328125 1.5058386325836182 1.5943254232406616 4.0797438621521 -7.682308197021484 1.7899539470672607 33.565067291259766 -3.1255727506386863 0.5067440867424011
Car -1 -1 -2.93 445.939697265625 174.3247833251953 521.0379028320312 202.07460021972656 1.4357755184173584 1.6137094497680664 3.9937925338745117 -7.182587146759033 1.5803055167198181 40.990787506103516 -3.107467480561981 0.467559278011322
Car -1 -1 -1.72 622.3577270507812 175.05299377441406 667.1333618164062 208.01734924316406 1.4876070022583008 1.60023832321167 3.6297874450683594 1.585372805595398 1.631909728050232 33.213260650634766 -1.67276973148694 0.4292043149471283
Van -1 -1 -2.83 178.7649383544922 158.3804931640625 431.9826354980469 255.87535095214844 1.996612310409546 1.7982430458068848 4.897149085998535 -6.95396089553833 1.8052263259887695 16.570144653320312 3.056676849312902 0.39860832691192627
Car -1 -1 -1.64 616.0842895507812 175.12379455566406 653.8701782226562 204.8920440673828 1.454994559288025 1.5525325536727905 3.7316956520080566 1.0277910232543945 1.5717344880104065 42.1635856628418 -1.6152728619276324 0.3577858805656433
Car -1 -1 -2.95 341.1247253417969 173.6790008544922 474.2585754394531 225.55136108398438 1.5468075275421143 1.6978082656860352 4.315089702606201 -7.029563903808594 1.7016032934188843 27.690561294555664 3.0861802162752845 0.35225147008895874
Car -1 -1 -2.97 430.92449951171875 176.32496643066406 507.5602722167969 204.38601684570312 1.4394081830978394 1.6459095478057861 3.8678343296051025 -7.483166217803955 1.6201583743095398 38.99888610839844 3.1238764628213023 0.33806511759757996
Car -1 -1 -2.66 75.25829315185547 171.8609619140625 350.07027435302734 271.37872314453125 1.6579874753952026 1.662111520767212 3.949073553085327 -6.8923821449279785 1.6807019710540771 12.859676361083984 3.1282825427442393 0.32267919182777405
Car -1 -1 -2.88 160.03146362304688 184.3144989013672 355.3771057128906 266.41986083984375 1.4766756296157837 1.5662838220596313 3.501444101333618 -6.857205867767334 1.736215054988861 13.901922225952148 2.9441332474086916 0.32202741503715515
Car -1 -1 -2.88 326.77508544921875 172.34408569335938 460.9369201660156 229.7010955810547 1.568856120109558 1.618132472038269 3.9489591121673584 -7.463902473449707 1.7978788018226624 26.798370361328125 3.12895752676636 0.30891162157058716
Car -1 -1 -2.64 19.51946258544922 189.09535217285156 309.07137298583984 311.1949157714844 1.3797616958618164 1.6369524002075195 3.8928608894348145 -6.637088298797607 1.5524628162384033 10.845137596130371 3.0960149830277803 0.30054062604904175
Car -1 -1 -2.91 354.3538513183594 178.9998779296875 467.3973388671875 223.5352325439453 1.509737253189087 1.5809091329574585 4.0137553215026855 -7.509437561035156 1.828778624534607 27.50225067138672 3.10932490334865 0.28594186902046204
Car -1 -1 -2.89 204.61386108398438 170.58680725097656 412.9132080078125 250.82015991210938 1.66425359249115 1.6914176940917969 4.078478813171387 -6.463374614715576 1.6247848868370056 15.747949600219727 3.0065747159732403 0.27364787459373474
Car -1 -1 -2.84 309.9384460449219 175.94725036621094 442.19683837890625 232.93624877929688 1.5151995420455933 1.5706524848937988 3.745687961578369 -7.203616619110107 1.729546844959259 22.900148391723633 -3.140064603277837 0.2700362503528595
Car -1 -1 -2.37 459.0907897949219 173.5360870361328 524.3748168945312 199.6464385986328 1.5169126987457275 1.6367201805114746 3.921377420425415 -7.171428203582764 1.6245279908180237 42.105133056640625 -2.5348280593273476 0.2306809425354004
Car -1 -1 -3.03 440.3785705566406 177.7465057373047 512.51025390625 206.81097412109375 1.4423019886016846 1.5687816143035889 3.8124186992645264 -7.060703754425049 1.779423475265503 38.92774200439453 3.0711276791333013 0.2164098471403122
Car -1 -1 -2.87 197.4744415283203 179.9429931640625 370.6705322265625 258.1152648925781 1.4656387567520142 1.5641740560531616 3.4580042362213135 -6.8758344650268555 1.6764073967933655 15.19782829284668 2.992278973575745 0.20753587782382965
Car -1 -1 -1.71 607.8386840820312 174.44125366210938 641.1369018554688 199.8351287841797 1.483635425567627 1.6344280242919922 3.7831764221191406 0.9559842944145203 1.5654736161231995 41.58662414550781 -1.6864548231422765 0.2016822248697281
Car -1 -1 -3.1 416.37164306640625 177.17393493652344 503.9141540527344 208.10813903808594 1.472949743270874 1.6899828910827637 4.007078170776367 -7.256044864654541 1.6637477278709412 36.52482986450195 2.9845438477211914 0.19755074381828308
Car -1 -1 -2.79 226.95664978027344 151.84519958496094 437.6149597167969 245.12796020507812 1.7415928840637207 1.714284896850586 4.168598651885986 -6.563567638397217 1.7165647149085999 16.248817443847656 3.1108048561249415 0.1968115270137787
Car -1 -1 -1.72 618.5485229492188 174.3576202392578 661.4071655273438 205.4808349609375 1.5062894821166992 1.5677940845489502 3.6806888580322266 1.4944403171539307 1.5847553610801697 39.26881408691406 -1.6769880390068206 0.1915021389722824
Car -1 -1 3.01 339.3825378417969 177.86920166015625 453.98187255859375 227.3072509765625 1.4730300903320312 1.5698449611663818 3.4529571533203125 -7.462886810302734 1.784312129020691 25.704130172729492 2.7318972628849423 0.18984048068523407
Car -1 -1 -3.03 294.132568359375 167.47171020507812 453.007568359375 233.9832763671875 1.6383997201919556 1.6891878843307495 4.232545852661133 -7.338819980621338 1.5954141020774841 23.29759407043457 2.9458787403034368 0.1869746744632721
Pedestrian -1 -1 2.19 2.4544677734375 274.4879455566406 42.47428894042969 373.9190673828125 1.3126193284988403 0.3951474726200104 0.6694753766059875 -5.138707160949707 2.0693036913871765 5.9437336921691895 1.480043311402901 0.17562799155712128
Car -1 -1 -2.92 267.2813415527344 168.4371795654297 439.3279113769531 242.3518829345703 1.6419857740402222 1.648064136505127 3.9506263732910156 -7.374284744262695 1.7425112128257751 21.899595260620117 3.037670489980055 0.1735248565673828