Car -1 -1 -1.56 620.2760009765625 178.14268493652344 693.4413452148438 245.9946746826172 1.5845521688461304 1.6729322671890259 3.6609020233154297 1.330950140953064 1.4312209486961365 18.695119857788086 -1.493872906651621 0.8827088475227356
Car -1 -1 -0.86 -5.644696235656738 199.1613311767578 239.8036985397339 374.8386535644531 1.4833790063858032 1.6354564428329468 4.120802402496338 -4.487960338592529 1.5762998461723328 5.179569721221924 -1.5777969915838694 0.8559467792510986
Car -1 -1 -1.54 682.2968139648438 183.50392150878906 713.6763305664062 208.70269775390625 1.4355679750442505 1.5535987615585327 3.247575044631958 5.720357894897461 1.3692373037338257 45.09625244140625 -1.417067693850269 0.8076330423355103
Truck -1 -1 -1.49 502.0751647949219 143.489013671875 554.0818481445312 200.65670776367188 3.545661449432373 2.6485602855682373 9.391648292541504 -5.000625133514404 1.0227853655815125 48.342498779296875 -1.5974181576267013 0.7783962488174438
Truck -1 -1 -1.28 212.04527282714844 58.36806869506836 501.4038543701172 290.7736473083496 3.4700183868408203 2.5260705947875977 8.561799049377441 -4.433338165283203 1.5559578239917755 14.436883926391602 -1.5736049741449367 0.7760543823242188
Car -1 -1 -1.2 47.383426666259766 189.5653839111328 260.10815811157227 278.012451171875 1.4416769742965698 1.6247767210006714 3.8931305408477783 -8.727344512939453 1.5357279181480408 14.178426742553711 -1.7510459430908387 0.7211064100265503
Car -1 -1 -1.4 482.3145446777344 178.33392333984375 522.8216552734375 208.915771484375 1.519253134727478 1.6220980882644653 4.1490936279296875 -5.448753356933594 1.1972973346710205 38.22972106933594 -1.5372534147760284 0.6695787906646729
Van -1 -1 -1.71 204.6658172607422 74.60063171386719 492.23594665527344 296.0143127441406 2.9306981563568115 2.2573039531707764 7.201199531555176 -3.629505157470703 1.3524244651198387 12.349152565002441 -1.9932564749606003 0.5201224684715271
Car -1 -1 -1.12 39.073875427246094 189.53594970703125 252.1415023803711 300.40899658203125 1.5195790529251099 1.63284432888031 3.9791321754455566 -9.013278007507324 1.6075516939163208 14.095287322998047 -1.6911549753154684 0.48147299885749817
Car -1 -1 2.35 4.736684799194336 182.9291534423828 66.2586727142334 220.81475830078125 1.4273788928985596 1.4935215711593628 3.3956620693206787 -23.977556228637695 1.4293501377105713 28.73394203186035 1.6581254805966994 0.4437282979488373
Van -1 -1 -0.5 97.21412658691406 173.9555206298828 259.7944641113281 234.06398010253906 2.162020206451416 2.0287539958953857 5.0222368240356445 -15.76870059967041 1.640196979045868 26.82016372680664 -1.0317533563614374 0.39359357953071594
Truck -1 -1 -1.71 489.23944091796875 139.9745330810547 555.3741455078125 201.6080322265625 3.4978246688842773 2.6193974018096924 9.100886344909668 -5.064104080200195 0.9716294407844543 44.18849182128906 -1.8272917582276813 0.39229458570480347
Car -1 -1 -1.41 482.9461364746094 173.84896850585938 528.9487915039062 209.26866149902344 1.5167442560195923 1.6328234672546387 4.070855617523193 -5.386172771453857 1.1483876407146454 38.2317008972168 -1.5474001648662865 0.3062368631362915
Car -1 -1 -1.08 11.796648979187012 200.01968383789062 254.26079082489014 343.4356384277344 1.455496907234192 1.5956004858016968 3.9651458263397217 -5.254422664642334 1.5904093384742737 7.319532871246338 -1.7016631228491796 0.2993937134742737
Car -1 -1 -0.91 69.13899993896484 182.63185119628906 260.59737396240234 259.6319274902344 1.423857569694519 1.610323429107666 3.9228107929229736 -9.27198600769043 1.557984709739685 15.2569580078125 -1.454050231865157 0.2892604470252991
Truck -1 -1 -1.84 495.91888427734375 150.56451416015625 555.503173828125 205.41355895996094 3.442803144454956 2.5945208072662354 9.136042594909668 -5.415168285369873 1.0762664079666138 46.67963409423828 -1.9509895231788352 0.28001052141189575
Van -1 -1 2.14 120.52078247070312 166.14283752441406 252.8912811279297 231.0067138671875 2.335526466369629 1.9971404075622559 5.375698089599609 -15.737034797668457 1.5703656077384949 27.116130828857422 1.6118313507118014 0.2770719826221466
Truck -1 -1 2.06 242.97161865234375 20.166044235229492 525.3352661132812 264.4997844696045 3.586421251296997 2.5474817752838135 8.742711067199707 -4.068795204162598 1.0620725750923157 12.191610336303711 1.7384054463479384 0.2540349066257477
Car -1 -1 -1.37 749.456298828125 182.793701171875 780.6433715820312 201.42861938476562 1.4795050621032715 1.5456801652908325 3.178271770477295 13.403943061828613 1.3873274326324463 60.42986297607422 -1.1536649355957378 0.24426138401031494
Van -1 -1 1.4 50.8932991027832 164.72500610351562 188.14001846313477 231.61264038085938 2.2062714099884033 1.9453295469284058 4.96381139755249 -18.74879264831543 1.4956730604171753 28.001785278320312 0.8068394400666516 0.24327826499938965
Car -1 -1 -1.4 479.6849365234375 176.12754821777344 517.717041015625 207.73854064941406 1.5856908559799194 1.6562060117721558 4.30555534362793 -5.508138179779053 1.252797544002533 38.35708236694336 -1.5467980827321037 0.23410072922706604
Car -1 -1 -1.62 627.3190307617188 178.51966857910156 690.302490234375 231.1755828857422 1.5846623182296753 1.6793146133422852 3.859893321990967 1.5033063888549805 1.3793728351593018 20.25771141052246 -1.5437624266822496 0.22192679345607758
Van -1 -1 -1.38 478.71240234375 173.70823669433594 519.8749389648438 210.66819763183594 2.066410779953003 1.869605302810669 5.131015777587891 -5.725263595581055 1.2314456105232239 39.14987564086914 -1.5264304103571105 0.21573655307292938
Car -1 -1 -1.54 676.91650390625 181.97384643554688 713.1801147460938 213.7064971923828 1.5162521600723267 1.6044052839279175 3.6841490268707275 5.695514678955078 1.4448392987251282 45.58763885498047 -1.4116814136210394 0.21267089247703552
Car -1 -1 -1.55 618.38525390625 179.09173583984375 682.6046752929688 239.0977020263672 1.597256064414978 1.6502900123596191 3.7581005096435547 1.2733213901519775 1.3729925751686096 19.125762939453125 -1.4842465224878012 0.20959684252738953
Truck -1 -1 -0.62 492.0887451171875 152.2613983154297 546.6158447265625 200.4404296875 3.4298462867736816 2.4779036045074463 8.193907737731934 -5.518242835998535 1.1087749004364014 46.26828384399414 -0.7343378715983122 0.20800651609897614
Truck -1 -1 2.15 275.53973388671875 17.304489135742188 542.1664428710938 235.7175750732422 3.438448190689087 2.4811229705810547 9.57835865020752 -4.459946632385254 0.7815016508102417 12.733434677124023 1.810620465690688 0.2015562653541565
Truck -1 -1 -2.63 155.0855255126953 95.72444152832031 436.1627960205078 285.14691162109375 3.580976724624634 2.5749168395996094 9.86526107788086 -6.8719611167907715 1.7198593392968178 17.571077346801758 -2.9980853427013088 0.19709470868110657
Car -1 -1 -1.0 11.562676429748535 192.67701721191406 225.35196781158447 322.5967102050781 1.4325792789459229 1.6578303575515747 4.052475929260254 -4.903692245483398 1.4447389245033264 6.071512699127197 -1.6773610719466756 0.1956198811531067
Van -1 -1 1.84 53.744144439697266 165.6746826171875 170.53143692016602 218.19647216796875 2.26229190826416 1.949731707572937 4.90201473236084 -21.632646560668945 1.4331440031528473 31.82242202758789 1.2464621180773943 0.19135883450508118
Truck -1 -1 -1.98 483.57012939453125 153.72164916992188 544.45947265625 208.3507843017578 3.3983523845672607 2.5118987560272217 8.648109436035156 -5.301709175109863 1.1525962352752686 45.14339065551758 -2.0959180798996133 0.18072180449962616
Car -1 -1 2.36 4.6286725997924805 183.87713623046875 71.14631938934326 232.4012908935547 1.5553258657455444 1.5393060445785522 3.6039345264434814 -23.233304977416992 1.574812412261963 27.339637756347656 1.6582574961029968 0.17650063335895538
Pedestrian -1 -1 1.15 483.4073791503906 175.21051025390625 523.2905883789062 209.5023956298828 1.7765806913375854 0.6202076077461243 0.8622254729270935 -4.503775119781494 1.2381951212882996 31.83745002746582 1.0110798271437105 0.17170940339565277
Car -1 -1 -0.55 11.082781791687012 184.16539001464844 294.5837278366089 332.0401306152344 1.417259693145752 1.7255741357803345 4.133025169372559 -8.310368537902832 1.9169065952301025 12.549949645996094 -1.1368262787253425 0.16337549686431885
Van -1 -1 0.13 82.97637939453125 181.3029022216797 262.3976135253906 254.88478088378906 2.18013334274292 1.9031182527542114 5.036393165588379 -14.747422218322754 1.801551103591919 25.054290771484375 -0.4065496710599912 0.16242006421089172
Van -1 -1 -1.85 45.1970329284668 181.8404998779297 249.29584884643555 265.80548095703125 1.939238429069519 1.7302967309951782 4.5198073387146 -12.55073070526123 1.7355457544326782 20.058120727539062 -2.413249478516522 0.1608869433403015
Van -1 -1 1.61 45.65205383300781 175.24977111816406 227.97706604003906 244.86732482910156 2.0477845668792725 1.8357505798339844 4.353933334350586 -17.43546485900879 1.6660363674163818 26.697933197021484 1.0271860527865933 0.1605968475341797
Van -1 -1 -0.99 148.24403381347656 114.6851577758789 433.0197296142578 294.1729507446289 2.6238317489624023 2.099820137023926 6.483089923858643 -5.9253973960876465 1.4742903411388397 14.845810890197754 -1.3652973092553307 0.15993162989616394
Car -1 -1 -1.38 34.86745071411133 190.3173370361328 227.90434646606445 285.6353454589844 1.5045162439346313 1.6878459453582764 4.060568809509277 -8.558125495910645 1.5785311460494995 12.65980339050293 -1.9737982022208564 0.15788576006889343
Car -1 -1 -1.65 644.83056640625 180.25457763671875 699.654052734375 226.27304077148438 1.6117602586746216 1.6685771942138672 3.8179757595062256 2.3022472858428955 1.4395141005516052 27.711530685424805 -1.564041224190266 0.14893069863319397