Car -1 -1 1.89 386.2569885253906 184.9260711669922 506.7414855957031 256.22332763671875 1.3615405559539795 1.6247174739837646 4.289936542510986 -3.743178606033325 1.700887680053711 17.342445373535156 1.674975055775552 0.8814827799797058
Car -1 -1 2.05 138.42971801757812 167.12091064453125 400.9476623535156 325.9488525390625 1.6788251399993896 1.6078459024429321 3.9477055072784424 -4.407876968383789 1.7032687067985535 9.94758129119873 1.628948324591005 0.8699570894241333
Car -1 -1 1.79 552.0093994140625 181.945556640625 601.4318237304688 214.44895935058594 1.41197669506073 1.5365458726882935 3.703376293182373 -1.5276226997375488 1.8411210179328918 33.79024124145508 1.7480585283754255 0.8521719574928284
Cyclist -1 -1 -0.82 685.260009765625 172.3603515625 710.1943969726562 234.7255859375 1.7402487993240356 0.5696233510971069 1.6948010921478271 2.4649555683135986 1.6995440125465393 20.691450119018555 -0.7003822711391976 0.6705114841461182
Pedestrian -1 -1 0.78 684.7610473632812 172.0917205810547 707.61474609375 233.46258544921875 1.6700963973999023 0.620448887348175 0.6931816339492798 2.466646194458008 1.7045612335205078 20.580018997192383 0.9033545903823468 0.6267999410629272
Cyclist -1 -1 -1.45 679.3643188476562 171.24009704589844 713.8038940429688 238.24688720703125 1.6812227964401245 0.560788094997406 1.743603229522705 2.291930913925171 1.6868266463279724 19.519685745239258 -1.3347911105201353 0.4342380166053772
Pedestrian -1 -1 1.81 682.7487182617188 169.93099975585938 713.4810180664062 238.2435760498047 1.7327877283096313 0.6424962282180786 0.8532335162162781 2.2901532649993896 1.6871966123580933 19.188880920410156 1.9295763938884507 0.3709699213504791
Car -1 -1 1.84 643.6483764648438 180.22962951660156 678.0167236328125 199.31649780273438 1.4640487432479858 1.6174646615982056 3.6188101768493652 4.019870281219482 1.9742786288261414 56.174007415771484 1.9149831363420553 0.28859570622444153
Cyclist -1 -1 -1.34 687.492431640625 173.41673278808594 718.9136352539062 239.88014221191406 1.7304421663284302 0.5777298808097839 1.7430027723312378 2.4506545066833496 1.7256003022193909 19.708791732788086 -1.2177767029034747 0.2756696045398712
Cyclist -1 -1 -2.0 680.729248046875 172.85658264160156 706.4876098632812 234.0320281982422 1.7793455123901367 0.6390061378479004 1.8076194524765015 2.458420991897583 1.7452362179756165 20.69449806213379 -1.8778886066738334 0.24862684309482574
Car -1 -1 -2.7 1206.0570068359375 157.9769287109375 1241.0185546875 379.35919189453125 1.5667918920516968 1.643661618232727 3.805180072784424 2.7326488494873047 1.491286039352417 1.175506591796875 -1.5369643866404843 0.2384001612663269
Car -1 -1 -2.63 1214.2081298828125 140.611083984375 1244.35107421875 378.5603332519531 1.6175858974456787 1.6135448217391968 3.707664966583252 3.086334228515625 1.551517128944397 1.4464125633239746 -1.5024344916705967 0.22688186168670654
Van -1 -1 2.05 133.8765411376953 169.6328582763672 399.1410675048828 324.88232421875 1.6898632049560547 1.6984859704971313 4.173957824707031 -4.519992828369141 1.655462622642517 10.265304565429688 1.6344314303208716 0.1999039500951767
Car -1 -1 -2.71 1180.9122314453125 163.38992309570312 1239.1341552734375 378.3507080078125 1.5347565412521362 1.6640918254852295 3.8165812492370605 2.6859686374664307 1.5004863142967224 1.164132833480835 -1.551865697864689 0.1876014918088913
Car -1 -1 -2.62 1201.837646484375 135.34901428222656 1244.8724365234375 372.74261474609375 1.6160300970077515 1.5965079069137573 3.8518853187561035 2.707996368408203 1.4412623643875122 1.332958459854126 -1.5080637689216037 0.1686236560344696
Car -1 -1 -2.7 1147.0289306640625 175.84942626953125 1227.353515625 374.95196533203125 1.5133485794067383 1.6471792459487915 3.7841451168060303 2.630826473236084 1.5058144927024841 1.1961421966552734 -1.557635795055111 0.16124866902828217
Car -1 -1 -2.69 1105.623046875 205.05364990234375 1222.3646240234375 382.26263427734375 1.4793455600738525 1.6270170211791992 3.740546464920044 2.6016364097595215 1.5313464999198914 1.2345025539398193 -1.5668999811603612 0.15366944670677185
Car -1 -1 -0.59 2.020803213119507 212.97314453125 19.530891180038452 381.6139221191406 1.5444930791854858 1.535429835319519 3.6860201358795166 -2.646487236022949 1.3983439803123474 1.4892035722732544 -1.6495760303969167 0.10935494303703308