Car -1 -1 2.07 212.71360778808594 183.74578857421875 308.4502868652344 225.80189514160156 1.5827534198760986 1.6674550771713257 4.215459823608398 -14.459513664245605 2.032269597053528 30.074630737304688 1.6233632627423136 0.8544524908065796
Van -1 -1 1.8 387.4270935058594 160.9801025390625 429.9671936035156 196.18153381347656 2.8537724018096924 2.1426525115966797 6.3640828132629395 -17.26368522644043 1.9030640721321106 62.018341064453125 1.523611055464066 0.8041889667510986
Truck -1 -1 2.45 8.760917663574219 120.98754119873047 254.11418914794922 240.67991638183594 3.588931083679199 2.6857316493988037 13.527411460876465 -18.6262264251709 2.198119342327118 26.7408504486084 1.8426186410571184 0.694005012512207
Truck -1 -1 2.37 -5.523722171783447 115.36019897460938 273.9293417930603 263.86126708984375 3.560744524002075 2.620678663253784 14.030105590820312 -15.994991302490234 2.2905134558677673 23.26967430114746 1.7670654860573247 0.4110167920589447
Truck -1 -1 1.68 389.2720947265625 161.23257446289062 429.9662170410156 196.67697143554688 3.3107690811157227 2.5330541133880615 9.307746887207031 -18.091991424560547 2.1902063488960266 65.14246368408203 1.4079933410831806 0.3688649833202362
Car -1 -1 1.7 498.52716064453125 174.8760223388672 522.703125 189.69454956054688 1.4474914073944092 1.6362061500549316 4.001195907592773 -10.372087478637695 1.6400677561759949 74.57334899902344 1.5617250123684947 0.3427843451499939
Truck -1 -1 2.55 40.76416015625 135.1170196533203 277.12579345703125 236.60507202148438 3.321734666824341 2.5809483528137207 12.149740219116211 -19.07993507385254 2.214498221874237 28.601648330688477 1.9597179756525236 0.2982688844203949
Car -1 -1 1.7 497.97930908203125 176.695556640625 524.4231567382812 192.0990753173828 1.4130648374557495 1.5525115728378296 3.8878867626190186 -9.991917610168457 1.7929760813713074 73.69216918945312 1.5618128179787263 0.25912895798683167
Van -1 -1 2.43 14.066598892211914 119.26444244384766 260.990686416626 240.62832641601562 2.9705772399902344 1.831201195716858 7.086098670959473 -16.296497344970703 1.70534186065197 24.164884567260742 1.8358968688145803 0.20380906760692596
Truck -1 -1 2.38 14.686028480529785 144.3795166015625 283.45394229888916 280.1590881347656 3.4327139854431152 2.6915202140808105 13.088924407958984 -17.140735626220703 1.9332474321126938 24.401002883911133 1.7665103471768653 0.20038345456123352
Truck -1 -1 2.41 -1.0708444118499756 122.00355529785156 260.71568512916565 307.6814880371094 3.5308237075805664 2.4958043098449707 12.819246292114258 -17.378681182861328 1.8794407695531845 24.987024307250977 1.7978766185263835 0.18820342421531677
Van -1 -1 2.64 0.9916120171546936 123.44816589355469 276.89230781793594 280.1443786621094 2.955801010131836 2.015272855758667 6.996706962585449 -15.193017959594727 2.0403980016708374 18.915861129760742 1.9647475587339809 0.1863349974155426
Car -1 -1 2.21 200.3417205810547 176.73715209960938 309.6267395019531 229.35848999023438 1.6806919574737549 1.678895115852356 4.230798721313477 -14.592355728149414 2.0644993782043457 30.09820556640625 1.7634945876931711 0.17776605486869812