Car -1 -1 -1.88 807.8721313476562 177.50204467773438 1034.971435546875 314.0342712402344 1.470070242881775 1.6553243398666382 4.185763835906982 4.081896781921387 1.6169551014900208 10.270084381103516 -1.5038856927016289 0.897997260093689
Car -1 -1 -2.17 904.0162963867188 185.49766540527344 1239.7686767578125 371.36279296875 1.4382498264312744 1.5981180667877197 3.848341226577759 3.6366875171661377 1.5994040966033936 5.124684810638428 -1.555775145166261 0.8798547983169556
Car -1 -1 -1.71 784.736572265625 162.7017059326172 898.6192626953125 257.1946105957031 1.7751288414001465 1.666058897972107 4.06355619430542 4.678199768066406 1.587660551071167 15.146333694458008 -1.4058552917184493 0.8675007820129395
Car -1 -1 -1.76 783.0970458984375 170.95213317871094 922.3277587890625 268.9667053222656 1.5873174667358398 1.621598720550537 4.015574932098389 4.645734786987305 1.587984025478363 15.296618461608887 -1.4641847179643852 0.3754124343395233
Car -1 -1 0.81 1087.6982421875 217.4702606201172 1238.404296875 369.8866271972656 1.4212737083435059 1.5728275775909424 3.721604108810425 6.044151306152344 1.7728614807128906 6.2009711265563965 1.584112539009137 0.3577360212802887
Car -1 -1 -1.8 785.108154296875 169.53579711914062 956.9768676757812 283.4976501464844 1.5791789293289185 1.6583828926086426 4.097723484039307 4.84237813949585 1.6148122549057007 14.696453094482422 -1.4777058673116361 0.30340585112571716
Van -1 -1 2.27 3.5288968086242676 2.867516040802002 441.62054109573364 366.0043568611145 2.5149354934692383 2.113590717315674 6.134795665740967 -2.283604145050049 1.6957367658615112 3.885713577270508 1.734720927310235 0.24971511960029602
Car -1 -1 0.93 1119.3819580078125 208.3002166748047 1241.078857421875 363.639404296875 1.407274842262268 1.5177634954452515 3.6071760654449463 6.02449369430542 1.689156174659729 6.711607933044434 1.6635511779669265 0.24958986043930054
Car -1 -1 -1.84 853.6119995117188 175.1803741455078 1178.34619140625 353.57794189453125 1.5363184213638306 1.5853900909423828 4.002391338348389 5.131678581237793 1.8642153143882751 11.16772174835205 -1.4109634099845447 0.21321940422058105
Car -1 -1 -1.87 813.8278198242188 184.4848175048828 1100.3541259765625 330.26434326171875 1.612803339958191 1.666276216506958 4.153620719909668 4.089359283447266 1.7128894329071045 10.308496475219727 -1.4891568690870063 0.2121233195066452
Van -1 -1 -1.71 785.2930908203125 163.04295349121094 898.6314086914062 255.75924682617188 1.9691962003707886 1.7779659032821655 4.300220489501953 4.99783992767334 1.734456717967987 16.181133270263672 -1.406094504735127 0.20501984655857086
Car -1 -1 1.05 1150.9576416015625 198.9984893798828 1241.593994140625 363.0325927734375 1.3566813468933105 1.5486582517623901 3.800544500350952 6.314848899841309 1.6469452381134033 6.41493558883667 1.8283311839220318 0.19643042981624603
Car -1 -1 0.92 1015.8135375976562 199.3104248046875 1240.83251953125 366.699462890625 1.4355419874191284 1.593234658241272 3.8475193977355957 5.484584331512451 1.732556164264679 6.471043109893799 1.6230393280707123 0.1894853711128235
Car -1 -1 -0.55 1.7351412773132324 195.89234924316406 38.68962049484253 374.7649230957031 1.6113368272781372 1.6127358675003052 3.550532817840576 -1.4390712976455688 1.1495061814785004 0.7509158253669739 -1.6439664324475949 0.18897992372512817
Truck -1 -1 1.95 41.20427322387695 1.1039178371429443 448.8694953918457 339.9078423976898 3.2881648540496826 2.2388386726379395 6.828766345977783 -2.3676421642303467 1.6960520409047604 4.237580299377441 1.439438018883572 0.18061017990112305
Car -1 -1 -0.58 2.1111860275268555 185.1780548095703 31.74129009246826 362.1929931640625 1.6381508111953735 1.6225802898406982 3.6525776386260986 -1.4881117343902588 1.1494798064231873 0.7933920621871948 -1.6627318840761465 0.16840802133083344
Car -1 -1 -0.47 -0.8003881573677063 201.3942108154297 51.07638567686081 379.22979736328125 1.5849685668945312 1.6012076139450073 3.749847888946533 -2.06732177734375 1.3293314576148987 1.0017824172973633 -1.5869908799831771 0.15936602652072906
Car -1 -1 -0.59 2.607916831970215 175.2244873046875 24.792658805847168 343.3575439453125 1.659475564956665 1.6430853605270386 3.775301933288574 -1.6591928005218506 1.1599948406219482 0.9186397194862366 -1.655478126159517 0.11282029747962952