Van -1 -1 1.86 345.3401794433594 143.77587890625 544.6327514648438 289.22222900390625 1.9209574460983276 1.8050593137741089 4.688983917236328 -2.316004514694214 1.3721177279949188 12.119423866271973 1.6666228761606359 0.8806807398796082
Pedestrian -1 -1 1.14 544.9561157226562 155.5032958984375 588.99072265625 272.2513427734375 1.790300965309143 0.6698043942451477 0.9782488346099854 -0.5686516761779785 1.3915626406669617 11.520654678344727 1.0929780157132676 0.8038267493247986
Pedestrian -1 -1 2.08 912.65380859375 155.736083984375 1033.608642578125 387.8026428222656 1.6901774406433105 0.6279048919677734 0.6969993710517883 2.288752317428589 1.557114601135254 4.4230780601501465 2.55778825149328 0.8002996444702148
Pedestrian -1 -1 3.05 1075.5743408203125 180.91842651367188 1183.7396240234375 346.92919921875 1.643729329109192 0.5792937278747559 0.5008468627929688 5.3304524421691895 1.6438318490982056 7.341775417327881 -2.6035225810828777 0.6939298510551453
Pedestrian -1 -1 -1.75 1068.68603515625 182.0355682373047 1209.8736572265625 353.4813537597656 1.684791088104248 0.6911645531654358 0.6193490028381348 5.418670654296875 1.697351336479187 7.6818342208862305 -1.1389161360893878 0.6138972043991089
Cyclist -1 -1 -1.39 543.0270385742188 152.87899780273438 591.5755615234375 273.9021911621094 1.7252874374389648 0.48552972078323364 1.6724728345870972 -0.5165554881095886 1.3447501063346863 11.647961616516113 -1.4347841974702584 0.6035485863685608
Cyclist -1 -1 -1.26 556.9844970703125 157.33438110351562 598.9552001953125 242.5028076171875 1.753012776374817 0.5390782952308655 1.7620025873184204 -0.4698387384414673 1.2074606716632843 15.453808784484863 -1.2906787796531836 0.5121206045150757
Pedestrian -1 -1 -2.51 1080.5269775390625 180.3782196044922 1149.7567138671875 323.8365783691406 1.610328197479248 0.5703760385513306 0.5037839412689209 6.041377067565918 1.6036523580551147 8.454615592956543 -1.889446169003909 0.5011916160583496
Pedestrian -1 -1 -2.57 1073.566650390625 179.6326904296875 1162.2054443359375 334.2471008300781 1.59470534324646 0.5763824582099915 0.43132805824279785 5.675183296203613 1.583721101284027 7.930595397949219 -1.9507471096172662 0.4692832827568054
Car -1 -1 -1.66 684.0379638671875 160.28982543945312 715.992431640625 190.4158935546875 1.754933476448059 1.6868590116500854 4.039637565612793 5.939592361450195 0.46498438715934753 43.247920989990234 -1.5194444248668324 0.4382409155368805
Pedestrian -1 -1 1.25 554.2706909179688 157.54702758789062 593.5913696289062 261.09344482421875 1.745711326599121 0.6849096417427063 0.8385311961174011 -0.3917626142501831 1.3221799433231354 13.076666831970215 1.2178279246072883 0.4377117455005646
Pedestrian -1 -1 2.06 923.8222045898438 170.63369750976562 1056.140869140625 363.88433837890625 1.6434417963027954 0.6307783126831055 0.7159698009490967 2.7041215896606445 1.5566481351852417 4.967604160308838 2.5582925790512654 0.3932499885559082
Car -1 -1 1.84 350.3145751953125 143.06410217285156 545.6467895507812 288.0917663574219 1.882557988166809 1.8064544200897217 4.579212188720703 -2.262279748916626 1.3343209624290466 11.995427131652832 1.6507932430914671 0.3599882125854492
Cyclist -1 -1 -1.4 550.74267578125 154.9686737060547 592.205322265625 257.93341064453125 1.7629915475845337 0.5373008847236633 1.7437196969985962 -0.49913495779037476 1.2768768966197968 13.449337005615234 -1.4340509116085896 0.3566766381263733
Pedestrian -1 -1 2.31 989.8353271484375 184.0168914794922 1049.26611328125 321.10870361328125 1.6275811195373535 0.5777677297592163 0.5327910780906677 5.205904006958008 1.661988079547882 8.885282516479492 2.8415310488158276 0.34540292620658875
Cyclist -1 -1 -1.52 543.949462890625 154.60916137695312 604.896240234375 255.70899963378906 1.8234167098999023 0.5607524514198303 1.7794468402862549 -0.47694656252861023 1.3359096348285675 14.220706939697266 -1.5577974810096746 0.34355753660202026
Van -1 -1 2.32 490.9945068359375 158.8402099609375 577.9266357421875 230.146240234375 1.8273632526397705 1.7634752988815308 4.511289596557617 -1.572879672050476 1.1935777068138123 19.80271339416504 2.2401870753290023 0.33947721123695374
Cyclist -1 -1 2.06 1063.19287109375 187.6123504638672 1180.37548828125 347.9473571777344 1.518210530281067 0.6309531331062317 1.691920518875122 5.367204189300537 1.6338731050491333 7.458685874938965 2.6818678785183714 0.3320424556732178
Pedestrian -1 -1 2.12 893.8084106445312 171.74143981933594 936.9526977539062 280.6957702636719 1.6749178171157837 0.5939969420433044 0.42097702622413635 4.582411766052246 1.4795026183128357 10.621313095092773 2.5274674853815347 0.32530689239501953
Pedestrian -1 -1 1.42 900.106689453125 161.3292999267578 1023.9254760742188 357.63055419921875 1.7457507848739624 0.693403959274292 0.7657636404037476 2.500249147415161 1.5654787421226501 5.025572776794434 1.8780421368679425 0.32032710313796997
Pedestrian -1 -1 1.27 556.4459838867188 155.6580352783203 597.7716064453125 245.0337677001953 1.8110406398773193 0.6679369211196899 0.9229740500450134 -0.4472212791442871 1.2721673548221588 14.991474151611328 1.2418186959514834 0.3143846094608307
Car -1 -1 2.49 492.673095703125 158.9857635498047 576.5747680664062 231.42367553710938 1.6436858177185059 1.6690270900726318 3.996572732925415 -1.6841071844100952 1.125779628753662 20.227825164794922 2.4041891102184145 0.3077493906021118
Pedestrian -1 -1 1.8 760.8184814453125 156.24412536621094 777.6492309570312 203.33270263671875 1.6699374914169312 0.602473795413971 0.5110805034637451 6.115842342376709 0.7859973572194576 26.442777633666992 2.031822286952165 0.3048463761806488
Pedestrian -1 -1 1.28 891.6432495117188 159.3597412109375 1003.6422119140625 348.9629821777344 1.7574206590652466 0.6755334734916687 0.7212456464767456 2.6167163848876953 1.5655094385147095 5.4371256828308105 1.7315445756531016 0.3021742105484009
Pedestrian -1 -1 -1.58 1051.0069580078125 177.36312866210938 1165.666259765625 323.2567138671875 1.6245285272598267 0.5893197655677795 0.5966421961784363 5.81448221206665 1.6962559223175049 8.2192964553833 -0.9681937064810251 0.2997882068157196
Cyclist -1 -1 -1.74 549.0655517578125 159.453125 608.3654174804688 242.66322326660156 1.769299864768982 0.5458319187164307 1.7650187015533447 -0.44139742851257324 1.2230883836746216 15.388141632080078 -1.7675526994831827 0.2987915575504303
Pedestrian -1 -1 2.05 934.8350219726562 168.22152709960938 1037.80859375 383.6483154296875 1.620057463645935 0.5997359156608582 0.7371507883071899 2.3487584590911865 1.5233410596847534 4.582283020019531 2.5272658429984247 0.29684704542160034
Pedestrian -1 -1 -2.72 981.7539672851562 186.17630004882812 1036.5694580078125 306.70318603515625 1.6085997819900513 0.5606505274772644 0.49070417881011963 5.523404121398926 1.6379485726356506 9.544632911682129 -2.19698412647155 0.2936098873615265
Pedestrian -1 -1 1.64 548.0660400390625 155.92442321777344 597.3905639648438 266.5691223144531 1.751763939857483 0.6837531924247742 0.8580570816993713 -0.4296397566795349 1.3108630776405334 11.616189002990723 1.6071172329356171 0.2919035851955414
Cyclist -1 -1 -1.09 531.510009765625 154.92820739746094 588.4035034179688 262.2347106933594 1.725753903388977 0.5592198967933655 1.740014910697937 -0.5966085195541382 1.297379344701767 11.562519073486328 -1.1421428583933597 0.28292399644851685
Pedestrian -1 -1 2.43 892.8295288085938 151.12664794921875 1099.2215576171875 363.0393371582031 1.6682536602020264 0.6050496101379395 0.580844521522522 2.6043922901153564 1.4925612211227417 4.977755069732666 2.912684077057569 0.2774328291416168
Pedestrian -1 -1 1.25 514.3585205078125 157.13133239746094 579.9194946289062 257.8357238769531 1.8085627555847168 0.7035318613052368 0.8259444832801819 -0.898565411567688 1.3510275483131409 12.103487014770508 1.1746959586031203 0.2746436893939972
Pedestrian -1 -1 1.65 530.9198608398438 156.6842498779297 586.9298095703125 258.1080017089844 1.7200489044189453 0.662907063961029 0.7899569272994995 -0.6264452934265137 1.2828624248504639 10.986066818237305 1.5933810907500572 0.2715893089771271
Cyclist -1 -1 0.81 1068.68603515625 182.0355682373047 1209.8736572265625 353.4813537597656 1.5287882089614868 0.602860689163208 1.656518816947937 5.72697114944458 1.7090580463409424 7.97753381729126 1.4374689757582155 0.27141231298446655
Pedestrian -1 -1 1.6 953.5108032226562 175.6284942626953 1067.8431396484375 350.4670715332031 1.6724940538406372 0.6226341724395752 0.7102662324905396 3.726191282272339 1.727484941482544 6.4793548583984375 2.121782871471053 0.2691519558429718
Pedestrian -1 -1 -0.83 1087.809326171875 171.08364868164062 1214.0018310546875 368.9011535644531 1.820563554763794 0.759160578250885 0.6979339122772217 3.8204081058502197 1.6487213969230652 4.706540584564209 -0.14323612778650574 0.26316767930984497
Car -1 -1 2.59 498.5314636230469 165.35617065429688 572.3984375 239.02578735351562 1.5307550430297852 1.6126357316970825 3.842027187347412 -1.6557594537734985 1.2082779705524445 19.437070846557617 2.505398287021947 0.2594545781612396
Car -1 -1 -1.49 606.3790283203125 164.60816955566406 629.560302734375 186.21383666992188 1.4463460445404053 1.5462937355041504 3.5604307651519775 1.1679551601409912 0.38782426714897156 51.76176071166992 -1.4681520997841062 0.25593918561935425
Car -1 -1 -1.48 528.2957763671875 158.5109100341797 579.2594604492188 247.06407165527344 1.5618988275527954 1.6133298873901367 3.8037524223327637 -1.1475765705108643 1.2408663928508759 19.79519271850586 -1.5335409759797427 0.24732699990272522
Truck -1 -1 1.77 353.4082946777344 140.0632781982422 543.6231689453125 285.95831298828125 2.6839566230773926 2.4003641605377197 6.4491868019104 -2.588332176208496 1.6928146183490753 13.045294761657715 1.5710760080141153 0.24333325028419495
Pedestrian -1 -1 -0.09 1100.39697265625 184.50697326660156 1203.6011962890625 354.9499206542969 1.812567114830017 0.6524109840393066 0.7003849744796753 4.679864406585693 1.7039666771888733 6.176675796508789 0.5576770052571436 0.23707126080989838
Pedestrian -1 -1 2.94 1076.769287109375 185.15562438964844 1134.5101318359375 321.48858642578125 1.463431477546692 0.5159857273101807 0.5702297687530518 6.226833343505859 1.5864757299423218 8.853730201721191 -2.733136471055584 0.2350781261920929
Pedestrian -1 -1 1.02 528.2957763671875 158.5109100341797 579.2594604492188 247.06407165527344 1.774213433265686 0.6815521121025085 0.9030843377113342 -0.7772197723388672 1.273364007472992 12.917641639709473 0.9619105335999834 0.2320791333913803
Car -1 -1 -1.5 544.2135620117188 155.26158142089844 588.6648559570312 270.1952819824219 1.6860425472259521 1.6102932691574097 3.8426053524017334 -0.6064758896827698 1.3620312809944153 14.700579643249512 -1.5425675941526942 0.23130539059638977
Pedestrian -1 -1 1.32 566.3698120117188 161.95562744140625 601.5346069335938 251.60748291015625 1.690081000328064 0.7074666619300842 0.8063805103302002 -0.3374471664428711 1.2949797213077545 14.348628997802734 1.2915529463475117 0.23031580448150635
Pedestrian -1 -1 1.49 501.00579833984375 158.93565368652344 575.0267333984375 233.62380981445312 1.7870631217956543 0.6641678214073181 0.8455442786216736 -1.1710073947906494 1.2469715178012848 15.108845710754395 1.4152079607900685 0.22879649698734283
Pedestrian -1 -1 1.46 562.266357421875 158.0673828125 597.2985229492188 258.0034484863281 1.7545738220214844 0.6654695868492126 0.8483759164810181 -0.343910813331604 1.3186730742454529 13.699450492858887 1.4382729644197045 0.2262016236782074
Car -1 -1 -1.54 519.3579711914062 158.43553161621094 578.2448120117188 233.97137451171875 1.5963228940963745 1.596519112586975 3.8375065326690674 -1.3502912521362305 1.1485940217971802 20.888891220092773 -1.602822534722148 0.22306929528713226
Pedestrian -1 -1 1.38 941.4312133789062 188.0273895263672 1048.348388671875 370.3614501953125 1.4236609935760498 0.5904863476753235 0.6617337465286255 2.5337283611297607 1.487912118434906 4.734291076660156 1.870467400611549 0.22232328355312347
Pedestrian -1 -1 1.51 881.0809326171875 149.5468292236328 1059.77880859375 370.4168395996094 1.6291742324829102 0.5226002335548401 0.5990630388259888 2.7079367637634277 1.4949305653572083 5.443082332611084 1.9739980000357704 0.22119532525539398
Cyclist -1 -1 1.77 355.09478759765625 139.33456420898438 542.39013671875 287.4347229003906 1.8706145286560059 0.5600614547729492 1.8292944431304932 -1.7522488832473755 1.3550921082496643 9.338493347167969 1.5818784814373164 0.2207922488451004
Cyclist -1 -1 -1.28 528.2957763671875 158.5109100341797 579.2594604492188 247.06407165527344 1.6903965473175049 0.5610501170158386 1.7463760375976562 -0.6956697106361389 1.1941790580749512 11.982219696044922 -1.340741654019018 0.21536701917648315
Cyclist -1 -1 -0.35 898.9176635742188 155.61595153808594 1040.6436767578125 380.3105773925781 1.714179515838623 0.5514479279518127 1.6191527843475342 2.3040382862091064 1.5951982140541077 4.5967183113098145 0.11358793859632499 0.21204933524131775
Pedestrian -1 -1 2.62 915.9705810546875 157.36453247070312 1139.66357421875 363.40557861328125 1.7140696048736572 0.5689842700958252 0.7248282432556152 2.7441630363464355 1.5657137036323547 5.074539661407471 3.1129077413093125 0.21031664311885834
Cyclist -1 -1 1.53 1051.0069580078125 177.36312866210938 1165.666259765625 323.2567138671875 1.526652455329895 0.5701948404312134 1.6720054149627686 6.130977153778076 1.7296960353851318 8.60781192779541 2.1447390991670554 0.2089303880929947
Pedestrian -1 -1 1.77 968.9066772460938 185.4241485595703 1051.9105224609375 347.9603576660156 1.6640101671218872 0.6670336723327637 0.6911594271659851 3.9138143062591553 1.616541564464569 6.796358585357666 2.294628146645742 0.20809979736804962
Pedestrian -1 -1 1.75 869.5322875976562 160.0713348388672 984.9170532226562 322.779052734375 1.7740285396575928 0.6461154222488403 0.7110723853111267 4.019446849822998 1.6670239567756653 9.594033241271973 2.148144924285461 0.2075592428445816
Car -1 -1 -1.63 689.7998657226562 161.9524383544922 720.4056396484375 198.32925415039062 1.669147253036499 1.555995225906372 3.589056968688965 5.911825656890869 0.5760307610034943 42.25690841674805 -1.4900144217792688 0.20609337091445923
Pedestrian -1 -1 0.51 1128.2496337890625 162.4631805419922 1222.565673828125 361.4544677734375 1.8536149263381958 0.6453930735588074 0.8093518614768982 4.288291931152344 1.6241987943649292 4.860291957855225 1.2363904704831725 0.2056465744972229
Cyclist -1 -1 -1.21 514.3585205078125 157.13133239746094 579.9194946289062 257.8357238769531 1.8361085653305054 0.517726719379425 1.7823522090911865 -0.8559321761131287 1.3410319089889526 12.96144962310791 -1.2719607342701282 0.2038693130016327
Pedestrian -1 -1 -2.75 1007.337890625 167.1245574951172 1229.13232421875 365.2918395996094 1.8064872026443481 0.5802471041679382 0.8302897214889526 3.251304864883423 1.5781769752502441 4.187976360321045 -2.089814743890541 0.2028198093175888
Cyclist -1 -1 -2.71 892.8295288085938 151.12664794921875 1099.2215576171875 363.0393371582031 1.7359986305236816 0.6035007834434509 1.744599461555481 2.8753609657287598 1.6514896154403687 5.699844837188721 -2.2415219186641506 0.20215311646461487
Pedestrian -1 -1 2.37 891.8690185546875 168.74514770507812 949.2197875976562 302.0447082519531 1.6721934080123901 0.60621577501297 0.6600820422172546 4.580454349517822 1.531586468219757 10.389571189880371 2.786841551672092 0.20194846391677856
Cyclist -1 -1 -0.63 501.00579833984375 158.93565368652344 575.0267333984375 233.62380981445312 1.7544400691986084 0.5889536142349243 1.8290256261825562 -1.1698827743530273 1.2102656364440918 15.0359525680542 -0.7070540293923444 0.20063655078411102
Truck -1 -1 -1.57 544.8821411132812 155.93643188476562 588.9304809570312 274.8553161621094 3.2372822761535645 2.5931930541992188 7.872002124786377 -0.6972357630729675 2.207559645175934 14.046250343322754 -1.6185973013346269 0.19982779026031494
Cyclist -1 -1 -3.02 915.9705810546875 157.36453247070312 1139.66357421875 363.40557861328125 1.734164834022522 0.6262163519859314 1.60677170753479 3.2156810760498047 1.7234352827072144 6.0551533699035645 -2.5336253322056805 0.19793610274791718
Pedestrian -1 -1 1.02 1173.7860107421875 148.6676025390625 1236.83203125 359.1850891113281 1.8714455366134644 0.7273293137550354 0.7852685451507568 4.140300750732422 1.589604914188385 4.13671350479126 1.804348515803131 0.1970846801996231
Pedestrian -1 -1 1.23 519.3579711914062 158.43553161621094 578.2448120117188 233.97137451171875 1.803619384765625 0.6773906350135803 0.8861809968948364 -0.9998242855072021 1.2431033551692963 15.154590606689453 1.1642249755451104 0.1940072923898697
Pedestrian -1 -1 1.06 541.5908813476562 158.58827209472656 583.7716064453125 245.49221801757812 1.7581475973129272 0.6725762486457825 0.9270262122154236 -0.7161970138549805 1.2466170191764832 13.838964462280273 1.0057735874484486 0.19236572086811066
Pedestrian -1 -1 -2.87 1097.0311279296875 189.57154846191406 1181.7742919921875 340.0155334472656 1.7342971563339233 0.7195696234703064 0.6915012001991272 5.226194858551025 1.6768521666526794 7.267014503479004 -2.2482193652792164 0.18696172535419464
Pedestrian -1 -1 0.65 966.1254272460938 177.64491271972656 1189.5496826171875 360.40997314453125 1.7411540746688843 0.5562608242034912 0.8191894888877869 3.897193670272827 1.7431978583335876 5.999260425567627 1.223828441323402 0.18629750609397888
Pedestrian -1 -1 1.18 511.55487060546875 164.4976806640625 573.5218505859375 245.13722229003906 1.7276692390441895 0.6353234648704529 0.8334560990333557 -0.979487419128418 1.3206860721111298 13.49886417388916 1.109552399885306 0.1814490556716919
Pedestrian -1 -1 1.88 977.4389038085938 181.93711853027344 1082.195556640625 318.3321533203125 1.588486909866333 0.6311463713645935 0.6575905680656433 5.326237678527832 1.7649904489517212 8.684070587158203 2.4259972842461535 0.18139445781707764
Car -1 -1 -2.46 1005.3310546875 156.54249572753906 1240.1934814453125 353.6829833984375 1.6390645503997803 1.5696560144424438 3.3316166400909424 6.753527641296387 1.9735236167907715 6.669304847717285 -1.6667172666921672 0.17876523733139038
Van -1 -1 2.98 516.6602172851562 157.48294067382812 582.9658813476562 239.13328552246094 1.8233598470687866 1.724076271057129 4.1990556716918945 -1.5244414806365967 1.2404431700706482 22.05494499206543 2.910041744773311 0.17378297448158264
Cyclist -1 -1 -1.2 511.55487060546875 164.4976806640625 573.5218505859375 245.13722229003906 1.6927595138549805 0.591688871383667 1.8082122802734375 -0.9993307590484619 1.276672124862671 13.79714584350586 -1.2713680884982033 0.17320767045021057
Pedestrian -1 -1 1.39 965.8948364257812 187.07489013671875 1038.7894287109375 324.6643981933594 1.6736242771148682 0.6409453749656677 0.6626455187797546 4.06757116317749 1.610502541065216 7.249898910522461 1.900810829675227 0.17142033576965332
Pedestrian -1 -1 1.84 1035.694580078125 197.46437072753906 1174.627197265625 346.5152282714844 1.7817399501800537 0.687317967414856 0.726965069770813 5.637147426605225 1.888387143611908 7.852101802825928 2.464903916826578 0.16358254849910736
Truck -1 -1 0.19 519.991455078125 154.96949768066406 587.5584716796875 248.07171630859375 3.0001304149627686 2.317168951034546 6.750794410705566 -1.6281460523605347 1.5977650508284569 25.185632705688477 0.12779864867585067 0.15413840115070343
Truck -1 -1 -0.22 534.9282836914062 153.5460968017578 597.6091918945312 260.48529052734375 2.992345094680786 2.3704147338867188 6.756265163421631 -1.27610445022583 1.6337321400642395 24.20060920715332 -0.27693588013721016 0.1482209712266922
Cyclist -1 -1 2.76 980.8031005859375 167.52645874023438 1208.6883544921875 364.02545166015625 1.6307624578475952 0.6352465152740479 1.5693087577819824 2.5066330432891846 1.3927329778671265 3.6552655696868896 -2.9205858208015005 0.14725084602832794