Car -1 -1 1.87 207.98721313476562 180.7150421142578 433.27886962890625 347.126220703125 1.761824607849121 1.6199055910110474 3.7779998779296875 -3.6253483295440674 1.8761778473854065 9.744414329528809 1.5100751605670055 0.9038512706756592
Car -1 -1 1.82 363.73602294921875 197.59231567382812 475.8365478515625 270.57598876953125 1.4050347805023193 1.5842232704162598 3.9889962673187256 -4.19378662109375 1.9973139762878418 16.45702362060547 1.5699766210093022 0.8826857805252075
Car -1 -1 -1.91 733.0443725585938 156.2335205078125 969.5242919921875 313.9408264160156 1.8038179874420166 1.6678286790847778 3.9473860263824463 2.998166799545288 1.5773835182189941 9.940673828125 -1.6165865770447985 0.8766627907752991
Car -1 -1 2.18 2.580491542816162 183.7022247314453 328.71266317367554 375.740478515625 1.6824315786361694 1.6824679374694824 4.017458438873291 -3.4224278926849365 1.8010281920433044 4.6378374099731445 1.539634975390893 0.8559324741363525
Car -1 -1 -2.25 886.211669921875 186.77880859375 1234.6348876953125 376.8991394042969 1.4577679634094238 1.6508060693740845 4.202811241149902 3.1692254543304443 1.5716763734817505 4.054548263549805 -1.5871293904181867 0.8524491190910339
Car -1 -1 1.68 478.4855041503906 183.55174255371094 523.8389892578125 222.25050354003906 1.6516679525375366 1.6894537210464478 4.324965000152588 -5.0125651359558105 2.167115032672882 33.65593338012695 1.5329999747383507 0.8457576036453247
Car -1 -1 1.61 484.7362365722656 185.17095947265625 528.8805541992188 219.02487182617188 1.5641276836395264 1.689772129058838 4.42142915725708 -5.2156267166137695 2.2788227796554565 38.16780471801758 1.4775128670200877 0.33628976345062256
Car -1 -1 1.58 498.5507507324219 186.27772521972656 534.1708984375 214.68099975585938 1.447662353515625 1.6063194274902344 4.276887893676758 -5.109468460083008 2.245257019996643 40.052974700927734 1.4553391669580842 0.27920854091644287
Car -1 -1 1.64 490.76654052734375 186.8780517578125 534.1437377929688 217.68161010742188 1.4752472639083862 1.6411981582641602 4.351334571838379 -5.17169189453125 2.2428006529808044 39.477760314941406 1.511071164626979 0.27120569348335266
Car -1 -1 -1.91 737.8510131835938 175.88368225097656 993.6416015625 331.65545654296875 1.7156332731246948 1.6383318901062012 3.9699323177337646 3.099308729171753 1.5858687162399292 9.670414924621582 -1.5979578493966011 0.2476993054151535
Car -1 -1 1.59 504.56451416015625 188.052490234375 536.8638305664062 214.34852600097656 1.4143933057785034 1.609845757484436 4.090041637420654 -5.106142997741699 2.3111518025398254 40.93764877319336 1.4631239121527297 0.2268911600112915
Van -1 -1 1.87 205.8827667236328 181.11830139160156 433.2425537109375 345.62872314453125 1.8412657976150513 1.707689881324768 4.123153209686279 -3.710960626602173 1.9902357459068298 9.972872734069824 1.516245704423052 0.22070585191249847
Car -1 -1 2.32 0.6718813180923462 205.0418701171875 121.96282064914703 371.1582946777344 1.3938713073730469 1.577472448348999 3.685821294784546 -5.989592552185059 1.7360795736312866 5.987486839294434 1.5329440987406011 0.17304599285125732
Car -1 -1 2.23 -41.308128356933594 182.56085205078125 308.38492584228516 405.6783447265625 1.5914976596832275 1.746105432510376 5.061313629150391 -2.709122896194458 1.5364304184913635 4.123012065887451 1.64409426834957 0.16134245693683624
Car -1 -1 1.54 515.0903930664062 187.92471313476562 543.310302734375 210.26869201660156 1.3887866735458374 1.6148145198822021 4.116121292114258 -5.541290760040283 2.419199287891388 47.74619674682617 1.428960378883505 0.11828432977199554