Car -1 -1 -1.87 772.094970703125 191.7885284423828 1046.029052734375 367.25653076171875 1.3624600172042847 1.5594323873519897 3.540949583053589 2.815110206604004 1.670727252960205 7.640089511871338 -1.5217316722837122 0.8564239740371704
Car -1 -1 -0.36 714.5261840820312 171.1592559814453 818.7720336914062 220.2569122314453 1.6388036012649536 1.599291443824768 3.8175642490386963 5.683919906616211 1.6569644808769226 26.065053939819336 -0.14096985606664347 0.828172504901886
Car -1 -1 -1.64 636.4803466796875 175.26182556152344 669.7255249023438 202.73880004882812 1.4828336238861084 1.6197847127914429 3.8918116092681885 2.423530340194702 1.6423627138137817 41.09591293334961 -1.584935413266118 0.8252138495445251
Car -1 -1 0.09 839.463623046875 174.33303833007812 1106.7762451171875 273.5601806640625 1.5042022466659546 1.6824849843978882 4.257293701171875 6.341577053070068 1.5752156376838684 13.013833045959473 0.5414768787153967 0.8216944932937622
Car -1 -1 -2.95 271.33453369140625 171.65982055664062 433.06182861328125 239.3156280517578 1.5454111099243164 1.631929636001587 3.652759552001953 -6.374441623687744 1.5802937746047974 17.72920799255371 2.9891326614464715 0.7480435371398926
Car -1 -1 0.21 774.3977661132812 180.21400451660156 905.5120239257812 241.51771545410156 1.5120806694030762 1.6637241840362549 3.728422164916992 6.139137268066406 1.733394742012024 19.564178466796875 0.512362230312537 0.7156704664230347
Car -1 -1 0.3 0.407839834690094 168.16342163085938 229.4954405426979 349.9253845214844 1.6523802280426025 1.5097980499267578 3.307675361633301 -6.0838847160339355 1.671814501285553 7.171426773071289 -0.4041045657857216 0.6972181797027588
Car -1 -1 -2.75 189.99429321289062 175.54110717773438 415.4533996582031 253.99559020996094 1.5271893739700317 1.5822328329086304 3.889763116836548 -6.227593898773193 1.5728222727775574 14.426409721374512 3.125856868841737 0.6916117072105408
Car -1 -1 0.57 5.79913330078125 171.8716278076172 356.0072937011719 296.2775573730469 1.5670573711395264 1.6069732904434204 4.046175956726074 -5.831737518310547 1.5575909614562988 9.875536918640137 0.04092513658827812 0.686387300491333
Car -1 -1 2.87 728.4273071289062 178.12506103515625 861.1888427734375 228.62208557128906 1.5233197212219238 1.5796595811843872 3.925271511077881 5.98344612121582 1.707665503025055 23.596120834350586 3.114157456778525 0.6789759993553162
Car -1 -1 -2.91 423.2767333984375 172.778564453125 518.824462890625 208.38772583007812 1.446726679801941 1.6554614305496216 4.191325664520264 -6.302969932556152 1.5493455529212952 33.4849967956543 -3.094507863136146 0.6733654141426086
Car -1 -1 -2.91 285.42633056640625 164.49911499023438 455.0078125 234.0276641845703 1.7658213376998901 1.7308974266052246 4.253097057342529 -6.526895999908447 1.5991053581237793 20.489147186279297 3.063099251911721 0.6685429811477661
Car -1 -1 -0.28 717.8942260742188 175.60279846191406 844.4654541015625 224.39419555664062 1.608606219291687 1.580591082572937 3.8871095180511475 5.638721942901611 1.6943691968917847 24.472007751464844 -0.05546863477446884 0.6643912196159363
Car -1 -1 -1.01 794.3739624023438 177.48199462890625 942.47216796875 247.8092498779297 1.498093605041504 1.635201096534729 3.5059165954589844 6.276616096496582 1.6502304077148438 17.1735782623291 -0.6565085019450474 0.6373920440673828
Car -1 -1 -3.06 434.09393310546875 173.4962921142578 527.5475463867188 205.759033203125 1.3706806898117065 1.6200900077819824 4.192868232727051 -5.854050159454346 1.4614286422729492 33.674461364746094 3.0461076245937813 0.6244590282440186
Car -1 -1 -2.73 148.07131958007812 172.9255828857422 400.22125244140625 261.7973327636719 1.4962456226348877 1.6115835905075073 4.078167915344238 -6.426177024841309 1.611725628376007 14.20913028717041 3.1307574205195827 0.6161336302757263
Car -1 -1 0.62 814.36181640625 175.6846923828125 1087.0750732421875 301.8503723144531 1.5150747299194336 1.628880262374878 3.989635944366455 6.076270580291748 1.5512371063232422 12.892782211303711 1.060236457317945 0.5232331156730652
Car -1 -1 -2.83 91.76057434082031 173.68121337890625 391.98341369628906 272.5400390625 1.4988319873809814 1.5721189975738525 4.0518598556518555 -6.21251106262207 1.6117917895317078 12.32200813293457 2.986806755421634 0.5213698148727417
Car -1 -1 2.3 756.0718994140625 178.3772430419922 874.5073852539062 230.92657470703125 1.4437164068222046 1.5184463262557983 3.911802291870117 6.037382125854492 1.6573771834373474 22.06029510498047 2.5646820156222105 0.4978163242340088
Car -1 -1 -1.88 783.608642578125 186.93206787109375 1077.409912109375 343.9390563964844 1.444604754447937 1.5808905363082886 3.7370784282684326 2.969040632247925 1.5306119322776794 7.5466508865356445 -1.505599864433858 0.491219162940979
Car -1 -1 3.03 3.440337657928467 174.4811553955078 188.36668348312378 375.9402770996094 1.6019452810287476 1.6282626390457153 4.211207866668701 -5.174179553985596 1.6006246209144592 4.3683271408081055 2.164964925732126 0.47701549530029297
Car -1 -1 -2.86 226.14620971679688 171.0803985595703 432.6601257324219 249.0818328857422 1.5146955251693726 1.6023236513137817 3.7761013507843018 -6.158563137054443 1.53760427236557 17.629087448120117 3.090404607784352 0.476479709148407
Car -1 -1 -2.68 44.97636032104492 175.98484802246094 363.7720756530762 282.7643127441406 1.5159032344818115 1.5878359079360962 3.9454569816589355 -6.361011505126953 1.5309057235717773 12.421737670898438 3.1333127766294915 0.4763171672821045
Car -1 -1 -1.88 799.656982421875 175.5440673828125 972.9346313476562 251.4594268798828 1.443609356880188 1.6094406843185425 3.68633770942688 5.913475513458252 1.6440842747688293 16.623550415039062 -1.5337066619351791 0.4587543308734894
Car -1 -1 0.51 1.625054121017456 167.64503479003906 312.73232340812683 314.817626953125 1.492096185684204 1.567146897315979 4.1184234619140625 -6.279073238372803 1.5789905786514282 9.793536186218262 -0.06495921264417692 0.40861785411834717
Car -1 -1 -1.69 632.6177978515625 174.6601104736328 666.1732788085938 201.03469848632812 1.4602595567703247 1.6193474531173706 3.961879253387451 2.36151385307312 1.6214975118637085 41.04529571533203 -1.633472831195915 0.40492093563079834
Car -1 -1 1.14 461.21417236328125 173.6285400390625 532.2476806640625 202.36595153808594 1.4344438314437866 1.6312843561172485 4.2632222175598145 -6.166152477264404 1.5320661067962646 38.110260009765625 0.9769589815701956 0.369338721036911
Car -1 -1 -3.03 369.7206115722656 172.79544067382812 483.8630065917969 219.07049560546875 1.5154225826263428 1.6034338474273682 3.7503292560577393 -6.089937210083008 1.5234543681144714 23.31888198852539 2.996795547069577 0.33520591259002686
Car -1 -1 -1.76 811.0640258789062 173.71719360351562 1019.7460327148438 263.35357666015625 1.4918277263641357 1.6162440776824951 3.8352127075195312 5.795499324798584 1.6264638304710388 14.772814750671387 -1.3882370230714995 0.3195655047893524
Car -1 -1 -2.63 118.79069519042969 175.7308807373047 356.91644287109375 266.1488342285156 1.4885082244873047 1.5678832530975342 3.6308846473693848 -6.567061424255371 1.5494824051856995 12.937676429748535 -3.099757918335218 0.31135043501853943
Car -1 -1 0.5 878.9508666992188 175.49412536621094 1124.6737060546875 263.40545654296875 1.5142518281936646 1.6213598251342773 4.364441394805908 6.7234697341918945 1.573159098625183 13.2013578414917 0.9747882981512461 0.3084562122821808
Car -1 -1 -2.98 330.8040771484375 167.95474243164062 482.53466796875 223.8611602783203 1.589393138885498 1.6022398471832275 4.060182094573975 -6.073596477508545 1.5305182337760925 22.962804794311523 3.0408700602870553 0.30080437660217285
Car -1 -1 -2.89 246.239990234375 178.56578063964844 424.68084716796875 245.42994689941406 1.5127793550491333 1.5972861051559448 3.7838361263275146 -6.604185581207275 1.6313279867172241 18.023069381713867 3.0369966087741584 0.29621145129203796
Car -1 -1 -2.9 412.447509765625 173.48727416992188 506.6820068359375 211.3799285888672 1.4505044221878052 1.5845767259597778 4.018183708190918 -6.460534572601318 1.5729467272758484 31.651819229125977 -3.1052308988255337 0.2935725152492523
Car -1 -1 1.1 4.627542495727539 173.32037353515625 120.60073280334473 355.4441833496094 1.6236215829849243 1.6348036527633667 4.037670135498047 -6.112845420837402 1.5752989649772644 5.7072434425354 0.28319201148800843 0.287023663520813
Cyclist -1 -1 0.39 545.6981201171875 170.06436157226562 562.2940673828125 203.93360900878906 1.7693850994110107 0.5490842461585999 1.7711424827575684 -2.791454553604126 1.5712576508522034 36.16298294067383 0.3133747050677549 0.27568531036376953
Car -1 -1 -1.43 628.4996337890625 173.22653198242188 658.4292602539062 198.0751190185547 1.5222164392471313 1.5897126197814941 4.027221202850342 2.2449142932891846 1.6409342885017395 47.797786712646484 -1.3790340405062125 0.2643756568431854
Car -1 -1 -1.83 772.3770751953125 183.21051025390625 1014.0870361328125 324.9786376953125 1.397627830505371 1.6100046634674072 3.5700485706329346 2.8772754669189453 1.5484486818313599 7.702449798583984 -1.4726098405510122 0.25296226143836975
Car -1 -1 -1.1 793.94970703125 181.56597900390625 1050.681396484375 313.6548156738281 1.4283891916275024 1.5886503458023071 3.7889723777770996 4.229433536529541 1.6529179215431213 10.484427452087402 -0.7156721751609139 0.25256437063217163
Car -1 -1 -2.77 314.014892578125 163.83187866210938 469.05865478515625 229.40240478515625 1.6716889142990112 1.6926090717315674 4.3757476806640625 -6.592743873596191 1.5500048995018005 21.8455810546875 -3.0623219139674447 0.2473016381263733
Car -1 -1 0.76 1175.544921875 162.51402282714844 1240.15771484375 262.08203125 1.6205024719238281 1.7271748781204224 4.565034866333008 13.72106647491455 1.5348544120788574 13.824296951293945 1.5396622865870286 0.24443888664245605
Car -1 -1 1.46 479.04449462890625 174.38284301757812 536.7193603515625 200.4713134765625 1.4193663597106934 1.6102896928787231 4.189019203186035 -6.1330695152282715 1.5197824239730835 40.224605560302734 1.3091376274427269 0.2387172281742096
Car -1 -1 -3.05 358.9210510253906 168.1738739013672 492.02899169921875 221.3438720703125 1.5595961809158325 1.638167142868042 4.079622745513916 -6.523426055908203 1.5781763195991516 23.806949615478516 2.9647690222401586 0.22839339077472687
Car -1 -1 -2.86 381.8276062011719 174.80621337890625 493.1608581542969 222.04896545410156 1.4590556621551514 1.590569257736206 3.8729629516601562 -6.263559818267822 1.5832459330558777 25.963150024414062 -3.0921214363350042 0.2278723120689392
Van -1 -1 -2.88 281.6014099121094 164.49195861816406 457.4434814453125 229.1814422607422 1.9292644262313843 1.878799557685852 5.101737022399902 -7.214484691619873 1.5329524278640747 22.296682357788086 3.0914083915920667 0.22569993138313293
Car -1 -1 1.37 7.973024368286133 168.46299743652344 151.24151802062988 373.7351379394531 1.693841576576233 1.6314456462860107 4.256453037261963 -5.316031455993652 1.6209304928779602 4.5189104080200195 0.503994622108026 0.225449800491333
Car -1 -1 -1.2 767.4977416992188 180.70762634277344 913.9805908203125 256.81854248046875 1.410733938217163 1.584131121635437 3.6654045581817627 5.730480670928955 1.7196221351623535 17.824888229370117 -0.8905545389001928 0.2232532650232315
Car -1 -1 -0.81 739.1384887695312 175.50363159179688 887.5780029296875 233.7344512939453 1.4986084699630737 1.6561776399612427 3.9798920154571533 5.954929828643799 1.8006945252418518 21.19065284729004 -0.5377363349347153 0.21526744961738586
Car -1 -1 1.1 5.585751056671143 175.5474853515625 77.98131990432739 346.9756164550781 1.6319314241409302 1.6189099550247192 4.0993242263793945 -6.52236795425415 1.566959798336029 6.01431941986084 0.2730882913710815 0.21482017636299133
Cyclist -1 -1 0.74 1171.9482421875 154.07972717285156 1240.942626953125 258.6163330078125 1.770229697227478 0.6022679209709167 2.0429623126983643 10.64534854888916 1.4810082912445068 11.789731979370117 1.4789410131725536 0.20086659491062164
Car -1 -1 1.19 5.681451797485352 177.1365203857422 60.44675636291504 328.679931640625 1.6917335987091064 1.6410313844680786 4.069116592407227 -7.153054237365723 1.654222011566162 6.594643592834473 0.36607456959479023 0.1953154057264328
Car -1 -1 1.95 791.2278442382812 176.43234252929688 1002.8184814453125 292.20855712890625 1.3413586616516113 1.5591363906860352 3.9446966648101807 5.5062336921691895 1.6412057280540466 14.702499389648438 2.3132518053183837 0.19492967426776886
Car -1 -1 -2.6 103.65321350097656 181.0993194580078 370.9085235595703 287.3707275390625 1.5309898853302002 1.600640892982483 3.872673749923706 -5.894225597381592 1.5519912838935852 11.580266952514648 -3.0752946597874073 0.19290708005428314
Car -1 -1 -3.01 395.0143737792969 174.37149047851562 503.4616394042969 214.0413818359375 1.5291061401367188 1.5781114101409912 3.7614500522613525 -6.339910984039307 1.5161590576171875 30.33902931213379 3.0624487198981054 0.19103550910949707
Car -1 -1 -0.11 849.8629760742188 171.40182495117188 1123.6766357421875 292.450439453125 1.542588472366333 1.7346841096878052 4.309762001037598 6.153805732727051 1.5131840109825134 12.483345985412598 0.3526195807325365 0.18928563594818115
Van -1 -1 0.79 1170.9903564453125 149.93310546875 1241.1153564453125 257.2810363769531 1.9616987705230713 1.9270559549331665 4.842091083526611 13.164791107177734 1.5558369755744934 13.158936500549316 1.5775830092876504 0.18807321786880493
Car -1 -1 0.93 0.7771272659301758 163.88819885253906 91.12968921661377 354.4066467285156 1.730078935623169 1.6406751871109009 4.109982013702393 -5.6399455070495605 1.6131146550178528 4.833366394042969 0.07012784706468977 0.18493668735027313
Car -1 -1 -0.31 730.8594360351562 178.88111877441406 832.971435546875 221.98773193359375 1.4722447395324707 1.520248293876648 3.6015613079071045 5.809434413909912 1.6655890345573425 24.44061279296875 -0.07582291677014252 0.18493300676345825
Car -1 -1 0.41 821.5272827148438 170.84539794921875 1051.353759765625 282.3919372558594 1.418322205543518 1.5765918493270874 3.9774110317230225 5.827058792114258 1.548632800579071 13.689348220825195 0.8167129808470079 0.1631268709897995
Car -1 -1 -1.56 752.4829711914062 171.62283325195312 925.752685546875 246.14808654785156 1.4466493129730225 1.675713300704956 4.069063186645508 5.692285537719727 1.7204948663711548 18.009057998657227 -1.2544881007808497 0.14520381391048431
Car -1 -1 -1.15 775.8821411132812 167.9267120361328 970.0596923828125 256.5765380859375 1.4103063344955444 1.6386581659317017 4.036305904388428 5.737823963165283 1.6492738127708435 16.12644386291504 -0.8130879466567129 0.13309496641159058
Car -1 -1 2.21 783.9056396484375 182.5257110595703 963.072509765625 273.8829650878906 1.3553110361099243 1.545914649963379 3.8597376346588135 6.858649253845215 1.8800570368766785 20.469501495361328 2.5327483671821627 0.12246358394622803