Car -1 -1 -1.76 655.3276977539062 174.1566162109375 747.8394165039062 242.4501953125 1.4671211242675781 1.6265619993209839 3.9622931480407715 2.1512513160705566 1.5389102101325989 18.17987060546875 -1.6428088497664488 0.8952396512031555
Car -1 -1 -1.66 633.7210693359375 169.88162231445312 674.5685424804688 206.11724853515625 1.5522313117980957 1.6037402153015137 3.8251283168792725 1.9785563945770264 1.4450437426567078 32.97724914550781 -1.5982266219150176 0.8459682464599609
Car -1 -1 -0.89 1070.9705810546875 146.2236785888672 1237.732666015625 370.014404296875 1.7619436979293823 1.6052724123001099 3.8402340412139893 5.910603046417236 1.5301055312156677 5.2494425773620605 -0.049083769703222924 0.8068376779556274
Car -1 -1 -1.84 105.56710052490234 188.52403259277344 366.0973129272461 283.706298828125 1.3998947143554688 1.5950734615325928 4.151503562927246 -6.491314888000488 1.6427239179611206 12.543047904968262 -2.3159243550024664 0.7960249781608582
Car -1 -1 -2.95 399.04132080078125 177.71243286132812 496.2794189453125 211.08401489257812 1.4337165355682373 1.6304841041564941 4.223049163818359 -7.072315216064453 1.6209478378295898 31.217674255371094 3.110163539785746 0.7561886310577393
Car -1 -1 -2.68 201.56297302246094 179.14224243164062 408.8701171875 254.94203186035156 1.5171605348587036 1.685888409614563 4.113588809967041 -6.431735992431641 1.6692240238189697 15.373992919921875 -3.0738311559199927 0.7507213354110718
Car -1 -1 -1.75 273.722412109375 178.71337890625 434.40850830078125 237.44674682617188 1.444595456123352 1.566990852355957 3.9966659545898438 -6.71036958694458 1.6275340914726257 18.753902435302734 -2.098201616905495 0.69991135597229
Cyclist -1 -1 2.16 38.65501022338867 177.1645965576172 279.75011825561523 379.1106262207031 1.6132323741912842 0.5667742490768433 1.6408665180206299 -3.014106273651123 1.6347991228103638 4.909140110015869 1.605035420605942 0.6965749859809875
Car -1 -1 -2.96 383.050537109375 176.11009216308594 497.8849182128906 213.97686767578125 1.4911869764328003 1.6992418766021729 4.14057731628418 -6.7216925621032715 1.6584810614585876 28.71240234375 3.0967946970260254 0.6584668159484863
Pedestrian -1 -1 2.22 47.74897766113281 178.5564727783203 271.9302062988281 373.85540771484375 1.6474698781967163 0.6063681840896606 0.44402334094047546 -2.9474339485168457 1.6764519214630127 4.789905548095703 1.667027736817552 0.6190255880355835
Car -1 -1 -2.96 449.96807861328125 172.72210693359375 528.4599609375 201.06246948242188 1.5365155935287476 1.6531095504760742 4.144881725311279 -6.913776874542236 1.5001229047775269 41.630332946777344 -3.124085059927747 0.6094785332679749
Car -1 -1 -2.93 354.6329345703125 176.0334930419922 484.7977600097656 219.95773315429688 1.4629095792770386 1.6689261198043823 4.240823745727539 -6.739328384399414 1.65134996175766 26.95491600036621 3.107644204334612 0.5921598672866821
Car -1 -1 -2.79 234.85940551757812 178.1195068359375 435.9724426269531 246.54649353027344 1.4629865884780884 1.547686219215393 4.00795841217041 -6.532458305358887 1.5998796820640564 18.67230796813965 -3.1276333485638528 0.5737580060958862
Car -1 -1 -2.81 144.59320068359375 183.12884521484375 394.41278076171875 269.9330749511719 1.4468224048614502 1.5807206630706787 4.110491752624512 -6.568221092224121 1.650765061378479 15.116584777832031 3.0670955476647137 0.4943714737892151
Car -1 -1 -0.35 98.36542510986328 182.6598358154297 350.9411392211914 303.7790832519531 1.4959850311279297 1.6140319108963013 3.976022958755493 -6.497709274291992 1.7094038724899292 12.631059646606445 -0.829496893596998 0.48338139057159424
Car -1 -1 -2.86 378.129150390625 178.41738891601562 486.73846435546875 217.6357879638672 1.3846884965896606 1.5963671207427979 3.6876232624053955 -6.684327602386475 1.6150511503219604 27.984729766845703 -3.0963403633104383 0.41649654507637024
Cyclist -1 -1 2.15 75.76103973388672 185.50729370117188 315.99861907958984 364.2045593261719 1.6718195676803589 0.6228947639465332 1.6001781225204468 -2.8570406436920166 1.6043070554733276 4.967817306518555 1.6235493710963507 0.37602168321609497
Car -1 -1 1.05 30.373563766479492 179.16114807128906 287.56554985046387 376.49810791015625 1.507751226425171 1.574881672859192 3.458249092102051 -3.510664224624634 1.650654673576355 5.487687110900879 0.4803353484983086 0.37078526616096497
Car -1 -1 -2.24 65.61434173583984 179.92356872558594 320.5878219604492 327.28558349609375 1.4861886501312256 1.6123570203781128 3.795858144760132 -6.092462062835693 1.726375699043274 12.204129219055176 -2.701644907395381 0.35879555344581604
Car -1 -1 -2.99 440.7179870605469 173.57315063476562 515.0504760742188 203.62852478027344 1.4945189952850342 1.6992255449295044 3.7862818241119385 -7.129632472991943 1.5310630202293396 40.479103088378906 3.123132451871353 0.3565689027309418
Van -1 -1 -0.98 1070.748046875 137.85800170898438 1242.2215576171875 375.41290283203125 1.836090087890625 1.7391942739486694 4.179537773132324 5.720605373382568 1.5748622417449951 5.389286994934082 -0.1626166762889678 0.35406163334846497
Car -1 -1 1.48 46.75194549560547 189.33712768554688 324.40499114990234 361.2591552734375 1.3844645023345947 1.5443856716156006 3.4639739990234375 -3.9277031421661377 1.5361796617507935 6.774746417999268 0.952726036477741 0.33935752511024475
Cyclist -1 -1 1.06 63.21963882446289 179.26499938964844 288.5672950744629 326.24017333984375 1.7753512859344482 0.6605682373046875 1.722853183746338 -3.123188018798828 1.6335399150848389 5.162307262420654 0.518465967477983 0.32725560665130615
Car -1 -1 2.35 84.29654693603516 183.10755920410156 320.59610748291016 284.6614074707031 1.4257484674453735 1.6163349151611328 3.936999559402466 -7.180476665496826 1.8073564171791077 12.907286643981934 1.8442509369008482 0.30408281087875366
Car -1 -1 -1.22 56.15383529663086 177.53782653808594 279.0941734313965 349.1269226074219 1.5422877073287964 1.5725998878479004 3.5267088413238525 -3.2481818199157715 1.774779736995697 5.755410194396973 -1.7386426783903346 0.3019157350063324
Car -1 -1 -2.8 299.6470031738281 178.66456604003906 448.348388671875 230.97256469726562 1.474976897239685 1.6052935123443604 3.9990620613098145 -6.67125129699707 1.6044145226478577 19.753278732299805 -3.1238273753922368 0.28230246901512146
Car -1 -1 -2.91 332.6375427246094 175.93527221679688 472.0687561035156 223.9213409423828 1.4951987266540527 1.6094551086425781 4.148375034332275 -6.98634672164917 1.558676540851593 25.822032928466797 3.107362879181421 0.2809831202030182
Car -1 -1 -2.98 411.9209289550781 179.75070190429688 493.134521484375 213.91925048828125 1.428669810295105 1.6070572137832642 3.852471113204956 -6.773795127868652 1.696241557598114 30.68629264831543 3.0843158797805117 0.2787916660308838
Pedestrian -1 -1 1.76 68.10498046875 183.00418090820312 303.4721374511719 348.7127685546875 1.624784231185913 0.6438165307044983 0.7724145650863647 -3.0019960403442383 1.4613965153694153 5.059460163116455 1.2208288006690298 0.2757081389427185
Car -1 -1 -2.83 470.4752197265625 173.08055114746094 543.7916259765625 196.48992919921875 1.4282385110855103 1.599735975265503 4.127054214477539 -6.615171909332275 1.4480907320976257 43.48662185668945 -2.982517982771717 0.27548274397850037
Car -1 -1 -1.63 629.9240112304688 170.2258758544922 665.4677734375 200.92630004882812 1.524764895439148 1.609165072441101 3.9924185276031494 1.8167376518249512 1.38413667678833 34.97319030761719 -1.5807008661892983 0.2700687646865845
Car -1 -1 -1.67 639.0388793945312 168.98114013671875 678.1461791992188 204.29441833496094 1.5452697277069092 1.609049677848816 3.8289849758148193 2.045163869857788 1.463628351688385 32.702754974365234 -1.6070314902592298 0.2620355784893036
Van -1 -1 1.78 611.69775390625 160.61317443847656 636.6048583984375 184.09939575195312 2.196599006652832 1.8924981355667114 5.029443740844727 1.4060100317001343 0.9617204815149307 70.27104187011719 1.7988858918082293 0.25615471601486206
Car -1 -1 -3.0 460.5445556640625 173.48634338378906 536.1447143554688 199.28823852539062 1.5336514711380005 1.6977015733718872 4.312463283538818 -6.695570468902588 1.4936710596084595 42.24836349487305 3.1266436342759167 0.2540123760700226
Cyclist -1 -1 -0.58 1076.5865478515625 135.52565002441406 1245.0789794921875 362.2029724121094 1.8030955791473389 0.5615189671516418 1.7506426572799683 4.3220672607421875 1.5060635209083557 5.116211414337158 0.1183994065620606 0.23010718822479248
Car -1 -1 -1.66 622.3421020507812 168.96337890625 659.14794921875 201.56280517578125 1.5204827785491943 1.5986233949661255 3.926624298095703 1.9357616901397705 1.4578456282615662 33.748924255371094 -1.6074899703025114 0.22732670605182648
Cyclist -1 -1 1.96 98.36542510986328 182.6598358154297 350.9411392211914 303.7790832519531 1.6379886865615845 0.6559813618659973 1.6912907361984253 -3.3372859954833984 1.4344194531440735 6.157752990722656 1.4613243331207402 0.22242702543735504
Car -1 -1 -2.91 429.8519592285156 175.69268798828125 508.029052734375 208.0533447265625 1.4230371713638306 1.597946286201477 3.776024103164673 -7.227446556091309 1.5824820399284363 37.94846725463867 -3.0976321867864725 0.21485082805156708
Cyclist -1 -1 1.84 74.82269287109375 181.63458251953125 307.1668395996094 304.5133361816406 1.7749258279800415 0.5920043587684631 1.7563550472259521 -3.0406711101531982 1.539879858493805 5.227374076843262 1.3153617779942373 0.19912338256835938
Car -1 -1 2.37 -4.220087051391602 165.052001953125 269.206579208374 364.47332763671875 1.3881734609603882 1.5729550123214722 3.5104339122772217 -4.130745887756348 1.6684807538986206 6.0305280685424805 1.7672305356989657 0.19567425549030304
Car -1 -1 -0.63 1095.4005126953125 139.8043670654297 1225.5313720703125 337.9930725097656 1.6771348714828491 1.6232925653457642 3.967289924621582 5.758593559265137 1.4766228199005127 5.442359447479248 0.1852008990126195 0.19329367578029633
Car -1 -1 -2.81 319.883056640625 178.1614990234375 458.70611572265625 227.27833557128906 1.4250061511993408 1.5967789888381958 3.925614356994629 -6.795447826385498 1.5763116478919983 22.515077590942383 -3.106311738758012 0.1929578185081482
Cyclist -1 -1 -0.42 33.80339050292969 176.93038940429688 263.4837951660156 342.141845703125 1.74351966381073 0.7086493968963623 1.7208023071289062 -3.1686716079711914 1.6250606179237366 5.066101551055908 -0.979937542326744 0.19005830585956573
Car -1 -1 -2.78 484.9278869628906 172.77499389648438 549.9313354492188 195.09530639648438 1.4636036157608032 1.638564109802246 4.131989479064941 -6.4172234535217285 1.4589616060256958 46.54612731933594 -2.917901753318419 0.18525733053684235
Van -1 -1 -1.0 1021.5900268554688 140.0618133544922 1237.787109375 316.1650390625 1.832438349723816 1.7164167165756226 4.317208766937256 5.587381839752197 1.4231998920440674 6.449063777923584 -0.2860481734014124 0.1852177083492279
Pedestrian -1 -1 -0.29 81.08305358886719 183.28697204589844 319.1628112792969 313.8421325683594 1.6356514692306519 0.7208237051963806 0.8261064291000366 -4.465430736541748 1.601673424243927 7.705672740936279 -0.8187612069430057 0.17989376187324524
Pedestrian -1 -1 0.16 1078.986328125 130.353271484375 1248.169921875 371.3039855957031 1.832289218902588 0.5746324062347412 0.8122016191482544 3.2580361366271973 1.4251710772514343 3.8842415809631348 0.8582396760766082 0.16923727095127106
Car -1 -1 2.02 99.80020141601562 191.4836883544922 316.5554504394531 349.5531005859375 1.419013500213623 1.5878506898880005 3.735941171646118 -4.759678363800049 1.7491860389709473 8.215826034545898 1.4949382336815153 0.16301794350147247
Car -1 -1 -1.99 79.2603988647461 179.53302001953125 270.7470016479492 299.60614013671875 1.4624217748641968 1.5986721515655518 3.746236801147461 -6.47661828994751 2.025002658367157 11.218823432922363 -2.515847656602128 0.14945144951343536
Pedestrian -1 -1 2.17 37.1768684387207 185.85365295410156 340.45305252075195 331.0479431152344 1.8383746147155762 0.6350419521331787 0.5169353485107422 -6.213935375213623 1.609245240688324 12.009634017944336 1.694741262052669 0.13083456456661224