Car -1 -1 1.71 726.3497314453125 175.58493041992188 773.88623046875 209.14224243164062 1.544577956199646 1.663555383682251 4.104411602020264 7.015364170074463 1.6841582655906677 35.73711013793945 1.9079150474464281 0.8615756630897522
Car -1 -1 -1.63 855.9395141601562 169.92828369140625 971.1701049804688 288.794921875 1.6770522594451904 1.556734323501587 3.0827369689941406 4.9201765060424805 1.5894725322723389 11.899211883544922 -1.2344595169292276 0.8421039581298828
Car -1 -1 1.68 776.8632202148438 175.58583068847656 808.8690795898438 197.3193817138672 1.4558426141738892 1.6568584442138672 3.8321497440338135 13.015437126159668 1.6499141454696655 51.2683219909668 1.9320468572862133 0.7512500882148743
Car -1 -1 -2.74 1082.431640625 220.68539428710938 1239.262939453125 368.72308349609375 1.58457350730896 1.6025021076202393 3.852445363998413 1.728061318397522 1.2766623198986053 0.8762648701667786 -1.635088232132225 0.42496606707572937
Car -1 -1 -1.54 862.681640625 171.75865173339844 959.5675048828125 267.6107177734375 1.7048909664154053 1.6325339078903198 3.439263105392456 5.878945350646973 1.6640322804450989 14.112488746643066 -1.1443495511936828 0.40337035059928894
Van -1 -1 -1.65 856.8113403320312 169.55810546875 973.8908081054688 290.12164306640625 1.976905345916748 1.7137300968170166 4.2917985916137695 5.229559898376465 1.936070740222931 12.631933212280273 -1.2566884763386152 0.3727569878101349
Car -1 -1 -2.72 1173.45947265625 247.470703125 1240.91455078125 368.7649841308594 1.5614668130874634 1.5530647039413452 3.499152183532715 1.2961254119873047 1.133742481470108 0.7161760330200195 -1.6556376927404566 0.3435324728488922
Car -1 -1 -2.71 1138.7962646484375 245.57144165039062 1236.9630126953125 371.0262451171875 1.5823643207550049 1.5824865102767944 3.7133965492248535 1.6766705513000488 1.2475624084472656 0.9389986395835876 -1.651027699508993 0.33636704087257385
Car -1 -1 -2.72 1124.018310546875 226.44842529296875 1240.425048828125 368.90838623046875 1.5908678770065308 1.596045732498169 3.763827323913574 1.2421752214431763 1.1420815885066986 0.6042344570159912 -1.5973865223595531 0.3294798731803894
Car -1 -1 -2.72 1189.03955078125 246.3937225341797 1242.2095947265625 368.3855285644531 1.554418683052063 1.5481430292129517 3.445632219314575 1.445054054260254 1.1619791686534882 0.819292426109314 -1.6686862078968394 0.26963573694229126
Car -1 -1 -2.65 1191.9710693359375 215.5181121826172 1241.0902099609375 369.2579345703125 1.5889952182769775 1.583011507987976 3.438249111175537 1.1217830181121826 1.071433186531067 0.5501034259796143 -1.5394452664942246 0.2467392534017563
Car -1 -1 -2.67 1198.1634521484375 233.66049194335938 1241.68115234375 372.3907165527344 1.5836106538772583 1.5629757642745972 3.325875997543335 0.8994651436805725 1.0186489075422287 0.4762892723083496 -1.585515808250233 0.246487557888031
Car -1 -1 -2.69 1162.783935546875 234.50804138183594 1235.80224609375 373.21124267578125 1.490538239479065 1.6277915239334106 3.7996082305908203 1.526316523551941 1.189100295305252 0.8039964437484741 -1.6076628183414483 0.23494574427604675
Car -1 -1 -2.7 1184.54052734375 232.8670196533203 1237.59912109375 373.9339294433594 1.5211294889450073 1.6207795143127441 3.7878804206848145 1.3614683151245117 1.1505348980426788 0.7131831645965576 -1.6087505747098803 0.2282823920249939
Car -1 -1 -2.71 1052.7542724609375 220.25856018066406 1206.548828125 361.5413818359375 1.5586875677108765 1.632236123085022 3.975324869155884 2.262701988220215 1.4012598395347595 1.3089567422866821 -1.6660410590935548 0.2275279015302658
Car -1 -1 -1.42 872.975341796875 170.59765625 897.0099487304688 195.38783264160156 1.565913438796997 1.7220317125320435 4.0397868156433105 19.131139755249023 1.5605911016464233 50.12944793701172 -1.0538333294722104 0.22392253577709198
Car -1 -1 -2.72 1153.6134033203125 212.89981079101562 1237.818115234375 375.8840637207031 1.5126092433929443 1.659813642501831 3.894404411315918 1.8423113822937012 1.2895979285240173 0.8240494728088379 -1.5687258703603364 0.22370454668998718
Car -1 -1 -2.71 1178.7742919921875 209.8251495361328 1238.932373046875 378.0069274902344 1.5364406108856201 1.640037178993225 3.8583145141601562 1.599630355834961 1.223810076713562 0.7156094312667847 -1.5616045158505676 0.21964916586875916
Car -1 -1 -2.72 1154.2774658203125 256.8746337890625 1240.2921142578125 370.1659240722656 1.5298259258270264 1.6160120964050293 3.6437315940856934 1.6987545490264893 1.2271960079669952 0.9331560134887695 -1.6553962387264525 0.21734283864498138
Car -1 -1 -2.73 1106.603515625 223.48416137695312 1229.914306640625 361.8771667480469 1.5922218561172485 1.550684928894043 3.6727166175842285 1.641220211982727 1.2449349761009216 0.9405275583267212 -1.6751497599305356 0.21306155622005463
Car -1 -1 -2.61 1151.84716796875 253.68064880371094 1222.7808837890625 361.297607421875 1.5569748878479004 1.6436824798583984 3.572697162628174 0.6847971081733704 0.9936444759368896 0.4295734763145447 -1.5974202023691868 0.21180683374404907
Car -1 -1 -2.58 1180.2320556640625 272.3729553222656 1239.263671875 362.9934387207031 1.2353489398956299 1.5894140005111694 3.3802568912506104 0.2323560118675232 0.6866763457655907 0.15279775857925415 -1.5902482241613596 0.1988675445318222
Car -1 -1 -2.58 1192.0179443359375 272.65728759765625 1243.7296142578125 362.8380432128906 1.2322536706924438 1.5538889169692993 3.2478909492492676 0.380216509103775 0.7240747734904289 0.2456340342760086 -1.5836068051615602 0.19030050933361053
Car -1 -1 -2.72 1134.7999267578125 209.5900115966797 1230.187255859375 372.7213439941406 1.5219731330871582 1.6753443479537964 3.905801773071289 1.6187831163406372 1.219185620546341 0.8137270212173462 -1.6121852943430364 0.18652811646461487
Car -1 -1 -2.72 1205.3687744140625 215.49928283691406 1240.487548828125 375.8342590332031 1.5793479681015015 1.6214207410812378 3.7681524753570557 1.3384612798690796 1.15583136677742 0.6506555080413818 -1.5972581694164942 0.18553771078586578
Car -1 -1 -2.74 1069.6600341796875 208.74172973632812 1220.223876953125 359.0126037597656 1.5653941631317139 1.5667916536331177 3.7785263061523438 1.8187971115112305 1.2954855561256409 1.0766154527664185 -1.7049712884106416 0.1813560128211975
Car -1 -1 -2.69 1164.5313720703125 251.2833251953125 1248.7552490234375 358.74530029296875 1.7039469480514526 1.6268141269683838 3.9475581645965576 1.8198186159133911 1.3815099596977234 1.2102138996124268 -1.7071990285873664 0.17537608742713928
Car -1 -1 -1.03 461.72808837890625 266.9744567871094 562.6512451171875 367.3897399902344 1.469279408454895 1.4708278179168701 3.3888721466064453 -0.8424733281135559 1.8407984375953674 3.200530767440796 -1.2861960567981043 0.17362317442893982
Car -1 -1 -2.57 1183.7232666015625 239.3751220703125 1241.8480224609375 346.077880859375 1.365412712097168 1.5517498254776 3.460796594619751 2.041762113571167 1.2098601460456848 1.3536173105239868 -1.584677830242022 0.17128726840019226
Car -1 -1 -2.64 1164.6004638671875 262.7936096191406 1228.5235595703125 367.06365966796875 1.5584111213684082 1.654955506324768 3.5054242610931396 0.25411832332611084 0.8605679050087929 0.15325884521007538 -1.6079600768466396 0.16924557089805603
Car -1 -1 -2.7 1204.8751220703125 182.93821716308594 1246.17626953125 374.1810302734375 1.6357277631759644 1.6348755359649658 3.845830202102661 2.2107677459716797 1.4201195240020752 0.9354259371757507 -1.5268231408587347 0.1655007004737854
Car -1 -1 -2.72 1170.885009765625 238.1019287109375 1247.397705078125 349.1607360839844 1.7346848249435425 1.6439180374145508 3.8981809616088867 1.7253053188323975 1.3347648084163666 1.1205335855484009 -1.7253742191944577 0.16505274176597595
Car -1 -1 -2.73 1169.799560546875 225.43032836914062 1247.2003173828125 376.12213134765625 1.5327626466751099 1.5303239822387695 3.5520708560943604 1.861594319343567 1.246061384677887 0.8210238814353943 -1.5794241123089172 0.162298321723938
Car -1 -1 -2.58 1169.345458984375 265.388671875 1234.517578125 356.6304931640625 1.274692177772522 1.5539486408233643 3.3540656566619873 0.45913460850715637 0.777225911617279 0.31666839122772217 -1.6130935715909178 0.15814733505249023
Car -1 -1 -2.58 1199.5313720703125 280.4200439453125 1243.0653076171875 358.90460205078125 1.2577128410339355 1.5165810585021973 3.1152257919311523 0.3910842537879944 0.739031471312046 0.27124330401420593 -1.6173138156671572 0.15800848603248596
Car -1 -1 -2.58 1191.206787109375 287.0887145996094 1239.5123291015625 364.6263732910156 1.2422239780426025 1.5395385026931763 3.258098602294922 0.14228875935077667 0.6640820913016796 0.10000000149011612 -1.62369503367702 0.15461212396621704
Car -1 -1 -2.62 1142.851806640625 262.2762451171875 1215.7108154296875 365.78375244140625 1.5605534315109253 1.6403021812438965 3.5019783973693848 0.6295481324195862 0.9869028478860855 0.39925456047058105 -1.61772316414657 0.1542660892009735
Car -1 -1 -2.56 1191.6436767578125 259.04974365234375 1243.837158203125 350.1409606933594 1.3235487937927246 1.5075044631958008 3.2209231853485107 0.8804497122764587 0.8959883749485016 0.5858423709869385 -1.5780381089625601 0.15174375474452972
Car -1 -1 -2.56 1139.2147216796875 246.81488037109375 1214.9534912109375 354.7872314453125 1.560409665107727 1.5826970338821411 3.58482027053833 0.7259239554405212 1.0029762238264084 0.48420119285583496 -1.5727330850359449 0.1488884836435318
Car -1 -1 -2.56 1194.6866455078125 242.15936279296875 1243.8555908203125 343.8621826171875 1.3429014682769775 1.5358662605285645 3.4047889709472656 1.9944803714752197 1.1613718271255493 1.32590651512146 -1.5742690717801278 0.14477168023586273
Car -1 -1 -2.59 1201.3087158203125 295.7677307128906 1242.8028564453125 370.01959228515625 1.2634954452514648 1.468551754951477 3.0537612438201904 0.1730150580406189 0.6832166612148285 0.12004372477531433 -1.620974397210908 0.1410752534866333
Car -1 -1 -2.59 1159.17578125 237.31492614746094 1230.506103515625 348.2092590332031 1.3639582395553589 1.517992377281189 3.5750763416290283 1.8197154998779297 1.195949673652649 1.3047971725463867 -1.6402359431900377 0.1382264941930771
Car -1 -1 -2.66 1210.3807373046875 236.78994750976562 1242.1568603515625 358.99603271484375 1.5626308917999268 1.569259524345398 3.3534152507781982 0.8643227815628052 0.9853641986846924 0.5388791561126709 -1.6445412764589928 0.13816113770008087
Car -1 -1 -2.58 1170.572998046875 281.51556396484375 1233.9449462890625 368.5603942871094 1.2264280319213867 1.487470030784607 3.2478158473968506 0.17152388393878937 0.6684832721948624 0.11753720045089722 -1.6130721954941896 0.1372213214635849
Car -1 -1 -2.55 1201.733154296875 268.02130126953125 1245.5540771484375 355.0863037109375 1.2800995111465454 1.5604541301727295 3.2123169898986816 0.6739969849586487 0.8170759826898575 0.44590631127357483 -1.5679648707174563 0.13697808980941772
Car -1 -1 -2.73 1197.776611328125 180.50572204589844 1241.6510009765625 363.0203552246094 1.6543012857437134 1.6437393426895142 3.6868414878845215 1.6839317083358765 1.2260217666625977 0.8416339755058289 -1.6205338762811996 0.13179905712604523
Car -1 -1 -2.7 1151.2388916015625 221.31356811523438 1226.6910400390625 364.6763000488281 1.512564778327942 1.6270196437835693 3.688203811645508 1.7340521812438965 1.2349524796009064 0.9856774210929871 -1.647669464122739 0.1285388320684433
Car -1 -1 -2.71 1174.86279296875 219.09803771972656 1232.22314453125 364.9030456542969 1.5458734035491943 1.6263740062713623 3.6910605430603027 1.5470077991485596 1.191417008638382 0.8580163717269897 -1.6470788193636379 0.1265033781528473
Car -1 -1 -2.71 1188.761474609375 180.0873260498047 1238.408447265625 372.7002258300781 1.628027081489563 1.6425626277923584 3.8162660598754883 1.7715883255004883 1.2781289219856262 0.85812908411026 -1.5913711142793892 0.12649953365325928
Car -1 -1 -2.61 1206.05322265625 289.7114562988281 1240.6802978515625 361.5920715332031 1.5517127513885498 1.5853893756866455 3.4785468578338623 0.1456160545349121 0.8223328702151775 0.10000000149011612 -1.6377924832431905 0.12594833970069885
Car -1 -1 -2.63 1176.2584228515625 275.1023864746094 1228.8475341796875 360.5682373046875 1.5487157106399536 1.6121914386749268 3.5234127044677734 0.2383941262960434 0.8511825427412987 0.15838253498077393 -1.6501274572440323 0.12460586428642273
Car -1 -1 -2.59 1185.572021484375 291.4779968261719 1237.2938232421875 374.60186767578125 1.2285411357879639 1.4965189695358276 3.247382640838623 0.32189467549324036 0.7152421697974205 0.21379369497299194 -1.6038744147356505 0.11345700919628143
Car -1 -1 -2.57 1173.777099609375 228.63624572753906 1236.071044921875 338.80047607421875 1.4104366302490234 1.5135085582733154 3.5900039672851562 2.1646814346313477 1.2578120827674866 1.5417366027832031 -1.6170463412425455 0.11240037530660629
Car -1 -1 -2.63 1158.1387939453125 273.56158447265625 1221.1851806640625 372.0741882324219 1.5854448080062866 1.617369294166565 3.4313409328460693 0.5338220000267029 0.9729801118373871 0.33415502309799194 -1.622153824891127 0.11015591025352478
Car -1 -1 -2.57 1208.9886474609375 304.3719787597656 1243.51171875 374.26531982421875 1.2833360433578491 1.472100019454956 2.9622175693511963 0.3912287950515747 0.7562365084886551 0.2748928964138031 -1.6112668762980542 0.10893943160772324
Car -1 -1 -2.57 1195.1785888671875 304.21002197265625 1237.4815673828125 374.7654113769531 1.2581309080123901 1.460344672203064 3.121105909347534 0.3301529586315155 0.7331634536385536 0.2351333498954773 -1.6204293493996804 0.10463004559278488
Car -1 -1 -2.59 1214.6873779296875 308.96209716796875 1241.7642822265625 367.5243225097656 1.5623443126678467 1.462559461593628 3.272552013397217 0.5015458464622498 0.9446041584014893 0.38130149245262146 -1.6722000508877306 0.10342506319284439
Car -1 -1 -2.62 1212.7852783203125 278.317138671875 1245.849609375 358.8932800292969 1.5411934852600098 1.4989368915557861 3.4312875270843506 0.6240565180778503 0.9731859415769577 0.4304664731025696 -1.6553774713770393 0.10165037214756012
Car -1 -1 -2.61 1205.4722900390625 275.8537902832031 1240.5048828125 351.9750671386719 1.5772002935409546 1.5896804332733154 3.48785662651062 0.1421191543340683 0.8321713767945766 0.10000000149011612 -1.6557465890486327 0.09650920331478119
Car -1 -1 -2.61 1215.7587890625 290.7492370605469 1244.7919921875 360.2740783691406 1.5504122972488403 1.5429770946502686 3.4595322608947754 0.14347131550312042 0.8210597820580006 0.10000000149011612 -1.6492839080689796 0.09424906224012375