Car -1 -1 -1.05 -4.320253372192383 191.17922973632812 334.89550590515137 373.1163330078125 1.4294251203536987 1.545107364654541 3.5439140796661377 -4.193842887878418 1.501806378364563 7.255484580993652 -1.5704694736103288 0.8991456031799316
Car -1 -1 -1.33 349.2265625 177.6569366455078 459.7287292480469 248.8684844970703 1.4874999523162842 1.6597288846969604 4.264298915863037 -4.864269733428955 1.4231518507003784 17.698047637939453 -1.601167601170701 0.8943471908569336
Car -1 -1 -1.44 449.2704772949219 180.243408203125 507.05523681640625 221.52511596679688 1.4098466634750366 1.6283234357833862 4.081538200378418 -4.902047157287598 1.2926976680755615 27.667949676513672 -1.6157147942352683 0.8592216968536377
Car -1 -1 -1.56 573.3591918945312 174.1898651123047 611.7438354492188 208.3545684814453 1.6456323862075806 1.7107892036437988 4.1953535079956055 -0.7585718631744385 1.109204739332199 36.01274490356445 -1.582066497283373 0.8502304553985596
Car -1 -1 -1.32 302.2849426269531 182.4259796142578 373.3793029785156 225.5592041015625 1.4340819120407104 1.6016228199005127 3.597871780395508 -9.425430297851562 1.3538939356803894 25.472017288208008 -1.6778989911536417 0.8277958035469055
Car -1 -1 2.25 107.36785125732422 179.51568603515625 262.24202728271484 247.8515167236328 1.5107824802398682 1.6471879482269287 3.8962113857269287 -10.452996253967285 1.3617204427719116 17.913442611694336 1.7183110055494257 0.7792528867721558
Van -1 -1 -1.5 508.03424072265625 162.3834228515625 548.4212646484375 202.97494506835938 2.3435842990875244 2.027346134185791 5.6346435546875 -5.1400556564331055 1.0429017394781113 46.98875045776367 -1.609761800321957 0.7667443156242371
Car -1 -1 -1.13 302.76995849609375 183.11341857910156 395.79962158203125 226.83192443847656 1.5121806859970093 1.6968451738357544 4.149482250213623 -9.38685131072998 1.4322708249092102 26.5848331451416 -1.4670972909421476 0.7620818614959717
Van -1 -1 2.21 3.0987164974212646 152.2409210205078 130.38403296470642 217.0259552001953 2.466111660003662 2.0064923763275146 5.052790641784668 -22.793201446533203 1.219115199521184 30.243093490600586 1.566457068341121 0.6996854543685913
Car -1 -1 -0.02 193.27841186523438 175.95376586914062 310.3738708496094 223.0003204345703 1.5679658651351929 1.6057525873184204 3.521836996078491 -12.631271362304688 1.3320721983909607 25.64861297607422 -0.47614384970456536 0.5308988094329834
Van -1 -1 2.37 15.045262336730957 155.4654541015625 131.90827655792236 209.09730529785156 2.181018352508545 1.968165397644043 4.778286457061768 -23.469066619873047 1.1055241161957383 31.555667877197266 1.7287949883624183 0.47755327820777893
Car -1 -1 0.62 814.6987915039062 185.7901153564453 1233.88134765625 376.61212158203125 1.7345386743545532 1.6284407377243042 3.972482919692993 2.2737057209014893 1.5679128170013428 2.2849295139312744 1.4067724730375515 0.4576374292373657
Car -1 -1 -1.47 460.15496826171875 175.78857421875 510.4185485839844 217.7389678955078 1.5406363010406494 1.6494938135147095 4.143869400024414 -4.814452648162842 1.274571418762207 28.705581665039062 -1.6408321739434992 0.4512622654438019
Car -1 -1 2.25 13.15399169921875 155.34478759765625 137.80934143066406 214.94422912597656 2.0589451789855957 1.681265115737915 4.200060844421387 -20.734004974365234 1.057361677289009 27.71434211730957 1.6109993587758629 0.4029836058616638
Car -1 -1 -2.21 74.75208282470703 173.44174194335938 288.1083450317383 259.5640563964844 1.5127930641174316 1.6362165212631226 4.111786365509033 -10.433516502380371 1.3318143486976624 18.209562301635742 -2.73187214426156 0.4010695517063141
Car -1 -1 0.8 755.0639038085938 170.97703552246094 1185.285888671875 377.064697265625 1.711501121520996 1.6370288133621216 4.037960529327393 2.461954116821289 1.6665990948677063 3.046640157699585 1.4778090812774094 0.35014116764068604
Car -1 -1 -0.87 5.015674591064453 165.59083557128906 35.6938362121582 214.2913818359375 1.686093807220459 1.738186240196228 4.090536117553711 -24.096633911132812 1.116942822933197 26.111303329467773 -1.61940900682076 0.33768683671951294
Car -1 -1 -1.11 61.42192840576172 174.56675720214844 299.71483612060547 277.1116943359375 1.4981088638305664 1.6492533683776855 4.1507744789123535 -10.12343692779541 1.4211024641990662 17.796117782592773 -1.6228754366496538 0.33482956886291504
Car -1 -1 -1.44 471.87884521484375 178.6349334716797 513.7196655273438 214.00306701660156 1.3994086980819702 1.5689136981964111 4.029629707336426 -5.439454555511475 1.2260868549346924 34.0317268371582 -1.5989573965159973 0.33097657561302185
Car -1 -1 2.39 7.55966329574585 162.7854461669922 63.89949560165405 301.6482238769531 1.7310442924499512 1.6326391696929932 3.999906301498413 -9.044873237609863 1.422382116317749 8.809891700744629 1.588356262138399 0.30616235733032227
Car -1 -1 -1.44 507.85028076171875 162.01251220703125 547.0236206054688 203.0904541015625 2.2984395027160645 1.8769339323043823 4.601978302001953 -4.696808338165283 1.0560678243637085 42.88599395751953 -1.5463613279143207 0.30350974202156067
Van -1 -1 0.55 786.0977172851562 183.503662109375 1236.4078369140625 377.5688171386719 1.8750104904174805 1.8031620979309082 4.761091709136963 1.9733966588974 1.4584898948669434 2.1301157474517822 1.2973028808669085 0.26827600598335266
Car -1 -1 -0.81 4.720624923706055 165.85174560546875 44.757863998413086 216.23753356933594 1.6123319864273071 1.6859968900680542 4.041072368621826 -24.22389030456543 1.1701529324054718 26.57912826538086 -1.5518407892182893 0.25325194001197815
Car -1 -1 0.04 170.79379272460938 178.95938110351562 310.7822570800781 229.04502868652344 1.5485162734985352 1.6468994617462158 3.8935275077819824 -13.396965980529785 1.4202092289924622 27.15200424194336 -0.4193749089212737 0.2513657510280609
Car -1 -1 2.18 1.9512560367584229 170.95339965820312 72.43068718910217 306.2639465332031 1.559846043586731 1.5975139141082764 3.966527223587036 -9.075761795043945 1.4555440545082092 9.45018196105957 1.4164454730811835 0.25113916397094727
Car -1 -1 2.03 -0.5033870339393616 169.2545623779297 78.38679546117783 333.8542175292969 1.5336283445358276 1.6626569032669067 4.162144184112549 -8.6505126953125 1.4627641439437866 8.730237007141113 1.2449855792983744 0.25031614303588867
Car -1 -1 1.94 1.3826980590820312 163.54835510253906 61.31977844238281 332.142822265625 1.5530192852020264 1.6498717069625854 4.203662395477295 -8.93035888671875 1.4217603206634521 8.465558052062988 1.1264110170557489 0.24228203296661377
Car -1 -1 -1.56 573.0745239257812 173.33197021484375 605.9174194335938 204.28163146972656 1.6657676696777344 1.7244304418563843 4.207512855529785 -0.8589110374450684 1.0337859839200974 37.642852783203125 -1.5861936208642682 0.2415981888771057
Van -1 -1 2.19 14.134743690490723 154.76808166503906 119.75675296783447 236.2415008544922 2.1379663944244385 1.9961698055267334 4.769211292266846 -20.732162475585938 1.138680323958397 26.18807601928711 1.5177411723541132 0.2408616840839386
Car -1 -1 -0.71 466.2799987792969 168.51673889160156 512.2337646484375 212.92721557617188 1.6673810482025146 1.7108619213104248 4.226579666137695 -5.230077743530273 1.178383469581604 32.21298599243164 -0.8733943543860825 0.23996128141880035
Car -1 -1 2.44 5.416121959686279 166.2882537841797 51.31870985031128 319.8220520019531 1.6605771780014038 1.650264024734497 3.9961390495300293 -8.341509819030762 1.4311740398406982 7.934545040130615 1.62981646273691 0.23526348173618317
Truck -1 -1 1.21 777.2849731445312 153.7797393798828 1224.760498046875 375.013671875 3.2580838203430176 2.510228395462036 6.844286918640137 2.246403694152832 1.8923126757144928 2.765867233276367 1.8904083825352211 0.23494240641593933
Car -1 -1 -0.84 4.046291351318359 165.6018829345703 28.355470657348633 214.09774780273438 1.6288987398147583 1.7384834289550781 4.20770788192749 -23.89539337158203 1.0930785238742828 25.789592742919922 -1.5877482011387798 0.23433062434196472
Car -1 -1 -1.61 8.919299125671387 157.84901428222656 61.478339195251465 277.61346435546875 1.8579087257385254 1.761218786239624 4.637240409851074 -10.721404075622559 1.4681933522224426 10.129594802856445 -2.420624322874998 0.2268696427345276
Car -1 -1 -1.1 29.184324264526367 185.34580993652344 320.35949516296387 338.26812744140625 1.436035394668579 1.628156304359436 3.8655283451080322 -8.658899307250977 1.7145127654075623 15.425565719604492 -1.61539235495745 0.22579573094844818
Car -1 -1 -0.89 -2.7795984745025635 196.6712646484375 93.1887776851654 323.06573486328125 1.444402813911438 1.5591641664505005 3.7425220012664795 -7.494352340698242 1.555066704750061 7.319770812988281 -1.6914909181324669 0.22241362929344177
Van -1 -1 -0.12 466.2799987792969 168.51673889160156 512.2337646484375 212.92721557617188 2.1759815216064453 1.916595697402954 4.830040454864502 -5.830337047576904 1.3160098046064377 36.32149124145508 -0.2759809011244867 0.21962113678455353
Car -1 -1 -1.14 319.17303466796875 183.88436889648438 407.2820129394531 224.489501953125 1.4776592254638672 1.6872185468673706 4.023926734924316 -9.305248260498047 1.4202467203140259 26.91668128967285 -1.4685887719707384 0.21864980459213257
Car -1 -1 2.24 14.134743690490723 154.76808166503906 119.75675296783447 236.2415008544922 1.6002784967422485 1.650471568107605 4.265222549438477 -19.992700576782227 0.9675431847572327 25.94823455810547 1.5853992597333342 0.2148318886756897
Van -1 -1 2.3 2.4366579055786133 144.62808227539062 74.13593769073486 324.6181945800781 2.1575889587402344 1.7501611709594727 4.7931809425354 -8.581841468811035 1.5002424716949463 8.296571731567383 1.4948477840966046 0.21467941999435425
Car -1 -1 0.41 897.0021362304688 198.22560119628906 1235.215087890625 378.982421875 1.6494942903518677 1.6235884428024292 3.9921066761016846 2.6412193775177 1.560517132282257 2.354968786239624 1.2574563534884922 0.20944009721279144
Car -1 -1 -1.35 364.5381774902344 177.83558654785156 447.9250183105469 234.90863037109375 1.6045514345169067 1.6711256504058838 4.209751129150391 -5.147197723388672 1.3752881288528442 18.574562072753906 -1.6201664545027379 0.2074137181043625
Car -1 -1 -1.71 4.646008491516113 164.0035858154297 39.88491153717041 231.22943115234375 1.5949733257293701 1.6748409271240234 4.101204872131348 -23.427978515625 1.22940993309021 24.812599182128906 -2.4708213973923723 0.20690925419330597
Van -1 -1 -0.86 4.236087322235107 165.9128875732422 42.557570934295654 213.87144470214844 1.9895676374435425 1.9383198022842407 4.513254165649414 -25.67205047607422 1.1356313973665237 28.66850471496582 -1.5881608492460497 0.2040078490972519
Truck -1 -1 -2.67 804.0870971679688 65.45285034179688 1155.29052734375 311.6743469238281 3.460174560546875 2.470160484313965 7.337339401245117 3.2100799083709717 1.7896947003901005 3.7245543003082275 -1.9544726776578578 0.20125597715377808
Car -1 -1 -1.27 155.72946166992188 179.6129608154297 305.1498718261719 239.62347412109375 1.4787315130233765 1.6178768873214722 4.075813293457031 -11.930789947509766 1.5535913705825806 23.632362365722656 -1.7329776628753377 0.20069190859794617
Car -1 -1 -2.92 369.9297790527344 172.88922119140625 441.428466796875 226.27037048339844 1.5116384029388428 1.6184852123260498 4.042078495025635 -8.195014953613281 1.2414081990718842 30.019128799438477 3.09582469193999 0.20046627521514893
Car -1 -1 2.03 0.25714847445487976 171.6243438720703 52.56364795565605 345.4708251953125 1.5167944431304932 1.6097453832626343 3.9868154525756836 -8.63608169555664 1.536445140838623 7.995696067810059 1.2107027186176058 0.1982051134109497
Car -1 -1 -1.08 -8.812341690063477 192.06072998046875 239.8492488861084 368.6462707519531 1.5413010120391846 1.571635127067566 3.496662139892578 -5.210151195526123 1.5360156297683716 7.009559154510498 -1.7218099851581048 0.19511599838733673
Car -1 -1 -0.78 2.418515920639038 166.61767578125 25.70138144493103 207.15972900390625 1.5952621698379517 1.7645535469055176 4.473300933837891 -27.17112159729004 0.8809112682938576 29.948013305664062 -1.514647795174338 0.19415651261806488
Van -1 -1 1.07 721.0469360351562 80.78661346435547 1251.98046875 378.7288131713867 1.7791640758514404 1.756977915763855 5.238777160644531 1.93785560131073 1.3414434492588043 4.4155426025390625 1.4865421782793025 0.19213157892227173
Car -1 -1 -0.83 2.2040538787841797 178.2702178955078 112.55665397644043 338.5654602050781 1.6597983837127686 1.618760108947754 3.6640915870666504 -7.778659820556641 1.5213853120803833 7.683002948760986 -1.6223044830589455 0.19163231551647186
Van -1 -1 -0.61 92.75496673583984 177.30918884277344 283.6991195678711 248.05599975585938 1.8280459642410278 1.7220021486282349 4.250818729400635 -10.519184112548828 1.534856379032135 18.31138801574707 -1.1337885852789933 0.19027073681354523
Car -1 -1 2.04 119.4189453125 180.7102813720703 282.4987487792969 238.7115936279297 1.4616862535476685 1.6242069005966187 4.09067440032959 -10.96419620513916 1.5185153484344482 19.46503257751465 1.5294702432395209 0.18599621951580048
Car -1 -1 -0.93 2.26990008354187 187.05715942382812 165.53227496147156 359.48187255859375 1.5564980506896973 1.607919454574585 3.568089008331299 -6.340271949768066 1.5177943706512451 6.594147682189941 -1.6995135311865814 0.18514296412467957
Car -1 -1 -0.84 2.807715654373169 203.5972442626953 63.680434465408325 329.9978942871094 1.4463740587234497 1.5494998693466187 3.7887094020843506 -7.0834879875183105 1.6053289771080017 6.387831211090088 -1.6801309144020635 0.18501777946949005
Van -1 -1 2.32 12.246502876281738 142.53216552734375 129.85274982452393 228.0472412109375 1.9844423532485962 1.8082367181777954 4.620456695556641 -20.436134338378906 0.9634884167462587 26.483667373657227 1.6641895048382596 0.18322889506816864
Car -1 -1 -2.66 -8.190699577331543 154.3473358154297 59.26791858673096 279.1661071777344 1.7893893718719482 1.7170228958129883 4.352705478668213 -8.088220596313477 1.2567859888076782 8.052992820739746 2.8319415522424727 0.18298150599002838
Car -1 -1 -1.34 336.5333251953125 181.81666564941406 440.78167724609375 241.84945678710938 1.5081288814544678 1.6639258861541748 3.98956298828125 -5.018628120422363 1.3985369801521301 17.80779266357422 -1.6131028835592902 0.1809149533510208
Van -1 -1 0.62 743.2557373046875 100.19425964355469 1147.40869140625 360.50035095214844 1.8383164405822754 1.7507745027542114 5.051097393035889 1.7630409002304077 1.3442237675189972 3.3941168785095215 1.0995126045296253 0.17971646785736084
Car -1 -1 -1.47 444.1572570800781 176.12574768066406 496.13482666015625 215.43492126464844 1.4900912046432495 1.6968717575073242 4.126972198486328 -4.890377521514893 1.2703404426574707 27.24593734741211 -1.6484957997039924 0.17773282527923584
Car -1 -1 0.86 721.0469360351562 80.78661346435547 1251.98046875 378.7288131713867 1.7618358135223389 1.5708361864089966 4.359166622161865 2.130854845046997 1.5955106616020203 4.87061071395874 1.271181578637405 0.17527326941490173
Car -1 -1 2.29 66.09656524658203 177.4246368408203 255.31986236572266 247.7793731689453 1.4858877658843994 1.6645793914794922 4.1129937171936035 -10.933753967285156 1.4124253988265991 18.90250015258789 1.7643250944991795 0.1749199777841568
Car -1 -1 -0.82 2.858499050140381 193.94773864746094 40.36959218978882 313.8116455078125 1.475935459136963 1.4872864484786987 3.4930925369262695 -7.633824348449707 1.5975067615509033 7.064699172973633 -1.640012556965531 0.17232483625411987
Truck -1 -1 1.25 851.3184204101562 125.04336547851562 1223.90478515625 378.0503845214844 3.2075328826904297 2.248462200164795 6.343109130859375 2.9713990688323975 1.783126339316368 3.3591794967651367 1.9704246327700803 0.16884055733680725
Car -1 -1 -1.28 285.3990173339844 182.2815704345703 388.67236328125 229.5548858642578 1.4583332538604736 1.6388243436813354 3.94376802444458 -9.696673393249512 1.543335735797882 27.335710525512695 -1.619511859047675 0.16776201128959656
Cyclist -1 -1 2.09 5.128839492797852 164.00418090820312 70.01126289367676 288.5423278808594 1.7219574451446533 0.6938205361366272 1.7826037406921387 -7.5730977058410645 1.346832811832428 8.837593078613281 1.385678665265635 0.16759340465068817
Car -1 -1 -1.56 7.032576084136963 155.78172302246094 46.726343631744385 282.0050354003906 1.8342441320419312 1.7216074466705322 4.7005205154418945 -11.146294593811035 1.492920160293579 10.291732788085938 -2.381469569939381 0.1667516827583313
Pedestrian -1 -1 -2.88 0.529136598110199 155.2138671875 73.97951501607895 346.6177673339844 1.7712174654006958 0.5902114510536194 0.7204747200012207 -6.658164978027344 1.5141910314559937 7.788055896759033 2.694569428785883 0.16569003462791443
Car -1 -1 0.62 721.4212036132812 136.08468627929688 1192.38525390625 394.6995544433594 1.392653465270996 1.7378265857696533 4.9048285484313965 2.097447633743286 1.4411863088607788 4.185994625091553 1.0851126507198217 0.16375897824764252
Car -1 -1 0.94 794.6986694335938 111.77730560302734 1301.253173828125 403.0931625366211 1.3732774257659912 1.790647268295288 4.977052688598633 2.2074170112609863 1.4398862719535828 4.248998641967773 1.4233481816857907 0.16312189400196075
Car -1 -1 1.86 2.644791603088379 167.58575439453125 117.59925174713135 305.9197692871094 1.5317373275756836 1.631433367729187 3.9107539653778076 -8.481058120727539 1.4705026745796204 9.6110258102417 1.1338180269296085 0.15776018798351288
Car -1 -1 2.22 12.246502876281738 142.53216552734375 129.85274982452393 228.0472412109375 1.7551788091659546 1.7082525491714478 4.36526346206665 -21.90180778503418 0.759163424372673 28.44321632385254 1.56325344801549 0.15770290791988373
Car -1 -1 2.98 -1.036677360534668 188.55685424804688 90.50124073028564 364.08135986328125 1.4840418100357056 1.598481297492981 3.950345754623413 -5.830904483795166 1.556842565536499 5.382112503051758 2.1579496467509385 0.1548272669315338
Car -1 -1 0.99 951.7978515625 166.68600463867188 1279.9852294921875 397.4501953125 1.5478461980819702 1.7973201274871826 5.210554599761963 2.4494946002960205 1.4552391171455383 3.6317100524902344 1.5825010995236495 0.15393991768360138
Car -1 -1 -0.67 12.792891502380371 166.9039764404297 59.99428844451904 233.25375366210938 1.4465548992156982 1.6328377723693848 3.6960318088531494 -18.40028953552246 1.2798444032669067 21.175981521606445 -1.3828675884592325 0.15323223173618317
Car -1 -1 2.07 11.810959815979004 164.32154846191406 151.44647312164307 219.1032257080078 1.5550676584243774 1.6625678539276123 4.062668800354004 -20.183094024658203 1.0317963063716888 27.752458572387695 1.4392226597631446 0.14688032865524292
Pedestrian -1 -1 -2.61 -1.1669692993164062 175.8641357421875 58.92334747314453 323.83648681640625 1.8128267526626587 0.5251176953315735 0.785926878452301 -6.806820869445801 1.5233529210090637 7.597249984741211 2.9456083898640877 0.14651691913604736
Car -1 -1 2.83 -13.716989517211914 147.1263427734375 60.41760063171387 255.32679748535156 1.730617880821228 1.6466009616851807 4.209237098693848 -7.957849502563477 1.1506931781768799 7.992823600769043 2.0480895146265325 0.14364051818847656
Car -1 -1 -1.72 2.7359704971313477 164.83004760742188 32.86426258087158 227.7391815185547 1.5635093450546265 1.7204864025115967 4.25839900970459 -22.851091384887695 1.1760929226875305 24.091100692749023 -2.4763216160384545 0.14341069757938385
Car -1 -1 2.71 4.5784912109375 159.52105712890625 78.13983917236328 267.1513366699219 1.6862037181854248 1.6621826887130737 4.117838382720947 -10.251570701599121 1.3622174859046936 10.79122257232666 1.9508458050464306 0.13612514734268188
Car -1 -1 -1.09 5.484766960144043 164.9407501220703 53.572630882263184 233.95590209960938 1.6182700395584106 1.63739812374115 3.996149778366089 -22.199329376220703 1.330763578414917 24.022647857666016 -1.8396978765633154 0.12920890748500824
Van -1 -1 2.4 3.8868656158447266 157.23251342773438 106.46035194396973 277.9016418457031 2.0744316577911377 1.9819598197937012 4.907881259918213 -19.76486587524414 1.2268948704004288 23.369178771972656 1.696392509842295 0.12075896561145782
Car -1 -1 2.83 -3.9040558338165283 150.62338256835938 86.24679255485535 318.35784912109375 1.6141597032546997 1.6341058015823364 4.12836217880249 -8.076541900634766 1.3030811548233032 8.046390533447266 2.0380130736264785 0.11565206944942474
Car -1 -1 -1.45 5.809744358062744 154.44932556152344 68.36325693130493 245.01536560058594 1.8050185441970825 1.7671500444412231 4.613384246826172 -11.553281784057617 1.3784792125225067 11.297019004821777 -2.243572849835049 0.11384717375040054
Van -1 -1 2.55 4.7042155265808105 142.3390350341797 85.88349103927612 288.9538269042969 2.187331199645996 1.7782080173492432 4.917088508605957 -10.355095863342285 1.457040160894394 10.602845191955566 1.7802039936584446 0.10869890451431274
Car -1 -1 -2.15 6.529207229614258 145.32131958007812 90.36139106750488 302.90521240234375 1.6366639137268066 1.657799482345581 4.365458965301514 -9.467880249023438 1.3924891352653503 9.264941215515137 -2.9457944016598034 0.1020786315202713
Car -1 -1 2.29 14.391683578491211 162.89332580566406 173.17313194274902 231.31069946289062 1.5744969844818115 1.6700693368911743 4.080406188964844 -18.019533157348633 1.1163996756076813 25.300912857055664 1.6668063268135507 0.10053682327270508
Van -1 -1 2.31 6.228714466094971 157.0337371826172 124.4093861579895 257.2432861328125 1.8982698917388916 1.8799474239349365 4.946822166442871 -21.0307559967041 0.8962450213730335 25.875795364379883 1.6287516355907634 0.10004135221242905
Van -1 -1 2.75 4.5784912109375 159.52105712890625 78.13983917236328 267.1513366699219 2.1132993698120117 1.7638989686965942 4.389457702636719 -11.99312686920166 1.5000025629997253 13.201687812805176 2.01714804950581 0.09621256589889526
Car -1 -1 2.44 3.8868656158447266 157.23251342773438 106.46035194396973 277.9016418457031 1.5261832475662231 1.6604913473129272 4.260890007019043 -18.99266242980957 1.3431293964385986 22.352041244506836 1.7345044202318878 0.08562428504228592
Van -1 -1 2.15 8.75439739227295 155.05093383789062 107.96796703338623 226.0548553466797 2.2753655910491943 1.9005218744277954 5.00187873840332 -20.466747283935547 1.2755413353443146 24.701705932617188 1.461626442779501 0.07460967451334
Car -1 -1 2.43 -6.179039478302002 142.6103057861328 81.18199872970581 276.7879333496094 1.5915905237197876 1.6454120874404907 4.419844150543213 -9.685169219970703 1.2639773190021515 9.565022468566895 1.6424814956030476 0.07311016321182251
Car -1 -1 2.45 6.228714466094971 157.0337371826172 124.4093861579895 257.2432861328125 1.524115800857544 1.6455135345458984 4.208657741546631 -20.089229583740234 1.1408932507038116 24.698745727539062 1.7682729890199047 0.06738575547933578
Car -1 -1 2.26 6.389404296875 140.7643585205078 101.14860534667969 259.1702880859375 1.7017685174942017 1.6500239372253418 4.505764484405518 -18.48223876953125 1.3112379610538483 19.69281578063965 1.5053208788082983 0.03460928797721863