Car -1 -1 -1.27 211.56170654296875 171.6648712158203 462.7204895019531 342.9930114746094 1.7494958639144897 1.7053431272506714 4.281830310821533 -3.1576313972473145 1.5740618705749512 9.347092628479004 -1.5985441256214745 0.8834125399589539
Car -1 -1 -1.42 446.8295593261719 181.8033447265625 516.1621704101562 236.02529907226562 1.5123928785324097 1.6624094247817993 4.122793197631836 -3.976731777191162 1.4697816371917725 23.24799346923828 -1.5881917888391373 0.8809911012649536
Car -1 -1 -1.06 141.31004333496094 186.74563598632812 311.855712890625 268.8227844238281 1.4887076616287231 1.6004483699798584 3.550182342529297 -7.790796279907227 1.5367361903190613 14.875470161437988 -1.542975377308272 0.8657761812210083
Car -1 -1 -1.56 564.2724609375 180.3782958984375 610.6038818359375 223.1041259765625 1.6193711757659912 1.6779005527496338 3.8316404819488525 -0.803534209728241 1.417729675769806 29.158781051635742 -1.59101814558975 0.8616629242897034
Car -1 -1 -1.47 506.19293212890625 183.69989013671875 546.8689575195312 214.7440643310547 1.436026930809021 1.6598016023635864 4.183771133422852 -3.977647066116333 1.4176400303840637 35.82355880737305 -1.5802366705000335 0.851588249206543
Car -1 -1 -0.83 -0.9008632302284241 187.02120971679688 127.53323405981064 263.8387756347656 1.4310561418533325 1.6849391460418701 4.115954875946045 -12.738851547241211 1.543640375137329 15.833308219909668 -1.5096360043210737 0.8499972224235535
Van -1 -1 1.58 535.1417846679688 168.7618408203125 559.7281494140625 197.82217407226562 2.5851738452911377 2.0467138290405273 6.338605880737305 -5.627266883850098 1.1985853984951973 67.72669982910156 1.4986660637531353 0.5385544300079346
Car -1 -1 0.74 655.9839477539062 231.03067016601562 1008.7623901367188 373.974853515625 1.6284713745117188 1.5405484437942505 3.604198932647705 1.0596526861190796 1.653675377368927 2.5495212078094482 1.1325397539890396 0.37171509861946106
Car -1 -1 0.66 709.6383056640625 246.39894104003906 987.89990234375 370.1832275390625 1.5015743970870972 1.5750092267990112 3.586962938308716 0.6104987859725952 1.6500778198242188 2.238297700881958 0.9249406515735572 0.3253963887691498
Car -1 -1 -1.05 143.0442352294922 177.3270263671875 342.3117980957031 280.6221008300781 1.524571418762207 1.6460068225860596 3.831685781478882 -7.846383571624756 1.4862497448921204 14.876660346984863 -1.5397262595886234 0.27408289909362793
Car -1 -1 0.81 750.9354248046875 238.8941192626953 1069.21923828125 372.7196044921875 1.4593511819839478 1.6054507493972778 4.05198335647583 1.8993752002716064 1.708927035331726 2.321162700653076 1.4969222179454835 0.26875820755958557
Car -1 -1 -1.6 513.1436767578125 179.5279541015625 551.5044555664062 210.9142608642578 1.5369728803634644 1.665305733680725 4.2559685707092285 -4.037805557250977 1.4247437715530396 37.01918029785156 -1.7081934969567811 0.25276675820350647
Van -1 -1 1.3 532.058349609375 171.93771362304688 557.4476318359375 201.24986267089844 2.315798282623291 1.9333864450454712 5.483128547668457 -5.775557041168213 1.2058662623167038 65.14122772216797 1.213628597469758 0.23972968757152557
Car -1 -1 0.67 737.3934326171875 257.6084289550781 1020.4906005859375 372.39361572265625 1.515577793121338 1.61997389793396 3.896815776824951 0.4590306282043457 1.690221130847931 2.2183048725128174 0.8697658265278143 0.23205606639385223
Car -1 -1 -0.57 3.4005327224731445 184.68309020996094 106.21569538116455 273.2000732421875 1.4379699230194092 1.7169548273086548 4.271461009979248 -12.986162185668945 1.474209725856781 15.886167526245117 -1.252711827082602 0.22127394378185272
Van -1 -1 -1.25 211.0556640625 172.6484832763672 462.8313903808594 342.4088134765625 1.8803272247314453 1.7403764724731445 4.437662601470947 -3.21707820892334 1.7241930961608887 9.373493194580078 -1.5807571982707094 0.21736009418964386
Car -1 -1 -1.24 216.98263549804688 173.0433349609375 436.34783935546875 306.9430236816406 1.6608357429504395 1.706173300743103 4.133330821990967 -3.2399351596832275 1.5495666861534119 9.520661354064941 -1.5696385796806673 0.2156861126422882
Car -1 -1 -1.59 565.2760620117188 180.3874053955078 602.8677368164062 216.55328369140625 1.6507887840270996 1.681801676750183 4.1819586753845215 -0.7895365953445435 1.4366601705551147 31.57426643371582 -1.617678623802024 0.21381776034832
Car -1 -1 -1.17 195.86776733398438 178.80003356933594 402.82257080078125 301.447021484375 1.567740797996521 1.6654369831085205 4.0443220138549805 -3.786310911178589 1.510373830795288 10.06124496459961 -1.5258931207448745 0.19295093417167664
Car -1 -1 1.91 395.94024658203125 183.5414581298828 447.2699279785156 213.4639434814453 1.530720829963684 1.6214039325714111 3.8930130004882812 -9.697883605957031 1.5438947081565857 37.62929916381836 1.6537264567083882 0.19243021309375763
Car -1 -1 1.93 147.7762908935547 186.96893310546875 265.58782958984375 240.68472290039062 1.4335861206054688 1.4464012384414673 3.250107765197754 -13.074146270751953 1.4815146327018738 23.678674697875977 1.4207300194176273 0.18345695734024048
Van -1 -1 1.6 537.2698364257812 173.527587890625 560.3291625976562 200.6671142578125 2.451050281524658 1.9897711277008057 6.277979850769043 -5.523738861083984 1.2531439159065485 68.17215728759766 1.5174569234222108 0.17397701740264893
Car -1 -1 0.8 734.8776245117188 231.17523193359375 1002.7235717773438 364.1380310058594 1.4225914478302002 1.6151156425476074 3.9889395236968994 2.108865261077881 1.6107732653617859 2.404035806655884 1.5159880093365814 0.1640593409538269
Car -1 -1 -2.24 3.3763554096221924 208.600341796875 19.609872102737427 371.73883056640625 1.6157413721084595 1.6091279983520508 3.805065870285034 -5.376007556915283 1.6730079650878906 3.873201608657837 3.095828414343276 0.1572299301624298