Car -1 -1 1.92 218.34698486328125 182.7765655517578 374.194580078125 272.90899658203125 1.5692899227142334 1.6451025009155273 4.095869064331055 -6.400982856750488 1.837628960609436 15.084022521972656 1.521669773566809 0.8875658512115479
Car -1 -1 1.71 492.6316833496094 179.77452087402344 542.9441528320312 216.4925079345703 1.513218641281128 1.642837643623352 4.07708215713501 -4.107003688812256 1.8146727085113525 32.09633255004883 1.5862775478425286 0.8575158715248108
Car -1 -1 2.16 -7.294890403747559 179.5806121826172 255.9981393814087 360.1946716308594 1.6504716873168945 1.6310653686523438 4.1922287940979 -6.158910751342773 1.8010073900222778 8.721535682678223 1.5463090039290623 0.8523916006088257
Car -1 -1 -3.13 701.331787109375 163.3689727783203 787.054443359375 196.224853515625 1.6552733182907104 1.7457349300384521 4.376607418060303 7.309736251831055 1.249822974205017 39.489707946777344 -2.950158187081078 0.8221808671951294
Car -1 -1 1.68 392.19549560546875 186.46221923828125 457.97552490234375 223.5691680908203 1.3666189908981323 1.571257472038269 3.8869476318359375 -7.377669334411621 1.898109257221222 28.733396530151367 1.4297176236554572 0.7889143228530884
Car -1 -1 -1.69 627.3321533203125 175.46041870117188 657.0962524414062 199.46511840820312 1.444934368133545 1.5668119192123413 3.402470827102661 2.1127843856811523 1.679664134979248 47.70520782470703 -1.6473103255758712 0.7636635303497314
Car -1 -1 1.79 468.6802673339844 181.36204528808594 510.976318359375 210.15586853027344 1.4333066940307617 1.5356777906417847 3.920224666595459 -6.741119384765625 1.9484461545944214 40.477386474609375 1.6239357157966943 0.6803109645843506
Car -1 -1 1.69 521.7979125976562 180.03778076171875 556.7703857421875 206.2761688232422 1.4615695476531982 1.4947216510772705 3.711358070373535 -4.092710494995117 1.8218443393707275 42.427452087402344 1.5981873140102287 0.5832020044326782
Car -1 -1 2.14 8.640565872192383 187.3589324951172 165.62036323547363 271.2519226074219 1.5373883247375488 1.4883103370666504 3.555633544921875 -11.45071792602539 1.9365910291671753 15.810820579528809 1.5175137127683627 0.47582682967185974
Car -1 -1 1.7 512.6693115234375 179.98312377929688 555.7255859375 209.7305908203125 1.4407060146331787 1.5148149728775024 3.837284564971924 -4.039070129394531 1.8390554189682007 42.652915954589844 1.609682841421403 0.44884857535362244
Car -1 -1 2.07 111.12934875488281 188.6918487548828 255.9645233154297 254.03297424316406 1.5394357442855835 1.6272170543670654 4.283462047576904 -11.354336738586426 1.921551764011383 19.430627822875977 1.5381611516133145 0.40581223368644714
Car -1 -1 2.15 91.01399993896484 185.875 256.58141326904297 263.5667419433594 1.5035450458526611 1.5500996112823486 4.050922870635986 -10.64256763458252 1.8847112655639648 17.968238830566406 1.617202539225091 0.39771708846092224
Car -1 -1 1.67 498.9692077636719 178.74307250976562 548.0585327148438 213.86050415039062 1.4578742980957031 1.6540526151657104 3.8429057598114014 -4.02226448059082 1.75580894947052 31.464317321777344 1.5464885559092547 0.39654794335365295
Car -1 -1 2.19 24.69047737121582 183.3603057861328 259.47741889953613 332.2334899902344 1.6251167058944702 1.6429443359375 4.029789924621582 -5.916545391082764 1.750169575214386 8.77103328704834 1.5979900150284267 0.3327738642692566
Car -1 -1 2.11 3.71714448928833 184.56016540527344 186.51920747756958 288.0711364746094 1.4417179822921753 1.5259097814559937 3.796178102493286 -10.368170738220215 1.793386995792389 14.563075065612793 1.4903863683810439 0.288048654794693
Car -1 -1 2.04 87.9305191040039 184.3282470703125 256.94043731689453 292.1031188964844 1.5487655401229858 1.5629985332489014 3.927849292755127 -9.413718223571777 1.9443349242210388 15.62294864654541 1.4929407687873004 0.26060035824775696
Car -1 -1 2.18 -0.9692636132240295 182.23155212402344 231.4134115576744 322.1808166503906 1.6071561574935913 1.6130023002624512 4.0233988761901855 -7.439441204071045 1.8454493880271912 10.462002754211426 1.5587463354312163 0.25320181250572205
Car -1 -1 2.13 10.6792573928833 181.28907775878906 216.716290473938 299.2519836425781 1.6148836612701416 1.6372981071472168 4.050536155700684 -9.319768905639648 1.8721284866333008 13.202532768249512 1.5124337285809304 0.2316436618566513
Car -1 -1 2.08 55.31406784057617 180.23106384277344 255.01916122436523 305.2663879394531 1.6210278272628784 1.5819084644317627 4.007615566253662 -8.803057670593262 2.061459720134735 13.861369132995605 1.515000985557438 0.22385185956954956
Car -1 -1 2.0 221.02127075195312 182.65113830566406 364.0538330078125 255.38584899902344 1.5600659847259521 1.6523754596710205 4.188157558441162 -7.140575408935547 1.7832554578781128 16.555877685546875 1.5884714203117678 0.205356627702713
Car -1 -1 2.16 66.51112365722656 185.01158142089844 246.1485595703125 273.6060485839844 1.5674841403961182 1.6101925373077393 4.0164384841918945 -10.396018981933594 1.9693663120269775 16.623119354248047 1.598637753105943 0.19514764845371246
Car -1 -1 2.05 -3.917738676071167 183.2825927734375 197.6475384235382 368.5976867675781 1.542994737625122 1.5903210639953613 3.8798012733459473 -6.091443061828613 1.6725447177886963 8.263689994812012 1.4132035141048398 0.19394393265247345
Car -1 -1 1.63 473.31298828125 182.01564025878906 526.1583251953125 213.71444702148438 1.453108310699463 1.5734912157058716 4.019288063049316 -6.189026832580566 1.9473421573638916 40.009464263916016 1.472198165636116 0.17024265229701996