Pedestrian -1 -1 0.76 178.85134887695312 170.408935546875 275.23126220703125 376.74200439453125 1.7742087841033936 0.6302793622016907 0.8261721730232239 -3.4146344661712646 1.6865831017494202 6.55940580368042 0.27993340182459114 0.8284014463424683
Pedestrian -1 -1 2.34 755.4500732421875 174.58572387695312 851.0166015625 374.5532531738281 1.5753802061080933 0.5919399857521057 0.6392164826393127 1.580964207649231 1.5167250037193298 5.612534999847412 2.6119162254997157 0.8265795707702637
Pedestrian -1 -1 2.11 855.2298583984375 163.837158203125 952.598388671875 376.02459716796875 1.6472338438034058 0.6158146858215332 0.5905908346176147 2.1566410064697266 1.5120375752449036 5.222038745880127 2.504847340834015 0.8186817169189453
Pedestrian -1 -1 -2.34 1073.29736328125 146.54119873046875 1185.323974609375 357.5897216796875 1.6537436246871948 0.6160378456115723 0.6337012648582458 4.130829811096191 1.410281777381897 5.584713459014893 -1.7059387782692337 0.779569149017334
Cyclist -1 -1 2.34 302.795654296875 176.8143768310547 390.6416931152344 276.0234680175781 1.7305378913879395 0.6444005966186523 1.831339716911316 -4.6196980476379395 1.6510393619537354 12.989668846130371 1.9953125972059498 0.7650966644287109
Pedestrian -1 -1 1.78 743.3338623046875 173.7669677734375 777.6742553710938 263.0142822265625 1.6055841445922852 0.6086457371711731 0.5926372408866882 2.922189235687256 1.465469777584076 13.173795700073242 1.9949341644870966 0.7447218894958496
Pedestrian -1 -1 -2.75 1049.7425537109375 141.37420654296875 1190.38916015625 367.19677734375 1.8110432624816895 0.727940559387207 0.49595651030540466 3.6709001064300537 1.4621158838272095 5.119285583496094 -2.132453572147856 0.7022368311882019
Pedestrian -1 -1 -1.67 1086.3951416015625 148.94078063964844 1172.8380126953125 353.7438049316406 1.6227033138275146 0.6269809603691101 0.5091733932495117 4.204654216766357 1.392720341682434 5.652777194976807 -1.030486526912556 0.6003555059432983
Car -1 -1 1.69 508.4117736816406 172.86964416503906 567.838134765625 221.77268981933594 1.8225963115692139 1.734508991241455 4.354714393615723 -2.4392893314361572 1.494992733001709 28.545440673828125 1.6011975072098554 0.5865532159805298
Van -1 -1 1.62 506.25848388671875 172.60813903808594 565.5486450195312 222.7559814453125 1.939727544784546 1.831095814704895 4.622738361358643 -2.5429110527038574 1.5731756687164307 29.545297622680664 1.5343660859538861 0.5736051797866821
Pedestrian -1 -1 2.67 1152.3817138671875 151.30091857910156 1206.0087890625 244.25694274902344 1.688720464706421 0.5788453221321106 0.4434751272201538 10.517485618591309 1.1314788460731506 13.094082832336426 -2.93327540758132 0.5443888902664185
Cyclist -1 -1 1.89 1153.0316162109375 152.02638244628906 1204.4293212890625 241.5587615966797 1.595347285270691 0.598707377910614 1.6394771337509155 10.786989212036133 1.0377469211816788 13.413150787353516 2.572251219298405 0.4709164798259735
Pedestrian -1 -1 -0.14 1150.76904296875 152.04197692871094 1190.380615234375 248.6620635986328 1.6106089353561401 0.5868005156517029 0.5372871160507202 10.290928840637207 1.101798564195633 12.827850341796875 0.5357193156943119 0.4620124399662018
Pedestrian -1 -1 1.53 475.56689453125 180.25372314453125 494.78759765625 228.4224853515625 1.609413981437683 0.5823341012001038 0.5042338967323303 -3.8699629306793213 1.5640578866004944 24.303632736206055 1.3749289626195171 0.4498111605644226
Pedestrian -1 -1 1.07 851.5762329101562 156.41616821289062 875.84033203125 220.04653930664062 1.7523126602172852 0.6051273345947266 0.4286366105079651 7.7059783935546875 1.0940992832183838 21.06513786315918 1.4175574786258842 0.43458276987075806
Pedestrian -1 -1 1.43 1159.80810546875 153.7339324951172 1196.7559814453125 242.11842346191406 1.4974910020828247 0.5124256610870361 0.39826181530952454 10.262441635131836 1.0495305061340332 12.854726791381836 2.1086358233345015 0.42008307576179504
Pedestrian -1 -1 0.59 1149.7283935546875 151.63096618652344 1181.951416015625 241.4270477294922 1.5672290325164795 0.5469374060630798 0.39725425839424133 10.124472618103027 1.0661692917346954 12.88736629486084 1.2545382118704627 0.41210228204727173
Pedestrian -1 -1 1.48 563.17138671875 172.9275360107422 579.8472290039062 219.33798217773438 1.8188138008117676 0.6171462535858154 0.8606784343719482 -1.1483770608901978 1.501587450504303 28.201597213745117 1.436562936829362 0.3934363126754761
Pedestrian -1 -1 0.69 958.3301391601562 170.43185424804688 1200.6116943359375 374.71173095703125 1.663536787033081 0.557490348815918 0.6400779485702515 2.9921979904174805 1.448358952999115 4.170971870422363 1.3151814513550448 0.37310925126075745
Pedestrian -1 -1 2.83 1136.360595703125 149.1038360595703 1190.2344970703125 240.37759399414062 1.7047383785247803 0.6116882562637329 0.5045384168624878 10.296589851379395 1.1260146796703339 13.086938858032227 -2.784991449328155 0.37188225984573364
Pedestrian -1 -1 1.74 756.2254028320312 173.437255859375 788.0877075195312 259.6385192871094 1.6290851831436157 0.6084171533584595 0.5723828077316284 3.2846500873565674 1.4584600925445557 13.748663902282715 1.9735494474940074 0.3717478811740875
Cyclist -1 -1 0.09 743.8837890625 173.9456329345703 781.6243896484375 261.7046813964844 1.5936062335968018 0.5662105679512024 1.6315993070602417 3.094653606414795 1.4803969860076904 13.821730613708496 0.30765052865752196 0.35312291979789734
Pedestrian -1 -1 1.75 749.9860229492188 177.26287841796875 781.3881225585938 261.5033264160156 1.531069040298462 0.5377368927001953 0.5712074041366577 3.109039783477783 1.4793103337287903 13.64901065826416 1.9693069619792487 0.330475777387619
Cyclist -1 -1 0.6 1076.04443359375 154.82057189941406 1184.5946044921875 352.25390625 1.570847749710083 0.6123707890510559 1.6536415815353394 4.705964088439941 1.3685951232910156 6.396708965301514 1.2328087975647168 0.3290815055370331
Pedestrian -1 -1 1.87 760.2355346679688 174.6077423095703 794.1487426757812 264.2611999511719 1.6013563871383667 0.5669166445732117 0.6295178532600403 3.365604877471924 1.4720034003257751 13.71113109588623 2.105946383948563 0.32817941904067993
Pedestrian -1 -1 0.36 1146.6759033203125 155.94615173339844 1177.0709228515625 240.82252502441406 1.5037864446640015 0.5228967070579529 0.5172409415245056 10.067355155944824 1.098532259464264 12.968424797058105 1.017761215500185 0.31732791662216187
Pedestrian -1 -1 -0.03 1137.16650390625 150.5969696044922 1183.3651123046875 263.3537902832031 1.6858476400375366 0.65619957447052 0.5731596946716309 9.918524742126465 1.146030843257904 12.503515243530273 0.6435979236040339 0.31452155113220215
Pedestrian -1 -1 1.09 1100.581787109375 147.62335205078125 1175.155517578125 323.4882507324219 1.6623167991638184 0.6110671162605286 0.7151608467102051 5.281613826751709 1.2917262315750122 7.06152868270874 1.7303923853615562 0.3119738698005676
Pedestrian -1 -1 2.34 1164.0706787109375 156.0731658935547 1203.0421142578125 242.80027770996094 1.4161572456359863 0.4702247679233551 0.4941675066947937 10.467761993408203 1.0686219036579132 12.904374122619629 3.0209104915614855 0.3102729916572571
Pedestrian -1 -1 -3.1 1005.8536376953125 148.53382873535156 1211.5814208984375 376.0956726074219 1.7845343351364136 0.5807462930679321 0.6042565703392029 3.326605796813965 1.4980593919754028 4.497884273529053 -2.4637772841552463 0.30910754203796387
Cyclist -1 -1 0.01 958.3301391601562 170.43185424804688 1200.6116943359375 374.71173095703125 1.6317278146743774 0.6373487114906311 1.5910515785217285 3.4146921634674072 1.5132014155387878 4.544582366943359 0.6506065047483478 0.3049364984035492
Pedestrian -1 -1 2.7 1143.9027099609375 148.6947479248047 1200.1876220703125 256.9520263671875 1.6067609786987305 0.6074082255363464 0.5347529649734497 10.209582328796387 1.122961401939392 12.864636421203613 -2.9102518471379817 0.3045347034931183
Pedestrian -1 -1 1.67 747.4122924804688 172.0740966796875 785.6093139648438 265.99212646484375 1.5980587005615234 0.6052910089492798 0.6320068836212158 3.0023839473724365 1.443269431591034 13.15475082397461 1.8976388804168574 0.30367395281791687
Pedestrian -1 -1 1.1 1126.4766845703125 159.70362854003906 1158.751953125 249.0509033203125 1.5911247730255127 0.5499989986419678 0.5072828531265259 9.727034568786621 1.1501083374023438 12.939428329467773 1.7473157637236625 0.3033660650253296
Pedestrian -1 -1 2.09 849.3982543945312 165.191650390625 934.0230712890625 366.5939025878906 1.6288169622421265 0.5947719812393188 0.8169082999229431 2.088214159011841 1.5384780168533325 5.442872524261475 2.461046336456551 0.29704031348228455
Pedestrian -1 -1 2.11 1152.6004638671875 149.66905212402344 1195.4500732421875 259.2178955078125 1.715995192527771 0.6285456418991089 0.5989322662353516 10.340309143066406 1.1412177681922913 12.813836097717285 2.792994597919483 0.29661431908607483
Pedestrian -1 -1 1.72 750.94873046875 161.2171630859375 830.1484985351562 356.5121154785156 1.7520761489868164 0.7071211934089661 0.8502185940742493 1.6359156370162964 1.5262415409088135 6.063999176025391 1.9795479948377128 0.295152872800827
Pedestrian -1 -1 0.79 1145.498779296875 148.55860900878906 1191.0772705078125 268.0650329589844 1.7001910209655762 0.6418635249137878 0.6890411376953125 9.848013877868652 1.2320132553577423 12.29633617401123 1.4663891657736992 0.2940715253353119
Pedestrian -1 -1 1.25 563.0869140625 173.8049774169922 585.4867553710938 217.0896759033203 1.8255784511566162 0.6703048348426819 0.964853048324585 -1.0822285413742065 1.5178660154342651 28.06845474243164 1.210793981563027 0.2926709055900574
Cyclist -1 -1 1.19 1061.98193359375 138.54293823242188 1190.2501220703125 365.6290283203125 1.6201242208480835 0.5772510170936584 1.6651781797409058 4.16829252243042 1.4724908471107483 5.740007400512695 1.8175747976408925 0.28872883319854736
Pedestrian -1 -1 -0.19 472.3565368652344 180.06582641601562 492.4410705566406 227.42628479003906 1.577463984489441 0.5668047070503235 0.5011938214302063 -3.990525722503662 1.5790842175483704 24.5238037109375 -0.3469292617141231 0.2867027819156647
Van -1 -1 -1.58 576.292236328125 171.90196228027344 605.0092163085938 207.38975524902344 1.931085228919983 1.79166841506958 4.678339958190918 -0.6780843734741211 1.39072784781456 45.2691650390625 -1.5989498055692009 0.28308963775634766
Pedestrian -1 -1 2.62 1026.749755859375 150.5077362060547 1174.5250244140625 362.2526550292969 1.6550759077072144 0.5974593162536621 0.6351908445358276 3.3649942874908447 1.4730809926986694 4.740390300750732 -3.045498921410328 0.28248658776283264
Pedestrian -1 -1 1.24 565.6412353515625 174.38633728027344 582.1049194335938 220.1006317138672 1.7255547046661377 0.628062903881073 0.7531313896179199 -0.9780387878417969 1.445402979850769 28.106782913208008 1.203761586342475 0.27834615111351013
Pedestrian -1 -1 2.55 1109.953857421875 146.40245056152344 1172.649169921875 271.1015930175781 1.6919212341308594 0.6565011739730835 0.653067409992218 7.151089668273926 1.1844954788684845 9.449780464172363 -3.086213042546369 0.27451688051223755
Pedestrian -1 -1 0.93 1136.1580810546875 157.76934814453125 1166.9310302734375 248.60594177246094 1.5976423025131226 0.5389359593391418 0.5282648205757141 9.89424991607666 1.1554413735866547 12.96411418914795 1.578792475774863 0.2738897502422333
Pedestrian -1 -1 1.81 873.3359985351562 165.29608154296875 915.13720703125 260.0406188964844 1.6584522724151611 0.6119564175605774 0.5218401551246643 5.299443244934082 1.3521780371665955 13.145118713378906 2.1892219494132945 0.2731773555278778
Pedestrian -1 -1 2.45 1099.7454833984375 148.00021362304688 1167.7034912109375 291.91278076171875 1.6431819200515747 0.6463770866394043 0.6736955046653748 6.666001319885254 1.213529109954834 8.938793182373047 3.0936479611949066 0.26989516615867615
Cyclist -1 -1 2.92 995.7051391601562 145.1685333251953 1208.970947265625 372.5265197753906 1.4997106790542603 0.5721490383148193 1.5863009691238403 2.8953893184661865 1.3158556818962097 3.9185636043548584 -2.7279384359807786 0.26957544684410095
Pedestrian -1 -1 2.09 764.2722778320312 171.2273406982422 809.3092651367188 276.5429382324219 1.5968867540359497 0.5791558027267456 0.7072493433952332 3.15801739692688 1.448853075504303 12.260759353637695 2.3449900175652667 0.2684730589389801
Pedestrian -1 -1 1.81 1139.5545654296875 151.0478973388672 1171.035400390625 246.63934326171875 1.6920561790466309 0.5960456728935242 0.5226463079452515 10.275014877319336 1.10574072599411 13.373011589050293 2.4608443933189994 0.26671233773231506
Pedestrian -1 -1 2.46 815.44140625 136.83560180664062 989.9716186523438 365.9212646484375 1.7243452072143555 0.5707985758781433 0.7107679843902588 1.9219648838043213 1.4524268507957458 4.985589027404785 2.826699211947995 0.26246264576911926
Pedestrian -1 -1 2.4 1129.1689453125 148.1824951171875 1182.7384033203125 237.2803192138672 1.6372756958007812 0.6101441979408264 0.49836716055870056 10.378885269165039 1.0464607924222946 13.292163848876953 3.0649686815081667 0.26221969723701477
Pedestrian -1 -1 2.59 816.2619018554688 158.0908966064453 910.50732421875 377.5135192871094 1.6477082967758179 0.6096099019050598 0.8176431655883789 1.9322584867477417 1.5318064093589783 5.413031101226807 2.9365094336757753 0.2569994330406189
Cyclist -1 -1 1.63 317.7808532714844 178.3466339111328 385.6882019042969 278.4057312011719 1.6890666484832764 0.628770649433136 1.7127134799957275 -4.53055477142334 1.6577957272529602 12.800087928771973 1.2867170455279542 0.2497720718383789
Cyclist -1 -1 0.42 1101.249755859375 148.47865295410156 1185.3409423828125 325.03997802734375 1.6993203163146973 0.6132420301437378 1.669213891029358 5.024557590484619 1.3015497624874115 6.758841037750244 1.0616979618912996 0.24570554494857788
Pedestrian -1 -1 1.15 1106.635498046875 143.31356811523438 1200.130126953125 354.7267150878906 1.734571933746338 0.6477124691009521 0.744573175907135 4.427936553955078 1.412219226360321 5.751524925231934 1.802536505008697 0.24509236216545105
Pedestrian -1 -1 2.42 1114.1854248046875 145.26405334472656 1169.54443359375 240.53587341308594 1.7316168546676636 0.6329563856124878 0.5396378636360168 10.21188735961914 1.1041426956653595 13.423004150390625 3.0654893287516733 0.2443556785583496
Pedestrian -1 -1 2.33 1118.80859375 162.055419921875 1156.363525390625 246.62745666503906 1.5278311967849731 0.517389178276062 0.5217034816741943 9.815812110900879 1.1493137776851654 13.196269989013672 2.973554999851433 0.24420422315597534
Pedestrian -1 -1 0.82 197.0791778564453 171.2970428466797 283.341552734375 362.1667785644531 1.727049708366394 0.7028058767318726 0.8957579135894775 -3.479401111602783 1.6695002913475037 6.795060157775879 0.34187059646727436 0.2440972924232483
Pedestrian -1 -1 1.8 1115.77685546875 147.4018096923828 1178.105712890625 290.00653076171875 1.583738923072815 0.63821941614151 0.6608285903930664 6.993819236755371 1.1857553720474243 9.188594818115234 2.4533540696299614 0.24224765598773956
Pedestrian -1 -1 2.06 794.1466674804688 130.0960693359375 955.4635009765625 365.691162109375 1.7093702554702759 0.5579729080200195 0.6962807178497314 1.8490079641342163 1.4580948948860168 5.216114044189453 2.4022530839840908 0.24062836170196533
Pedestrian -1 -1 1.32 741.608642578125 168.1068115234375 783.2337036132812 287.541748046875 1.6802488565444946 0.6092244386672974 0.6994574666023254 2.7953641414642334 1.5121521949768066 13.30039119720459 1.5234418986865217 0.2400837540626526
Pedestrian -1 -1 2.01 852.9246215820312 156.6230926513672 890.6326904296875 220.84432983398438 1.7253694534301758 0.6117109656333923 0.44103753566741943 7.546275615692139 1.144540011882782 20.17069435119629 2.370887790632052 0.23932339251041412
Pedestrian -1 -1 2.29 757.8204345703125 178.83786010742188 784.3607177734375 255.06246948242188 1.4954098463058472 0.5239320993423462 0.575247585773468 3.3934550285339355 1.4288041591644287 14.459101676940918 2.5189610445772814 0.23929166793823242
Cyclist -1 -1 1.92 1136.360595703125 149.1038360595703 1190.2344970703125 240.37759399414062 1.6568801403045654 0.6079002022743225 1.7284352779388428 10.870410919189453 1.0748506784439087 13.751264572143555 2.590750947393687 0.23706813156604767
Pedestrian -1 -1 1.58 849.4412231445312 157.1310577392578 883.0505981445312 219.3804168701172 1.8118762969970703 0.6133694648742676 0.5672461986541748 7.699593544006348 1.1835711300373077 20.6439208984375 1.9350444795068462 0.2346835732460022
Pedestrian -1 -1 2.01 1141.280029296875 146.06942749023438 1195.8221435546875 233.59642028808594 1.7312963008880615 0.6237627863883972 0.5429526567459106 10.190491676330566 1.0519618541002274 12.906899452209473 2.6806026323915804 0.23444224894046783
Pedestrian -1 -1 2.82 763.134521484375 181.27723693847656 796.4019775390625 272.0289306640625 1.4883664846420288 0.5153056979179382 0.6982848644256592 3.280320405960083 1.5476903915405273 13.280227661132812 3.0662559666571116 0.23270170390605927
Car -1 -1 0.21 1071.667724609375 159.53526306152344 1183.745849609375 354.5387268066406 1.51591956615448 1.5092244148254395 2.9480767250061035 5.2380876541137695 1.39637690782547 7.024071216583252 0.850101350465045 0.23054639995098114
Pedestrian -1 -1 0.31 77.39734649658203 165.95018005371094 297.5055923461914 368.53204345703125 1.6490199565887451 0.5501834154129028 0.7195131778717041 -3.4157612323760986 1.5571868419647217 6.298914432525635 -0.18877972040314717 0.22971586883068085
Cyclist -1 -1 0.43 949.4204711914062 180.68038940429688 1141.7965087890625 373.66290283203125 1.4886893033981323 0.4779270887374878 1.4829803705215454 2.3301033973693848 1.5500234365463257 3.876086473464966 0.9675069050194516 0.22848354279994965
Pedestrian -1 -1 2.52 761.848876953125 180.53341674804688 788.6596069335938 254.17835998535156 1.49665105342865 0.5110462307929993 0.6182551980018616 3.6919023990631104 1.4516798853874207 15.219386100769043 2.755274414840464 0.2270781248807907
Pedestrian -1 -1 1.57 564.7871704101562 170.51052856445312 591.2244262695312 213.43905639648438 1.8338992595672607 0.7010111212730408 0.86497563123703 -1.1270619630813599 1.50941663980484 29.189550399780273 1.5317272893491092 0.22625795006752014
Cyclist -1 -1 0.7 1115.77685546875 147.4018096923828 1178.105712890625 290.00653076171875 1.7429770231246948 0.6063979864120483 1.603383183479309 6.9838104248046875 1.269679605960846 9.174798965454102 1.3495122582333714 0.2242647111415863
Pedestrian -1 -1 2.34 766.9317626953125 173.77969360351562 822.6692504882812 287.16424560546875 1.5079790353775024 0.545088529586792 0.6918799877166748 3.0530495643615723 1.4732416868209839 11.325372695922852 2.60554988394823 0.22301165759563446
Pedestrian -1 -1 2.09 854.28759765625 152.53770446777344 883.67529296875 224.10800170898438 1.7887309789657593 0.6087774038314819 0.5787753462791443 7.145187854766846 1.1539253890514374 19.48726463317871 2.4398382058396137 0.222789466381073
Cyclist -1 -1 1.92 1150.1025390625 150.02676391601562 1194.389404296875 239.29159545898438 1.6113678216934204 0.5817213654518127 1.6157995462417603 10.974939346313477 1.001273974776268 13.64677906036377 2.5947292655679393 0.21927890181541443
Pedestrian -1 -1 1.7 1052.589111328125 166.50241088867188 1160.688232421875 365.2970886230469 1.4912842512130737 0.5203853249549866 0.6311340928077698 3.590514898300171 1.455473005771637 5.091137886047363 2.311561068445842 0.2191995531320572
Pedestrian -1 -1 0.86 980.4472045898438 171.46591186523438 1150.9925537109375 371.3091735839844 1.4819773435592651 0.5964491367340088 0.5291447043418884 2.570812702178955 1.4332741498947144 4.007497310638428 1.4261560207677544 0.2168971300125122
Pedestrian -1 -1 2.37 820.0175170898438 164.025390625 942.3729858398438 377.55804443359375 1.6584761142730713 0.5983416438102722 0.6629882454872131 2.000900983810425 1.562343418598175 5.338208198547363 2.7309166864755596 0.2157001495361328
Pedestrian -1 -1 1.98 767.1812744140625 136.90040588378906 929.0096435546875 368.5779113769531 1.6924341917037964 0.5518808364868164 0.6993957757949829 1.7583060264587402 1.4688513278961182 5.457757472991943 2.293129510266409 0.21477779746055603
Car -1 -1 -1.68 301.431396484375 176.40560913085938 391.9172668457031 275.5455017089844 1.7260133028030396 1.5543396472930908 3.406839609146118 -5.310819149017334 1.7012609243392944 14.830604553222656 -2.021014016681473 0.2146230936050415
Car -1 -1 -1.61 958.3301391601562 170.43185424804688 1200.6116943359375 374.71173095703125 1.5751124620437622 1.4882285594940186 2.9939708709716797 4.202597618103027 1.6426921486854553 4.780212879180908 -0.8909796450140561 0.21302776038646698
Pedestrian -1 -1 1.98 778.9804077148438 157.97425842285156 859.814453125 369.767333984375 1.5905503034591675 0.622308611869812 0.6683281660079956 1.6718343496322632 1.4849075078964233 5.340043067932129 2.2810044119864514 0.21173538267612457
Pedestrian -1 -1 2.8 839.7490234375 147.74407958984375 1035.5296630859375 367.6105041503906 1.64495050907135 0.5315117239952087 0.7982884645462036 2.0098507404327393 1.419316828250885 4.71002197265625 -3.075327296452583 0.2104683816432953
Cyclist -1 -1 2.25 1124.6588134765625 149.6177215576172 1154.2149658203125 232.1499481201172 1.554677128791809 0.5827457308769226 1.5422842502593994 11.450804710388184 0.9391489028930664 15.106112480163574 2.9023733899296396 0.2099957913160324
Cyclist -1 -1 -1.06 173.45787048339844 169.5146942138672 271.9428405761719 372.56353759765625 1.7677597999572754 0.6085187792778015 1.7162991762161255 -3.597569704055786 1.620819866657257 6.880385398864746 -1.5417600564198448 0.20887219905853271
Pedestrian -1 -1 -2.89 761.0511474609375 187.51690673828125 790.8909301757812 265.1616516113281 1.358696699142456 0.46809810400009155 0.6997963190078735 3.4432215690612793 1.5280670523643494 14.284605026245117 -2.6528419915815924 0.207341730594635
Pedestrian -1 -1 2.5 318.100341796875 182.18341064453125 387.1406555175781 278.29620361328125 1.7855918407440186 0.6385020613670349 0.5469305515289307 -4.367398262023926 1.7316497564315796 12.481193542480469 2.1648090265194915 0.20555953681468964
Cyclist -1 -1 0.57 1154.5172119140625 151.95681762695312 1188.6922607421875 241.95401000976562 1.5403437614440918 0.5624578595161438 1.5053339004516602 10.545282363891602 1.0419119596481323 13.366469383239746 1.2403021547456294 0.20475715398788452
Pedestrian -1 -1 2.06 747.6715087890625 169.6523895263672 811.2249755859375 340.770263671875 1.6682096719741821 0.6448047757148743 0.6721358895301819 1.661250114440918 1.4792712330818176 6.497411251068115 2.311323363067374 0.2041482925415039
Car -1 -1 -1.39 1148.754150390625 149.96896362304688 1206.1104736328125 243.40158081054688 1.6465284824371338 1.4692683219909668 3.072835683822632 12.211028099060059 1.0865941643714905 14.990254402160645 -0.7041928681037923 0.20225605368614197
Pedestrian -1 -1 2.52 1098.258544921875 138.25985717773438 1193.7603759765625 318.0018615722656 1.743560552597046 0.7326185703277588 0.7311168313026428 4.777414798736572 1.3238211274147034 6.434703826904297 -3.1267637182199604 0.20210719108581543
Pedestrian -1 -1 -3.05 1130.4317626953125 154.3820343017578 1163.6026611328125 261.69158935546875 1.6831789016723633 0.5733518004417419 0.6497088670730591 9.565589904785156 1.215511828660965 12.6795072555542 -2.405441377770808 0.20209090411663055
Van -1 -1 -1.73 571.5680541992188 169.83258056640625 603.36083984375 209.14141845703125 2.109297513961792 1.8725082874298096 4.861547946929932 -0.7146281599998474 1.3628571033477783 44.267234802246094 -1.7440583565061036 0.20051991939544678
Pedestrian -1 -1 1.05 1112.948486328125 141.657470703125 1156.5601806640625 234.44529724121094 1.7859057188034058 0.6525917649269104 0.5009662508964539 11.111172676086426 0.9895545542240143 15.029233932495117 1.6906530655801522 0.20014776289463043
Pedestrian -1 -1 2.25 753.2487182617188 173.7126922607422 779.1903686523438 248.21502685546875 1.5897881984710693 0.549089252948761 0.481697142124176 3.5421602725982666 1.3908016085624695 15.210195541381836 2.4780618862893267 0.19859690964221954
Pedestrian -1 -1 -3.0 914.1453247070312 152.77906799316406 1142.57275390625 369.87261962890625 1.565931797027588 0.48743540048599243 0.8795034885406494 1.9613579511642456 1.2820633947849274 3.588707447052002 -2.5018597045497 0.19675400853157043
Cyclist -1 -1 -3.1 839.7490234375 147.74407958984375 1035.5296630859375 367.6105041503906 1.747970461845398 0.665149450302124 1.6572917699813843 2.2807607650756836 1.5928146839141846 5.641768455505371 -2.7128392008640283 0.19623367488384247
Pedestrian -1 -1 1.8 868.7686767578125 163.49838256835938 898.0907592773438 253.39462280273438 1.637281060218811 0.609542965888977 0.5898810625076294 5.585306167602539 1.334050476551056 14.351188659667969 2.167461553441747 0.195760115981102
Cyclist -1 -1 1.67 1143.9027099609375 148.6947479248047 1200.1876220703125 256.9520263671875 1.6399052143096924 0.610572874546051 1.6859772205352783 10.468487739562988 1.1016322076320648 13.109031677246094 2.346202920712206 0.19453991949558258
Cyclist -1 -1 -2.54 815.44140625 136.83560180664062 989.9716186523438 365.9212646484375 1.732534408569336 0.6351814866065979 1.7850550413131714 1.984943151473999 1.537577748298645 5.595771789550781 -2.1993701233192553 0.19413982331752777
Pedestrian -1 -1 2.53 1115.943603515625 163.81692504882812 1172.9290771484375 306.4378662109375 1.5055932998657227 0.5518934726715088 0.7293116450309753 5.635897636413574 1.2761483192443848 7.488504886627197 -3.110005541863341 0.1936347931623459
Pedestrian -1 -1 2.04 751.5806274414062 169.98117065429688 801.9886474609375 279.750244140625 1.6665202379226685 0.6266608238220215 0.6477877497673035 2.9776787757873535 1.559698760509491 12.509442329406738 2.2775066558708623 0.19173583388328552
Pedestrian -1 -1 1.82 559.9976806640625 174.491455078125 577.7474975585938 217.1407928466797 1.8046410083770752 0.640981912612915 0.8608592748641968 -1.303894281387329 1.4924140572547913 27.82493782043457 1.772142746811662 0.19165410101413727
Cyclist -1 -1 2.62 1008.4295043945312 155.5243377685547 1176.894775390625 366.4126281738281 1.5687050819396973 0.5272082090377808 1.4844930171966553 3.306832790374756 1.5174431204795837 4.6791253089904785 -3.0445910060720927 0.19138528406620026
Cyclist -1 -1 -2.18 794.1466674804688 130.0960693359375 955.4635009765625 365.691162109375 1.7987791299819946 0.6138750314712524 1.7521603107452393 1.9384816884994507 1.5734515190124512 5.721795558929443 -1.851711738529061 0.19118456542491913
Cyclist -1 -1 2.62 888.3782348632812 138.07957458496094 1111.1353759765625 353.5262756347656 1.7494449615478516 0.5864147543907166 1.7243820428848267 2.6481056213378906 1.444851815700531 4.851212024688721 3.1235539596831625 0.1903371512889862
Pedestrian -1 -1 2.92 869.22900390625 146.33319091796875 1115.173583984375 372.34619140625 1.521426796913147 0.5105410814285278 0.876214325428009 2.144569158554077 1.3702672719955444 4.522037506103516 -2.9196698504655334 0.18848347663879395
Pedestrian -1 -1 1.55 573.3854370117188 171.1798858642578 602.3870239257812 209.51943969726562 1.8656924962997437 0.6369199156761169 0.9027858376502991 -0.6019908785820007 1.39555025100708 32.293819427490234 1.5319690175845402 0.18811120092868805
Cyclist -1 -1 1.73 1141.280029296875 146.06942749023438 1195.8221435546875 233.59642028808594 1.6823304891586304 0.6038098931312561 1.78139066696167 10.487424850463867 1.0239935517311096 13.236141204833984 2.395822001407492 0.18745051324367523
Pedestrian -1 -1 1.24 569.500732421875 174.10621643066406 591.9301147460938 217.48104858398438 1.7923336029052734 0.6451049447059631 0.7947928309440613 -0.8013908267021179 1.4383267164230347 28.315204620361328 1.2108448861275338 0.18653151392936707
Pedestrian -1 -1 2.92 323.5545349121094 179.83029174804688 364.542236328125 249.7213897705078 1.7279000282287598 0.5898663401603699 0.5611146092414856 -6.39622688293457 1.6825725436210632 17.794687271118164 2.5745766381476844 0.18568988144397736
Pedestrian -1 -1 1.08 746.1084594726562 170.52474975585938 786.6292724609375 306.4285583496094 1.6708534955978394 0.6429393887519836 0.5713001489639282 2.5655667781829834 1.5793187022209167 11.644598007202148 1.2980484648264259 0.18551351130008698
Pedestrian -1 -1 1.54 744.1953735351562 163.895263671875 799.2924194335938 318.5191345214844 1.7485207319259644 0.7192102074623108 0.7702434062957764 2.5710906982421875 1.6647504568099976 11.689289093017578 1.7604346533837107 0.18550822138786316
Cyclist -1 -1 0.84 158.45556640625 188.12355041503906 249.46278381347656 282.0794677734375 1.7925876379013062 0.6400477290153503 1.8986992835998535 -8.132845878601074 1.9802146553993225 14.680480003356934 0.3298625508089863 0.1851097047328949
Pedestrian -1 -1 1.3 567.3629150390625 172.88055419921875 598.6224975585938 214.611328125 1.8306976556777954 0.6717305183410645 0.9473892450332642 -0.6625779271125793 1.5150671005249023 29.394750595092773 1.2817357964747877 0.1834230124950409
Pedestrian -1 -1 1.2 1130.6502685546875 151.7497100830078 1187.64501953125 272.5740661621094 1.7157963514328003 0.6703475117683411 0.6953460574150085 8.09930419921875 1.2284377813339233 10.336368560791016 1.8637323422858882 0.18314771354198456
Cyclist -1 -1 0.09 54.22456741333008 168.95962524414062 282.1572608947754 371.2203674316406 1.7824031114578247 0.6546306610107422 1.6912420988082886 -3.9840328693389893 1.8498744368553162 7.324443340301514 -0.40473397344066786 0.18165069818496704
Pedestrian -1 -1 2.08 853.8506469726562 161.17910766601562 900.8831176757812 228.10951232910156 1.6738580465316772 0.5937535762786865 0.5354228615760803 7.489931106567383 1.2119101583957672 19.918975830078125 2.4397770155922256 0.18053360283374786
Cyclist -1 -1 -0.14 877.575439453125 167.6737060546875 1128.096435546875 376.1617736816406 1.5618139505386353 0.63614821434021 1.549431324005127 2.368370294570923 1.4092519283294678 4.449281692504883 0.3533616677447391 0.1796841025352478
Cyclist -1 -1 2.79 914.1453247070312 152.77906799316406 1142.57275390625 369.87261962890625 1.632764458656311 0.6419545412063599 1.5217067003250122 2.282407522201538 1.3909736275672913 4.166239261627197 -2.9965690916444316 0.17796455323696136
Cyclist -1 -1 2.55 953.26708984375 140.1394805908203 1170.8201904296875 369.84912109375 1.753254771232605 0.5348517894744873 1.687312126159668 2.852867841720581 1.3680650293827057 4.230675220489502 -3.1365865457298163 0.17541101574897766
Cyclist -1 -1 1.72 1114.1854248046875 145.26405334472656 1169.54443359375 240.53587341308594 1.7000577449798584 0.6068885326385498 1.6988239288330078 11.189218521118164 1.0508724749088287 14.586019515991211 2.3743686594963105 0.17203591763973236
Pedestrian -1 -1 2.66 878.5709228515625 159.0308074951172 978.2576293945312 357.5956726074219 1.6499460935592651 0.6319561004638672 0.7500292658805847 2.5882227420806885 1.561613917350769 5.6091790199279785 3.091444907248192 0.17183226346969604
Pedestrian -1 -1 2.92 1125.8465576171875 158.93978881835938 1166.231689453125 285.4711608886719 1.6163867712020874 0.5857828259468079 0.7270028591156006 7.498298168182373 1.2887060642242432 9.953993797302246 -2.718547483977056 0.17026540637016296
Pedestrian -1 -1 1.1 1117.62890625 168.19398498535156 1166.8302001953125 275.112060546875 1.456466794013977 0.4897867739200592 0.7183426022529602 9.098301887512207 1.2992001175880432 12.029359817504883 1.7487187577285388 0.1674414575099945
Cyclist -1 -1 1.3 1130.3720703125 149.41798400878906 1184.7283935546875 265.280517578125 1.729398488998413 0.595645546913147 1.6432392597198486 8.89551067352295 1.1865321695804596 11.437705039978027 1.9561614788075472 0.16546353697776794
Pedestrian -1 -1 1.24 1136.5523681640625 149.67288208007812 1196.567138671875 302.9709167480469 1.7317312955856323 0.7098382115364075 0.7435343265533447 7.088435649871826 1.3106226027011871 8.932710647583008 1.9135533840036603 0.16254223883152008
Pedestrian -1 -1 1.48 557.3353881835938 171.020751953125 587.8297729492188 213.97450256347656 1.8883605003356934 0.7256568074226379 0.8749229311943054 -1.1265628337860107 1.5830446481704712 29.865447998046875 1.4374341911092001 0.15748687088489532
Cyclist -1 -1 3.09 1084.7659912109375 155.99954223632812 1230.75390625 335.3564147949219 1.7374589443206787 0.5848105549812317 1.6868034601211548 3.357117176055908 1.291587620973587 3.7793712615966797 -2.4681794881862693 0.15214693546295166
Pedestrian -1 -1 1.07 1153.69287109375 166.15579223632812 1226.552490234375 373.43768310546875 1.635966420173645 0.590488076210022 0.801328718662262 4.0857625007629395 1.6656681299209595 4.495197296142578 1.804005740728126 0.15131233632564545
Pedestrian -1 -1 -0.91 26.972492218017578 171.14468383789062 256.9328956604004 375.03411865234375 1.7383943796157837 0.6516209244728088 0.7909127473831177 -3.7319512367248535 1.680431604385376 6.057792663574219 -1.4650599543262803 0.1496879607439041
Pedestrian -1 -1 -2.74 1082.8692626953125 176.0605926513672 1227.453125 350.8681945800781 1.7881309986114502 0.536963701248169 0.8267354369163513 3.052804946899414 1.3951804041862488 3.3661811351776123 -2.0025271017891484 0.14271079003810883
Pedestrian -1 -1 1.46 1128.1785888671875 137.21136474609375 1205.9150390625 332.5891418457031 1.8560503721237183 0.7550173997879028 0.801469624042511 7.0529375076293945 1.4160849750041962 8.895880699157715 2.1314106525657808 0.10651865601539612