Car -1 -1 1.34 729.0576171875 165.22406005859375 876.7924194335938 276.2092590332031 1.6790963411331177 1.6331723928451538 3.9729630947113037 3.381631851196289 1.5617972612380981 13.22500991821289 1.5888026818223846 0.8650163412094116
Car -1 -1 1.72 518.7838745117188 182.26466369628906 564.9290771484375 217.30886840820312 1.527621865272522 1.5505796670913696 3.499457597732544 -3.101318359375 1.9616641402244568 33.30934143066406 1.6320319498341638 0.8555372953414917
Car -1 -1 1.47 674.0760498046875 172.94932556152344 730.4427490234375 218.61566162109375 1.6213983297348022 1.687735915184021 3.833406686782837 3.517118453979492 1.6422069072723389 27.36823844909668 1.6001789942247182 0.8402248024940491
Car -1 -1 1.64 573.2926635742188 176.90496826171875 610.6538696289062 207.5615234375 1.740667462348938 1.6291592121124268 3.6286609172821045 -1.0061888694763184 1.9553040862083435 41.17428970336914 1.6167127542782467 0.8222059607505798
Van -1 -1 -2.09 837.3428955078125 67.67326354980469 1238.9266357421875 375.99497985839844 2.1701619625091553 1.883262038230896 4.812960147857666 3.2402560710906982 1.5751829147338867 5.315422058105469 -1.5390251276355817 0.7787381410598755
Car -1 -1 1.57 662.8272705078125 175.52915954589844 707.9193115234375 209.17543029785156 1.484640121459961 1.5824675559997559 3.778656005859375 3.8457229137420654 1.6689685583114624 36.44963836669922 1.671920624606308 0.4821670949459076
Car -1 -1 1.5 671.11865234375 175.27078247070312 719.2669677734375 213.68994140625 1.557414174079895 1.5970853567123413 3.8981852531433105 3.733858346939087 1.6919015645980835 29.627225875854492 1.62470358450829 0.47145363688468933
Car -1 -1 -2.09 843.9727172851562 75.38278198242188 1235.1187744140625 382.2102355957031 2.14418625831604 1.7411056756973267 4.501608371734619 3.1913602352142334 1.5989885330200195 5.435137748718262 -1.5621263317973106 0.4321509897708893
Truck -1 -1 1.19 823.5901489257812 40.404258728027344 1256.6580810546875 383.7931137084961 3.250551462173462 2.3222763538360596 7.301785945892334 3.693364143371582 1.8897252082824707 6.336093902587891 1.7149110083577055 0.28257861733436584
Car -1 -1 -1.67 677.7217407226562 172.4904327392578 741.4332275390625 213.7435760498047 1.5784015655517578 1.6180418729782104 3.7798562049865723 3.5558226108551025 1.568410038948059 26.740909576416016 -1.5366976505456682 0.25464996695518494
Van -1 -1 1.3 739.6062622070312 70.17121887207031 1294.64208984375 384.90394592285156 1.7853891849517822 1.8458585739135742 5.760252475738525 2.5402603149414062 1.4222664833068848 5.652213096618652 1.723409369663301 0.2402208000421524
Van -1 -1 0.77 858.5687866210938 30.000141143798828 1252.9505615234375 345.3467903137207 2.4212372303009033 2.1072115898132324 5.533616065979004 2.73665452003479 1.625133454799652 4.648046493530273 1.304933827128008 0.2113599330186844
Car -1 -1 1.08 739.6062622070312 70.17121887207031 1294.64208984375 384.90394592285156 1.712020754814148 1.6079630851745605 4.8246989250183105 2.3346118927001953 1.540276825428009 5.166898250579834 1.5013668024640303 0.20243683457374573
Car -1 -1 -2.66 1216.1943359375 226.53651428222656 1239.802490234375 375.6915588378906 1.53420090675354 1.661152958869934 3.794257879257202 2.194221019744873 1.3525466322898865 1.2294950485229492 -1.5994561087041337 0.1755387783050537