Car -1 -1 1.77 403.50689697265625 170.97886657714844 499.79290771484375 245.79147338867188 1.8522472381591797 1.6956968307495117 4.033333778381348 -4.0565032958984375 1.7292596101760864 18.924673080444336 1.5538662547737845 0.853289783000946
Van -1 -1 1.76 402.06622314453125 170.81857299804688 498.09564208984375 245.87197875976562 1.862831473350525 1.8006649017333984 4.629989147186279 -4.361022472381592 1.8037764430046082 20.34929656982422 1.548212779592565 0.4879491925239563
Van -1 -1 -1.46 641.6414184570312 170.65289306640625 674.0254516601562 206.97213745117188 2.1541011333465576 1.9232662916183472 5.123102188110352 3.1215806007385254 2.086446166038513 44.41158676147461 -1.3856191379633938 0.385644793510437
Car -1 -1 -0.43 -1.6757700443267822 238.5908660888672 100.69253897666931 376.38616943359375 1.4440048933029175 1.6491535902023315 3.820249080657959 -2.1326990127563477 1.3440141677856445 1.1681629419326782 -1.5005434819148622 0.3168123662471771
Car -1 -1 -0.44 0.5483395457267761 229.46826171875 63.584682166576385 379.69195556640625 1.4995453357696533 1.6262764930725098 3.7325985431671143 -1.8835421800613403 1.2863067984580994 1.0021307468414307 -1.521245859725611 0.2984423339366913
Car -1 -1 -0.45 4.232721328735352 246.87310791015625 51.751115798950195 374.5232238769531 1.5810257196426392 1.570163607597351 3.569333791732788 -1.7856627702713013 1.3174821734428406 1.0900250673294067 -1.4774831213158457 0.2545982897281647
Car -1 -1 -0.44 5.636159420013428 245.32716369628906 69.01533651351929 375.88079833984375 1.514898657798767 1.6340656280517578 3.7552523612976074 -2.0636773109436035 1.3512635231018066 1.2024117708206177 -1.4829436004715966 0.2530340850353241
Car -1 -1 -0.45 2.2112369537353516 244.16958618164062 129.43284797668457 374.6609191894531 1.5171748399734497 1.5520048141479492 3.773643732070923 -2.0074639320373535 1.404477834701538 1.1694098711013794 -1.4936418555248085 0.24722428619861603
Car -1 -1 -0.45 -0.15241587162017822 226.25001525878906 43.82872426509857 380.91265869140625 1.5364744663238525 1.5971935987472534 3.6392717361450195 -1.5640039443969727 1.2101559937000275 0.846474826335907 -1.5262509471505297 0.2257828563451767
Car -1 -1 -0.44 5.713156700134277 249.12744140625 88.45965480804443 374.93695068359375 1.4423822164535522 1.6434794664382935 3.863133668899536 -2.167114019393921 1.349696397781372 1.2707675695419312 -1.481596002923494 0.2066621631383896
Car -1 -1 -0.54 -0.42074528336524963 278.5283203125 48.41276225447655 370.0461730957031 1.5300641059875488 1.620640754699707 3.4729514122009277 -0.526103138923645 0.933856338262558 0.3491564989089966 -1.5210716482347317 0.19815564155578613
Car -1 -1 -0.45 9.709799766540527 249.58348083496094 108.03102016448975 370.8070068359375 1.4577233791351318 1.636406421661377 3.8225622177124023 -2.1691956520080566 1.34956556558609 1.353666067123413 -1.4631696053761178 0.1865663230419159
Car -1 -1 -0.46 -3.329012870788574 236.1404571533203 164.8467378616333 373.63592529296875 1.5042961835861206 1.5780308246612549 3.8493661880493164 -2.624843120574951 1.6195030212402344 1.5353116989135742 -1.5021059413402398 0.18191419541835785
Car -1 -1 -0.53 -8.344026565551758 248.7835235595703 71.05159568786621 362.71331787109375 1.695480227470398 1.6123965978622437 3.9170982837677 -2.1694135665893555 1.4763938188552856 1.5096689462661743 -1.4916490037737606 0.18000689148902893
Car -1 -1 -0.6 -0.11058451235294342 216.99395751953125 34.33013890683651 371.80078125 1.5209176540374756 1.597089171409607 3.552401065826416 -1.5854510068893433 1.1322512030601501 0.9017841815948486 -1.649948154634962 0.1779034286737442
Car -1 -1 -0.6 1.581113576889038 240.95384216308594 59.30550169944763 350.4138488769531 1.354555368423462 1.5327941179275513 3.5934247970581055 -2.5795364379882812 1.36711585521698 1.8523327112197876 -1.5503240440367758 0.17601977288722992
Car -1 -1 -0.51 -1.5318466424942017 254.7333221435547 62.33650052547455 371.62298583984375 1.5431909561157227 1.6982258558273315 3.6429195404052734 -0.49268004298210144 0.9226758033037186 0.2933787703514099 -1.5443455128397066 0.16975903511047363
Car -1 -1 -0.51 -0.40048277378082275 266.57537841796875 73.25973451137543 376.7101135253906 1.5659571886062622 1.7091684341430664 3.654886245727539 -0.43779927492141724 0.9236056953668594 0.26111239194869995 -1.5411602870668526 0.1655762791633606
Car -1 -1 -0.53 2.869530439376831 279.5199279785156 60.25704264640808 369.114501953125 1.5298783779144287 1.6410918235778809 3.474581480026245 -0.48906955122947693 0.9239648580551147 0.3279176652431488 -1.510927376837186 0.16526027023792267
Car -1 -1 -0.56 -1.9190990924835205 270.26556396484375 39.85780596733093 364.7292175292969 1.5132399797439575 1.573617696762085 3.5532660484313965 -0.8468001484870911 1.02227982878685 0.5754212737083435 -1.533436100225761 0.15462914109230042
Car -1 -1 -0.52 -2.1716654300689697 289.454833984375 35.009822607040405 372.9642333984375 1.5488113164901733 1.5691148042678833 3.351520299911499 -0.9237138032913208 1.0720137357711792 0.6094580292701721 -1.512082335733555 0.15408915281295776
Car -1 -1 -0.58 5.813860893249512 239.9567413330078 85.2761869430542 349.18829345703125 1.379684567451477 1.5012341737747192 3.7129836082458496 -2.604919195175171 1.4275447726249695 2.0844993591308594 -1.4788564618986006 0.15133589506149292
Car -1 -1 -0.56 5.677647590637207 292.687255859375 43.10839557647705 359.68194580078125 1.5632271766662598 1.5366400480270386 3.361233949661255 -0.7938424944877625 1.0379882454872131 0.6114634871482849 -1.4774105934651214 0.14988012611865997
Car -1 -1 -0.49 -4.950682163238525 254.77090454101562 47.44176244735718 372.3004455566406 1.5558182001113892 1.6720540523529053 3.611666440963745 -0.7614262700080872 1.0072310268878937 0.45066750049591064 -1.526598792545233 0.1427922397851944
Car -1 -1 -0.41 4.010656356811523 257.76715087890625 97.14859580993652 392.80194091796875 1.5484336614608765 1.555959701538086 3.8190560340881348 -1.9777833223342896 1.4000334739685059 0.8959950804710388 -1.5551632071820798 0.14180703461170197
Car -1 -1 -0.56 0.4873221516609192 297.8051452636719 33.692655861377716 366.4486999511719 1.5466609001159668 1.5467991828918457 3.3729474544525146 -0.7735398411750793 1.0196754038333893 0.5541301369667053 -1.5049147498123743 0.14163507521152496
Car -1 -1 -0.54 0.20412440598011017 242.9461669921875 36.68159098923206 380.6083679199219 1.5404483079910278 1.5936092138290405 3.509917974472046 -1.4014567136764526 1.123057782649994 0.7563909292221069 -1.6115479569044444 0.14162811636924744
Car -1 -1 -0.55 9.844635009765625 293.10137939453125 50.52804946899414 358.99163818359375 1.5637623071670532 1.5523735284805298 3.360184669494629 -0.8961014747619629 1.0759587585926056 0.701056957244873 -1.4567497096521747 0.1408168226480484
Car -1 -1 -0.62 3.4922053813934326 232.41729736328125 69.819002866745 342.4420166015625 1.4415498971939087 1.4944047927856445 3.713339328765869 -3.0198512077331543 1.5040080547332764 2.427910566329956 -1.5103866362384473 0.13853448629379272
Car -1 -1 -0.59 1.0528167486190796 261.28662109375 49.44317090511322 359.7991027832031 1.5215224027633667 1.5767236948013306 3.583346366882324 -0.6015381217002869 0.9481334537267685 0.42056557536125183 -1.5534386609093929 0.13583941757678986
Car -1 -1 -0.56 2.6016182899475098 293.0487976074219 35.81406259536743 359.3443603515625 1.5666693449020386 1.5137535333633423 3.36436128616333 -0.6910234093666077 1.0035910904407501 0.5283132195472717 -1.4828835746520763 0.1350218653678894
Car -1 -1 -0.6 -0.26375100016593933 243.49180603027344 46.43883612751961 348.8196716308594 1.3264379501342773 1.5250489711761475 3.485581159591675 -2.770799160003662 1.3746983408927917 1.9771391153335571 -1.5544394190438222 0.13478167355060577
Car -1 -1 -0.48 12.608452796936035 256.83782958984375 134.84175205230713 366.1981201171875 1.4405527114868164 1.6169168949127197 3.7467641830444336 -2.342371940612793 1.3993010520935059 1.5859988927841187 -1.4565347609473012 0.1303226798772812
Car -1 -1 -0.5 -0.6087951064109802 195.49929809570312 30.004230558872223 377.0784606933594 1.6062238216400146 1.5742005109786987 3.6449148654937744 -1.9114278554916382 1.2884177565574646 1.0957697629928589 -1.546811345983432 0.1254187524318695
Car -1 -1 -0.56 0.4916640818119049 293.7277526855469 29.388281971216202 358.6549987792969 1.5677032470703125 1.4729496240615845 3.295947790145874 -0.9231244325637817 1.0776165127754211 0.7119222283363342 -1.4776971563279968 0.12310519814491272
Car -1 -1 -0.61 0.569810152053833 227.1308135986328 27.984631776809692 361.42645263671875 1.5010530948638916 1.5717583894729614 3.4355411529541016 -1.2452582120895386 1.0309976935386658 0.8177661895751953 -1.5969585627702285 0.12292590737342834
Car -1 -1 -0.53 7.690579891204834 281.32763671875 71.3015456199646 367.59100341796875 1.51827871799469 1.626819133758545 3.478870391845703 -0.6368632912635803 0.9698785990476608 0.43577468395233154 -1.4977383338637686 0.11939766258001328
Car -1 -1 -0.48 -10.2337646484375 255.86685180664062 33.089744567871094 371.7610168457031 1.5627720355987549 1.6302635669708252 3.4890477657318115 -1.1250808238983154 1.116037368774414 0.6740179061889648 -1.5114493443700443 0.10917798429727554
Car -1 -1 -0.52 4.031574249267578 279.1966857910156 82.6235237121582 382.1932678222656 1.6015222072601318 1.6092990636825562 3.5759706497192383 -0.7176932692527771 1.044070616364479 0.44616883993148804 -1.530752757257451 0.10399660468101501
Car -1 -1 -0.5 14.489895820617676 269.48834228515625 113.99577808380127 373.3709716796875 1.6042407751083374 1.6810663938522339 3.6881721019744873 -0.7945688366889954 1.0662452578544617 0.5118127465248108 -1.4979956321701913 0.10107368975877762
Car -1 -1 -0.55 13.076715469360352 273.7016906738281 82.16070747375488 362.1982727050781 1.5116064548492432 1.6204087734222412 3.590999126434326 -0.5911654829978943 0.9531349092721939 0.42399823665618896 -1.4972078861466995 0.09880738705396652