Car -1 -1 1.76 418.5794982910156 183.0284423828125 510.3359375 248.940673828125 1.4737868309020996 1.6190917491912842 3.8759052753448486 -3.768587350845337 1.8035715818405151 19.13628578186035 1.5654129688630984 0.8749933242797852
Car -1 -1 -2.84 5.089277744293213 183.9268798828125 195.0344376564026 300.73382568359375 1.603842854499817 1.6522122621536255 3.9896113872528076 -9.007253646850586 1.7880858182907104 11.17619800567627 2.7666110093947536 0.8510537147521973
Car -1 -1 1.64 525.7733764648438 180.31719970703125 558.7686767578125 201.96658325195312 1.434980869293213 1.5862737894058228 3.7692954540252686 -4.6149492263793945 1.9790459871292114 49.902835845947266 1.5451037106684282 0.7015882730484009
Car -1 -1 1.85 420.71685791015625 179.7062530517578 508.5706787109375 233.3689727783203 1.4684410095214844 1.6063131093978882 3.9750864505767822 -4.930221080780029 1.7566241025924683 25.039886474609375 1.6596661825667143 0.34199589490890503
Van -1 -1 1.7 571.7122192382812 163.2911834716797 607.2977905273438 188.02191162109375 2.448570728302002 2.0083835124969482 5.885343074798584 -2.001464366912842 1.4775660634040833 70.99665069580078 1.6702402375927727 0.30140936374664307
Car -1 -1 2.52 439.9488525390625 178.3334197998047 503.69134521484375 218.1271209716797 1.4269368648529053 1.5757315158843994 3.942561388015747 -6.534719944000244 1.8233838081359863 34.50137710571289 2.337317405532497 0.28785568475723267
Car -1 -1 1.77 428.9112548828125 179.7587890625 500.7182312011719 227.37429809570312 1.536575198173523 1.604115605354309 3.8746750354766846 -6.077123641967773 2.079051434993744 30.545089721679688 1.5709111320470006 0.21772097051143646
Car -1 -1 -2.95 5.6331400871276855 174.9217987060547 241.6709361076355 290.314208984375 1.8003178834915161 1.6528788805007935 3.7988688945770264 -8.595632553100586 1.6891666054725647 11.605222702026367 2.6918192568067276 0.20614118874073029
Car -1 -1 2.75 447.8662414550781 179.24754333496094 504.0614318847656 212.56126403808594 1.458977222442627 1.6284822225570679 4.111797332763672 -6.377487659454346 1.8106800317764282 34.001766204833984 2.569528588235725 0.2006172090768814
Car -1 -1 -2.85 17.081233978271484 191.06639099121094 204.64263534545898 318.4389343261719 1.496948480606079 1.6010823249816895 3.742323160171509 -8.800312995910645 1.8648163080215454 11.337485313415527 2.776584930963926 0.19917619228363037
Car -1 -1 2.03 429.5284729003906 180.3940887451172 499.6864318847656 215.92335510253906 1.553506851196289 1.5964115858078003 3.9141836166381836 -6.7116217613220215 2.000030517578125 34.06685256958008 1.8380210850394079 0.1988517940044403
Car -1 -1 1.67 515.6849365234375 178.6436004638672 553.091796875 201.85879516601562 1.4515230655670166 1.6503770351409912 3.8558738231658936 -4.919458389282227 1.8987665176391602 49.52477264404297 1.57224391988965 0.18201754987239838