Car -1 -1 -1.89 511.612548828125 187.2650909423828 649.0196533203125 267.48291015625 1.356773853302002 1.590152382850647 3.82670259475708 -0.7912108898162842 1.6412848830223083 14.398571014404297 -1.9438395339756491 0.8924055099487305
Car -1 -1 -1.71 412.7174987792969 180.77520751953125 468.4891662597656 220.5350799560547 1.4092135429382324 1.651071548461914 4.109760761260986 -6.845003604888916 1.7687369585037231 28.631074905395508 -1.941535361205279 0.8722328543663025
Car -1 -1 1.73 221.50865173339844 183.58790588378906 268.34417724609375 215.87820434570312 1.538698434829712 1.6554491519927979 4.153069019317627 -18.938304901123047 2.1276049613952637 37.46554183959961 1.2655431680383984 0.8406116366386414
Van -1 -1 -2.12 666.8273315429688 113.8955307006836 1120.522216796875 379.8872299194336 1.9577115774154663 1.7609111070632935 4.4070916175842285 2.396273612976074 1.4916421175003052 7.074660778045654 -1.7947570133766453 0.8402737379074097
Car -1 -1 -1.65 400.98883056640625 178.95118713378906 443.2750549316406 213.83016967773438 1.56172776222229 1.6431678533554077 4.281040668487549 -8.987820625305176 1.8184748888015747 34.22517395019531 -1.9075357922232685 0.8212485313415527
Car -1 -1 1.8 7.492219924926758 204.65451049804688 158.79338264465332 313.9151611328125 1.3682403564453125 1.5573376417160034 3.5311665534973145 -8.405327796936035 1.914878487586975 11.631900787353516 1.1775938595127569 0.8182705640792847
Car -1 -1 1.01 1118.0760498046875 151.60279846191406 1238.3978271484375 243.94981384277344 1.3978197574615479 1.56284761428833 3.8596067428588867 10.46898078918457 1.120432436466217 11.935027122497559 1.7331523014106605 0.799568235874176
Car -1 -1 2.57 584.5037231445312 166.4320831298828 679.7572021484375 206.3772430419922 1.5891563892364502 1.6410890817642212 4.0842108726501465 0.9491745233535767 1.2774778306484222 31.025230407714844 2.595797943173869 0.754691481590271
Car -1 -1 2.09 0.31228864192962646 209.94970703125 98.17918622493744 367.954345703125 1.4870482683181763 1.5624862909317017 3.6186490058898926 -6.516984462738037 1.8777711987495422 6.957919120788574 1.333642349420784 0.7387558817863464
Car -1 -1 -2.17 652.0400390625 137.35496520996094 1094.6904296875 372.6158142089844 1.695547342300415 1.6737852096557617 4.0708746910095215 2.2030599117279053 1.4909594655036926 6.959407329559326 -1.8655520953840439 0.6773459911346436
Car -1 -1 -1.57 383.2944641113281 175.78050231933594 407.0496520996094 197.63621520996094 1.6218650341033936 1.7089892625808716 4.304147243499756 -17.230710983276367 1.9396969079971313 57.93621826171875 -1.8562423215066994 0.6739758253097534
Car -1 -1 -1.68 404.8452453613281 179.2061309814453 456.4447326660156 216.04644775390625 1.5102185010910034 1.6534361839294434 4.1071343421936035 -9.219613075256348 1.815633237361908 34.97665023803711 -1.9339836688259346 0.613402247428894
Van -1 -1 -2.65 19.689855575561523 174.23550415039062 132.81303215026855 220.9014892578125 2.3749444484710693 2.113560676574707 5.203075408935547 -27.695837020874023 2.4394363164901733 37.25029373168945 2.9938179912410874 0.6076540350914001
Car -1 -1 1.92 -1.8479418754577637 198.33236694335938 139.10864686965942 341.7060852050781 1.4564062356948853 1.5690995454788208 3.520902633666992 -8.521737098693848 2.054723560810089 11.51419448852539 1.2790438382136884 0.594927966594696
Car -1 -1 1.71 259.0361328125 184.50979614257812 290.9995422363281 205.44815063476562 1.421509861946106 1.5427957773208618 3.84041166305542 -22.82783317565918 2.222557485103607 48.75874710083008 1.2760533605784943 0.411275178194046
Van -1 -1 1.31 6.193090438842773 178.55418395996094 107.04984092712402 219.61512756347656 2.2785513401031494 1.979122281074524 4.656060218811035 -28.901418685913086 2.5057625770568848 37.24576187133789 0.651904716186321 0.40395236015319824
Car -1 -1 2.33 538.1008911132812 171.85914611816406 617.6395263671875 202.4628448486328 1.4597790241241455 1.6068108081817627 4.271407604217529 -1.6935750246047974 1.4543254971504211 36.921714782714844 2.2813916780580197 0.37035077810287476
Van -1 -1 0.6 -1.1612211465835571 183.25274658203125 88.35516679286957 223.9915008544922 2.12359619140625 1.8938241004943848 4.222250461578369 -28.670207977294922 2.505025029182434 35.834598541259766 -0.07739607663136994 0.36881089210510254
Van -1 -1 -2.57 24.89607810974121 183.52366638183594 129.02287101745605 218.34376525878906 2.395493745803833 2.105084180831909 4.94412088394165 -28.344297409057617 2.5518940687179565 38.50190734863281 3.074265111786799 0.36710044741630554
Car -1 -1 1.68 304.7831115722656 179.56890869140625 328.46807861328125 195.19322204589844 1.5220342874526978 1.6569766998291016 4.237573146820068 -29.675931930541992 2.189070403575897 72.81865692138672 1.2967482864642097 0.33840084075927734
Car -1 -1 1.7 248.02212524414062 183.92478942871094 285.5506896972656 208.49685668945312 1.4686084985733032 1.5723434686660767 3.93097186088562 -22.664945602416992 2.238501250743866 48.17744827270508 1.2634456925983368 0.32628774642944336
Car -1 -1 -3.06 3.417611837387085 202.45855712890625 126.0127809047699 323.4841613769531 1.5563652515411377 1.589338779449463 3.596925973892212 -7.176496505737305 1.8006397485733032 8.60067367553711 2.5298574783385472 0.28246068954467773
Van -1 -1 -2.1 734.1541137695312 111.04478454589844 1127.2655029296875 352.66058349609375 1.8739633560180664 1.778228759765625 4.034493446350098 2.600477457046509 1.4825923442840576 6.899460315704346 -1.7363645644358332 0.2794739305973053
Car -1 -1 3.06 32.87348556518555 182.15208435058594 127.81771469116211 221.57882690429688 1.4917848110198975 1.575231671333313 3.576735258102417 -24.459598541259766 2.1647861003875732 33.14603805541992 2.4245523539493625 0.2778078019618988
Car -1 -1 -1.95 750.28271484375 137.8603057861328 1119.2103271484375 380.5684509277344 1.550529956817627 1.6467030048370361 4.10792875289917 2.5927417278289795 1.516901671886444 6.798313140869141 -1.5872891546874284 0.27501896023750305
Car -1 -1 0.47 -3.851929187774658 189.9260711669922 88.06114912033081 226.4002685546875 1.5739202499389648 1.4662728309631348 3.396707534790039 -25.570907592773438 2.2666168212890625 31.469951629638672 -0.20811204139075823 0.2670179009437561
Car -1 -1 -2.22 715.4127807617188 116.37647247314453 1134.0255126953125 342.87589263916016 1.5900505781173706 1.4783353805541992 4.0112223625183105 2.322094440460205 1.5929795503616333 6.449244499206543 -1.8702565526607486 0.25268542766571045
Car -1 -1 2.16 -1.798835039138794 221.99510192871094 85.53501200675964 356.9808654785156 1.5863908529281616 1.5585461854934692 3.6753687858581543 -6.388105869293213 1.908852994441986 7.1531901359558105 1.429094332528413 0.2465648502111435
Car -1 -1 -1.8 516.3507690429688 180.93817138671875 659.3341064453125 257.1265563964844 1.479798436164856 1.6537694931030273 3.9580938816070557 -0.7077645659446716 1.6372306942939758 14.42952823638916 -1.8448952360301458 0.24651096761226654
Car -1 -1 -1.51 386.1583557128906 177.37692260742188 411.572021484375 199.49560546875 1.5657116174697876 1.5983778238296509 4.197036266326904 -16.893688201904297 1.9131408333778381 56.76348876953125 -1.7960122501206666 0.24558910727500916
Car -1 -1 2.01 -12.22222900390625 201.25160217285156 113.80060577392578 360.38525390625 1.407924771308899 1.6046690940856934 3.7146222591400146 -6.363858699798584 1.7271098494529724 6.961844444274902 1.2742130221634795 0.24331516027450562
Van -1 -1 0.51 4.20292329788208 184.85140991210938 109.25777101516724 225.70143127441406 2.1082537174224854 1.92566978931427 4.406286239624023 -27.149614334106445 2.551934838294983 34.63787078857422 -0.15963465173235258 0.24285246431827545
Car -1 -1 1.7 229.62799072265625 183.84341430664062 275.9277648925781 212.50204467773438 1.5087945461273193 1.574792504310608 4.305212020874023 -21.086984634399414 2.157745838165283 43.80624771118164 1.2473264045688577 0.23941907286643982
Car -1 -1 0.93 1087.4544677734375 155.5321044921875 1232.948486328125 279.09765625 1.4760186672210693 1.5778138637542725 3.6407716274261475 10.041029930114746 1.402180790901184 11.056941986083984 1.6704781212146633 0.22643034160137177
Car -1 -1 -1.69 395.5368957519531 179.85496520996094 435.8724060058594 213.3020477294922 1.5206669569015503 1.652090311050415 4.064751148223877 -9.048842430114746 1.8064995408058167 34.190101623535156 -1.9477004867329386 0.2172153741121292
Car -1 -1 -3.0 665.517333984375 107.7705078125 1181.8450927734375 358.59979248046875 1.7210693359375 1.5962222814559937 4.16703987121582 2.672816753387451 1.2778268158435822 6.3488006591796875 -2.6043157747527195 0.2128067910671234
Car -1 -1 -2.1 532.9613647460938 181.01829528808594 630.9144287109375 234.25186157226562 1.3438233137130737 1.5506774187088013 3.8218138217926025 -1.0268491506576538 1.7124237418174744 21.53666114807129 -2.1468364632864834 0.2075672745704651
Car -1 -1 1.38 639.4517822265625 88.7433853149414 1180.3486328125 432.38968658447266 1.7626910209655762 1.6462914943695068 4.378233909606934 2.3277406692504883 1.430175542831421 5.769123554229736 1.7680651110456873 0.20697534084320068
Van -1 -1 -0.84 34.15056228637695 180.1811981201172 134.66960525512695 221.65853881835938 2.001305103302002 1.9883464574813843 4.440334320068359 -26.932615280151367 2.3510608673095703 37.125736236572266 -1.469559476708846 0.201155886054039
Car -1 -1 2.29 533.091552734375 173.3370819091797 622.8907470703125 219.4723358154297 1.401872158050537 1.6189697980880737 4.200969219207764 -1.847333550453186 1.5748116970062256 36.28044509887695 2.237512067105585 0.19571316242218018
Car -1 -1 1.04 1158.757568359375 155.6431884765625 1246.9366455078125 236.72088623046875 1.5669138431549072 1.5402308702468872 3.3536019325256348 11.519186019897461 1.1351461112499237 13.283397674560547 1.758324384938886 0.19366809725761414
Car -1 -1 1.0 1107.1231689453125 152.22361755371094 1231.4844970703125 262.35821533203125 1.4719406366348267 1.594980239868164 3.6753857135772705 10.81042194366455 1.313823640346527 11.778862953186035 1.7451369539716008 0.19272607564926147
Car -1 -1 1.7 244.35267639160156 183.51165771484375 280.917724609375 210.3610076904297 1.4980741739273071 1.6137306690216064 4.13175630569458 -21.461336135864258 2.206482708454132 44.61684036254883 1.2558562270363112 0.1925469934940338
Car -1 -1 -1.84 803.7266845703125 120.85294342041016 1121.46923828125 363.76502227783203 1.7730357646942139 1.6643383502960205 4.050633430480957 3.2315568923950195 1.5842519402503967 6.728577136993408 -1.3941096197244702 0.18931816518306732
Car -1 -1 0.75 18.049901962280273 187.2047119140625 117.7989330291748 224.8782501220703 1.5001553297042847 1.5567442178726196 3.549751043319702 -24.75166130065918 2.223630726337433 31.843093872070312 0.0880432207178572 0.1882828176021576
Car -1 -1 -2.87 649.904052734375 149.32455444335938 1032.594482421875 350.6115417480469 1.611086130142212 1.3533856868743896 4.014100551605225 2.3084263801574707 1.5491827130317688 6.480956077575684 -2.525972619798793 0.18187718093395233
Car -1 -1 -0.67 568.5848999023438 98.22216033935547 1084.2664794921875 363.0256576538086 1.8022390604019165 1.5748412609100342 4.210631370544434 2.599038600921631 2.0310792326927185 6.529120445251465 -0.2867399313197785 0.18006809055805206
Car -1 -1 3.11 570.9310913085938 169.5316619873047 680.3651733398438 217.6675262451172 1.5434377193450928 1.692298173904419 4.166897296905518 0.6840950846672058 1.3524550795555115 30.44183349609375 3.129668953832259 0.16407088935375214
Car -1 -1 2.22 -10.83631706237793 205.7913360595703 82.49698829650879 322.872802734375 1.5299667119979858 1.498464822769165 3.5563571453094482 -5.839759349822998 1.6747198700904846 6.456961631774902 1.481819967300944 0.15835407376289368
Van -1 -1 -1.7 16.764188766479492 184.110595703125 130.20759391784668 236.28521728515625 2.180758476257324 2.0107614994049072 5.084427833557129 -27.22689437866211 2.4750641584396362 36.77326202392578 -2.3370878516943643 0.15708424150943756
Car -1 -1 -1.73 390.5032043457031 180.33888244628906 424.73577880859375 211.1891632080078 1.5156162977218628 1.6356573104858398 3.8585011959075928 -9.995171546936035 1.9374046921730042 36.11867904663086 -1.9984876735697377 0.15009187161922455
Car -1 -1 -1.52 391.3764953613281 178.0408935546875 434.8396301269531 208.4000701904297 1.5920473337173462 1.617996096611023 4.122376441955566 -10.469576835632324 1.943443238735199 38.931636810302734 -1.7835654620956678 0.1356981098651886
Car -1 -1 -1.54 388.3182678222656 177.57565307617188 423.7064514160156 205.74752807617188 1.5256712436676025 1.5862476825714111 4.063006401062012 -14.697785377502441 1.9349515438079834 51.99464416503906 -1.8169182628133305 0.11703861504793167
Car -1 -1 1.72 545.6421508789062 175.0718231201172 669.3727416992188 237.8459930419922 1.4990496635437012 1.6612401008605957 4.165769100189209 0.35483160614967346 1.3806431293487549 32.224308013916016 1.734325041213153 0.1160799115896225