Car -1 -1 2.13 123.7231216430664 186.9320068359375 233.83053588867188 231.1150665283203 1.3952933549880981 1.5867491960525513 4.006364345550537 -15.859842300415039 1.9854479432106018 26.764646530151367 1.5949374855950582 0.8523526787757874
Car -1 -1 2.14 39.349002838134766 179.21861267089844 150.24391555786133 228.9149627685547 1.670907735824585 1.5836812257766724 3.5387964248657227 -19.884519577026367 1.9675806760787964 27.841079711914062 1.5212976191979637 0.7855237722396851
Car -1 -1 2.03 222.559814453125 174.9071807861328 286.931396484375 209.32687377929688 1.8512027263641357 1.6710206270217896 4.080516338348389 -19.614269256591797 1.9393055438995361 39.8143196105957 1.5711687684383069 0.7823471426963806
Car -1 -1 1.94 356.35455322265625 181.54776000976562 396.9751892089844 204.43209838867188 1.4463658332824707 1.5802842378616333 3.3295700550079346 -16.307313919067383 2.102028727531433 50.417789459228516 1.6256313479083833 0.7767643928527832
Car -1 -1 1.87 395.72845458984375 180.3529815673828 432.8932189941406 203.4058837890625 1.5664167404174805 1.6443202495574951 3.4672374725341797 -13.922192573547363 2.0914456844329834 51.49510955810547 1.6058281414251425 0.7680420279502869
Car -1 -1 2.34 14.617722511291504 174.5605010986328 146.09365940093994 230.07923889160156 1.8371213674545288 1.6325170993804932 4.192725658416748 -20.510908126831055 1.9369751811027527 27.032806396484375 1.6915703802050066 0.6775472164154053
Van -1 -1 2.38 3.128056526184082 164.9471435546875 63.082261085510254 235.67811584472656 2.2337474822998047 1.9168733358383179 5.149831295013428 -20.990062713623047 1.9726863503456116 23.31603240966797 1.6453577388728151 0.5029349327087402
Car -1 -1 2.36 0.937730073928833 168.7438507080078 58.58529019355774 234.78224182128906 1.6937839984893799 1.7453538179397583 4.54207706451416 -18.871318817138672 1.7215497493743896 20.50899887084961 1.6203611572590857 0.4528120458126068
Car -1 -1 2.41 -0.3111041784286499 166.30703735351562 79.989471077919 238.44859313964844 1.9062976837158203 1.7177996635437012 4.80099630355835 -19.314308166503906 1.8685802817344666 21.75166130065918 1.6852846811801676 0.39531412720680237
Car -1 -1 1.76 449.7139587402344 179.8772430419922 476.96868896484375 196.86314392089844 1.488323450088501 1.599135398864746 3.5095443725585938 -13.038165092468262 2.126538395881653 64.20254516601562 1.563028323843887 0.318607896566391
Van -1 -1 2.38 3.1367971897125244 171.752197265625 52.087785959243774 231.68841552734375 2.0365889072418213 1.9131789207458496 5.068166255950928 -18.954179763793945 1.8815271854400635 20.786874771118164 1.6439581212728651 0.3183745741844177
Car -1 -1 2.47 44.84412384033203 183.86170959472656 139.1561737060547 226.65077209472656 1.524829387664795 1.5294407606124878 3.434389114379883 -20.577184677124023 1.982720971107483 28.181367874145508 1.842857381234242 0.22288617491722107
Car -1 -1 2.46 2.7996416091918945 171.9987335205078 96.60122394561768 233.94570922851562 1.8668566942214966 1.6627328395843506 4.283318519592285 -20.01070785522461 1.9744279980659485 23.99640464782715 1.7617291070777892 0.22082845866680145
Car -1 -1 2.36 2.937350273132324 172.89108276367188 46.254488945007324 231.96434020996094 1.608976125717163 1.676079273223877 4.457544326782227 -18.97861099243164 1.7262552976608276 20.48847198486328 1.6125720779679265 0.21892191469669342
Van -1 -1 2.46 1.4862360954284668 169.51405334472656 34.07186841964722 230.99061584472656 2.039113998413086 1.936895728111267 4.767025947570801 -19.15545654296875 1.7793810963630676 20.748313903808594 1.7159166316730055 0.20215466618537903
Van -1 -1 2.51 6.077306270599365 169.7559051513672 82.53724431991577 236.87838745117188 2.0282957553863525 1.927306890487671 4.653291702270508 -20.25787925720215 1.9087596535682678 23.653541564941406 1.8014267309489673 0.2011609971523285
Car -1 -1 2.23 101.4783935546875 185.97926330566406 224.6924591064453 239.6008758544922 1.445359230041504 1.6236106157302856 4.054908275604248 -16.00298309326172 2.0949783325195312 26.36419677734375 1.688876578199042 0.19089935719966888
Car -1 -1 2.27 117.40779876708984 184.04324340820312 241.1630859375 246.3130645751953 1.4917062520980835 1.6593302488327026 4.17872953414917 -15.722420692443848 2.0546050667762756 26.414026260375977 1.7314827169394764 0.19008833169937134
Van -1 -1 2.48 0.04481592774391174 170.9667510986328 21.478352457284927 227.9938507080078 2.0285391807556152 1.9223438501358032 4.653984069824219 -19.840930938720703 1.8119506239891052 21.594411849975586 1.7320492689262563 0.17030222713947296
Car -1 -1 2.28 24.498191833496094 178.97315979003906 161.89058685302734 237.22607421875 1.498104453086853 1.6103575229644775 4.207787990570068 -19.448345184326172 2.053517520427704 27.375337600708008 1.6583930804943385 0.16133694350719452