Car -1 -1 2.13 83.21295928955078 187.6891326904297 208.66468811035156 245.5648651123047 1.5124194622039795 1.5618432760238647 3.4800467491149902 -14.044229507446289 1.997261643409729 21.979124069213867 1.5647180777198146 0.8563552498817444
Car -1 -1 1.95 311.2292175292969 183.21597290039062 370.9210205078125 213.9164581298828 1.455098271369934 1.5455670356750488 3.6235594749450684 -13.97027587890625 2.0158297419548035 37.5679817199707 1.595639868905078 0.856177806854248
Car -1 -1 2.07 276.3844909667969 180.3455047607422 339.2492980957031 213.53346252441406 1.642167329788208 1.5973467826843262 3.7080514430999756 -16.202285766601562 2.0447009801864624 38.9227180480957 1.6768543829358897 0.7983379364013672
Car -1 -1 2.2 32.58570861816406 190.3302459716797 163.90951538085938 243.3592071533203 1.5113435983657837 1.4715019464492798 3.4385557174682617 -16.128984451293945 2.075068414211273 22.816997528076172 1.5853887174571177 0.7428804636001587
Car -1 -1 1.84 424.2298889160156 180.01686096191406 456.0979919433594 199.71463012695312 1.5648757219314575 1.6679109334945679 3.648761510848999 -14.170750617980957 2.1760526299476624 60.31691360473633 1.6103602538559647 0.6930487751960754
Car -1 -1 2.21 1.489920973777771 177.0582733154297 109.63117158412933 230.37220764160156 1.6672165393829346 1.5679508447647095 3.557896137237549 -19.976520538330078 1.875493049621582 25.566566467285156 1.546770592828275 0.5782657861709595
Van -1 -1 2.25 4.197202205657959 176.07763671875 106.79866552352905 233.4937744140625 1.8732538223266602 1.7172458171844482 3.9754130840301514 -21.25861167907715 2.0559202432632446 27.317861557006836 1.586069697549365 0.48942431807518005
Car -1 -1 2.28 16.01856231689453 185.12686157226562 149.41443634033203 234.90455627441406 1.6420468091964722 1.5693187713623047 3.6918554306030273 -20.015636444091797 2.1158252358436584 26.52236557006836 1.6336499797099027 0.4663095772266388
Car -1 -1 2.26 44.845603942871094 187.58743286132812 207.07024383544922 242.27256774902344 1.5396625995635986 1.5949690341949463 4.1031341552734375 -14.395956039428711 2.116927981376648 22.175935745239258 1.6815132507570532 0.389758825302124
Car -1 -1 1.99 302.62646484375 181.11988830566406 362.4870300292969 213.0837860107422 1.571366786956787 1.5451292991638184 3.577207326889038 -14.711615562438965 2.05374538898468 38.276798248291016 1.6215811050109057 0.3854309618473053
Car -1 -1 2.04 281.1871032714844 178.92918395996094 347.34161376953125 210.29234313964844 1.6288715600967407 1.5987699031829834 3.765455961227417 -16.299352645874023 2.1102452874183655 39.61070251464844 1.6509246298725344 0.2637743651866913
Car -1 -1 2.26 49.987083435058594 186.99484252929688 176.50942993164062 240.18304443359375 1.490460753440857 1.5144942998886108 3.507772445678711 -16.396944046020508 2.0528813004493713 23.777040481567383 1.6540788124827248 0.2602475881576538
Cyclist -1 -1 -3.08 697.9960327148438 173.81983947753906 711.5455932617188 202.26600646972656 1.8197860717773438 0.5842319130897522 1.8151731491088867 6.059902667999268 1.806808054447174 45.553924560546875 -2.9487474466182784 0.22538341581821442
Car -1 -1 2.17 13.299066543579102 186.08164978027344 127.48564338684082 239.24061584472656 1.5769026279449463 1.5398037433624268 3.353034734725952 -19.567577362060547 2.1048548221588135 25.906740188598633 1.5276707285850737 0.22434814274311066
Car -1 -1 2.19 68.81660461425781 183.45230102539062 195.8870849609375 237.4871063232422 1.5661704540252686 1.5730366706848145 3.5788919925689697 -15.25479793548584 1.9797475337982178 23.237306594848633 1.6138731021321453 0.20998252928256989
Van -1 -1 2.78 3.215940237045288 172.22129821777344 18.163482427597046 223.8414764404297 2.1842570304870605 2.0043983459472656 4.807647228240967 -22.554161071777344 2.028096616268158 24.270254135131836 2.031045487048697 0.1682068556547165
Van -1 -1 2.65 4.766698360443115 171.4566192626953 21.696391582489014 224.55784606933594 2.2286455631256104 1.9916354417800903 4.857285976409912 -21.779685974121094 2.0208343267440796 23.565649032592773 1.901379040409135 0.1652025282382965