Car -1 -1 -1.8 774.524658203125 166.9058074951172 941.4474487304688 275.4044189453125 1.449627161026001 1.633408546447754 3.979611873626709 3.8294076919555664 1.3995933532714844 11.96498966217041 -1.48724844481323 0.880191445350647
Car -1 -1 -1.72 753.4613647460938 163.29234313964844 848.3701782226562 237.46937561035156 1.6279816627502441 1.683092474937439 4.2814435958862305 4.470219612121582 1.3910666704177856 17.4757080078125 -1.4659480947627133 0.8621536493301392
Car -1 -1 -1.59 750.9940795898438 158.63487243652344 811.3831176757812 217.74688720703125 1.7015875577926636 1.6203787326812744 3.6195950508117676 5.482697010040283 1.2506555318832397 23.374431610107422 -1.3631126144994195 0.4990251064300537
Truck -1 -1 -1.62 787.3538818359375 133.92674255371094 824.1217651367188 192.42437744140625 3.49208402633667 2.4702324867248535 8.075145721435547 12.160969734191895 1.087950885295868 46.23759460449219 -1.3671012898649408 0.3827360272407532
Car -1 -1 -1.6 749.6453857421875 158.79898071289062 827.6835327148438 226.55856323242188 1.6983476877212524 1.6708840131759644 4.074086666107178 5.5875325202941895 1.3430813252925873 23.167152404785156 -1.3647780811531325 0.38081610202789307
Van -1 -1 -1.53 751.08642578125 154.9973907470703 813.3324584960938 212.90280151367188 2.039048910140991 1.7146333456039429 4.317209243774414 5.996338844299316 1.332839012145996 25.051002502441406 -1.2910523040789368 0.33890295028686523
Van -1 -1 2.37 -2.6038928031921387 19.81246566772461 360.9682812690735 356.13439559936523 2.2987122535705566 1.970844030380249 5.830455303192139 -3.1423351764678955 1.5320681035518646 2.9913763999938965 1.5599234148729515 0.3380807638168335
Car -1 -1 -1.72 765.7705078125 162.85714721679688 921.1255493164062 263.9352111816406 1.5310860872268677 1.645386815071106 4.008609771728516 3.6471197605133057 1.3626445531845093 12.10989761352539 -1.4271776415640858 0.29834187030792236
Truck -1 -1 -1.07 780.3350830078125 133.1378631591797 828.8690185546875 187.15411376953125 3.4675040245056152 2.3348264694213867 8.196435928344727 13.016632080078125 0.8253410458564758 48.24576187133789 -0.8096573259109667 0.29728683829307556
Van -1 -1 -1.71 752.5071411132812 161.67257690429688 850.4908447265625 239.19296264648438 1.8242055177688599 1.6973183155059814 4.227438449859619 4.619433879852295 1.4964011907577515 17.965110778808594 -1.4548964675389389 0.29246440529823303
Car -1 -1 -1.72 760.7927856445312 164.77560424804688 874.4376220703125 248.1191864013672 1.483228325843811 1.6228755712509155 3.9090359210968018 4.269082546234131 1.354114294052124 16.736328125 -1.474963120735513 0.2693790793418884
Car -1 -1 -1.66 749.4768676757812 164.72140502929688 814.6246337890625 229.39761352539062 1.5316592454910278 1.6155937910079956 3.6558425426483154 5.153731346130371 1.3708254098892212 22.051677703857422 -1.4268427819398948 0.2473408281803131
Van -1 -1 -1.55 787.3538818359375 133.92674255371094 824.1217651367188 192.42437744140625 2.5221166610717773 2.177044630050659 5.619596004486084 10.859931945800781 0.7916302978992462 41.64665985107422 -1.2967699526797505 0.22868335247039795
Car -1 -1 -1.62 751.0874633789062 165.68284606933594 804.7718505859375 224.43702697753906 1.5263320207595825 1.621780276298523 3.67193341255188 5.473363876342773 1.385021686553955 23.86282730102539 -1.3927621117250535 0.22090435028076172
Truck -1 -1 2.15 5.4430694580078125 6.422638893127441 351.5290069580078 345.93557834625244 3.277971029281616 2.22381854057312 7.375884056091309 -2.6026828289031982 1.6580428909510374 2.844937324523926 1.4061598969991707 0.2168758660554886
Pedestrian -1 -1 1.58 787.3538818359375 133.92674255371094 824.1217651367188 192.42437744140625 1.8698824644088745 0.7343838810920715 0.8260226249694824 9.07088851928711 0.7522585391998291 33.78806686401367 1.8392908730618975 0.20122015476226807
Car -1 -1 -1.67 759.2243041992188 155.51307678222656 837.5123291015625 232.06356811523438 1.5948801040649414 1.6502325534820557 3.8728630542755127 4.366926670074463 1.2810033857822418 17.03359603881836 -1.4159892294022525 0.19819863140583038
Van -1 -1 -1.59 751.7261962890625 158.8773193359375 823.356689453125 223.18716430664062 2.0464584827423096 1.6635338068008423 4.524075984954834 6.149087429046631 1.4696002006530762 26.041603088378906 -1.36225499125461 0.18161629140377045
Truck -1 -1 -0.83 773.8123168945312 138.11619567871094 828.6654052734375 194.99781799316406 3.503203868865967 2.3925869464874268 8.01081657409668 12.372430801391602 1.0514806509017944 47.13848876953125 -0.5753137672091997 0.18057280778884888
Truck -1 -1 -1.75 777.2550659179688 142.51853942871094 821.19482421875 198.24107360839844 3.532489061355591 2.499386787414551 8.099968910217285 11.29804515838623 1.2768379151821136 43.070648193359375 -1.4961325868065662 0.16686774790287018
Car -1 -1 -1.65 1228.1480712890625 154.98667907714844 1245.5675048828125 364.7882995605469 1.5659109354019165 1.637116551399231 4.060018062591553 5.10806941986084 1.6687740683555603 2.834104299545288 -0.5874531742529734 0.15646083652973175
Van -1 -1 -1.51 761.5538940429688 156.25115966796875 831.7992553710938 220.635498046875 2.5040485858917236 1.9255023002624512 5.185000419616699 7.749358177185059 1.3662015348672867 30.480844497680664 -1.2623247778178124 0.14178228378295898