Car -1 -1 1.8 399.4144287109375 184.760986328125 528.330322265625 269.4303894042969 1.458492398262024 1.665757179260254 4.31929874420166 -2.962250232696533 1.759545385837555 15.2216796875 1.6082683392782888 0.8834094405174255
Car -1 -1 -1.77 701.2523193359375 184.4618682861328 821.2711791992188 268.91973876953125 1.4872606992721558 1.6155357360839844 3.8701417446136475 3.020792007446289 1.7807254195213318 15.284767150878906 -1.5787470492602278 0.8677834272384644
Car -1 -1 1.26 763.149658203125 172.0352020263672 1029.98779296875 363.48663330078125 1.694575548171997 1.6825642585754395 3.898671865463257 3.033241033554077 1.760951817035675 8.417563438415527 1.6013630391420675 0.8636113405227661
Car -1 -1 0.1 677.742919921875 185.6208038330078 751.3477172851562 241.42691040039062 1.4087003469467163 1.600771427154541 3.916985034942627 2.934941291809082 1.8288326859474182 21.005722045898438 0.23769891190303394 0.8596032857894897
Car -1 -1 1.72 472.2781677246094 178.50592041015625 543.137451171875 235.21949768066406 1.663936734199524 1.6663180589675903 4.278940200805664 -3.2140121459960938 1.8503389954566956 22.832067489624023 1.5819916860242564 0.8421861529350281
Car -1 -1 1.7 516.6159057617188 181.00482177734375 564.2603149414062 218.47262573242188 1.5972799062728882 1.635675311088562 4.015209674835205 -3.012052297592163 1.942864716053009 31.715274810791016 1.6029975450540412 0.8300802111625671
Car -1 -1 1.46 664.747802734375 182.5133056640625 699.1293334960938 212.22357177734375 1.4946584701538086 1.5796282291412354 3.6227006912231445 3.648491144180298 1.9678014516830444 36.413604736328125 1.5628049177035157 0.7704713344573975
Car -1 -1 1.64 542.1248779296875 180.78538513183594 578.9650268554688 209.0421142578125 1.4871437549591064 1.5877580642700195 3.741717576980591 -2.645176410675049 1.9085768461227417 39.114784240722656 1.5746076608461141 0.7419106960296631
Car -1 -1 1.62 537.9768676757812 180.32427978515625 575.1817016601562 211.1951904296875 1.5835908651351929 1.561492919921875 3.845367193222046 -2.723017692565918 1.975139558315277 39.610504150390625 1.5528193327735647 0.5173551440238953
Car -1 -1 1.63 529.4159545898438 181.56118774414062 570.50927734375 215.35415649414062 1.4812604188919067 1.6066263914108276 3.8086798191070557 -2.8095340728759766 1.8615867495536804 31.63715171813965 1.545688697077079 0.43501824140548706
Car -1 -1 1.71 482.8639221191406 180.33685302734375 550.0712890625 233.7488250732422 1.524073600769043 1.6192604303359985 4.110086917877197 -3.1275126934051514 1.8081144094467163 22.652626037597656 1.5710825851051347 0.4225071370601654
Car -1 -1 1.51 658.83984375 179.1580047607422 693.9593505859375 209.5714569091797 1.5040347576141357 1.5557339191436768 3.3996365070343018 3.6442317962646484 1.936539888381958 36.66603469848633 1.6090237336832551 0.42177093029022217
Car -1 -1 1.75 460.5711669921875 180.7560577392578 545.1802978515625 243.33819580078125 1.559074878692627 1.6093547344207764 4.214075088500977 -3.2378218173980713 1.8803514242172241 22.94731330871582 1.6068959962015583 0.340484082698822
Car -1 -1 1.8 435.6594543457031 184.64215087890625 505.1419372558594 236.25022888183594 1.509884238243103 1.6072596311569214 4.1966705322265625 -4.927588939666748 1.9334729313850403 25.087106704711914 1.6037787697634993 0.30829185247421265
Van -1 -1 1.57 646.4036254882812 167.92726135253906 672.6090087890625 195.2271270751953 2.260686159133911 1.860127329826355 5.492705345153809 4.210195541381836 1.9614285230636597 61.07392883300781 1.6371382461864545 0.3029080629348755
Car -1 -1 1.69 679.5882568359375 188.40159606933594 763.9299926757812 245.82655334472656 1.4092925786972046 1.6029132604599 3.838939905166626 2.965120315551758 1.8416956067085266 20.530242919921875 1.838334633490529 0.29389065504074097
Car -1 -1 1.64 503.298828125 180.9585418701172 555.468505859375 224.63613891601562 1.548515796661377 1.5485855340957642 3.989621639251709 -3.0150864124298096 1.9785345792770386 31.93401336669922 1.5475749503814997 0.2888225317001343
Car -1 -1 1.54 647.7633666992188 172.6822967529297 672.865478515625 197.67697143554688 1.725663185119629 1.6195919513702393 3.7522242069244385 3.910369396209717 1.8882157802581787 55.72998046875 1.6061348909572697 0.2781788408756256
Car -1 -1 1.75 415.5860900878906 183.3316192626953 513.3279418945312 252.01856994628906 1.5958900451660156 1.672456979751587 4.336297988891602 -3.632603406906128 1.8426544666290283 18.259740829467773 1.552778107518077 0.27790430188179016
Car -1 -1 0.51 678.8875732421875 185.2137451171875 739.971923828125 233.326416015625 1.4033271074295044 1.5500279664993286 3.4704527854919434 3.023526668548584 1.7645674347877502 22.103191375732422 0.6450852022244629 0.27669596672058105
Van -1 -1 1.49 647.5822143554688 169.9267578125 675.970458984375 197.5367431640625 2.1569294929504395 1.8983160257339478 5.03291130065918 4.36654806137085 2.0411341786384583 60.901336669921875 1.5572133617516473 0.2706836462020874
Car -1 -1 1.75 432.3257141113281 185.2184295654297 530.5809326171875 255.2367706298828 1.5815882682800293 1.6473270654678345 4.29422664642334 -2.9379799365997314 1.7962993383407593 16.320823669433594 1.572397162649768 0.26420408487319946
Van -1 -1 1.7 470.9268798828125 179.2984619140625 543.1012573242188 237.15953063964844 1.8758901357650757 1.737341284751892 4.266529083251953 -3.3315412998199463 2.0688465237617493 23.828672409057617 1.5579354726045036 0.2621862590312958
Car -1 -1 -1.76 692.6766357421875 187.4287109375 794.880126953125 259.73828125 1.4691593647003174 1.6073330640792847 3.8368325233459473 3.1273934841156006 1.783872365951538 17.895376205444336 -1.583609086705387 0.2428428679704666
Car -1 -1 0.58 461.7965393066406 185.816650390625 533.78955078125 246.8443145751953 1.464490294456482 1.57126784324646 3.9505014419555664 -3.2322065830230713 1.9482046961784363 21.173019409179688 0.4316170931240051 0.2324664294719696
Car -1 -1 1.35 796.0545654296875 180.4540557861328 1023.6849365234375 331.3817443847656 1.568679928779602 1.6012928485870361 3.779520034790039 3.2123632431030273 1.7529040575027466 8.538792610168457 1.704835682924239 0.22702626883983612
Car -1 -1 1.88 666.279052734375 183.582763671875 710.7462158203125 220.6695098876953 1.4761590957641602 1.5320061445236206 3.5005855560302734 3.6671314239501953 2.02305805683136 36.48141098022461 1.983433882083629 0.2238898128271103
Car -1 -1 1.51 649.7833251953125 174.77548217773438 675.1032104492188 199.5120391845703 1.6743292808532715 1.57298743724823 3.760045051574707 4.080760955810547 2.0514917373657227 55.147640228271484 1.5850587050754772 0.22313877940177917
Car -1 -1 -0.56 707.2608642578125 181.99069213867188 835.5455932617188 280.2702331542969 1.487730860710144 1.5928075313568115 3.8047006130218506 3.0937130451202393 1.7955182194709778 15.085248947143555 -0.3601239329901107 0.22249506413936615
Car -1 -1 1.42 653.7067260742188 177.36500549316406 685.9591064453125 205.89022827148438 1.5065333843231201 1.5670353174209595 3.418858528137207 3.5918126106262207 1.9342174530029297 38.00481033325195 1.514685390424745 0.22187894582748413
Car -1 -1 2.33 675.8517456054688 183.68115234375 731.0433349609375 229.2407684326172 1.4920079708099365 1.5198785066604614 3.659010648727417 3.490785837173462 1.9163143634796143 28.155866622924805 2.455298495657762 0.1393175721168518