Car -1 -1 2.93 699.1099853515625 168.81817626953125 767.0994873046875 195.48574829101562 1.4145702123641968 1.5902611017227173 3.7083592414855957 7.039721965789795 1.195694088935852 41.429443359375 3.1001075369182507 0.8359260559082031
Car -1 -1 2.9 201.153564453125 170.79800415039062 297.86492919921875 204.4829559326172 1.5793020725250244 1.7499061822891235 3.9089038372039795 -17.891002655029297 1.5207039713859558 35.860836029052734 2.4326933873032193 0.8271634578704834
Van -1 -1 1.1 782.2008666992188 159.78326416015625 825.1205444335938 188.14137268066406 2.154357433319092 1.927553415298462 4.899353981018066 15.057557106018066 1.1364532858133316 56.0710563659668 1.3599293013667264 0.694699764251709
Van -1 -1 1.99 180.52249145507812 157.58119201660156 249.16981506347656 199.30870056152344 2.5684032440185547 1.9730063676834106 5.618264198303223 -25.934316635131836 1.4912729263305664 47.114952087402344 1.4888775721833616 0.6937406063079834
Van -1 -1 1.36 178.51541137695312 162.8730010986328 266.3552551269531 198.66580200195312 2.243612766265869 1.7789967060089111 4.905936241149902 -25.160417556762695 1.5764763951301575 46.6942253112793 0.8634579290242321 0.41398367285728455
Car -1 -1 2.78 191.24803161621094 167.31387329101562 286.87615966796875 202.30906677246094 1.6031464338302612 1.6167601346969604 4.116453647613525 -20.398780822753906 1.4198453426361084 39.86619567871094 2.3096776128317282 0.29233312606811523
Truck -1 -1 1.95 180.52249145507812 157.58119201660156 249.16981506347656 199.30870056152344 3.182718515396118 2.4709510803222656 8.201003074645996 -26.968530654907227 1.7503116130828857 49.12052917480469 1.4522502890000766 0.282107412815094
Car -1 -1 -2.13 818.7675170898438 165.18313598632812 860.8646240234375 187.61041259765625 1.4861655235290527 1.5745313167572021 3.313398599624634 16.092735290527344 0.9946077764034271 50.72866439819336 -1.8277715388271574 0.2806515395641327
Van -1 -1 0.66 973.989013671875 157.30667114257812 1048.02880859375 184.77871704101562 1.8669300079345703 1.7489622831344604 4.248806953430176 26.518842697143555 0.8163149431347847 47.677947998046875 1.1707685782538713 0.26825588941574097
Car -1 -1 -2.16 1069.002685546875 159.3822479248047 1123.506103515625 184.2023162841797 1.6165452003479004 1.653307318687439 3.998337984085083 33.93114471435547 0.7337916940450668 50.49888610839844 -1.5669496510497432 0.26518335938453674
Car -1 -1 2.75 185.7561492919922 163.30589294433594 277.0145568847656 199.13616943359375 1.7496448755264282 1.6299926042556763 4.084568023681641 -22.246578216552734 1.302925854921341 41.98671340942383 2.2642169445289255 0.2618544399738312
Truck -1 -1 1.58 1074.973876953125 120.32157135009766 1233.559326171875 188.4561767578125 3.7525718212127686 2.779637098312378 12.358945846557617 33.03242874145508 0.5872939825057983 41.35367202758789 2.253014619530017 0.25597068667411804
Car -1 -1 1.35 785.8038940429688 157.9007568359375 822.385498046875 187.36032104492188 1.9603004455566406 1.7191625833511353 4.11307954788208 13.90805721282959 0.9930299380794168 51.50724411010742 1.610382984269397 0.24328939616680145
Car -1 -1 0.69 973.989013671875 157.30667114257812 1048.02880859375 184.77871704101562 1.7178308963775635 1.6620984077453613 4.090817928314209 25.177352905273438 0.7753074392676353 45.198394775390625 1.1977134102562577 0.23761169612407684
Van -1 -1 2.91 199.0855255126953 169.77867126464844 300.079345703125 205.42340087890625 1.9712191820144653 1.7518023252487183 4.380847454071045 -19.216938018798828 1.6108527779579163 38.2541389465332 2.4470173367629755 0.22094054520130157
Car -1 -1 1.0 177.9794921875 161.36148071289062 251.96923828125 200.1173553466797 1.8430482149124146 1.6724202632904053 4.038376808166504 -24.132373809814453 1.5438044667243958 44.47203063964844 0.5049156657256306 0.21484024822711945
Van -1 -1 2.58 186.20025634765625 164.8321075439453 279.9893493652344 201.7587127685547 2.160987615585327 1.8507956266403198 4.978201389312744 -22.44401741027832 1.5485179126262665 43.145530700683594 2.1030970469273997 0.20812661945819855
Car -1 -1 -1.71 529.6419067382812 85.97394561767578 573.1161499023438 112.97833251953125 1.7336400747299194 1.8695673942565918 4.532600402832031 -4.243197917938232 -4.3251641392707825 57.47453308105469 -1.7825110693140296 0.20185847580432892
Truck -1 -1 2.23 1106.6263427734375 127.97063446044922 1230.6104736328125 180.81629943847656 3.5214860439300537 2.50447416305542 10.099393844604492 32.08317565917969 0.8099532127380371 40.143611907958984 2.8999610491740064 0.18783867359161377
Car -1 -1 1.8 854.7796020507812 164.0044708251953 903.9240112304688 187.01588439941406 1.479490041732788 1.589768648147583 3.443850040435791 19.685630798339844 0.9266656190156937 52.48591613769531 2.158306333967097 0.1865336000919342
Car -1 -1 2.0 196.3353271484375 171.67459106445312 278.61663818359375 204.61842346191406 1.5608643293380737 1.6585357189178467 3.8071277141571045 -17.866622924804688 1.5264682173728943 35.408145904541016 1.5345436852786918 0.18502004444599152
Van -1 -1 2.46 1222.1116943359375 140.06103515625 1239.7010498046875 193.54244995117188 2.3045451641082764 2.076590061187744 5.633383274078369 27.555879592895508 0.9465179145336151 28.138282775878906 -3.0494494100482363 0.16791334748268127
Car -1 -1 -1.79 1225.1689453125 158.18692016601562 1239.6158447265625 225.77684020996094 1.7534018754959106 1.6833734512329102 4.148825645446777 15.957390785217285 1.4093741178512573 15.584312438964844 -0.9886393322486757 0.16482745110988617
Car -1 -1 2.02 95.84076690673828 15.50603199005127 144.8616943359375 48.22635746002197 1.593049168586731 1.6643329858779907 4.221127986907959 -31.939842224121094 -8.32204955816269 47.02278137207031 1.4248443202212249 0.15832023322582245
Van -1 -1 1.41 1224.615966796875 144.5764923095703 1239.162109375 195.0940399169922 2.2324020862579346 2.094860792160034 5.481031894683838 27.79493522644043 1.0334742963314056 28.493478775024414 2.187471848238527 0.15543071925640106
Truck -1 -1 2.39 1118.4146728515625 131.84344482421875 1226.1912841796875 186.19554138183594 3.5182583332061768 2.4728035926818848 9.676030158996582 32.8444709777832 0.9199898838996887 40.7452507019043 3.0709002016995157 0.14535579085350037
Car -1 -1 -0.62 1227.0791015625 147.91690063476562 1239.2652587890625 254.01675415039062 1.7879440784454346 1.7143330574035645 4.482197284698486 13.921773910522461 1.4935706853866577 12.26803970336914 0.23273171186092334 0.13279663026332855