Car -1 -1 -0.27 719.6995239257812 184.48057556152344 958.9907836914062 271.02545166015625 1.5445467233657837 1.6268537044525146 3.975334644317627 4.378431797027588 1.794525682926178 13.84033489227295 0.04127011780717016 0.8840259909629822
Car -1 -1 -2.62 99.80760192871094 185.4635772705078 331.6392822265625 268.2112121582031 1.5076459646224976 1.612451434135437 4.0405402183532715 -7.794829845428467 1.7857528328895569 14.520106315612793 -3.108694880751063 0.8646881580352783
Car -1 -1 0.73 3.5002236366271973 195.8622283935547 211.94481897354126 314.3975830078125 1.5300503969192505 1.617087960243225 4.552534103393555 -8.154828071594238 1.7788074612617493 9.71928882598877 0.028876269383244946 0.8280759453773499
Car -1 -1 -0.32 692.5904541015625 189.02101135253906 885.578369140625 260.31640625 1.4196419715881348 1.647810935974121 4.136736869812012 4.173707485198975 1.8593153953552246 16.84568214416504 -0.0789154619462602 0.8113244771957397
Car -1 -1 1.38 456.9490661621094 184.71607971191406 489.0999755859375 208.53016662597656 1.558788776397705 1.6546533107757568 3.710203170776367 -9.176319122314453 2.3646541833877563 48.597900390625 1.1968311573423644 0.7563835978507996
Car -1 -1 -2.87 180.0460205078125 184.5811309814453 356.54290771484375 250.1454315185547 1.504677653312683 1.6263959407806396 3.778214931488037 -8.38726806640625 1.8227073550224304 17.854564666748047 2.97798489001144 0.7480114102363586
Car -1 -1 -2.76 199.6700897216797 175.548095703125 368.8166809082031 246.94520568847656 1.702407717704773 1.6725916862487793 4.133249282836914 -8.553865432739258 1.8666724562644958 19.131383895874023 3.103632053300755 0.7376254200935364
Car -1 -1 -2.36 -0.9518253803253174 190.98529052734375 74.82822680473328 359.61407470703125 1.4432189464569092 1.5722914934158325 4.030764102935791 -7.8669352531433105 1.7346891164779663 6.757828712463379 3.063100626472597 0.7322571277618408
Car -1 -1 -2.81 145.0911102294922 186.65713500976562 344.3937072753906 255.54940795898438 1.528036117553711 1.6244243383407593 3.975510835647583 -8.440302848815918 1.7998757362365723 17.79329490661621 3.032142063617737 0.6706379055976868
Car -1 -1 -2.34 3.08489990234375 194.82839965820312 59.80869674682617 361.8125915527344 1.4940985441207886 1.615318775177002 4.1706132888793945 -7.551051616668701 1.714690387248993 6.490724563598633 3.078948230342764 0.6697763800621033
Car -1 -1 -2.86 241.600830078125 179.21002197265625 391.37579345703125 233.61068725585938 1.5551482439041138 1.5913074016571045 3.8707213401794434 -8.805185317993164 1.8338938355445862 22.020822525024414 3.0395202018644563 0.5450305342674255
Car -1 -1 -1.08 1172.8233642578125 221.6165771484375 1238.8447265625 367.5808410644531 1.3744053840637207 1.5662168264389038 3.6325976848602295 5.3633928298950195 1.6797468066215515 3.8487050533294678 -0.1275462486333203 0.5396520495414734
Car -1 -1 -2.78 223.5025634765625 179.90576171875 380.5146179199219 239.8746337890625 1.5457918643951416 1.5960378646850586 3.8063242435455322 -8.594947814941406 1.816380500793457 20.986677169799805 3.1192646718852703 0.47704213857650757
Car -1 -1 -2.41 280.65289306640625 181.7212677001953 388.5928039550781 232.1163787841797 1.6220027208328247 1.6811212301254272 4.002523422241211 -9.092950820922852 1.972296416759491 24.302827835083008 -2.7685331118951995 0.4272342324256897
Car -1 -1 -2.85 50.709842681884766 186.0995330810547 290.31995010375977 277.1380310058594 1.408569574356079 1.5509974956512451 3.8859763145446777 -7.896003723144531 1.7062664031982422 14.352595329284668 2.9315674710212196 0.420293927192688
Car -1 -1 -2.72 11.737085342407227 190.94483947753906 309.4290714263916 292.31719970703125 1.4571690559387207 1.5018596649169922 4.297200679779053 -8.095166206359863 1.7879085540771484 14.729265213012695 3.0605852060703373 0.4005304276943207
Car -1 -1 2.21 -19.997360229492188 189.00146484375 98.16969299316406 355.7265625 1.6364835500717163 1.6298725605010986 4.088400840759277 -6.711533546447754 1.6274612545967102 6.337065696716309 1.4005737646265608 0.36825501918792725
Car -1 -1 0.66 2.5498085021972656 194.5017852783203 176.58542251586914 328.1990661621094 1.5582700967788696 1.6192080974578857 4.175635814666748 -8.054403305053711 1.8004962801933289 9.201589584350586 -0.05633978133995887 0.36705532670021057
Car -1 -1 -1.12 -5.511475563049316 193.28689575195312 112.73051357269287 344.8323974609375 1.5272867679595947 1.630380630493164 4.477725028991699 -7.3998541831970215 1.700703203678131 6.780291557312012 -1.9444876336676513 0.326857328414917
Car -1 -1 -2.59 307.42083740234375 179.68698120117188 399.5416564941406 223.5803680419922 1.6143884658813477 1.5977272987365723 3.9629361629486084 -12.352686882019043 2.1711395978927612 34.348052978515625 -2.9346444013595594 0.32252517342567444
Car -1 -1 1.84 23.771154403686523 191.48233032226562 247.04715538024902 288.30438232421875 1.3883185386657715 1.5720356702804565 3.9442155361175537 -7.401808261871338 1.6227096319198608 9.664375305175781 1.1883009678781509 0.31394004821777344
Car -1 -1 -2.4 -10.819266319274902 195.15069580078125 82.08639621734619 344.6231384277344 1.5356974601745605 1.7019842863082886 4.288028717041016 -7.230928897857666 1.6351865530014038 6.493433952331543 3.0462873080820447 0.3081401586532593
Car -1 -1 -2.7 314.7865295410156 179.8965301513672 404.91375732421875 215.43408203125 1.6776163578033447 1.6491163969039917 4.161231994628906 -12.237503051757812 2.0824134349823 35.29219436645508 -3.035495651297607 0.3019125461578369
Van -1 -1 -0.08 716.7677001953125 185.99075317382812 948.4578857421875 268.91558837890625 1.7297343015670776 1.752421498298645 4.511102199554443 4.919532299041748 1.8404956459999084 16.3626766204834 0.20948354301092786 0.2907005250453949
Car -1 -1 0.63 -15.962223052978516 178.37661743164062 203.34586715698242 338.83984375 1.525947093963623 1.6861416101455688 4.370965003967285 -7.60614013671875 1.7465791702270508 8.628201484680176 -0.09002376927429889 0.2837253510951996
Van -1 -1 -2.73 202.46095275878906 174.6771240234375 373.1217346191406 246.374755859375 1.818048357963562 1.7397022247314453 4.5528130531311035 -8.97228717803955 1.8706418871879578 20.267822265625 3.1369123347515444 0.2795611619949341
Car -1 -1 -2.37 -0.10464996099472046 229.73313903808594 64.14422851800919 350.09979248046875 1.5985302925109863 1.6026973724365234 3.9870097637176514 -7.11663818359375 1.9518094062805176 6.705316543579102 3.098957881279077 0.274215966463089
Car -1 -1 1.32 1185.462646484375 201.55471801757812 1236.94775390625 373.28228759765625 1.474888563156128 1.6007146835327148 3.8114748001098633 5.1882643699646 1.6734119653701782 3.6790688037872314 2.2693324843313514 0.27300357818603516
Car -1 -1 0.34 -6.945773601531982 189.57154846191406 148.57107210159302 335.0273132324219 1.5441969633102417 1.6647058725357056 4.440126895904541 -7.013427734375 1.6987226605415344 7.1726250648498535 -0.4371460826102487 0.2581530511379242
Car -1 -1 -0.32 1167.461181640625 201.2762451171875 1231.462158203125 331.2264404296875 1.5501471757888794 1.5652881860733032 3.7643213272094727 4.615387439727783 1.746839463710785 3.5232248306274414 0.5943396001353163 0.2420477420091629
Car -1 -1 -2.05 -12.190509796142578 188.67906188964844 280.04987716674805 304.85565185546875 1.4089289903640747 1.539243221282959 4.380228042602539 -7.9121198654174805 1.7462593913078308 12.094706535339355 -2.633269562925772 0.23942925035953522
Car -1 -1 -2.54 7.59320068359375 193.85289001464844 93.53958892822266 337.324462890625 1.6132112741470337 1.6497663259506226 4.154968738555908 -7.279162406921387 1.7406415939331055 6.618834018707275 2.9094855215185653 0.2386746108531952
Van -1 -1 0.33 692.9296875 187.06605529785156 887.2481079101562 258.7552490234375 1.7674295902252197 1.7055448293685913 4.351907253265381 4.454909801483154 2.0877745151519775 18.296581268310547 0.5675212079901444 0.23523393273353577
Van -1 -1 -2.87 253.8258514404297 176.05726623535156 387.9869689941406 236.28150939941406 1.8579628467559814 1.759057641029358 4.593052864074707 -9.733990669250488 1.97822904586792 25.044677734375 3.042626586126268 0.2327689528465271
Van -1 -1 -2.3 -4.514459609985352 206.06227111816406 71.15514945983887 363.6057434082031 1.7898766994476318 1.793556809425354 4.1588850021362305 -8.820549011230469 2.151690125465393 8.107339859008789 -3.124205424467032 0.23248466849327087
Car -1 -1 -0.42 711.2177124023438 187.15292358398438 917.94580078125 258.6410217285156 1.4795746803283691 1.6295045614242554 3.974775552749634 4.617188930511475 1.801621913909912 16.144298553466797 -0.1439516062219326 0.22966790199279785
Car -1 -1 -1.02 1185.176513671875 235.7694854736328 1229.6917724609375 360.3136291503906 1.6010754108428955 1.5927479267120361 3.933257579803467 4.548913478851318 1.7571887969970703 3.687241792678833 -0.1278801709289068 0.22468265891075134
Car -1 -1 -1.15 1183.062744140625 216.8253936767578 1234.7259521484375 348.08355712890625 1.6081888675689697 1.591421365737915 3.901315212249756 4.339970111846924 1.6680108904838562 3.4322919845581055 -0.2519514589574392 0.21279844641685486
Car -1 -1 -2.76 76.10693359375 188.5144500732422 297.0881652832031 259.5172119140625 1.4814002513885498 1.6355562210083008 4.019863605499268 -7.977233409881592 1.7701222896575928 14.125787734985352 3.0132931129298193 0.21031349897384644
Car -1 -1 0.28 -3.667039394378662 186.92636108398438 169.6623673439026 304.30706787109375 1.6983616352081299 1.567101001739502 3.9230594635009766 -6.334715366363525 1.651252806186676 7.3580827713012695 -0.4334971438502917 0.20953382551670074
Car -1 -1 -2.32 6.271528244018555 212.87950134277344 79.65331840515137 353.4015197753906 1.5084166526794434 1.5892434120178223 4.133111476898193 -7.298360824584961 1.8664110898971558 6.327587604522705 3.103319769881325 0.20801286399364471
Car -1 -1 -2.25 -1.7623252868652344 208.6103973388672 93.17737197875977 355.6450500488281 1.5124900341033936 1.6260851621627808 4.238051891326904 -7.1364312171936035 1.7945488691329956 6.589406967163086 -3.0725216226667786 0.2055143564939499
Car -1 -1 -2.18 -5.301748275756836 185.71847534179688 65.57607460021973 329.6799011230469 1.4805468320846558 1.6526433229446411 4.101747989654541 -7.322192668914795 1.5975573062896729 6.692695617675781 -3.00815232114231 0.20482398569583893
Car -1 -1 -2.69 197.63954162597656 183.31686401367188 340.8499450683594 244.85357666015625 1.4306532144546509 1.5732903480529785 4.124492168426514 -9.084604263305664 1.7923482060432434 19.15513801574707 -3.12824746195321 0.19934746623039246
Car -1 -1 -0.16 1171.22216796875 236.39564514160156 1230.497314453125 374.29254150390625 1.4653478860855103 1.6318659782409668 4.047389507293701 5.091518402099609 1.8893802762031555 3.2891530990600586 0.8341228911262499 0.19207775592803955
Car -1 -1 -2.22 262.39752197265625 183.7776336669922 379.9755554199219 242.57176208496094 1.5663164854049683 1.6035605669021606 3.8556528091430664 -8.936450004577637 1.9736551642417908 22.861421585083008 -2.5930235645819657 0.18923895061016083
Car -1 -1 -2.97 -3.446603775024414 193.7711639404297 97.8049373626709 315.2606201171875 1.4534237384796143 1.6724685430526733 4.2735676765441895 -7.12863302230835 1.5304824113845825 6.960333347320557 2.5188772058919078 0.18246245384216309
Car -1 -1 -1.4 1190.9327392578125 214.16883850097656 1232.705810546875 359.70782470703125 1.4925955533981323 1.6143258810043335 3.8525407314300537 5.363440036773682 1.74759179353714 3.89762544631958 -0.45342888644065305 0.17705586552619934
Car -1 -1 -2.59 299.1664733886719 180.64532470703125 391.2576599121094 228.52720642089844 1.6443098783493042 1.6634788513183594 4.0113725662231445 -9.33366870880127 1.9296125769615173 25.22049903869629 -2.949316830104129 0.17297452688217163
Car -1 -1 0.77 1192.34130859375 225.56871032714844 1242.760498046875 365.2669982910156 1.408582091331482 1.5803686380386353 3.6575052738189697 4.521469593048096 1.5595309138298035 3.5089714527130127 1.6837431562744865 0.1705917865037918
Car -1 -1 1.6 8.888571739196777 192.8918914794922 119.49654293060303 311.11370849609375 1.562320351600647 1.6350133419036865 4.20607852935791 -8.572101593017578 1.7556103467941284 8.782121658325195 0.8314777386755239 0.1677662879228592
Car -1 -1 -1.34 1188.5989990234375 202.8616485595703 1244.1025390625 326.8246765136719 1.6271098852157593 1.623871922492981 3.8675520420074463 4.463106155395508 1.5974405407905579 3.5493366718292236 -0.4369445110558332 0.16449740529060364
Car -1 -1 -2.99 281.5709228515625 178.28602600097656 395.2540283203125 223.26409912109375 1.605726957321167 1.6903384923934937 4.226166725158691 -10.715859413146973 1.8845220804214478 28.56170082092285 2.9348157448338323 0.15922383964061737
Car -1 -1 1.46 1196.4088134765625 185.6429443359375 1239.0145263671875 354.443359375 1.5008615255355835 1.6402008533477783 3.8869736194610596 4.803285121917725 1.5539122223854065 3.5020267963409424 2.4020959428296003 0.15612001717090607
Car -1 -1 -2.18 1150.865478515625 223.38055419921875 1217.671142578125 360.8006896972656 1.5918232202529907 1.541452407836914 3.938380479812622 3.0242936611175537 1.5105092525482178 2.0469138622283936 -1.2044721073036566 0.15577566623687744
Car -1 -1 1.01 12.255964279174805 202.88136291503906 150.35243034362793 324.7085876464844 1.5809000730514526 1.6470552682876587 4.330714225769043 -8.819123268127441 1.9433403611183167 9.249564170837402 0.2518738025014713 0.14919374883174896
Car -1 -1 -1.24 1148.29736328125 209.76998901367188 1217.7567138671875 336.3414611816406 1.5905530452728271 1.5171773433685303 3.6392266750335693 4.058485984802246 1.720214307308197 3.0711588859558105 -0.3147359383417383 0.14294549822807312
Car -1 -1 -2.26 333.059326171875 180.00308227539062 396.5317077636719 212.4467010498047 1.5787895917892456 1.706018090248108 4.098673343658447 -13.239009857177734 2.120049297809601 38.348602294921875 -2.587910693689645 0.13686919212341309
Car -1 -1 -2.12 1193.9434814453125 223.48033142089844 1235.0546875 343.5709533691406 1.4764487743377686 1.5205692052841187 3.75215482711792 4.555117130279541 1.6399738788604736 3.5136635303497314 -1.2018228337673431 0.1320868730545044
Car -1 -1 -2.38 1172.0848388671875 229.74270629882812 1221.6365966796875 351.12628173828125 1.4945721626281738 1.5903973579406738 3.8811190128326416 3.7472829818725586 1.5706216096878052 2.8272156715393066 -1.4558681324042357 0.1304851472377777
Car -1 -1 -0.33 1158.973876953125 201.06163024902344 1227.4884033203125 314.1488342285156 1.5028332471847534 1.5557526350021362 3.609294891357422 5.400315761566162 1.797305166721344 4.698112964630127 0.526091511046638 0.12516672909259796
Car -1 -1 -0.64 1154.0416259765625 241.15040588378906 1214.5072021484375 369.58184814453125 1.5031147003173828 1.518569827079773 4.019937992095947 4.04799747467041 1.7376340627670288 2.670926809310913 0.34302984365774813 0.12495816498994827
Car -1 -1 -1.88 1140.0523681640625 234.69393920898438 1206.8865966796875 362.69427490234375 1.5449331998825073 1.4694164991378784 3.9180150032043457 2.7767012119293213 1.4687898755073547 1.9607489109039307 -0.9283544352922366 0.11550095677375793
Pedestrian -1 -1 -0.05 1140.0523681640625 234.69393920898438 1206.8865966796875 362.69427490234375 1.4938162565231323 0.34113290905952454 0.42984187602996826 4.542037010192871 1.9713296294212341 5.188540458679199 0.6660348603842206 0.10839441418647766