Car -1 -1 1.78 398.19891357421875 181.90370178222656 532.543701171875 272.7402038574219 1.4382283687591553 1.6671463251113892 4.290108680725098 -2.703281879425049 1.681182086467743 14.157109260559082 1.5928862958625665 0.8945623636245728
Car -1 -1 -1.75 673.4766845703125 178.37448120117188 754.1859130859375 234.39259338378906 1.4986937046051025 1.6063776016235352 3.923142194747925 2.909271478652954 1.6576327085494995 21.250133514404297 -1.6111477646637065 0.8867367506027222
Car -1 -1 -1.82 710.0878295898438 155.41482543945312 863.2459716796875 274.2591552734375 1.9226866960525513 1.693476676940918 4.198642253875732 3.065009593963623 1.6372584104537964 13.590983390808105 -1.5987627102234026 0.8812421560287476
Car -1 -1 -1.69 659.3946533203125 176.860107421875 716.3756713867188 221.26185607910156 1.4771301746368408 1.6372637748718262 4.080168724060059 2.778116464614868 1.6488832831382751 26.816484451293945 -1.5844906427560081 0.8548780083656311
Car -1 -1 1.62 580.5365600585938 175.06439208984375 602.9164428710938 193.99143981933594 1.5484004020690918 1.6814221143722534 3.992678165435791 -1.5810033082962036 1.7359659671783447 62.49504470825195 1.5915059349848395 0.44657102227211
Car -1 -1 -1.68 668.5018920898438 175.75619506835938 741.2800903320312 230.16342163085938 1.4756759405136108 1.6270825862884521 3.9103105068206787 2.867577075958252 1.624101161956787 24.636524200439453 -1.5647683244261206 0.44086891412734985
Van -1 -1 -1.82 708.1448974609375 154.8750762939453 860.8597412109375 273.074462890625 1.9728082418441772 1.782434105873108 4.464413642883301 3.2983529567718506 1.7340160608291626 14.279644966125488 -1.5965247619330318 0.3664412200450897
Car -1 -1 1.91 471.62408447265625 176.559326171875 517.3840942382812 206.42385864257812 1.5734937191009521 1.4813196659088135 3.096492290496826 -6.577547550201416 1.8601802587509155 41.9260368347168 1.755352828929298 0.3415030539035797
Car -1 -1 -1.69 662.2232666015625 176.42889404296875 732.1638793945312 226.43386840820312 1.5032689571380615 1.6814610958099365 4.047251224517822 2.8050389289855957 1.6675878167152405 26.895404815673828 -1.5891393881043507 0.2889457643032074
Car -1 -1 -2.56 1132.5771484375 229.75830078125 1254.0906982421875 379.3088073730469 1.662178874015808 1.5856001377105713 3.7552947998046875 2.0802297592163086 1.4692901968955994 1.1280924081802368 -1.4814821779113974 0.21224941313266754
Car -1 -1 -1.66 653.9156494140625 178.98707580566406 710.5560913085938 223.4399871826172 1.5090954303741455 1.5977530479431152 4.029734134674072 2.714989185333252 1.7467427849769592 27.82210350036621 -1.5586199875690019 0.200809508562088
Car -1 -1 -1.6 663.9508056640625 181.2942352294922 720.7656860351562 228.50872802734375 1.4425559043884277 1.5795056819915771 3.8867239952087402 2.9179892539978027 1.7894021272659302 26.918397903442383 -1.4918193950781173 0.19647221267223358
Car -1 -1 -2.52 1157.110595703125 248.0944061279297 1252.6629638671875 364.5303955078125 1.7181169986724854 1.6512324810028076 3.964547872543335 2.0962321758270264 1.446589171886444 1.3848625421524048 -1.528438213805794 0.1793888360261917
Car -1 -1 -2.78 1118.2835693359375 221.4294891357422 1233.3115234375 385.77740478515625 1.5172613859176636 1.7007081508636475 3.9945120811462402 2.2827324867248535 1.4132645726203918 0.9183077812194824 -1.5906483628072188 0.17645461857318878
Car -1 -1 -2.77 1159.505859375 231.92308044433594 1239.584228515625 384.8922119140625 1.4957915544509888 1.7066081762313843 4.012323379516602 2.1145262718200684 1.3443123698234558 0.9086251854896545 -1.6024454506298893 0.1676170825958252
Car -1 -1 -2.78 1179.325927734375 231.0685272216797 1240.374755859375 386.2391052246094 1.5070645809173584 1.6879680156707764 3.927853584289551 2.379114866256714 1.41489839553833 1.0378252267837524 -1.6232705979573057 0.1655082404613495
Pedestrian -1 -1 -1.49 729.9979858398438 164.1561737060547 764.1785888671875 205.32789611816406 1.8672842979431152 0.6543102264404297 0.8555838465690613 5.036680221557617 1.3319080471992493 27.384845733642578 -1.3126675838249389 0.16521039605140686
Car -1 -1 -2.6 1164.3370361328125 263.59991455078125 1251.874267578125 372.1650390625 1.6973313093185425 1.6354930400848389 3.9665865898132324 1.9059016704559326 1.421043336391449 1.2688050270080566 -1.6116781549298285 0.16351765394210815
Car -1 -1 -2.74 1202.015380859375 224.4297332763672 1243.1053466796875 384.4128112792969 1.5498849153518677 1.6742652654647827 3.859745979309082 2.248349905014038 1.3867074251174927 1.0936455726623535 -1.6175042768712906 0.15815594792366028
Car -1 -1 -2.59 1184.5899658203125 257.8727111816406 1241.5286865234375 356.4651794433594 1.338366985321045 1.509135365486145 3.349379539489746 1.5887893438339233 1.0829953849315643 0.9774640798568726 -1.5680107968041925 0.15602454543113708
Car -1 -1 -2.73 1116.0831298828125 260.78314208984375 1237.5701904296875 398.3701477050781 1.478049874305725 1.6135786771774292 4.0169997215271 2.073732852935791 1.338338315486908 0.9649850726127625 -1.5898652979064973 0.14891797304153442
Car -1 -1 -2.75 1137.907470703125 234.86338806152344 1232.9036865234375 407.7549743652344 1.470987319946289 1.7078949213027954 4.045360565185547 1.6918107271194458 1.2421790957450867 0.6982049942016602 -1.5693005869167482 0.1486383080482483
Pedestrian -1 -1 -1.68 720.44189453125 168.65924072265625 766.8268432617188 215.96005249023438 1.8235580921173096 0.6212016344070435 0.7941012978553772 4.981897830963135 1.4267886877059937 27.04710578918457 -1.4995024864294475 0.14778722822666168
Pedestrian -1 -1 -2.11 705.697265625 171.1305389404297 764.4138793945312 220.9786834716797 1.8201974630355835 0.6420606970787048 0.771405816078186 4.481574058532715 1.492277204990387 26.397951126098633 -1.9439734261944874 0.1322566121816635