Car -1 -1 1.75 397.7769470214844 187.87937927246094 515.6795654296875 278.9774475097656 1.4763853549957275 1.5718921422958374 3.5650475025177 -2.8870129585266113 1.8341925144195557 14.210000991821289 1.5485347250808 0.8847303986549377
Car -1 -1 -1.75 686.0967407226562 179.6328125 811.1719970703125 273.7645568847656 1.539928674697876 1.6216100454330444 3.803150177001953 2.5185091495513916 1.6746937036514282 13.903843879699707 -1.5673300116053763 0.8777636289596558
Car -1 -1 1.66 529.5736083984375 178.1894989013672 569.0620727539062 210.42677307128906 1.524731159210205 1.6704118251800537 4.139129638671875 -3.1345791816711426 1.860506296157837 37.95147705078125 1.573662992403575 0.8588454127311707
Car -1 -1 -1.7 655.016845703125 174.60121154785156 719.2012329101562 231.2742462158203 1.658959150314331 1.6297390460968018 3.797997236251831 2.3031797409057617 1.720500886440277 22.937280654907227 -1.6007993029001995 0.844032347202301
Car -1 -1 -1.7 669.26025390625 181.07786560058594 745.4702758789062 245.48049926757812 1.4808095693588257 1.5787039995193481 3.5359113216400146 2.474492311477661 1.7195558547973633 19.195972442626953 -1.5736812890678546 0.8265811204910278
Car -1 -1 -1.68 642.4249267578125 171.02203369140625 688.749755859375 212.53399658203125 1.799811601638794 1.6367238759994507 4.052804946899414 2.4081618785858154 1.7556647062301636 33.06911087036133 -1.6063752277637793 0.7842259407043457
Pedestrian -1 -1 2.07 828.2460327148438 186.30641174316406 868.0684814453125 264.8868713378906 1.5660512447357178 0.5914525389671326 0.6537410616874695 4.481665134429932 1.7150192856788635 13.58561897277832 2.3886805111907403 0.688890278339386
Car -1 -1 -1.69 660.2825927734375 175.3002166748047 736.7657470703125 240.6901092529297 1.6515281200408936 1.6827890872955322 3.6763205528259277 2.329968214035034 1.747765600681305 22.87913703918457 -1.5840485118936733 0.6748969554901123
Cyclist -1 -1 -2.61 825.1072998046875 187.21449279785156 867.1920166015625 266.5456237792969 1.5412075519561768 0.5159865021705627 1.5707263946533203 4.623829364776611 1.7436885833740234 14.030227661132812 -2.2932076587005845 0.5284638404846191
Car -1 -1 -1.59 631.0811767578125 176.45559692382812 662.8536376953125 203.99908447265625 1.5563980340957642 1.6598379611968994 4.344791412353516 2.2262215614318848 1.838022530078888 44.18808364868164 -1.535196375829817 0.5167400240898132
Car -1 -1 -1.64 639.6830444335938 173.05154418945312 681.81201171875 209.5950469970703 1.7459381818771362 1.6899616718292236 4.150116443634033 2.4650633335113525 1.795082151889801 37.104434967041016 -1.573216738085499 0.3988855481147766
Car -1 -1 -1.64 634.9459838867188 172.47528076171875 674.3021240234375 206.4322052001953 1.721808671951294 1.6725372076034546 4.124814987182617 2.388516902923584 1.820811152458191 42.35621643066406 -1.5851807494756054 0.3663593828678131
Car -1 -1 -1.27 642.9349365234375 171.65676879882812 696.7677612304688 218.76626586914062 1.7053951025009155 1.634998083114624 4.255768299102783 2.5610480308532715 1.7057269215583801 33.1473274230957 -1.1904755001085867 0.36239224672317505
Car -1 -1 -1.72 648.573486328125 170.81893920898438 710.4596557617188 223.72659301757812 1.6640108823776245 1.6249290704727173 3.583986520767212 2.3347017765045166 1.593767523765564 23.404430389404297 -1.6187056730840688 0.35438409447669983
Car -1 -1 -1.72 669.6015014648438 177.4174041748047 762.4098510742188 250.81613159179688 1.5738276243209839 1.6142383813858032 3.720468282699585 2.389827013015747 1.7214654684066772 18.978967666625977 -1.598620383396388 0.3138485550880432
Car -1 -1 1.22 631.4341430664062 175.36465454101562 669.5972900390625 205.7908935546875 1.6098148822784424 1.640678882598877 4.217978000640869 2.2006337642669678 1.7413339018821716 40.69388961791992 1.2789983797639053 0.31181734800338745
Car -1 -1 1.47 581.6796875 177.14492797851562 600.2761840820312 193.2816619873047 1.5128482580184937 1.585590124130249 4.014033794403076 -2.003666639328003 1.9681259989738464 72.88215637207031 1.4459190344417214 0.25907209515571594
Car -1 -1 -1.77 678.7913818359375 182.0160675048828 780.8801879882812 260.6660461425781 1.5705949068069458 1.588636875152588 3.7515933513641357 2.472036361694336 1.7212567329406738 15.574210166931152 -1.6126964555457777 0.24280138313770294
Car -1 -1 -1.68 648.7986450195312 175.85430908203125 698.1810302734375 222.1654510498047 1.5273587703704834 1.5918402671813965 3.909238815307617 2.587590456008911 1.7988507747650146 29.85127830505371 -1.5960502308736473 0.24029096961021423
Pedestrian -1 -1 2.36 642.2161254882812 171.33099365234375 687.828369140625 212.1908416748047 1.907147765159607 0.6803399920463562 0.7866284251213074 2.323481798171997 1.6961313486099243 29.139619827270508 2.441621634220976 0.2253180593252182
Car -1 -1 -1.68 645.7330322265625 177.35789489746094 688.79345703125 216.22747802734375 1.520142912864685 1.6021958589553833 3.8246283531188965 2.3641412258148193 1.7596946358680725 32.48684310913086 -1.602368902606873 0.2046312689781189
Van -1 -1 0.66 640.57666015625 170.39195251464844 684.5513916015625 210.44180297851562 1.8811216354370117 1.7373713254928589 4.836071968078613 2.6236350536346436 1.8027469515800476 36.909950256347656 0.7342522839257732 0.1968451887369156
Pedestrian -1 -1 2.31 654.990966796875 173.70375061035156 720.3460693359375 230.67800903320312 1.8678269386291504 0.6460610628128052 0.7008469104766846 2.3754942417144775 1.6343858242034912 21.831565856933594 2.4191637900603062 0.17997272312641144