Car -1 -1 1.96 208.19996643066406 197.84005737304688 386.9446716308594 288.8919982910156 1.3726043701171875 1.6367080211639404 4.2093915939331055 -5.988279342651367 1.9454411268234253 14.242918014526367 1.5603830940498185 0.8871601819992065
Car -1 -1 1.86 360.3561096191406 189.91807556152344 463.3697509765625 246.72103881835938 1.4073251485824585 1.6193898916244507 4.340054512023926 -5.757057189941406 1.9736501574516296 21.37067985534668 1.5947723240590772 0.8729758858680725
Car -1 -1 -1.74 707.88916015625 175.372802734375 824.2968139648438 252.11349487304688 1.4658323526382446 1.6324690580368042 3.9886205196380615 3.4007232189178467 1.6000336408615112 16.4137020111084 -1.539738945565876 0.8706799149513245
Car -1 -1 -1.69 683.6788940429688 175.7608642578125 759.6849365234375 231.41592407226562 1.5459309816360474 1.6149570941925049 3.8185927867889404 3.2889652252197266 1.6668114066123962 22.029443740844727 -1.5436556665660497 0.8641486763954163
Car -1 -1 2.16 1.8452537059783936 211.93850708007812 241.37989115715027 375.0118103027344 1.4034515619277954 1.5805516242980957 4.032658576965332 -6.064432621002197 1.9572164416313171 8.344003677368164 1.5354751421670434 0.86094069480896
Car -1 -1 2.53 937.8710327148438 149.04832458496094 1141.4044189453125 225.57716369628906 1.5990861654281616 1.6081931591033936 3.9736316204071045 9.618000984191895 1.09004145860672 16.384265899658203 3.065386951275503 0.827959418296814
Car -1 -1 2.42 1025.9200439453125 134.20159912109375 1238.0242919921875 236.41575622558594 1.6613465547561646 1.6068044900894165 3.9514009952545166 10.247184753417969 0.9963517785072327 14.012602806091309 3.054819021141906 0.8269580602645874
Car -1 -1 1.8 424.61016845703125 186.5790557861328 491.9094543457031 230.580810546875 1.4768157005310059 1.5618913173675537 3.9615440368652344 -5.7353196144104 2.015599489212036 27.423295974731445 1.5929010091435227 0.8255835175514221
Car -1 -1 -1.64 663.629638671875 179.28317260742188 711.9353637695312 215.5616455078125 1.4596186876296997 1.6195043325424194 3.850667953491211 3.3495240211486816 1.7326827645301819 31.648630142211914 -1.5312958226276363 0.7850996851921082
Car -1 -1 1.81 476.5665588378906 185.59896850585938 525.2841186523438 215.5282745361328 1.3997056484222412 1.5445351600646973 3.9651308059692383 -5.4822187423706055 2.0621777772903442 36.570159912109375 1.6573212857575985 0.7414121627807617
Car -1 -1 2.5 865.8456420898438 152.57057189941406 1044.8743896484375 219.96400451660156 1.6657339334487915 1.6258342266082764 4.251445770263672 9.395363807678223 1.1292589604854584 19.66023063659668 2.9453573931832366 0.7357178330421448
Car -1 -1 2.41 1071.192626953125 136.90122985839844 1245.0550537109375 242.79513549804688 1.681393027305603 1.5879907608032227 3.9398083686828613 10.007868766784668 1.1425638496875763 11.403833389282227 3.1311070027797836 0.699831485748291
Car -1 -1 -1.68 655.0267333984375 178.5843963623047 694.8399658203125 208.98292541503906 1.4804033041000366 1.618461012840271 3.8553719520568848 3.3346211910247803 1.8032042384147644 37.529815673828125 -1.5870003919572566 0.6688498258590698
Car -1 -1 -1.63 658.21435546875 178.7615966796875 702.388916015625 211.02310180664062 1.456646203994751 1.5836591720581055 3.9880006313323975 3.192009687423706 1.7855808734893799 36.31772994995117 -1.5444735259279234 0.5694679617881775
Car -1 -1 -1.62 646.6921997070312 178.8814697265625 681.0833129882812 204.7429656982422 1.4614753723144531 1.557376503944397 3.712017059326172 3.3167881965637207 1.8673021793365479 44.34034729003906 -1.5472067286749889 0.45228612422943115
Car -1 -1 2.63 902.2966918945312 153.39718627929688 1084.6087646484375 219.5056915283203 1.5486003160476685 1.5807613134384155 3.942810297012329 9.513663291931152 1.120348185300827 18.983278274536133 3.094029207568351 0.3857513666152954
Car -1 -1 -1.65 642.3596801757812 178.1865234375 676.5239868164062 201.85079956054688 1.4411745071411133 1.6621180772781372 4.204510688781738 3.244539737701416 1.8338111639022827 46.944732666015625 -1.5805102873823067 0.3810468316078186
Car -1 -1 2.55 1002.973876953125 142.79066467285156 1214.727783203125 227.37973022460938 1.6347107887268066 1.5419358015060425 3.958763837814331 9.84277629852295 1.0821909308433533 15.49571704864502 3.113129006875429 0.37870168685913086
Car -1 -1 -1.58 649.1222534179688 180.29347229003906 686.9697875976562 207.5826873779297 1.4375274181365967 1.5948095321655273 4.018555164337158 3.104288101196289 1.789044737815857 39.4508171081543 -1.5032610681917715 0.3451845049858093
Car -1 -1 2.37 1106.170654296875 139.0598907470703 1243.0697021484375 249.63172912597656 1.6235102415084839 1.6462656259536743 4.133670806884766 10.469756126403809 1.1695501506328583 11.526985168457031 3.111036797583357 0.3443528413772583
Car -1 -1 1.87 511.6740417480469 180.8482208251953 549.8406372070312 202.93179321289062 1.4612375497817993 1.6333553791046143 3.8023805618286133 -5.551542282104492 2.0450289845466614 50.973297119140625 1.7596759528815369 0.3122931718826294
Car -1 -1 2.52 960.0559692382812 148.09059143066406 1235.794921875 227.38034057617188 1.6718602180480957 1.574052095413208 4.300785541534424 8.98293399810791 1.0847252756357193 14.083600044250488 3.0871220972598783 0.27747535705566406
Car -1 -1 -1.78 712.7893676757812 176.53591918945312 805.5623779296875 244.15017700195312 1.4333369731903076 1.569199800491333 3.702538251876831 3.300072193145752 1.5153040885925293 16.439922332763672 -1.5845977699641898 0.25994446873664856
Van -1 -1 2.47 858.8411254882812 156.42266845703125 1023.183837890625 220.9374237060547 1.7395585775375366 1.7192132472991943 4.3963727951049805 9.421055793762207 1.290915697813034 20.573562622070312 2.898591023720301 0.2552489936351776
Van -1 -1 2.43 1025.7999267578125 135.38516235351562 1241.2747802734375 235.9168701171875 1.9469469785690308 1.6975343227386475 4.121106147766113 10.87050724029541 1.1663306057453156 14.394495010375977 3.0754626821884923 0.25378555059432983
Van -1 -1 2.3 1100.46484375 140.02809143066406 1242.72412109375 248.81373596191406 1.969045639038086 1.8232285976409912 4.526302814483643 10.620271682739258 1.3332179188728333 12.016899108886719 3.022683359304608 0.24985533952713013
Car -1 -1 -1.7 684.76220703125 176.749755859375 772.5928344726562 239.58291625976562 1.5218758583068848 1.6075295209884644 3.9820399284362793 3.3583743572235107 1.6839311122894287 21.973691940307617 -1.54944406140637 0.24332277476787567
Car -1 -1 1.82 412.5810241699219 188.7801513671875 483.317138671875 231.4757843017578 1.4544240236282349 1.5607978105545044 3.9971539974212646 -5.764716148376465 2.0260366797447205 26.907798767089844 1.6114501850206224 0.24159221351146698
Car -1 -1 -1.59 671.3904418945312 180.2540740966797 719.2586059570312 218.3745574951172 1.3951671123504639 1.5371044874191284 3.5269575119018555 3.528430223464966 1.7526044845581055 31.238367080688477 -1.47733982056514 0.24138452112674713
Car -1 -1 2.59 921.5183715820312 151.7340545654297 1111.496826171875 223.20822143554688 1.554632306098938 1.6105788946151733 4.065882682800293 9.374764442443848 1.0586459338665009 18.058977127075195 3.065897318093832 0.23589566349983215
Car -1 -1 -1.65 660.434326171875 177.57334899902344 722.4342651367188 220.73431396484375 1.515029788017273 1.5939773321151733 3.719977378845215 3.5181541442871094 1.7338919043540955 31.143083572387695 -1.5327184422512508 0.21857444941997528
Car -1 -1 -1.68 697.1791381835938 171.9857177734375 793.4664916992188 242.6404571533203 1.5003528594970703 1.5973299741744995 3.977689743041992 3.6639773845672607 1.5670865774154663 20.05243492126465 -1.4999200529961456 0.21330498158931732
Car -1 -1 2.59 964.6572875976562 142.97080993652344 1173.707275390625 226.3514404296875 1.6401513814926147 1.586857557296753 4.163785457611084 9.617817878723145 1.0529717355966568 15.996770858764648 3.133972726767235 0.21236272156238556
Car -1 -1 2.22 19.936492919921875 209.1746368408203 231.8220672607422 339.2627868652344 1.442334532737732 1.5531680583953857 3.7186105251312256 -6.023855686187744 1.8858339190483093 8.19316577911377 1.5879408087104911 0.20411317050457
Car -1 -1 2.47 887.9240112304688 161.78221130371094 1133.935546875 230.28672790527344 1.5524399280548096 1.5969663858413696 4.112847328186035 8.74520206451416 1.1629206240177155 15.207298278808594 2.991631464255409 0.19416694343090057
Car -1 -1 -1.69 654.9933471679688 182.77732849121094 695.6316528320312 212.91738891601562 1.4252498149871826 1.5963321924209595 3.776958465576172 3.316532611846924 1.9051579236984253 36.21896743774414 -1.5978193856939242 0.19027233123779297
Van -1 -1 -0.79 814.8630981445312 149.2862548828125 931.1636352539062 206.00404357910156 2.1754941940307617 2.0115878582000732 5.136509418487549 10.411080360412598 1.2384206354618073 28.178537368774414 -0.4343532404364079 0.18192274868488312
Car -1 -1 1.79 491.6667785644531 184.01695251464844 535.51171875 210.0351104736328 1.4863003492355347 1.5832393169403076 3.966099977493286 -5.13706636428833 2.015405833721161 36.97269058227539 1.651490675460746 0.1812601536512375
Car -1 -1 2.62 843.9439697265625 163.57037353515625 1023.8726806640625 228.54293823242188 1.4904221296310425 1.5529394149780273 3.7795913219451904 8.904912948608398 1.2852058410644531 19.752891540527344 3.044846557431616 0.18005938827991486
Car -1 -1 1.94 584.5244140625 175.52679443359375 617.6798095703125 193.0795135498047 1.4731965065002441 1.6699025630950928 4.192229270935059 -0.8005677461624146 1.8502562046051025 66.76557922363281 1.923411913185138 0.17897742986679077
Car -1 -1 -1.66 677.8468627929688 175.44955444335938 743.2686157226562 222.6359100341797 1.5163793563842773 1.6180750131607056 3.7966389656066895 3.3110599517822266 1.6331285238265991 23.55248260498047 -1.5221124268716117 0.17113690078258514
Car -1 -1 2.66 893.4739990234375 152.84176635742188 1163.29833984375 223.87071228027344 1.5520265102386475 1.6546577215194702 4.405439853668213 8.4409761428833 1.0516716241836548 14.610204696655273 -3.0977609606954744 0.16889101266860962
Car -1 -1 2.4 1127.0849609375 132.22488403320312 1239.9520263671875 262.46771240234375 1.7178928852081299 1.6706348657608032 4.269505977630615 10.26598834991455 1.1962048411369324 10.381513595581055 -3.1008234583601517 0.16774719953536987
Car -1 -1 1.49 801.8485717773438 178.6156005859375 982.0388793945312 274.9794921875 1.4250147342681885 1.5981048345565796 3.768899917602539 5.4363484382629395 1.5229724049568176 13.746912956237793 1.8705449829342324 0.16407613456249237
Car -1 -1 1.81 482.56719970703125 182.80445861816406 529.5120849609375 211.90248107910156 1.4571924209594727 1.5680583715438843 3.840109348297119 -5.297924995422363 1.9992271661758423 36.533634185791016 1.6668820409810632 0.1573585569858551
Car -1 -1 2.14 1183.4815673828125 160.500244140625 1251.436279296875 275.64544677734375 1.6730842590332031 1.6383637189865112 4.285224437713623 8.126991271972656 1.4149693846702576 7.306458950042725 2.9820931586508213 0.14368371665477753