Car -1 -1 -1.75 666.451904296875 180.24636840820312 774.7493286132812 257.6138916015625 1.4568846225738525 1.6420873403549194 4.032443046569824 2.312621831893921 1.6582031846046448 16.12653160095215 -1.6059276929758068 0.8838063478469849
Car -1 -1 -1.52 501.7333679199219 175.95860290527344 551.6567993164062 218.8404083251953 1.6083519458770752 1.6898945569992065 4.223588466644287 -3.2573063373565674 1.7350296378135681 29.111431121826172 -1.6296152611517902 0.8722403645515442
Car -1 -1 -1.73 638.091064453125 176.58511352539062 695.4330444335938 219.64584350585938 1.507504940032959 1.5881234407424927 3.7243857383728027 2.163356304168701 1.7147546410560608 28.71111297607422 -1.658516551592113 0.8556432723999023
Car -1 -1 -1.13 1.0784428119659424 191.9602813720703 390.2345097064972 378.5552978515625 1.4793790578842163 1.587949275970459 3.685985803604126 -3.3780884742736816 1.6865413188934326 6.701672554016113 -1.6001112842628373 0.8480616807937622
Car -1 -1 -1.7 633.0482788085938 177.60403442382812 681.8097534179688 216.67201232910156 1.5697877407073975 1.5703473091125488 3.8616676330566406 2.017054319381714 1.7398955821990967 29.48250961303711 -1.6296001335600625 0.6699390411376953
Pedestrian -1 -1 1.26 170.1228790283203 163.7034149169922 205.2230682373047 266.60418701171875 1.7841116189956665 0.6224504709243774 0.39696380496025085 -6.942797660827637 1.6420907974243164 11.949027061462402 0.7287709921305638 0.6125200986862183
Car -1 -1 2.21 198.18675231933594 184.67803955078125 349.78717041015625 251.58726501464844 1.4410204887390137 1.554291844367981 3.4240610599517822 -8.00634479522705 1.7114136219024658 17.300352096557617 1.777580362886222 0.5823508501052856
Car -1 -1 -1.5 508.55499267578125 178.18319702148438 554.7071533203125 214.83181762695312 1.5800130367279053 1.6798518896102905 4.243924617767334 -3.344386100769043 1.7736216187477112 29.181272506713867 -1.6152841328201193 0.5705254673957825
Car -1 -1 -1.51 525.8060302734375 178.8964080810547 561.630859375 207.5092010498047 1.5002323389053345 1.5789248943328857 4.10746431350708 -3.5489513874053955 1.83915513753891 40.9967041015625 -1.5938079842250108 0.5584187507629395
Car -1 -1 -1.64 626.644775390625 177.17820739746094 665.390869140625 211.12686157226562 1.5287967920303345 1.5948566198349 3.6469616889953613 1.772202968597412 1.7860553860664368 35.10408401489258 -1.5913429247614523 0.5524238348007202
Car -1 -1 2.52 -2.4864895343780518 207.20062255859375 192.03348422050476 373.84588623046875 1.5420535802841187 1.6240646839141846 3.8589279651641846 -3.095005512237549 1.65293687582016 2.2864034175872803 1.5876399984706495 0.5428431034088135
Car -1 -1 -1.62 622.8611450195312 176.14218139648438 656.323974609375 205.86026000976562 1.6852281093597412 1.6293343305587769 3.9024295806884766 1.587841510772705 1.8122175335884094 40.99882507324219 -1.5819346120111808 0.5174379944801331
Pedestrian -1 -1 0.57 161.78329467773438 164.24267578125 213.1602783203125 266.28106689453125 1.777113914489746 0.6471870541572571 0.5593916177749634 -6.962857246398926 1.5896031856536865 12.11864948272705 0.04818157700260661 0.5130640268325806
Pedestrian -1 -1 1.47 22.83553695678711 162.1251678466797 129.6026268005371 323.1253356933594 1.8160591125488281 0.6701004505157471 0.6163488030433655 -6.182169437408447 1.6182284355163574 8.097065925598145 0.8179441152196048 0.5005986094474792
Car -1 -1 -1.68 629.6614379882812 177.9834747314453 674.273681640625 213.4061279296875 1.6172456741333008 1.5904759168624878 4.006075859069824 1.8853150606155396 1.785497009754181 30.746051788330078 -1.615025236434736 0.48412567377090454
Car -1 -1 -0.75 -14.212042808532715 204.17091369628906 260.8049249649048 372.7718811035156 1.5417464971542358 1.6395864486694336 3.8129985332489014 -2.8673746585845947 1.6464247703552246 2.2472779750823975 -1.6599808356994448 0.47894424200057983
Pedestrian -1 -1 1.68 10.420266151428223 177.5568084716797 152.0122766494751 347.39056396484375 1.7125771045684814 0.6567426323890686 0.627240002155304 -6.084979057312012 1.6434377431869507 7.971256256103516 1.0232969035994177 0.4486001431941986
Pedestrian -1 -1 1.03 177.96873474121094 166.66160583496094 209.50828552246094 262.80401611328125 1.746986746788025 0.6078172326087952 0.3627470135688782 -7.199234962463379 1.6643356680870056 12.536928176879883 0.5053229315807348 0.41976019740104675
Pedestrian -1 -1 1.07 155.03724670410156 158.4209747314453 222.3959503173828 280.6772155761719 1.7797385454177856 0.6188822388648987 0.5030233860015869 -6.628180027008057 1.6654093861579895 11.558382034301758 0.5525828833327466 0.3753852844238281
Pedestrian -1 -1 0.34 34.361061096191406 162.48001098632812 105.40682220458984 335.06097412109375 1.7927422523498535 0.6809871792793274 0.600888729095459 -6.480964183807373 1.6691489815711975 8.687509536743164 -0.30488141484086917 0.3652202785015106
Pedestrian -1 -1 1.19 126.08971405029297 162.6208953857422 250.65052795410156 303.4913330078125 1.8388727903366089 0.6734195947647095 0.5851045250892639 -6.816937446594238 1.5840039253234863 11.946540832519531 0.6671567613653338 0.3625330626964569
Pedestrian -1 -1 0.47 149.4161376953125 168.18565368652344 212.99415588378906 270.6929626464844 1.7759307622909546 0.6467416882514954 0.574493408203125 -6.944168567657471 1.5926005840301514 12.003507614135742 -0.050073112111453266 0.351168692111969
Car -1 -1 2.15 174.9905548095703 178.91470336914062 358.42071533203125 263.8310852050781 1.4734442234039307 1.6076974868774414 3.71313738822937 -8.080263137817383 1.718197226524353 17.3056583404541 1.7095798904035737 0.33122915029525757
Car -1 -1 -1.55 515.3399047851562 177.58900451660156 556.9412231445312 210.9658660888672 1.5875228643417358 1.6910338401794434 4.113256931304932 -3.6137948036193848 1.8417776226997375 36.620635986328125 -1.6513728529377802 0.3099014163017273
Pedestrian -1 -1 0.65 174.8701629638672 171.39340209960938 215.39370727539062 267.4678039550781 1.7273287773132324 0.6038188934326172 0.46451830863952637 -7.038529396057129 1.7146881222724915 12.32790470123291 0.1317155951010318 0.3025811016559601
Pedestrian -1 -1 0.43 25.610158920288086 173.43421936035156 142.98336601257324 367.6162414550781 1.7523833513259888 0.7249177098274231 0.613698422908783 -6.095451831817627 1.700149118900299 7.973978042602539 -0.22073685535652743 0.2790471911430359
Car -1 -1 -0.8 -2.527540922164917 188.88571166992188 306.6712200641632 369.8955078125 1.5759748220443726 1.5584269762039185 3.5780248641967773 -2.860868215560913 1.6406974792480469 2.7569215297698975 -1.6082495080306956 0.2790319621562958
Pedestrian -1 -1 0.73 186.8817138671875 171.57533264160156 224.77908325195312 259.57806396484375 1.7092726230621338 0.6065453886985779 0.39382919669151306 -7.368046760559082 1.6860737204551697 13.18084716796875 0.21753094416801755 0.2728669345378876
Car -1 -1 -1.5 532.4203491210938 178.77227783203125 564.0623168945312 204.62026977539062 1.3814706802368164 1.578700065612793 3.9054296016693115 -3.5434346199035645 1.7999478578567505 40.69023895263672 -1.5840128372726925 0.2541883885860443
Pedestrian -1 -1 0.64 137.3499755859375 166.17030334472656 227.76145935058594 275.9249267578125 1.7393542528152466 0.6095222234725952 0.6483473777770996 -7.250645637512207 1.641400158405304 12.283828735351562 0.10217926412217615 0.24168413877487183
Car -1 -1 -1.2 47.284610748291016 181.97450256347656 357.09863662719727 338.04498291015625 1.4025284051895142 1.613667607307434 3.7438464164733887 -3.5098488330841064 1.5249250531196594 7.030659198760986 -1.658885070895268 0.23966671526432037
Pedestrian -1 -1 0.71 133.81838989257812 169.98069763183594 233.01544189453125 297.535888671875 1.7454915046691895 0.6406461596488953 0.5994049310684204 -6.962681293487549 1.681767463684082 12.20333194732666 0.19284662035896227 0.22966249287128448
Car -1 -1 -1.67 622.1524658203125 173.47239685058594 647.1928100585938 201.33026123046875 1.617584466934204 1.5838431119918823 3.9731876850128174 1.5965663194656372 1.7282156944274902 44.46138381958008 -1.6302456646842716 0.21297386288642883
Pedestrian -1 -1 0.7 195.4315948486328 166.5073699951172 222.8238983154297 271.1391296386719 1.7484393119812012 0.6240200400352478 0.44703829288482666 -6.687187671661377 1.676250398159027 12.184759140014648 0.20091204184404887 0.20936810970306396
Pedestrian -1 -1 0.96 20.2635440826416 151.36709594726562 146.634614944458 309.2785949707031 1.7965691089630127 0.6893767714500427 0.7064381837844849 -5.884002685546875 1.5324221849441528 7.798916816711426 0.3115953125228259 0.2040838599205017
Pedestrian -1 -1 0.69 181.15821838378906 176.96200561523438 231.49685668945312 266.12127685546875 1.7032582759857178 0.6064755916595459 0.4828267991542816 -7.190745830535889 1.7326501607894897 12.941950798034668 0.1824882968498276 0.20094136893749237
Car -1 -1 -1.1 85.29432678222656 187.32032775878906 385.9085235595703 357.0288391113281 1.4748055934906006 1.5511651039123535 3.463679552078247 -3.343790292739868 1.5601574182510376 6.749366760253906 -1.5573773327967242 0.1980046033859253
Car -1 -1 2.3 211.133544921875 186.117919921875 330.89794921875 247.36817932128906 1.4244701862335205 1.4843783378601074 3.3104770183563232 -9.052197456359863 1.8080012798309326 19.27152442932129 1.8605727949008575 0.19659356772899628
Pedestrian -1 -1 0.7 190.98187255859375 173.42124938964844 220.71092224121094 272.51959228515625 1.7131925821304321 0.5975988507270813 0.5369596481323242 -6.749542713165283 1.7326265573501587 12.249326705932617 0.1917795191807521 0.1954135298728943
Car -1 -1 -1.03 152.89549255371094 160.3668975830078 222.57449340820312 272.141357421875 1.4467532634735107 1.482910394668579 3.2220687866210938 -8.091190338134766 1.5363649725914001 14.426021575927734 -1.5382219390221197 0.19364094734191895
Pedestrian -1 -1 1.59 173.1617431640625 171.35440063476562 228.5072021484375 261.78558349609375 1.728048324584961 0.6046373844146729 0.4852384328842163 -7.259381294250488 1.6914050579071045 12.985738754272461 1.0754293326243278 0.1902649849653244
Car -1 -1 -1.36 136.8476104736328 160.21315002441406 245.23948669433594 286.6113586425781 1.4755494594573975 1.4980679750442505 3.32317852973938 -7.446465015411377 1.598564863204956 13.241165161132812 -1.8745284012711565 0.18978877365589142
Pedestrian -1 -1 1.02 16.725875854492188 177.58384704589844 185.6587371826172 378.63946533203125 1.7412223815917969 0.7167465686798096 0.6636350154876709 -5.6122565269470215 1.8011010885238647 7.40445613861084 0.3693412339296671 0.18913133442401886
Car -1 -1 2.4 137.13754272460938 180.50318908691406 367.3970031738281 291.48162841796875 1.4722678661346436 1.549583077430725 3.714047431945801 -7.686118125915527 1.7592964172363281 16.679964065551758 1.9641263775429785 0.188592791557312
Pedestrian -1 -1 0.08 173.41574096679688 171.13143920898438 201.70921325683594 251.83424377441406 1.6337391138076782 0.5140579342842102 0.5157944560050964 -8.335634231567383 1.6168728470802307 14.293624877929688 -0.4452200518839904 0.18192778527736664
Van -1 -1 -1.65 625.4970092773438 175.3887939453125 663.2194213867188 207.48146057128906 2.2748219966888428 1.7557026147842407 4.957095623016357 1.8302541971206665 1.8203158378601074 45.43252182006836 -1.606033331202818 0.17673233151435852
Van -1 -1 -1.63 623.4375 172.41932678222656 658.4299926757812 204.30322265625 2.428849935531616 1.8696650266647339 5.304311752319336 1.8193529844284058 1.7048464715480804 48.23658752441406 -1.5956826328028928 0.1735541671514511
Van -1 -1 -1.65 623.0595092773438 176.2181854248047 652.2886352539062 203.66448974609375 2.321878433227539 1.9681622982025146 5.359993934631348 1.8474103212356567 1.9395673871040344 47.558799743652344 -1.6116531589555887 0.1724734902381897
Car -1 -1 -1.09 2.053654193878174 195.11212158203125 165.98730897903442 360.8359069824219 1.570339322090149 1.537134051322937 3.5323071479797363 -5.885107040405273 1.9400362372398376 6.234658718109131 -1.8455102173944073 0.1523928940296173
Car -1 -1 0.21 96.50963592529297 181.0464324951172 369.67638397216797 316.72119140625 1.3779255151748657 1.5967570543289185 3.880560874938965 -7.965339183807373 1.9594468474388123 17.224538803100586 -0.22737328886046848 0.13873402774333954
Car -1 -1 -2.41 1.6794848442077637 193.3975067138672 220.19718503952026 355.7942810058594 1.4848421812057495 1.6099777221679688 3.7443385124206543 -2.455186605453491 1.2627968192100525 2.369112730026245 3.070435363701499 0.1105671375989914
Car -1 -1 -0.78 3.2329447269439697 184.5387725830078 193.6842234134674 338.94091796875 1.613016128540039 1.5643033981323242 3.486604928970337 -3.9227328300476074 1.6830490827560425 4.0769829750061035 -1.5470394961983578 0.1011723205447197