Car -1 -1 -1.89 770.2843017578125 180.97154235839844 1027.261474609375 339.1075134277344 1.5726195573806763 1.65790855884552 4.197523593902588 3.3020641803741455 1.6771463751792908 9.221364974975586 -1.5413559094983302 0.892150342464447
Car -1 -1 2.11 -1.4979664087295532 199.57965087890625 307.4127086400986 357.7564697265625 1.3465944528579712 1.6239583492279053 4.331669807434082 -5.559292316436768 1.7617265582084656 9.06423568725586 1.5615893964598655 0.888566255569458
Car -1 -1 1.9 401.61346435546875 186.20523071289062 486.8099060058594 234.54100036621094 1.4185564517974854 1.5680257081985474 4.034718990325928 -5.5705695152282715 1.916202425956726 24.367862701416016 1.6792710519197795 0.8879870176315308
Car -1 -1 1.91 253.11570739746094 192.64486694335938 406.1037902832031 275.04083251953125 1.3802112340927124 1.6195595264434814 4.018702983856201 -5.695614337921143 1.8562702536582947 15.112113952636719 1.553596923501945 0.8871644735336304
Car -1 -1 1.4 701.4225463867188 182.40914916992188 788.5758666992188 244.93910217285156 1.410851240158081 1.5712521076202393 3.6555066108703613 3.504256248474121 1.6960375308990479 19.21116065979004 1.5773823580006683 0.8601104617118835
Car -1 -1 -1.72 674.830322265625 181.5199737548828 743.1580810546875 228.33660888671875 1.4960453510284424 1.5968637466430664 3.881889820098877 3.3416576385498047 1.8124685287475586 25.007789611816406 -1.5824286579775677 0.8545451164245605
Car -1 -1 -2.36 929.4197387695312 183.556640625 1240.5634765625 372.52325439453125 1.5001195669174194 1.643595814704895 4.121678352355957 3.1653618812561035 1.6394676566123962 3.3152096271514893 -1.5968997872259987 0.8448725342750549
Car -1 -1 -1.73 655.8800048828125 178.74034118652344 701.4613647460938 213.5132598876953 1.4585684537887573 1.607136845588684 4.089451789855957 3.2005534172058105 1.8220627903938293 34.37525177001953 -1.6336557286073825 0.8390575051307678
Car -1 -1 1.77 486.5445251464844 181.4011993408203 529.8078002929688 209.72625732421875 1.4691686630249023 1.6116207838058472 3.906693696975708 -5.557631969451904 1.9554404020309448 39.53518295288086 1.6304912959544566 0.7885613441467285
Car -1 -1 -1.27 684.2362060546875 182.4033203125 767.9126586914062 237.02908325195312 1.4229497909545898 1.6129800081253052 3.8593194484710693 3.3193159103393555 1.7253921031951904 24.211809158325195 -1.1302070538748072 0.45483630895614624
Car -1 -1 -1.71 662.8387451171875 181.61236572265625 720.8120727539062 221.02670288085938 1.3898967504501343 1.5976320505142212 4.138467311859131 3.241572141647339 1.8109543919563293 32.58818054199219 -1.6156283299690966 0.3824308514595032
Car -1 -1 -2.27 879.604248046875 185.75119018554688 1216.204345703125 361.70294189453125 1.4651165008544922 1.6437959671020508 3.9224722385406494 2.871356964111328 1.4919286966323853 3.452594041824341 -1.5801316940588732 0.2709091305732727
Car -1 -1 -2.33 938.4609375 161.2474365234375 1214.2301025390625 349.9096374511719 1.6501377820968628 1.6060726642608643 3.857386350631714 2.9845330715179443 1.5398204922676086 3.0940780639648438 -1.5619880346534387 0.2561117112636566
Car -1 -1 -1.7 663.4652709960938 177.4568634033203 717.7750854492188 215.43882751464844 1.4168729782104492 1.6079143285751343 4.159489154815674 3.2590556144714355 1.7736002206802368 33.176673889160156 -1.5995029485227237 0.25094613432884216
Car -1 -1 -1.73 670.9656372070312 180.33865356445312 728.7185668945312 223.05194091796875 1.3782260417938232 1.5893105268478394 3.790254831314087 3.218695640563965 1.7145802974700928 25.17007064819336 -1.6022668042619586 0.24986280500888824
Car -1 -1 -1.71 658.2592163085938 181.45166015625 707.5753784179688 217.4276885986328 1.4557918310165405 1.6065363883972168 3.921208143234253 3.2717223167419434 1.8909009099006653 33.66940689086914 -1.61635128366194 0.2401428520679474
Car -1 -1 -2.85 680.3723754882812 181.83119201660156 756.525390625 230.83551025390625 1.4476574659347534 1.6267993450164795 3.7861874103546143 3.312678337097168 1.7120925188064575 20.71805191040039 -2.6888790025435316 0.22646600008010864
Car -1 -1 1.14 701.8358154296875 182.26889038085938 777.0932006835938 233.17947387695312 1.3334193229675293 1.5405826568603516 3.5499017238616943 3.5104570388793945 1.6190764904022217 19.43415641784668 1.3188410124991883 0.2118128091096878
Car -1 -1 1.74 493.78887939453125 182.73150634765625 534.8587036132812 208.2578887939453 1.4661095142364502 1.5680067539215088 3.8298864364624023 -5.4832234382629395 2.0473896265029907 41.70880126953125 1.6122170901995574 0.210837721824646
Car -1 -1 -2.04 829.349365234375 188.128662109375 1154.7603759765625 349.5687255859375 1.5476584434509277 1.6632074117660522 4.28737211227417 3.87479305267334 1.8222242593765259 8.043464660644531 -1.5951475057523439 0.2090556025505066
Car -1 -1 -1.97 972.52197265625 128.68801879882812 1236.2930908203125 322.8015441894531 1.7565734386444092 1.6464014053344727 3.8694825172424316 3.689225435256958 1.5281164050102234 4.439993381500244 -1.2740616348689215 0.1344137042760849