Pedestrian -1 -1 2.7 906.0269165039062 134.05291748046875 952.4334106445312 261.0011291503906 1.8734849691390991 0.6413511037826538 0.8802192807197571 5.1881513595581055 1.1611586511135101 11.421165466308594 3.1235214796357873 0.8110923171043396
Pedestrian -1 -1 1.7 229.87266540527344 168.3291473388672 321.11444091796875 376.67041015625 1.7768200635910034 0.629058301448822 0.8089605569839478 -2.6903445720672607 1.6784595251083374 5.97501802444458 1.2736320966271286 0.807197630405426
Pedestrian -1 -1 1.4 640.5111083984375 169.40127563476562 694.2080688476562 317.8839111328125 1.7608052492141724 0.6612387895584106 0.8480209708213806 0.7650498747825623 1.5655279755592346 8.644041061401367 1.490951425761751 0.7883504629135132
Cyclist -1 -1 -0.78 354.0962829589844 180.9295196533203 458.87188720703125 371.54864501953125 1.6953352689743042 0.5510433912277222 1.6726363897323608 -1.8186640739440918 1.689866542816162 6.633045196533203 -1.0512585888384205 0.7712506651878357
Pedestrian -1 -1 1.7 551.4024047851562 173.73072814941406 575.62548828125 234.25448608398438 1.6776278018951416 0.6197305917739868 0.9294979572296143 -1.007490634918213 1.4823106527328491 20.294286727905273 1.6532702357542837 0.7641676664352417
Pedestrian -1 -1 1.89 508.2374572753906 172.5959930419922 530.4577026367188 230.05429077148438 1.7858563661575317 0.659958004951477 0.9193004369735718 -2.5347683429718018 1.5115812420845032 22.281755447387695 1.774773496927983 0.7503625154495239
Pedestrian -1 -1 1.84 489.8077697753906 171.63851928710938 508.911865234375 229.65188598632812 1.7783747911453247 0.6727614998817444 0.887641966342926 -3.0668246746063232 1.4667328000068665 21.68038558959961 1.6997317920603834 0.7273423075675964
Pedestrian -1 -1 1.61 970.4021606445312 113.74944305419922 1203.22900390625 374.3759078979492 1.8430198431015015 0.6860072612762451 0.782783031463623 2.632807493209839 1.5390260219573975 3.9125585556030273 2.2017399702006344 0.7196609377861023
Pedestrian -1 -1 1.72 467.70599365234375 171.85205078125 487.8686218261719 233.77630615234375 1.8248852491378784 0.6494943499565125 0.6730254292488098 -3.541217803955078 1.515234351158142 20.888931274414062 1.5509071146351587 0.6789398789405823
Pedestrian -1 -1 1.86 486.96966552734375 170.59268188476562 506.35211181640625 231.6671142578125 1.7797073125839233 0.642084538936615 0.8506255149841309 -3.0298941135406494 1.48351389169693 21.667314529418945 1.7185909528698895 0.6777703166007996
Pedestrian -1 -1 1.23 596.5298461914062 173.9845428466797 620.246826171875 230.0300750732422 1.6938393115997314 0.6326879262924194 0.6651073694229126 0.2587100565433502 1.3741445541381836 21.241758346557617 1.237382816822075 0.6077064275741577
Pedestrian -1 -1 1.53 593.1483764648438 173.89102172851562 613.9329223632812 230.95257568359375 1.7411259412765503 0.6662048697471619 0.8300589323043823 0.06280828267335892 1.448026955127716 21.175758361816406 1.5358743468623706 0.6021955013275146
Pedestrian -1 -1 -0.84 358.3551330566406 187.2903289794922 455.9349060058594 365.818359375 1.5648707151412964 0.5974644422531128 0.6484827399253845 -1.741333246231079 1.6340218782424927 6.263175010681152 -1.1093875706752359 0.5712438821792603
Pedestrian -1 -1 1.55 589.425048828125 174.4775848388672 610.0592041015625 231.06797790527344 1.7275699377059937 0.6716530919075012 0.8273657560348511 -0.02362845093011856 1.4515897035598755 21.2523250579834 1.5518589255743 0.5438223481178284
Pedestrian -1 -1 1.55 583.1669921875 173.0973358154297 601.8096923828125 226.90455627441406 1.6802892684936523 0.6759179830551147 0.8134879469871521 -0.17696551978588104 1.4115602374076843 21.2200984954834 1.5458533395844967 0.503109872341156
Pedestrian -1 -1 1.83 469.708740234375 176.037353515625 490.0292663574219 235.017578125 1.6738550662994385 0.6323729157447815 0.7031430006027222 -3.715137243270874 1.4998125433921814 21.73929214477539 1.6563742062504936 0.47392764687538147
Pedestrian -1 -1 1.48 586.306884765625 174.26904296875 606.9564208984375 229.2396697998047 1.6512089967727661 0.649477481842041 0.7736402153968811 -0.06946069747209549 1.4167876839637756 20.931425094604492 1.4807820839371493 0.462342768907547
Cyclist -1 -1 -1.41 871.6102294921875 144.2044677734375 1198.3267822265625 365.2866516113281 1.7324053049087524 0.5961763262748718 1.7636253833770752 2.5779526233673096 1.4763855338096619 3.9183945655822754 -0.8236935737167412 0.4408692717552185
Pedestrian -1 -1 1.84 1026.709716796875 115.07911682128906 1215.9547119140625 376.3129425048828 1.8197129964828491 0.6668581366539001 0.7666162252426147 2.6274943351745605 1.5060539841651917 3.779917001724243 2.4447916476250473 0.42187944054603577
Pedestrian -1 -1 1.76 656.9199829101562 169.0859832763672 730.7183837890625 276.86846923828125 1.7513408660888672 0.6638540029525757 0.7484078407287598 1.6141184568405151 1.5278351306915283 12.563117027282715 1.8922778157503686 0.419838011264801
Pedestrian -1 -1 2.53 900.1245727539062 122.9278793334961 1202.8480224609375 370.66536712646484 1.9509934186935425 0.6300907731056213 0.921042263507843 2.72601318359375 1.5289963483810425 4.060639381408691 3.1201007690893556 0.41416770219802856
Pedestrian -1 -1 1.39 629.7410278320312 171.10675048828125 685.9968872070312 309.094970703125 1.7326158285140991 0.657538890838623 0.824247419834137 0.7690452337265015 1.5835636258125305 9.267701148986816 1.4731559815013524 0.41087666153907776
Cyclist -1 -1 -1.86 655.8639526367188 170.19091796875 732.2880859375 274.5072937011719 1.7417553663253784 0.5238156318664551 1.6896519660949707 1.6087538003921509 1.5206424593925476 13.047342300415039 -1.7344460161236581 0.4079940617084503
Pedestrian -1 -1 1.95 335.5191650390625 201.99156188964844 397.5567932128906 327.6099548339844 1.4499216079711914 0.5093725323677063 0.6114258170127869 -2.9437901973724365 1.6563366651535034 8.93207836151123 1.6305095257750368 0.3910902142524719
Pedestrian -1 -1 1.28 340.76385498046875 203.7183074951172 385.6800537109375 327.5641784667969 1.4761271476745605 0.5611377954483032 0.5567848086357117 -2.824340343475342 1.7021558284759521 8.539194107055664 0.9609854363222174 0.38952547311782837
Pedestrian -1 -1 1.7 558.7107543945312 174.2698974609375 580.1340942382812 230.81993103027344 1.660794973373413 0.6737168431282043 0.8649036884307861 -0.9527710676193237 1.4843957424163818 20.888561248779297 1.6560386261402513 0.37307673692703247
Cyclist -1 -1 -0.21 842.8548583984375 172.98899841308594 1178.7611083984375 362.6216735839844 1.6288622617721558 0.6167930364608765 1.7003170251846313 2.410698413848877 1.5027042627334595 4.036552429199219 0.3265883538219967 0.366941899061203
Cyclist -1 -1 -2.12 929.3046875 107.18029022216797 1207.7578125 374.3259811401367 1.777889609336853 0.507261335849762 1.7575962543487549 2.629680871963501 1.3678336441516876 3.8858261108398438 -1.520108016586085 0.36685022711753845
Pedestrian -1 -1 1.73 484.26580810546875 173.0050048828125 503.6114501953125 228.85499572753906 1.7191965579986572 0.6111840605735779 0.6692259311676025 -3.2249393463134766 1.478223443031311 22.025094985961914 1.5857125926137767 0.3663491904735565
Pedestrian -1 -1 2.09 502.91046142578125 174.0420684814453 523.6195068359375 229.95509338378906 1.7179862260818481 0.6286070346832275 0.722686767578125 -2.916813611984253 1.49393892288208 22.76211166381836 1.966126625369765 0.3625613749027252
Pedestrian -1 -1 1.32 644.7879028320312 167.58572387695312 706.9501342773438 293.4623107910156 1.7910598516464233 0.6669425964355469 0.7561530470848083 0.9692114591598511 1.5356978178024292 9.50475025177002 1.4253111089640758 0.34804797172546387
Car -1 -1 -1.96 871.6102294921875 144.2044677734375 1198.3267822265625 365.2866516113281 1.6962488889694214 1.6065841913223267 3.456409454345703 3.0014736652374268 1.6451477408409119 4.3223347663879395 -1.3525314555604702 0.3478606045246124
Pedestrian -1 -1 1.75 481.18719482421875 173.5406951904297 500.737060546875 230.77796936035156 1.7092031240463257 0.6155406832695007 0.6526275277137756 -3.2645342350006104 1.4606862664222717 21.951374053955078 1.6003354872656539 0.3417901396751404
Pedestrian -1 -1 1.05 344.24310302734375 200.32083129882812 392.3670959472656 335.4898376464844 1.511170506477356 0.5689369440078735 0.647482693195343 -2.7274091243743896 1.743550956249237 8.322793960571289 0.731765929631798 0.3401874005794525
Pedestrian -1 -1 0.89 842.8548583984375 172.98899841308594 1178.7611083984375 362.6216735839844 1.703620433807373 0.6177607178688049 0.7843441963195801 2.1450729370117188 1.492067813873291 3.7704641819000244 1.4030643283778232 0.33975473046302795
Pedestrian -1 -1 1.59 894.7124633789062 134.78724670410156 968.8242797851562 285.0389709472656 1.9557278156280518 0.7033418416976929 0.8262844085693359 5.035918712615967 1.2809957563877106 11.05396556854248 2.0155971661145777 0.33453676104545593
Cyclist -1 -1 -2.43 997.0775146484375 111.768310546875 1208.887939453125 369.174072265625 1.7643646001815796 0.525385320186615 1.6820911169052124 3.3438708782196045 1.4677337408065796 4.705997467041016 -1.8149560613304931 0.33072784543037415
Cyclist -1 -1 -1.5 644.1258544921875 168.3938446044922 701.712158203125 307.04681396484375 1.7971842288970947 0.5255993008613586 1.6056534051895142 0.860163688659668 1.5473289489746094 8.899164199829102 -1.4012105122188565 0.32838863134384155
Pedestrian -1 -1 1.63 474.7106018066406 171.01455688476562 496.2199401855469 233.10256958007812 1.743257761001587 0.6323277950286865 0.8688255548477173 -3.349778890609741 1.480815052986145 21.326900482177734 1.4698837539765206 0.3269505500793457
Pedestrian -1 -1 2.05 242.46925354003906 178.3326873779297 334.4271545410156 370.24237060546875 1.652276873588562 0.6059820055961609 0.7382950782775879 -2.5505294799804688 1.6536628603935242 5.594367504119873 1.6179645790435107 0.32245850563049316
Pedestrian -1 -1 1.19 579.3687133789062 173.88134765625 596.8181762695312 226.78643798828125 1.674501895904541 0.6657133102416992 0.6234049201011658 -0.5180455446243286 1.4689131379127502 24.086671829223633 1.1686952129685864 0.3210611939430237
Pedestrian -1 -1 1.71 472.32666015625 171.8522186279297 492.3752136230469 231.00003051757812 1.7423142194747925 0.6252568364143372 0.7652460932731628 -3.418139696121216 1.4668338298797607 21.624855041503906 1.5553095881203625 0.316994309425354
Pedestrian -1 -1 2.07 492.0238342285156 171.45266723632812 512.1185302734375 230.48764038085938 1.7476403713226318 0.6262086629867554 0.9590722918510437 -2.8765761852264404 1.4460911750793457 21.97679901123047 1.944826309182547 0.3131692409515381
Cyclist -1 -1 2.5 814.8731079101562 196.3434600830078 1153.7767333984375 370.3923645019531 1.5360326766967773 0.5879119038581848 1.6076194047927856 2.2355854511260986 1.4707395434379578 3.764796495437622 3.0355816295964324 0.31158125400543213
Pedestrian -1 -1 1.29 194.59259033203125 182.51419067382812 292.1293029785156 356.90374755859375 1.6770001649856567 0.6189284920692444 0.6900306344032288 -3.4310896396636963 1.7760253548622131 6.760729789733887 0.8233970414781635 0.30949684977531433
Pedestrian -1 -1 2.59 337.54351806640625 201.42874145507812 413.1058654785156 331.4037170410156 1.4186218976974487 0.5149888396263123 0.6663805246353149 -2.7880945205688477 1.618821144104004 8.661626815795898 2.2812393909280866 0.3052571415901184
Pedestrian -1 -1 1.01 172.6302490234375 191.8988494873047 255.4253387451172 346.5605773925781 1.6527756452560425 0.601520836353302 0.70337975025177 -4.282780170440674 1.811779260635376 7.990544319152832 0.5186942217629738 0.29960912466049194
Car -1 -1 -1.55 842.8548583984375 172.98899841308594 1178.7611083984375 362.6216735839844 1.5902024507522583 1.5653836727142334 3.4938504695892334 2.6486399173736572 1.6251227855682373 4.035740852355957 -0.9651186447164157 0.2982255220413208
Pedestrian -1 -1 1.75 896.7969360351562 128.5746612548828 958.6671752929688 261.3426208496094 1.9132622480392456 0.6054192781448364 0.972784698009491 5.129993915557861 1.2030175775289536 11.376543998718262 2.172279171914645 0.2932126820087433
Truck -1 -1 -2.36 864.240234375 135.83168029785156 1218.8768310546875 372.8402099609375 3.3278121948242188 2.52860426902771 6.999340057373047 3.4565393924713135 2.2348212599754333 4.5105085372924805 -1.7026582059065136 0.29274600744247437
Pedestrian -1 -1 1.84 928.23046875 150.73727416992188 1169.9605712890625 364.2767639160156 1.7863671779632568 0.6562591791152954 0.7124931812286377 2.4820468425750732 1.5140808820724487 3.902029514312744 2.4048542671306787 0.29195791482925415
Pedestrian -1 -1 0.68 355.0785217285156 194.6241455078125 418.1650085449219 347.7997741699219 1.4658799171447754 0.5880283117294312 0.6886419057846069 -1.7029134035110474 1.5031810998916626 5.862966060638428 0.398301109747091 0.29028838872909546
Pedestrian -1 -1 1.89 496.26116943359375 170.6815948486328 517.6825561523438 227.19309997558594 1.7736743688583374 0.6632927656173706 0.9788684844970703 -2.8970251083374023 1.4994317889213562 22.216623306274414 1.7584484576756578 0.2897520661354065
Truck -1 -1 -2.6 830.404541015625 166.44931030273438 1195.794921875 375.2415466308594 3.274911642074585 2.4987576007843018 6.801154136657715 3.097182273864746 2.220098555088043 4.138367176055908 -1.9622428103333789 0.28293687105178833
Cyclist -1 -1 -2.0 224.81918334960938 168.3280029296875 315.13623046875 378.7995300292969 1.773432731628418 0.5295149087905884 1.6311527490615845 -2.683621644973755 1.7276901602745056 5.8769450187683105 -2.425905752708146 0.2734152674674988
Car -1 -1 -1.0 818.8019409179688 196.76731872558594 1144.904052734375 368.4411926269531 1.4521856307983398 1.521986722946167 3.5960845947265625 2.403949499130249 1.6049560904502869 3.8959665298461914 -0.4506871914362045 0.2677708864212036
Pedestrian -1 -1 2.12 185.8590850830078 196.7661590576172 237.13330078125 336.6519775390625 1.5790672302246094 0.5566624999046326 0.506629467010498 -4.500136852264404 1.74313485622406 8.335716247558594 1.6219690237480764 0.26770201325416565
Pedestrian -1 -1 -0.25 818.8019409179688 196.76731872558594 1144.904052734375 368.4411926269531 1.6586321592330933 0.5582213997840881 0.6720589399337769 1.857629418373108 1.49580579996109 3.7093048095703125 0.21096456372490024 0.2665056884288788
Car -1 -1 -2.07 927.034423828125 115.64604187011719 1211.947021484375 374.9786834716797 1.6967037916183472 1.6159188747406006 3.4708118438720703 3.2272450923919678 1.6553672552108765 4.942609786987305 -1.4910821002269108 0.26538196206092834
Pedestrian -1 -1 0.72 348.5653076171875 198.18116760253906 399.4449157714844 345.0647888183594 1.4050788879394531 0.549192488193512 0.7055155634880066 -2.0306055545806885 1.589559555053711 6.6652398109436035 0.42926119514616 0.2643456757068634
Pedestrian -1 -1 0.63 563.6450805664062 172.939453125 582.6860961914062 228.843994140625 1.6873042583465576 0.7097235321998596 0.6924129724502563 -0.8917584419250488 1.465500295162201 21.649517059326172 0.5850448868183964 0.26303741335868835
Cyclist -1 -1 0.7 372.7247314453125 181.09579467773438 462.46551513671875 355.1679992675781 1.667941689491272 0.6224371194839478 1.751534104347229 -1.8095225095748901 1.5908731818199158 6.6980366706848145 0.439305383505312 0.26238885521888733
Pedestrian -1 -1 1.61 503.9986572265625 170.3250274658203 526.67431640625 232.21917724609375 1.766253113746643 0.6598646640777588 0.8975594639778137 -2.575291633605957 1.4751233458518982 21.806413650512695 1.4921656769606306 0.25620636343955994
Cyclist -1 -1 1.68 362.50299072265625 181.41712951660156 446.72845458984375 349.3688049316406 1.7090914249420166 0.6169826984405518 1.6957900524139404 -1.8680999279022217 1.642118513584137 6.827970027923584 1.4138626715002154 0.2519407868385315
Pedestrian -1 -1 1.36 335.0874328613281 204.28797912597656 370.446044921875 321.5030822753906 1.4386985301971436 0.4948279857635498 0.5515769720077515 -3.083627223968506 1.7150635123252869 8.966378211975098 1.029012558934122 0.24884405732154846
Cyclist -1 -1 -1.57 638.6910400390625 167.8347930908203 693.5790405273438 319.83795166015625 1.8128875494003296 0.5674499869346619 1.764383316040039 0.7572356462478638 1.5856556296348572 9.143899917602539 -1.4904879986265085 0.2461048811674118
Pedestrian -1 -1 1.76 576.7307739257812 173.40835571289062 594.0731811523438 223.21873474121094 1.755624771118164 0.6638433337211609 0.7552019357681274 -0.5040874481201172 1.4838537573814392 25.451828002929688 1.7434473926478429 0.24242451786994934
Pedestrian -1 -1 1.27 650.015625 168.00682067871094 713.8937377929688 281.43798828125 1.8090872764587402 0.6905208826065063 0.7676668167114258 1.3088356256484985 1.4988771080970764 10.75234317779541 1.388641210756262 0.240110844373703
Cyclist -1 -1 -1.72 654.9932250976562 168.4597625732422 718.4902954101562 283.756591796875 1.7636947631835938 0.574910581111908 1.7563650608062744 1.5724830627441406 1.5433242917060852 13.266169548034668 -1.6055255567933813 0.23957514762878418
Pedestrian -1 -1 1.68 360.9923095703125 186.28402709960938 431.2424011230469 337.28863525390625 1.6071906089782715 0.5704835653305054 0.5923188924789429 -2.0104823112487793 1.6190325021743774 7.192784309387207 1.4067928797055558 0.23536747694015503
Truck -1 -1 -2.43 951.2971801757812 89.39718627929688 1222.84765625 373.3930358886719 3.198819398880005 2.344604730606079 6.319065570831299 5.003777503967285 1.7630850821733475 6.453821659088135 -1.7661674038416004 0.23513014614582062
Pedestrian -1 -1 2.01 1051.8076171875 121.81354522705078 1181.848876953125 353.83573150634766 1.8224786520004272 0.6482828259468079 0.6629835367202759 3.3270490169525146 1.4275821447372437 4.680850028991699 2.63249968275691 0.23156218230724335
Pedestrian -1 -1 1.69 659.0406494140625 174.41326904296875 721.8660888671875 291.092041015625 1.6641160249710083 0.6125953197479248 0.741088330745697 1.437909483909607 1.6416399478912354 11.77474308013916 1.812058444026741 0.2311078906059265
Pedestrian -1 -1 1.51 601.5606689453125 174.36013793945312 627.0145263671875 234.41293334960938 1.649804711341858 0.6222321391105652 0.6541414260864258 0.39733073115348816 1.446398138999939 21.143840789794922 1.5308418780894888 0.22665537893772125
Van -1 -1 -1.98 958.8579711914062 95.07807159423828 1215.601806640625 368.69715118408203 2.117191791534424 1.8674780130386353 4.62260627746582 3.693035364151001 1.5661054849624634 5.001540660858154 -1.3485867799530205 0.22593703866004944
Cyclist -1 -1 1.77 396.111328125 196.46714782714844 456.18841552734375 282.5961608886719 1.5255399942398071 0.5409060120582581 1.5726720094680786 -2.965728998184204 1.75438791513443 12.414743423461914 1.5346102719233023 0.22505594789981842
Car -1 -1 -1.61 658.1459350585938 170.23324584960938 728.5780639648438 281.19091796875 1.607445240020752 1.555924892425537 3.2120423316955566 1.8979880809783936 1.591278851032257 15.951546669006348 -1.4887284969979309 0.22449052333831787
Pedestrian -1 -1 1.36 179.39114379882812 158.58709716796875 369.6253967285156 377.468017578125 1.743769884109497 0.5243714451789856 0.7324005365371704 -2.5307705402374268 1.6747990846633911 5.7190046310424805 0.9438480455206806 0.22441527247428894
Pedestrian -1 -1 1.75 176.8318328857422 196.53662109375 225.23712158203125 333.14373779296875 1.5538800954818726 0.5358433723449707 0.50421142578125 -4.7597761154174805 1.7539565563201904 8.659942626953125 1.2430892938410842 0.22256532311439514
Pedestrian -1 -1 2.09 196.02401733398438 196.66049194335938 253.989013671875 344.1244201660156 1.6133038997650146 0.6032522320747375 0.6071796417236328 -4.213624000549316 1.7552527785301208 7.9502949714660645 1.6020686551475194 0.22200171649456024
Pedestrian -1 -1 1.47 216.42176818847656 165.05259704589844 313.474853515625 350.64874267578125 1.7923767566680908 0.6963478922843933 0.7962561845779419 -2.7749993801116943 1.681242048740387 5.935349464416504 1.0282090901733483 0.22164471447467804
Pedestrian -1 -1 1.5 602.2730102539062 175.12005615234375 622.8738403320312 228.20083618164062 1.6989070177078247 0.6167068481445312 0.6439840197563171 0.3620758652687073 1.4314020872116089 22.0341796875 1.5123481990440482 0.22079792618751526
Pedestrian -1 -1 1.68 1059.18994140625 108.14161682128906 1210.2623291015625 364.1370544433594 1.8602498769760132 0.6563585996627808 0.7361279726028442 3.1081957817077637 1.4594626426696777 4.383975982666016 2.3000338153032764 0.22028206288814545
Car -1 -1 -1.55 355.635498046875 174.29476928710938 462.7655334472656 367.15252685546875 1.6748722791671753 1.5945018529891968 3.4307401180267334 -1.974381923675537 1.6981679797172546 7.8031158447265625 -1.7996575353694109 0.2200821191072464
Pedestrian -1 -1 2.43 912.0482177734375 142.93331909179688 955.1456298828125 254.4197998046875 1.775430679321289 0.6342874765396118 0.6837972402572632 5.206566333770752 1.1642423272132874 11.373443603515625 2.8550381415229182 0.21813911199569702
Cyclist -1 -1 -1.49 592.5906372070312 169.29324340820312 615.3812255859375 233.08995056152344 1.7005192041397095 0.5341213345527649 1.7327334880828857 0.13382017612457275 1.485144853591919 22.31806182861328 -1.4888969283233298 0.21805323660373688
Pedestrian -1 -1 0.95 1021.4378662109375 93.18699645996094 1197.310791015625 351.36241149902344 1.8304418325424194 0.6627318859100342 0.839226245880127 2.994811773300171 1.4168406128883362 4.2239580154418945 1.570454900643302 0.21650491654872894
Pedestrian -1 -1 1.61 462.6771545410156 173.1425323486328 479.6975402832031 230.18670654296875 1.7546436786651611 0.590360164642334 0.549643337726593 -3.858306646347046 1.5111470222473145 21.881328582763672 1.4383488720942523 0.2125365436077118
Pedestrian -1 -1 1.62 339.0119934082031 199.04600524902344 376.3292541503906 318.6703186035156 1.4847023487091064 0.506793737411499 0.4288756251335144 -2.947183847427368 1.663760006427765 8.733329772949219 1.2924690095001772 0.2107132524251938
Car -1 -1 1.76 -16.89341926574707 187.46554565429688 204.57600212097168 333.72381591796875 1.6605221033096313 1.6658285856246948 3.9778318405151367 -8.288818359375 1.7540771961212158 10.154237747192383 1.0785522689810936 0.21029293537139893
Pedestrian -1 -1 1.73 984.7180786132812 117.54093933105469 1158.8016357421875 353.690673828125 1.8940362930297852 0.7138054966926575 0.8599516153335571 3.0854763984680176 1.471617341041565 4.645241737365723 2.311946882695752 0.20950688421726227
Pedestrian -1 -1 1.83 573.9468383789062 172.22923278808594 589.7835083007812 221.30401611328125 1.7511861324310303 0.6679926514625549 0.8734521865844727 -0.6640990972518921 1.5259733200073242 25.121549606323242 1.7998849858114978 0.2088257372379303
Pedestrian -1 -1 1.46 226.7931365966797 173.9972381591797 304.2622985839844 368.2429504394531 1.709706425666809 0.6276122331619263 0.7695545554161072 -2.813555955886841 1.6515713334083557 6.186807632446289 1.0377628252307858 0.20830971002578735
Pedestrian -1 -1 1.89 570.624755859375 172.5443115234375 587.7369384765625 224.29583740234375 1.7090965509414673 0.6569823026657104 0.846138596534729 -0.7087975740432739 1.5205591320991516 24.466352462768555 1.8616975104469295 0.20698609948158264
Pedestrian -1 -1 1.16 163.86033630371094 192.14637756347656 243.24851989746094 337.0919494628906 1.5851736068725586 0.5695794820785522 0.6927827596664429 -4.470810890197754 1.722279131412506 8.097559928894043 0.6568419112240704 0.20694702863693237
Pedestrian -1 -1 1.59 509.6454772949219 174.8330535888672 533.9833374023438 227.45338439941406 1.6532883644104004 0.701754629611969 0.8681159615516663 -2.476666212081909 1.4530338048934937 21.961435317993164 1.4750052555217064 0.2063949853181839
Pedestrian -1 -1 -3.06 345.1009216308594 226.08631896972656 380.0561828613281 311.1605224609375 1.3179267644882202 0.4421146810054779 0.7431605458259583 -3.5807130336761475 2.0030099749565125 10.733966827392578 2.8977042720091672 0.20600712299346924
Pedestrian -1 -1 1.9 961.90380859375 131.08990478515625 1136.00634765625 346.5788269042969 1.8716142177581787 0.7042030692100525 0.8169281482696533 2.7741799354553223 1.4971766471862793 4.36248254776001 2.4623705482402265 0.20338284969329834
Pedestrian -1 -1 1.57 882.5208129882812 140.9130859375 989.25927734375 297.37384033203125 2.0137104988098145 0.7651495933532715 0.8216845989227295 4.644464492797852 1.3526834845542908 10.0589017868042 1.9977882376666098 0.2033797800540924
Pedestrian -1 -1 1.8 464.3507995605469 173.5755157470703 485.21038818359375 234.0414276123047 1.6632776260375977 0.5664229393005371 0.5468547344207764 -3.7166898250579834 1.4702157378196716 21.520051956176758 1.6246668993730609 0.20328237116336823
Pedestrian -1 -1 1.68 635.8975830078125 167.56512451171875 688.159423828125 277.5248718261719 1.731076717376709 0.6669771075248718 0.8033114671707153 0.9273298978805542 1.5251057744026184 11.986475944519043 1.7616293336835716 0.20213747024536133
Pedestrian -1 -1 2.95 346.5650939941406 197.9020538330078 443.6929931640625 347.51580810546875 1.374224066734314 0.49355262517929077 0.7304684519767761 -2.344705104827881 1.6239091753959656 7.867754936218262 2.6621269919224275 0.20084641873836517
Cyclist -1 -1 0.99 336.2804870605469 204.70635986328125 400.22015380859375 331.9328918457031 1.528289794921875 0.5251973271369934 1.5567796230316162 -3.107534170150757 1.7727383375167847 9.331282615661621 0.6661757145474407 0.1990385353565216
Pedestrian -1 -1 1.52 345.86456298828125 194.09107971191406 384.7360534667969 302.4448547363281 1.5630898475646973 0.5275015830993652 0.4747788906097412 -3.567631959915161 1.6935611963272095 10.676562309265137 1.193311603478307 0.19503848254680634
Cyclist -1 -1 1.58 372.8727111816406 183.7673797607422 458.46337890625 316.554931640625 1.6646511554718018 0.609381377696991 1.6786870956420898 -2.168565511703491 1.5914733409881592 8.561056137084961 1.3328749130465205 0.19239234924316406
Truck -1 -1 -2.92 814.8731079101562 196.3434600830078 1153.7767333984375 370.3923645019531 3.197687864303589 2.5207488536834717 6.758754253387451 2.773956298828125 2.166108548641205 3.9279582500457764 -2.30417886767479 0.19174595177173615
Pedestrian -1 -1 2.6 372.75537109375 190.5635223388672 459.0238037109375 344.56494140625 1.5594016313552856 0.6080456972122192 0.7203407287597656 -1.7696257829666138 1.6081595420837402 7.125026702880859 2.3530300227088254 0.1906105875968933
Car -1 -1 -2.0 988.3600463867188 79.2704086303711 1225.5738525390625 354.81966400146484 1.7498595714569092 1.6267950534820557 4.04200553894043 3.9883430004119873 1.4525192975997925 5.469472408294678 -1.3680944495246816 0.18967889249324799
Pedestrian -1 -1 1.86 513.53515625 175.4710235595703 537.6221313476562 223.2794952392578 1.7156429290771484 0.743664026260376 0.8932278156280518 -2.536623001098633 1.5601176023483276 23.399967193603516 1.751936312540046 0.18965134024620056
Cyclist -1 -1 0.97 336.2425231933594 201.92764282226562 415.82305908203125 339.362060546875 1.5142879486083984 0.5364854335784912 1.5601646900177002 -2.921396255493164 1.7591259479522705 9.021748542785645 0.6573261209521295 0.187918022274971
Car -1 -1 1.44 -15.1057767868042 151.68167114257812 207.2420778274536 315.21527099609375 1.7299906015396118 1.613572597503662 4.156815052032471 -8.381678581237793 1.7679092288017273 10.182862281799316 0.7480862517213436 0.18739914894104004
Pedestrian -1 -1 1.94 912.0455932617188 146.92999267578125 1002.1277465820312 289.0652770996094 1.7588865756988525 0.7109206914901733 0.9468935132026672 5.143050670623779 1.3926308155059814 10.941454887390137 2.3834730076486235 0.18546581268310547
Pedestrian -1 -1 1.57 202.92904663085938 194.09837341308594 269.5919494628906 348.44140625 1.6316447257995605 0.6036808490753174 0.6824265122413635 -3.8723208904266357 1.7536327242851257 7.529892921447754 1.0907585381153728 0.18096323311328888
Pedestrian -1 -1 2.19 1085.205078125 122.11005401611328 1197.06103515625 352.87732696533203 1.8299663066864014 0.7039135694503784 0.6888459920883179 3.363372325897217 1.4285115003585815 4.440136432647705 2.841654498586033 0.180555522441864
Pedestrian -1 -1 1.65 627.74462890625 166.5274658203125 677.0824584960938 285.59906005859375 1.784358263015747 0.7322070598602295 0.8630861043930054 0.7974385619163513 1.5455952286720276 11.237305641174316 1.7181709514983137 0.17869554460048676
Pedestrian -1 -1 1.67 331.792236328125 184.77745056152344 438.2021789550781 353.40240478515625 1.6072909832000732 0.6661326885223389 0.8102726340293884 -2.1588447093963623 1.6552443504333496 6.814405918121338 1.3640967204626548 0.1780736893415451
Pedestrian -1 -1 1.6 637.974365234375 172.00270080566406 684.1885375976562 262.87744140625 1.6335968971252441 0.5939782857894897 0.7687705755233765 1.1121200323104858 1.4840404987335205 13.566292762756348 1.6809631262566702 0.17722353339195251
Cyclist -1 -1 -3.14 965.9927978515625 80.6063461303711 1239.8218994140625 372.13744354248047 1.7373543977737427 0.5971006751060486 1.8156059980392456 3.6531472206115723 1.468505620956421 4.810939311981201 -2.4914699583036803 0.17637905478477478
Van -1 -1 -1.97 871.6102294921875 144.2044677734375 1198.3267822265625 365.2866516113281 1.8393954038619995 1.7637602090835571 4.184103488922119 3.038717269897461 1.5876927375793457 4.362963676452637 -1.3643499344343102 0.17560741305351257
Pedestrian -1 -1 0.73 267.92596435546875 173.98280334472656 453.2002868652344 377.1216735839844 1.6558074951171875 0.5552443265914917 0.7490119934082031 -1.9371702671051025 1.6130369305610657 6.32515287399292 0.42950316095470775 0.17455436289310455
Pedestrian -1 -1 1.78 631.4664306640625 171.0337677001953 679.1785888671875 268.25213623046875 1.667450189590454 0.6687403321266174 0.7495659589767456 0.9646748304367065 1.4767479300498962 12.977400779724121 1.8541937644301045 0.1695723533630371
Pedestrian -1 -1 1.7 897.4964599609375 176.14503479003906 1107.2459716796875 353.2843017578125 1.7423686981201172 0.6433414220809937 0.820541262626648 2.377657651901245 1.4891467690467834 4.442768573760986 2.1936178817171665 0.16101257503032684
Pedestrian -1 -1 0.28 1118.7987060546875 137.9298553466797 1218.75439453125 364.1587219238281 1.7671263217926025 0.6433718204498291 0.652989387512207 3.167634963989258 1.5125579833984375 3.5671355724334717 1.003985241217646 0.14831136167049408
Truck -1 -1 1.18 353.4971923828125 183.317138671875 451.87982177734375 369.7872009277344 3.173834800720215 2.5599019527435303 8.058882713317871 -2.3410418033599854 2.6134016513824463 8.444770812988281 0.9081013055304403 0.12211879342794418