Van -1 -1 -2.15 873.3626708984375 60.477508544921875 1244.8739013671875 378.1501770019531 2.2885067462921143 1.9240833520889282 5.11765718460083 4.986873149871826 1.6037265956401825 8.130264282226562 -1.5979955915042838 0.8262276649475098
Van -1 -1 1.97 317.843994140625 181.6907958984375 402.646728515625 233.86317443847656 1.9960949420928955 1.8254034519195557 4.750230312347412 -10.77344799041748 2.4475436210632324 31.631715774536133 1.6460695538415742 0.8172134757041931
Car -1 -1 2.27 -1.6877859830856323 199.90499877929688 165.19409573078156 354.61328125 1.6021804809570312 1.6253299713134766 3.8536739349365234 -7.001493453979492 1.9189330339431763 8.083002090454102 1.5604194270448897 0.7535133957862854
Car -1 -1 1.94 318.87939453125 182.42393493652344 404.0975341796875 233.2539520263672 1.8537840843200684 1.720100998878479 4.085293292999268 -10.179932594299316 2.322688937187195 29.792797088623047 1.6098876685105452 0.7499629855155945
Car -1 -1 1.75 428.83575439453125 185.07981872558594 471.5874328613281 211.36016845703125 1.5206844806671143 1.6701260805130005 4.313174724578857 -10.355131149291992 2.4029139280319214 46.738800048828125 1.5362140962180533 0.7074120044708252
Truck -1 -1 -1.01 491.6815490722656 161.27001953125 529.4813232421875 197.90599060058594 3.6269710063934326 2.760387897491455 11.166045188903809 -10.031986236572266 2.7001945972442627 74.76666259765625 -1.1464976316074802 0.5335677862167358
Car -1 -1 1.53 605.3272094726562 180.2179718017578 625.7792358398438 197.17250061035156 1.5598260164260864 1.6700526475906372 3.969564914703369 0.5099968910217285 2.2091503739356995 69.77751159667969 1.5328675033800128 0.48806241154670715
Truck -1 -1 -2.13 892.0581665039062 60.3906135559082 1242.4888916015625 353.1071968078613 3.3930444717407227 2.592395067214966 7.579583644866943 6.54370641708374 1.863549217581749 10.501603126525879 -1.5715390456337772 0.4446251690387726
Car -1 -1 2.32 1.577372670173645 200.64024353027344 152.5624953508377 323.7791748046875 1.5236650705337524 1.6270424127578735 3.978987455368042 -7.819708824157715 1.9618048071861267 8.99354076385498 1.5995094441328241 0.4266469180583954
Car -1 -1 -2.09 885.9898681640625 78.60507202148438 1255.8736572265625 365.22064208984375 2.0032033920288086 1.6740316152572632 4.354326248168945 5.665672779083252 1.587916910648346 9.458330154418945 -1.5515458086972638 0.379395455121994
Van -1 -1 -1.93 911.8121337890625 56.78104782104492 1241.9559326171875 327.6539421081543 2.5665645599365234 1.9921449422836304 5.562544822692871 4.9137420654296875 1.7155997455120087 7.8879876136779785 -1.371798795322059 0.25934913754463196
Car -1 -1 2.33 12.24169635772705 201.88534545898438 146.79731464385986 305.476318359375 1.4920930862426758 1.5831193923950195 3.9303228855133057 -8.02226734161377 1.9305590391159058 9.396913528442383 1.6205683867090022 0.20463478565216064
Van -1 -1 -1.64 934.1182861328125 67.54673767089844 1226.88916015625 281.1774597167969 2.600581169128418 1.9842009544372559 5.499449729919434 5.8797221183776855 1.6812852025032043 9.193717956542969 -1.0733333401336633 0.20293281972408295
Car -1 -1 1.79 469.98211669921875 180.77867126464844 500.1712646484375 203.32894897460938 1.5709902048110962 1.584700584411621 3.8484933376312256 -11.17188549041748 2.6559744477272034 65.02078247070312 1.6176505921812243 0.19116856157779694
Van -1 -1 -2.35 909.82421875 129.51837158203125 1244.973876953125 372.0782470703125 1.986589789390564 1.8450418710708618 4.546328544616699 4.933483600616455 1.7838271260261536 7.891742706298828 -1.7898076303219383 0.1891230046749115
Car -1 -1 2.32 20.83416175842285 209.133544921875 222.07947731018066 368.6778869628906 1.4157196283340454 1.5711370706558228 3.7073616981506348 -6.184208869934082 1.9241083264350891 7.345137119293213 1.6246200475215637 0.18523116409778595
Car -1 -1 -1.98 944.4322509765625 117.9415054321289 1253.125732421875 371.01895904541016 1.7650461196899414 1.6458231210708618 4.051056861877441 7.238021373748779 1.6523106694221497 10.607251167297363 -1.3807548403146823 0.17342771589756012