Car -1 -1 -1.58 660.7191772460938 170.0015106201172 684.345703125 191.60789489746094 1.5522010326385498 1.6658281087875366 4.285439491271973 4.746793746948242 1.3377878069877625 55.390201568603516 -1.4957550494812075 0.7905165553092957
Car -1 -1 -0.38 774.12353515625 173.82005310058594 867.8178100585938 210.80735778808594 1.4388930797576904 1.5708820819854736 3.705639123916626 9.017173767089844 1.5318709015846252 30.957366943359375 -0.09194737193628999 0.7736051678657532
Car -1 -1 -2.27 975.53076171875 115.62712860107422 1230.9986572265625 363.8395004272461 1.7581901550292969 1.7312111854553223 4.4881463050842285 3.303053379058838 1.588448703289032 2.5038156509399414 -1.350309956776905 0.6656683087348938
Van -1 -1 -2.37 980.3014526367188 109.0152587890625 1221.622314453125 379.58807373046875 2.102382183074951 1.8462461233139038 4.5955491065979 3.1680498123168945 1.574811041355133 2.364025115966797 -1.4369856591843355 0.36529022455215454
Pedestrian -1 -1 1.39 978.5169677734375 112.34156799316406 1225.1495361328125 378.0642852783203 1.9226762056350708 0.7355222105979919 0.80994713306427 2.7116410732269287 1.6408579349517822 3.1801443099975586 2.095657726434821 0.23694314062595367
Car -1 -1 0.59 1043.8665771484375 106.8577880859375 1229.013916015625 366.3397521972656 1.7066384553909302 1.7040067911148071 4.330915451049805 4.7274861335754395 1.6574602723121643 3.2459704875946045 1.5606271627240655 0.2242281585931778
Cyclist -1 -1 3.11 974.45556640625 115.06048583984375 1236.586669921875 379.64691162109375 1.885522723197937 0.5719233751296997 1.7539628744125366 2.7375051975250244 1.615323543548584 2.8441901206970215 -2.4066265789627597 0.21661263704299927
Car -1 -1 0.7 1118.044677734375 144.7784881591797 1227.1085205078125 316.36090087890625 1.5523761510849 1.6830099821090698 4.4800028800964355 8.197142601013184 1.456007957458496 7.366417407989502 1.5362093541288333 0.19644467532634735
Car -1 -1 -2.44 1010.556396484375 128.61129760742188 1242.3907470703125 352.5965270996094 1.8528834581375122 1.7299221754074097 4.180787086486816 3.235508918762207 1.5375900268554688 2.47916841506958 -1.5199261362955188 0.19231219589710236
Car -1 -1 -1.63 1083.6063232421875 136.13259887695312 1216.317626953125 339.2474365234375 1.5994194746017456 1.7001278400421143 4.551315784454346 7.994254112243652 1.6613274812698364 7.054166793823242 -0.781809096406374 0.18128123879432678
Car -1 -1 -1.73 1053.9642333984375 134.56033325195312 1206.21630859375 341.28790283203125 1.6276063919067383 1.7130247354507446 4.413640975952148 6.081844806671143 1.6468978524208069 5.379078388214111 -0.884830307019655 0.16767975687980652
Car -1 -1 0.48 1138.2607421875 154.7283172607422 1229.2451171875 336.77593994140625 1.5622844696044922 1.6792494058609009 4.41991662979126 7.487667560577393 1.6167485117912292 5.901655673980713 1.3817733524814466 0.11407008767127991