Car -1 -1 -2.68 47.27958297729492 183.07762145996094 317.9566764831543 276.2398681640625 1.47403883934021 1.6124389171600342 3.888284921646118 -7.591323375701904 1.7288540601730347 13.302149772644043 3.0816601756176194 0.8552418351173401
Car -1 -1 -0.29 732.700927734375 185.79132080078125 998.1356811523438 280.934814453125 1.5431004762649536 1.6433956623077393 4.232400417327881 4.386315822601318 1.82108074426651 12.711702346801758 0.04051707032134022 0.8474254608154297
Car -1 -1 -0.39 705.5674438476562 188.07394409179688 921.15283203125 265.9706726074219 1.4684516191482544 1.666321039199829 4.129079818725586 4.352800369262695 1.867986261844635 15.695518493652344 -0.12221889076524617 0.8211086988449097
Car -1 -1 0.81 4.583620548248291 193.03103637695312 168.39943170547485 332.95697021484375 1.4616960287094116 1.6227868795394897 4.464031219482422 -7.651090145111084 1.7100824117660522 8.19727897644043 0.06306016814227178 0.8198519945144653
Car -1 -1 -1.76 453.15643310546875 184.6369171142578 489.2864685058594 209.58041381835938 1.587859869003296 1.6410601139068604 3.4207558631896973 -9.12193775177002 2.382231116294861 47.377769470214844 -1.955076086011938 0.7923970818519592
Car -1 -1 -2.8 189.9715576171875 176.18812561035156 359.6328125 247.86447143554688 1.661863923072815 1.662163257598877 3.710416793823242 -8.48857593536377 1.8309617638587952 18.321138381958008 3.0469586241969306 0.7444547414779663
Car -1 -1 -2.8 139.38926696777344 184.04928588867188 337.45489501953125 257.0955810546875 1.5121804475784302 1.6007332801818848 3.9119699001312256 -8.293121337890625 1.8027389645576477 16.308940887451172 3.0143025953986395 0.7434401512145996
Car -1 -1 -2.74 209.66473388671875 177.0977783203125 373.7031555175781 241.66006469726562 1.5646950006484985 1.6130775213241577 4.031177043914795 -8.54273796081543 1.8018332123756409 20.660581588745117 -3.128600930196752 0.5588541030883789
Car -1 -1 -0.13 715.1619262695312 188.9131317138672 965.1590576171875 272.6903991699219 1.5117652416229248 1.655988097190857 4.123903274536133 4.286565780639648 1.8689985275268555 16.047956466674805 0.1269097361853273 0.5579348802566528
Car -1 -1 -2.87 248.63934326171875 179.67031860351562 384.02227783203125 233.60585021972656 1.515634536743164 1.5731756687164307 3.7489266395568848 -8.638750076293945 1.7537072896957397 21.347515106201172 3.0336401789027354 0.546738862991333
Car -1 -1 -2.62 272.6613464355469 179.84812927246094 390.22247314453125 228.21229553222656 1.671175479888916 1.6530935764312744 4.1231513023376465 -10.858054161071777 2.0012797117233276 28.762590408325195 -2.981893097897764 0.5103312730789185
Car -1 -1 -2.67 103.05208587646484 182.84376525878906 324.3546371459961 263.2152099609375 1.5546996593475342 1.6211403608322144 4.000953674316406 -8.506182670593262 1.8258867263793945 16.329103469848633 3.1291027939248055 0.4831429123878479
Car -1 -1 0.77 -3.851841688156128 188.84259033203125 197.50783848762512 313.7049255371094 1.477065920829773 1.6659303903579712 4.31038236618042 -7.206065654754639 1.704862654209137 7.967970371246338 0.035120711556896556 0.4721580147743225
Car -1 -1 -2.8 5.017864227294922 183.72821044921875 314.6684989929199 292.5375671386719 1.4197330474853516 1.5529118776321411 4.0920891761779785 -7.372433662414551 1.652082920074463 12.407747268676758 2.942758918210682 0.4286755621433258
Car -1 -1 -2.64 286.07196044921875 178.53981018066406 393.4021911621094 222.57620239257812 1.7397245168685913 1.6892743110656738 4.2667741775512695 -11.65003776550293 2.036246597766876 31.32954216003418 -2.996105407723677 0.3770736753940582
Car -1 -1 -0.19 710.527587890625 192.75262451171875 892.64599609375 259.4031982421875 1.3975017070770264 1.5881239175796509 3.824284791946411 4.312326431274414 1.8865394592285156 16.13568878173828 0.07242663456901255 0.3697959780693054
Car -1 -1 0.26 1052.551025390625 192.33998107910156 1155.3770751953125 232.92303466796875 1.4538254737854004 1.5850660800933838 3.516517162322998 19.006654739379883 2.254286050796509 27.759004592895508 0.8580232183882224 0.366293728351593
Van -1 -1 -2.62 212.24571228027344 176.62135314941406 367.3534240722656 242.4681396484375 1.8609987497329712 1.793903112411499 4.58281135559082 -9.436955451965332 1.9019364714622498 22.151227951049805 -3.0270216916268797 0.2735898196697235
Car -1 -1 -2.77 983.9639282226562 190.5436248779297 1050.7265625 214.82505798339844 1.5102273225784302 1.6386263370513916 3.908418655395508 25.84103012084961 2.699140727519989 45.8831672668457 -2.2554504916877356 0.2636539340019226
Van -1 -1 -2.87 241.17393493652344 175.21478271484375 380.3707275390625 238.0238800048828 1.8489829301834106 1.7624363899230957 4.616916656494141 -9.583752632141113 1.9143017530441284 23.2718563079834 3.0212585236511478 0.25885385274887085
Van -1 -1 -0.15 703.7798461914062 187.05471801757812 935.1232299804688 267.45281982421875 1.7385327816009521 1.7321001291275024 4.281559467315674 4.423511505126953 2.0206435918807983 16.210304260253906 0.12004302335621375 0.25574395060539246
Car -1 -1 -1.65 12.785710334777832 191.9908905029297 234.7459306716919 297.04632568359375 1.5000381469726562 1.6538368463516235 4.2374067306518555 -7.447889804840088 1.766007661819458 9.480903625488281 -2.320062658478296 0.2432594895362854
Car -1 -1 -2.82 -2.9300498962402344 187.6741943359375 280.759952545166 310.5396728515625 1.5034589767456055 1.6480939388275146 4.145779132843018 -7.696772575378418 1.773266077041626 12.365928649902344 2.907374061575293 0.24049539864063263
Car -1 -1 1.37 1051.03125 194.7938232421875 1135.3759765625 232.45689392089844 1.3964357376098633 1.5130205154418945 3.3911356925964355 19.277292251586914 2.3623666763305664 28.672170639038086 1.965797759144622 0.23268131911754608
Van -1 -1 -0.26 724.5487670898438 184.84725952148438 987.3585205078125 274.4812927246094 1.7566895484924316 1.752447485923767 4.533489227294922 4.806189060211182 1.8266989588737488 14.48132038116455 0.06447440950599415 0.23222149908542633
Van -1 -1 -2.76 176.19500732421875 179.77101135253906 362.8271179199219 255.163818359375 1.951714038848877 1.766291618347168 4.730541706085205 -8.994243621826172 1.9015056490898132 19.168210983276367 3.087282888573643 0.22699229419231415
Car -1 -1 -2.17 321.61627197265625 181.6116943359375 394.51885986328125 214.9349365234375 1.6096336841583252 1.726555585861206 4.212806701660156 -12.827703475952148 2.1166218519210815 36.66294479370117 -2.5095427050130237 0.22663314640522003
Van -1 -1 0.75 -1.499351978302002 196.42430114746094 171.71747541427612 331.4061279296875 1.9433467388153076 1.7180296182632446 4.460744380950928 -8.022242546081543 1.9656013250350952 8.790156364440918 0.012158486148387215 0.20548953115940094
Car -1 -1 -2.48 161.67404174804688 178.76983642578125 353.2278137207031 261.70172119140625 1.4636664390563965 1.6219481229782104 4.086928844451904 -7.660167217254639 1.7156156301498413 16.072263717651367 -2.9200317946895638 0.1896440088748932
Car -1 -1 1.1 1.6580477952957153 182.25685119628906 209.94798004627228 290.73162841796875 1.439720869064331 1.6442419290542603 3.9944615364074707 -8.362116813659668 1.753002643585205 10.01799488067627 0.40418637115052114 0.17314951121807098
Car -1 -1 -2.89 -6.0236897468566895 194.21636962890625 236.77364301681519 324.3070983886719 1.4281034469604492 1.6678236722946167 4.177177906036377 -7.289913654327393 1.7139540910720825 9.706766128540039 2.7475295948306027 0.15839041769504547