Car -1 -1 -1.31 336.534912109375 191.09475708007812 499.7732849121094 295.4361572265625 1.4060041904449463 1.6111890077590942 3.8695974349975586 -2.973505735397339 1.7424159049987793 12.138322830200195 -1.5528413192125434 0.8873841166496277
Car -1 -1 1.5 632.658935546875 182.5421905517578 682.9837036132812 222.33900451660156 1.4372249841690063 1.6122955083847046 3.9615628719329834 1.9073700904846191 1.8430760502815247 28.894439697265625 1.5624206111754182 0.8703565001487732
Car -1 -1 2.15 -7.412223815917969 174.3709716796875 354.2808303833008 370.6821594238281 1.6435003280639648 1.6593393087387085 3.8684139251708984 -3.1663711071014404 1.6875535249710083 4.408360481262207 1.5231249496633446 0.8074732422828674
Car -1 -1 1.71 538.865966796875 174.4166717529297 571.7247924804688 203.5123748779297 1.7735012769699097 1.6474355459213257 3.9856619834899902 -3.479224443435669 1.9083300232887268 46.674171447753906 1.6343856633125204 0.7936341762542725
Car -1 -1 1.54 628.3121337890625 175.4763946533203 656.9817504882812 204.42486572265625 1.7048630714416504 1.74539315700531 4.434213161468506 1.9967981576919556 1.8389743566513062 44.178707122802734 1.587009701893912 0.5838834047317505
Car -1 -1 1.68 545.5758056640625 175.26168823242188 579.3870849609375 202.4087371826172 1.6448677778244019 1.6616809368133545 3.9353322982788086 -3.3964531421661377 1.8734224438667297 45.99040222167969 1.6093123543535066 0.4728044271469116
Car -1 -1 1.47 630.009521484375 179.7407684326172 677.0933227539062 218.0031280517578 1.5176479816436768 1.6528229713439941 4.131128311157227 1.8092726469039917 1.782104730606079 28.567033767700195 1.5331854169227093 0.36989954113960266
Car -1 -1 1.94 473.4325256347656 180.34619140625 527.4752807617188 206.31564331054688 1.5239139795303345 1.6746002435684204 4.374147891998291 -6.5418596267700195 1.9327226281166077 43.68027114868164 1.7869289073271268 0.3042429983615875
Car -1 -1 2.12 54.11421203613281 171.77578735351562 343.6405792236328 349.7702331542969 1.6264698505401611 1.6333580017089844 3.824017286300659 -3.06188702583313 1.5664329528808594 4.5732526779174805 1.532225827969536 0.3029366731643677
Car -1 -1 2.3 -4.460082054138184 186.2662353515625 178.0280466079712 332.3099365234375 1.4453120231628418 1.6183793544769287 4.333309650421143 -7.66917085647583 1.7105162143707275 8.722759246826172 1.575949942477199 0.29354923963546753
Car -1 -1 1.46 629.7029418945312 177.62986755371094 671.8619384765625 213.1353302001953 1.521253228187561 1.6802695989608765 4.195877552032471 1.7369087934494019 1.6979938745498657 29.350645065307617 1.5217174354865026 0.2903361916542053
Car -1 -1 1.54 629.2450561523438 178.33999633789062 664.3843994140625 210.56777954101562 1.5043096542358398 1.6186349391937256 4.168527603149414 1.989675760269165 1.8640873432159424 33.95081329345703 1.6030419495539139 0.2826392650604248
Car -1 -1 1.65 550.73828125 175.4044189453125 583.2025146484375 200.47239685058594 1.6334081888198853 1.6497414112091064 3.9813425540924072 -3.1941285133361816 1.8352459073066711 48.69029235839844 1.5879295839986929 0.2818182110786438
Car -1 -1 1.61 559.1171264648438 174.74290466308594 590.4676513671875 199.17578125 1.6311047077178955 1.7027353048324585 4.230368137359619 -2.772707939147949 1.847999095916748 55.57551574707031 1.5620372807480116 0.27718228101730347
Car -1 -1 2.12 4.200024604797363 175.68362426757812 221.32510089874268 329.9595031738281 1.5038689374923706 1.609473705291748 3.8598403930664062 -6.144497871398926 1.814669668674469 7.845005035400391 1.4572436084871576 0.2582126259803772
Car -1 -1 2.19 -5.814523696899414 172.57676696777344 293.8936367034912 330.82830810546875 1.5240331888198853 1.5699011087417603 3.7822911739349365 -4.572257995605469 1.7180041670799255 6.358971118927002 1.5667249911441257 0.24288025498390198
Car -1 -1 1.9 164.94113159179688 201.30491638183594 306.7605895996094 296.961181640625 1.4248710870742798 1.5402185916900635 3.5710504055023193 -6.269845008850098 1.7921939492225647 11.511570930480957 1.4044568225495997 0.23206278681755066
Car -1 -1 2.58 138.63067626953125 186.5480194091797 273.92108154296875 233.44293212890625 1.4027756452560425 1.5198495388031006 4.070940017700195 -13.835160255432129 1.8130481839179993 25.05483055114746 2.073367950353312 0.22078633308410645
Car -1 -1 1.68 558.01025390625 175.68679809570312 585.6529541015625 197.89500427246094 1.6333279609680176 1.6270307302474976 4.0527024269104 -2.966946601867676 1.8614917993545532 55.829715728759766 1.6259210147505794 0.21993927657604218
Car -1 -1 2.33 2.9218080043792725 198.75225830078125 132.45838332176208 354.9571838378906 1.4285931587219238 1.619986653327942 4.220232009887695 -6.764547348022461 1.7411167621612549 6.443727016448975 1.5252504601231651 0.21992699801921844
Car -1 -1 2.19 -1.6596791744232178 188.05259704589844 233.79024147987366 357.815673828125 1.5023376941680908 1.5808465480804443 3.629901647567749 -5.695705413818359 1.9990254640579224 7.068813800811768 1.5139378301914315 0.20850689709186554
Car -1 -1 1.96 117.68011474609375 182.97735595703125 352.1919250488281 339.36163330078125 1.4848262071609497 1.5608285665512085 3.6379501819610596 -5.001982688903809 1.8534443974494934 8.912169456481934 1.4463874603305165 0.19216039776802063
Car -1 -1 1.64 565.154296875 174.24984741210938 591.2500610351562 195.37879943847656 1.5621281862258911 1.6920099258422852 4.304141521453857 -2.6105782985687256 1.7796266078948975 56.87403106689453 1.5933269774136054 0.19057463109493256
Car -1 -1 1.92 161.8265838623047 185.4769287109375 353.2091064453125 327.9326477050781 1.4209704399108887 1.540186882019043 3.568024158477783 -5.144381046295166 1.7956405878067017 9.615984916687012 1.424224008989082 0.18535761535167694
Car -1 -1 2.03 -35.19607925415039 142.0093536376953 380.6151695251465 379.666259765625 1.757476568222046 1.5637316703796387 4.724109172821045 -3.0160586833953857 1.6305083632469177 4.5695905685424805 1.4426305369500607 0.18090566992759705
Car -1 -1 1.59 629.163330078125 175.4552764892578 651.9043579101562 201.98753356933594 1.595802664756775 1.6461673974990845 3.965290069580078 1.9562318325042725 1.8080098032951355 45.67466354370117 1.6313434744620778 0.1784237176179886
Car -1 -1 2.36 -1.4139902591705322 196.13685607910156 96.21784567832947 359.34564208984375 1.4781978130340576 1.64243483543396 4.156330585479736 -5.9757771492004395 1.6489986777305603 5.187619686126709 1.50693916023679 0.16982336342334747
Car -1 -1 1.53 631.2636108398438 176.11239624023438 663.3006591796875 206.49114990234375 1.5622844696044922 1.679327368736267 4.216818809509277 2.2468101978302 1.8792513608932495 40.903663635253906 1.5898275877637396 0.16843737661838531
Car -1 -1 1.93 120.03791046142578 185.52882385253906 285.18753814697266 239.35943603515625 1.4186952114105225 1.6183756589889526 4.3500566482543945 -13.190754890441895 1.9094836711883545 23.474411010742188 1.4169098053000768 0.16517119109630585
Car -1 -1 1.91 176.6160888671875 180.9390411376953 344.12030029296875 305.6236572265625 1.3922029733657837 1.5482712984085083 3.567811965942383 -5.3825883865356445 1.6799439191818237 10.0648832321167 1.4160402720995098 0.16453063488006592
Car -1 -1 2.17 8.870307922363281 172.96192932128906 173.10929107666016 316.23876953125 1.5566741228103638 1.6220853328704834 3.88938570022583 -6.120999813079834 1.7147163152694702 7.170154571533203 1.4640732640005076 0.16387827694416046
Car -1 -1 2.5 147.66024780273438 187.6526336669922 300.7315979003906 242.18301391601562 1.4241408109664917 1.5840505361557007 4.287551403045654 -13.466111183166504 1.9362905621528625 25.09959602355957 2.006766608595864 0.16283468902111053
Car -1 -1 -2.61 1111.6783447265625 275.153076171875 1234.5443115234375 398.03125 1.4555515050888062 1.5652085542678833 3.747811794281006 3.213521718978882 1.680884838104248 2.005521059036255 -1.6016222813968968 0.16195076704025269
Car -1 -1 2.39 9.00696849822998 191.9783935546875 152.36167430877686 366.5534362792969 1.5342432260513306 1.6335750818252563 4.003034591674805 -3.4548542499542236 1.554711103439331 2.9600093364715576 1.5249643558403019 0.16146525740623474
Car -1 -1 -2.5 1025.368408203125 244.0561065673828 1215.0565185546875 397.2558288574219 1.4923020601272583 1.4997433423995972 3.4075191020965576 2.2191030979156494 1.5311291217803955 1.5334088802337646 -1.5301829621106773 0.1595343053340912
Car -1 -1 2.18 -32.58944320678711 166.20079040527344 307.0542640686035 403.04754638671875 1.6494139432907104 1.7728666067123413 5.115450382232666 -2.761185646057129 1.5838788151741028 4.257386684417725 1.6046806989154767 0.15830038487911224
Car -1 -1 2.09 148.29139709472656 187.23385620117188 304.4519958496094 259.33880615234375 1.391090989112854 1.5404313802719116 4.149173736572266 -12.847334861755371 2.0514660477638245 24.0010986328125 1.5970715074394288 0.14183677732944489
Car -1 -1 1.94 137.71847534179688 179.6471405029297 340.7713317871094 317.47235107421875 1.4352595806121826 1.5676487684249878 3.6255226135253906 -5.5588459968566895 1.7580981254577637 10.007511138916016 1.4322595549240296 0.13900478184223175
Car -1 -1 1.87 88.65605163574219 170.0537567138672 334.0330810546875 316.07757568359375 1.521360993385315 1.6467678546905518 3.9772138595581055 -8.645952224731445 2.1116722226142883 14.199443817138672 1.3263349792159431 0.06479473412036896
Car -1 -1 2.76 120.61247253417969 184.5714111328125 296.2209777832031 251.7451629638672 1.4017645120620728 1.5750226974487305 4.227743625640869 -12.314562797546387 2.1487459540367126 21.25037384033203 2.236639128243172 0.04962669312953949