Car -1 -1 -1.74 659.1969604492188 179.50070190429688 755.6304321289062 248.95407104492188 1.5646827220916748 1.6026434898376465 3.6227474212646484 2.2368459701538086 1.7514122128486633 17.85789680480957 -1.6169578910770293 0.8935078382492065
Car -1 -1 1.75 398.86004638671875 182.0670623779297 491.4667053222656 250.8787841796875 1.5443432331085205 1.5845763683319092 3.643036127090454 -4.103340148925781 1.819262981414795 18.498199462890625 1.535256806314 0.8809413909912109
Car -1 -1 -1.84 696.7897338867188 181.45689392089844 839.1240234375 278.4044494628906 1.5079824924468994 1.5225028991699219 3.153562307357788 2.6564383506774902 1.7121204733848572 13.106657028198242 -1.6439287364065684 0.8751441836357117
Car -1 -1 -2.03 797.9818115234375 188.41708374023438 1188.3392333984375 375.3866271972656 1.4879075288772583 1.5269852876663208 3.2658779621124268 2.867811441421509 1.6628338694572449 6.28878927230835 -1.6061506691017273 0.8695712685585022
Car -1 -1 -1.71 638.2023315429688 179.1008758544922 703.9818115234375 227.71861267089844 1.5597668886184692 1.6331992149353027 4.001975059509277 1.919346809387207 1.776711642742157 24.399320602416992 -1.6323395874228765 0.8530821800231934
Car -1 -1 1.74 449.26422119140625 183.71249389648438 510.43218994140625 230.55282592773438 1.5149214267730713 1.604096531867981 3.782550811767578 -4.536922454833984 1.911025881767273 25.43002700805664 1.5606877335141665 0.8235432505607605
Car -1 -1 2.46 3.3370227813720703 211.84584045410156 199.3149127960205 372.0176696777344 1.4642592668533325 1.5849599838256836 3.6809275150299072 -3.295037031173706 1.7433331608772278 2.590985059738159 1.5571189621240142 0.801472008228302
Car -1 -1 1.71 482.7608642578125 182.39242553710938 526.648193359375 214.44879150390625 1.4759055376052856 1.585671067237854 4.02247428894043 -5.219949245452881 1.9859417080879211 35.68587875366211 1.5643604574107375 0.7920518517494202
Car -1 -1 -2.71 1056.7874755859375 189.13377380371094 1231.4071044921875 375.4293518066406 1.56410813331604 1.576845645904541 3.5828652381896973 2.8415558338165283 1.5425643920898438 1.303883671760559 -1.570043288339912 0.6689903140068054
Car -1 -1 -2.69 1086.71484375 224.05564880371094 1235.3546142578125 378.18719482421875 1.4892868995666504 1.5693551301956177 3.6670119762420654 2.901418924331665 1.5780184268951416 1.4259709119796753 -1.5757173095605834 0.6678012609481812
Car -1 -1 -1.71 628.652099609375 177.88475036621094 671.8131713867188 213.8824462890625 1.5380693674087524 1.6457209587097168 3.8793184757232666 1.8522363901138306 1.81289404630661 33.114036560058594 -1.6519525142713833 0.6216457486152649
Car -1 -1 -1.66 629.67333984375 178.89974975585938 679.1839599609375 218.58963012695312 1.5195186138153076 1.6210688352584839 3.8526132106781006 1.8282504081726074 1.8021252155303955 32.840877532958984 -1.6048584918363495 0.4440157115459442
Car -1 -1 1.67 473.5248107910156 180.31121826171875 522.593505859375 218.9005889892578 1.5233477354049683 1.5871684551239014 4.17441987991333 -5.046306133270264 1.962131679058075 34.00177764892578 1.519932510942473 0.44175857305526733
Car -1 -1 -1.61 634.01953125 177.5648956298828 688.251953125 220.5669403076172 1.600333571434021 1.6490094661712646 3.8971409797668457 1.87184476852417 1.824749767780304 31.86695671081543 -1.5524791771491806 0.3991304636001587
Car -1 -1 -2.68 1110.692138671875 176.86431884765625 1238.261474609375 377.1774597167969 1.537490963935852 1.589977741241455 3.648125648498535 2.906867504119873 1.5211661458015442 1.3061034679412842 -1.5354312201557399 0.3890966475009918
Car -1 -1 1.69 461.378173828125 181.6114959716797 521.2186889648438 224.79443359375 1.4948145151138306 1.5996240377426147 4.111494064331055 -5.301058769226074 1.9830817580223083 34.78975296020508 1.5365431759342503 0.37125805020332336
Car -1 -1 1.73 432.6741638183594 181.21182250976562 505.92266845703125 237.4727325439453 1.5080969333648682 1.548348069190979 3.9598915576934814 -4.507145404815674 1.8909623622894287 24.38816261291504 1.5454437040533753 0.3599053621292114
Car -1 -1 -1.72 648.8169555664062 178.44122314453125 739.6665649414062 242.18336486816406 1.5347164869308472 1.629010558128357 3.7439162731170654 2.1847972869873047 1.697851538658142 18.221296310424805 -1.59856637951534 0.34745049476623535
Car -1 -1 -0.6 603.8629150390625 177.9716033935547 632.6881103515625 198.9376678466797 1.5332103967666626 1.6123367547988892 3.6832730770111084 0.5653982162475586 1.853133499622345 53.22079086303711 -0.5937109303110573 0.3219210207462311
Car -1 -1 -1.68 625.66650390625 176.93458557128906 665.1392822265625 208.38626098632812 1.5423164367675781 1.5914193391799927 3.6020686626434326 1.8751046657562256 1.8129644393920898 34.205684661865234 -1.6210788425825289 0.32031771540641785
Car -1 -1 -1.67 644.0816650390625 179.93695068359375 721.3303833007812 234.27786254882812 1.5099155902862549 1.643882155418396 3.826108455657959 2.024508476257324 1.7296034097671509 22.508825302124023 -1.576062862247106 0.3140583336353302
Car -1 -1 2.51 18.572118759155273 206.29107666015625 232.16786766052246 377.5022888183594 1.4972484111785889 1.632079005241394 3.892465591430664 -2.784968852996826 1.4780874252319336 2.209801435470581 1.6071768239531838 0.2888895869255066
Car -1 -1 -2.7 1130.9344482421875 209.8099365234375 1239.995849609375 372.3739013671875 1.6809085607528687 1.5379897356033325 3.516451835632324 2.286264419555664 1.524759590625763 1.2921096086502075 -1.6434992617995627 0.2839682102203369
Car -1 -1 1.72 418.6330871582031 184.1326904296875 499.57366943359375 245.24124145507812 1.5028507709503174 1.6162559986114502 3.8562331199645996 -3.8317391872406006 1.7953274250030518 18.556093215942383 1.5178613072660925 0.2643240988254547
Car -1 -1 -2.66 1092.217041015625 240.4304656982422 1213.0469970703125 375.55718994140625 1.4787935018539429 1.578333854675293 3.5776946544647217 2.6809792518615723 1.5146193504333496 1.6650235652923584 -1.6404607999047016 0.2618904411792755
Pedestrian -1 -1 1.5 1149.0792236328125 207.775146484375 1221.0350341796875 336.8740539550781 1.7140926122665405 0.5115870237350464 0.6303637027740479 4.354859352111816 1.889696180820465 4.806711673736572 2.2338409746264594 0.2559798061847687
Car -1 -1 -2.14 826.912841796875 181.53570556640625 1145.4560546875 349.87548828125 1.3404005765914917 1.5497207641601562 3.3173954486846924 2.8492677211761475 1.4713254570960999 6.051210880279541 -1.6987016108346582 0.24905623495578766
Car -1 -1 -1.19 604.7645263671875 176.2267608642578 638.0577392578125 198.28695678710938 1.6009900569915771 1.6884435415267944 4.127082824707031 0.8259973526000977 1.8294564485549927 52.77987289428711 -1.174432647897989 0.24698616564273834
Car -1 -1 -2.54 1016.3584594726562 219.72903442382812 1218.6370849609375 370.74163818359375 1.5211442708969116 1.5585027933120728 3.512411117553711 2.1625099182128906 1.4265304207801819 1.594489336013794 -1.6069958031729525 0.2447177618741989
Car -1 -1 -2.69 1146.987060546875 160.64730834960938 1238.1571044921875 373.17352294921875 1.5826328992843628 1.5969504117965698 3.6907007694244385 2.6399943828582764 1.4562261700630188 1.355594277381897 -1.5983073108993278 0.23451773822307587
Car -1 -1 -1.53 611.3386840820312 176.23147583007812 644.1384887695312 200.5401611328125 1.5634962320327759 1.6273034811019897 4.060622215270996 1.10866117477417 1.8950852751731873 51.81632995605469 -1.5111352305900434 0.22581788897514343
Car -1 -1 1.8 412.22357177734375 179.5113983154297 491.2916564941406 241.8568878173828 1.4209551811218262 1.5601710081100464 3.8004207611083984 -4.071817398071289 1.6888329982757568 18.94085693359375 1.5931534119745905 0.2185857892036438
Car -1 -1 -2.61 1068.7894287109375 214.86553955078125 1222.44091796875 371.6191101074219 1.5341788530349731 1.5695136785507202 3.6987104415893555 1.5824437141418457 1.1976760029792786 1.075334906578064 -1.6371100138435413 0.21587833762168884
Car -1 -1 -2.24 994.0629272460938 185.5333709716797 1195.545654296875 372.25628662109375 1.5343958139419556 1.5274542570114136 3.3083481788635254 3.0238873958587646 1.7082516551017761 3.2960922718048096 -1.5002954671779642 0.21300989389419556
Car -1 -1 -1.78 676.4967651367188 179.7965545654297 793.3319091796875 259.503662109375 1.5319620370864868 1.5749162435531616 3.5117850303649902 2.659787893295288 1.705757200717926 16.243133544921875 -1.6156486642695276 0.21271951496601105
Pedestrian -1 -1 1.54 1113.1429443359375 214.77577209472656 1201.9814453125 345.1488037109375 1.7206443548202515 0.5305395722389221 0.6609154939651489 4.172537803649902 1.9434725642204285 4.791484832763672 2.252449349644647 0.21224673092365265
Cyclist -1 -1 2.17 2.2817981243133545 202.3318328857422 188.11192202568054 373.32373046875 1.7108674049377441 0.6098788976669312 1.891510248184204 -2.6402266025543213 1.6728862524032593 2.9094865322113037 1.4378306130526557 0.2106475830078125
Pedestrian -1 -1 1.7 1141.8275146484375 199.17391967773438 1211.3665771484375 328.8912048339844 1.5552055835723877 0.47532060742378235 0.6358720660209656 3.8873534202575684 1.6072036027908325 4.456820487976074 2.4168559230767883 0.2088683396577835
Car -1 -1 -1.71 643.412109375 175.68646240234375 708.00537109375 222.41720581054688 1.4699217081069946 1.6019350290298462 3.879382610321045 2.1128246784210205 1.6681357026100159 24.583635330200195 -1.62741261466111 0.205417662858963
Pedestrian -1 -1 1.48 1128.6790771484375 206.6701202392578 1206.59716796875 336.7076416015625 1.6171607971191406 0.497113972902298 0.6635082960128784 3.934117317199707 1.744474709033966 4.506048202514648 2.195625722748675 0.20402956008911133
Car -1 -1 1.74 476.7029113769531 179.15020751953125 520.96923828125 213.04734802246094 1.524556040763855 1.6424909830093384 4.0874505043029785 -5.065545082092285 1.879921019077301 33.87688064575195 1.594042856844334 0.1908625066280365
Car -1 -1 1.68 480.0077819824219 183.73861694335938 526.1557006835938 221.05545043945312 1.460636854171753 1.5290607213974 3.887922525405884 -5.043190956115723 2.0456807613372803 34.95388412475586 1.5413962408990711 0.1883358657360077
Pedestrian -1 -1 1.51 1135.8450927734375 215.1843719482422 1216.4110107421875 341.9455871582031 1.7890015840530396 0.5344702005386353 0.6367818117141724 4.41837739944458 2.0478208661079407 4.880061626434326 2.2411955899782585 0.18767327070236206
Pedestrian -1 -1 1.59 1142.0147705078125 225.134765625 1227.9857177734375 347.97613525390625 1.822424292564392 0.5346893072128296 0.5472349524497986 4.845268249511719 2.284173905849457 5.199043273925781 2.3403209209121734 0.18656034767627716
Car -1 -1 2.48 10.425312995910645 227.29331970214844 144.8114824295044 372.9430847167969 1.367769718170166 1.5565096139907837 3.5311224460601807 -3.460153818130493 1.6610735058784485 2.819262981414795 1.5962101136937283 0.18626908957958221
Pedestrian -1 -1 1.89 -0.5399464964866638 203.07394409179688 193.54281717538834 375.0072326660156 1.604583501815796 0.6643436551094055 0.5521310567855835 -2.8764829635620117 1.7551885843276978 3.6077773571014404 1.2128918717686314 0.18561063706874847
Pedestrian -1 -1 1.77 1105.87255859375 206.26988220214844 1190.6258544921875 337.19378662109375 1.5090892314910889 0.4679417908191681 0.6379968523979187 3.581575632095337 1.596207082271576 4.2850728034973145 2.4699042798200157 0.18463659286499023
Car -1 -1 -1.6 633.5162963867188 182.74232482910156 681.792724609375 224.52780151367188 1.425313115119934 1.587711215019226 3.7755300998687744 1.847316026687622 1.8769258856773376 30.24026107788086 -1.5389708566707547 0.1844729334115982
Car -1 -1 1.62 468.6592712402344 186.7032012939453 520.051025390625 226.10693359375 1.4153704643249512 1.611405372619629 3.9944400787353516 -4.937069416046143 2.047118902206421 31.875503540039062 1.4624725348701828 0.18251292407512665
Car -1 -1 -2.55 1184.487060546875 211.68202209472656 1240.7755126953125 331.9184875488281 1.3657597303390503 1.5143380165100098 3.410151243209839 3.060300827026367 1.2980841398239136 1.9652243852615356 -1.5514391314073759 0.1810206025838852
Car -1 -1 -2.65 1081.379638671875 182.54827880859375 1222.40234375 360.4657897949219 1.480485439300537 1.6165436506271362 3.820512533187866 2.729187488555908 1.444965422153473 1.6146174669265747 -1.6112330940880932 0.1807560920715332
Pedestrian -1 -1 1.73 1161.8941650390625 201.0400848388672 1226.6171875 327.6201171875 1.64045250415802 0.5031391978263855 0.6155998110771179 4.2518086433410645 1.7358239889144897 4.704008102416992 2.4601603705523676 0.16752351820468903
Pedestrian -1 -1 1.49 1158.9915771484375 216.42852783203125 1229.8887939453125 342.0026550292969 1.8509747982025146 0.5447863936424255 0.6037719249725342 4.850616455078125 2.1765224933624268 5.164000511169434 2.2419932142139825 0.1662365049123764
Pedestrian -1 -1 1.83 1122.1397705078125 198.07025146484375 1196.0330810546875 326.84283447265625 1.44276762008667 0.44648632407188416 0.6499128937721252 3.749999523162842 1.5118784308433533 4.485840320587158 2.5275211209280606 0.16441112756729126
Car -1 -1 2.61 69.98229217529297 241.41513061523438 191.9131622314453 373.9076232910156 1.3565915822982788 1.5292413234710693 3.6457741260528564 -3.5518693923950195 1.8264525532722473 2.9735629558563232 1.7346330546362712 0.16266317665576935
Pedestrian -1 -1 2.04 1087.051025390625 213.09347534179688 1187.5235595703125 349.96612548828125 1.5697487592697144 0.47937625646591187 0.6050807237625122 3.6831436157226562 1.728649616241455 4.451682090759277 2.73108842116039 0.1599825918674469
Car -1 -1 2.42 40.35063934326172 225.2524871826172 175.5244369506836 376.0749206542969 1.3488527536392212 1.564066767692566 3.5675714015960693 -3.3327224254608154 1.733425796031952 2.8450725078582764 1.5585568917174353 0.15963143110275269
Car -1 -1 1.78 456.91064453125 178.42283630371094 510.9132385253906 220.15737915039062 1.4611022472381592 1.60881769657135 4.006597995758057 -4.805568218231201 1.7943809032440186 27.77361488342285 1.605363074625381 0.15707911550998688
Car -1 -1 -2.59 1172.7371826171875 210.2537078857422 1234.742919921875 332.4679260253906 1.3253698348999023 1.5573663711547852 3.666414260864258 2.892124652862549 1.2681736946105957 1.8639527559280396 -1.5873393550568986 0.1562851518392563
Car -1 -1 -2.54 989.3250122070312 202.74411010742188 1241.893798828125 369.54791259765625 1.5248537063598633 1.5704435110092163 3.4840171337127686 2.620731830596924 1.5943547487258911 2.0569262504577637 -1.6317324756959426 0.14941108226776123