Car -1 -1 -0.31 739.6416625976562 183.45413208007812 893.31640625 241.92083740234375 1.5140858888626099 1.626708745956421 3.9091038703918457 5.6588897705078125 1.7975168824195862 19.921735763549805 -0.036947638138673966 0.8793034553527832
Car -1 -1 -0.7 1015.68994140625 196.65875244140625 1241.2354736328125 353.110107421875 1.450717806816101 1.5883257389068604 3.8621530532836914 6.673087120056152 1.7131978273391724 7.44630765914917 0.03246755893957243 0.8628196716308594
Car -1 -1 -1.68 633.8875732421875 181.250244140625 676.2195434570312 215.13232421875 1.4596432447433472 1.6357156038284302 3.985738754272461 2.112429618835449 1.9100664258003235 34.31724548339844 -1.6172865862007173 0.8614581823348999
Car -1 -1 -0.6 929.7291259765625 189.08778381347656 1218.4979248046875 314.93341064453125 1.5332667827606201 1.616396188735962 3.600844144821167 6.379262447357178 1.7036837339401245 9.857036590576172 -0.021983782820230946 0.8180583119392395
Car -1 -1 -1.65 8.966817855834961 190.92153930664062 184.33653831481934 372.1004333496094 1.4888386726379395 1.5482662916183472 3.7901906967163086 -6.429853439331055 1.6999887824058533 6.651113986968994 -2.415968268082942 0.7847191691398621
Car -1 -1 -2.76 307.2375793457031 184.47393798828125 445.05072021484375 237.48561096191406 1.396232008934021 1.5392383337020874 3.695706605911255 -6.42309045791626 1.722025215625763 19.78357696533203 -3.072932755542049 0.7813290357589722
Car -1 -1 -2.83 410.4276123046875 176.68467712402344 509.939208984375 219.18118286132812 1.5227794647216797 1.6249260902404785 3.7736945152282715 -6.167158126831055 1.7532441020011902 29.473724365234375 -3.037140534367719 0.7431142330169678
Car -1 -1 0.43 362.1969299316406 178.28565979003906 493.5820617675781 225.50048828125 1.5511382818222046 1.6021028757095337 3.998713731765747 -6.473426818847656 1.7870565056800842 26.31635093688965 0.1887654488054955 0.7156298160552979
Car -1 -1 0.88 -13.396505355834961 184.4715118408203 354.14316749572754 329.683837890625 1.5680712461471558 1.624265193939209 4.1496782302856445 -5.723873138427734 1.74269300699234 8.915499687194824 0.31192643543287346 0.7097101807594299
Car -1 -1 -2.67 163.9040069580078 172.47422790527344 400.9844665527344 264.6106262207031 1.7159817218780518 1.686722993850708 4.0985236167907715 -6.320640563964844 1.7727290987968445 14.498627662658691 -3.076362707025565 0.6967146992683411
Car -1 -1 -2.62 75.68347930908203 186.52947998046875 387.36853790283203 287.28009033203125 1.5622824430465698 1.607089638710022 4.0490827560424805 -5.6772356033325195 1.7810270190238953 11.48226547241211 -3.08389291480324 0.6823763251304626
Car -1 -1 -2.63 236.3358154296875 178.1669464111328 424.79827880859375 250.08621215820312 1.5163496732711792 1.630265474319458 3.834552526473999 -6.537014484405518 1.7112493515014648 17.137062072753906 -2.996030964919557 0.6766163110733032
Car -1 -1 -2.63 461.08843994140625 179.3480224609375 536.9849243164062 208.89337158203125 1.5374763011932373 1.6551339626312256 3.936368465423584 -5.990824222564697 1.8714370727539062 38.50654220581055 -2.785938283484347 0.6632404923439026
Car -1 -1 -2.56 191.76608276367188 176.99462890625 419.5621337890625 258.5324401855469 1.5620311498641968 1.6005778312683105 3.9507131576538086 -6.1948957443237305 1.661548912525177 15.223756790161133 -2.941471575286416 0.6100160479545593
Car -1 -1 -2.74 280.7464599609375 185.75209045410156 441.60943603515625 241.5838165283203 1.419137716293335 1.5442039966583252 3.9019861221313477 -6.587346076965332 1.8073443174362183 20.374629974365234 -3.055118414130839 0.5634384751319885
Car -1 -1 -2.63 130.28102111816406 178.99612426757812 400.35292053222656 276.6917419433594 1.5687077045440674 1.5698769092559814 3.8138206005096436 -5.904286861419678 1.7190768718719482 13.270950317382812 -3.052407096441744 0.516566276550293
Car -1 -1 -0.2 -12.924675941467285 186.46725463867188 234.2350835800171 358.2330322265625 1.4875404834747314 1.6021710634231567 4.021509647369385 -5.500372886657715 1.6188521981239319 5.9518351554870605 -0.9437029422677892 0.5154431462287903
Car -1 -1 -2.68 473.0534362792969 177.95697021484375 539.4249877929688 206.5897674560547 1.573574185371399 1.6139557361602783 3.8023810386657715 -5.873581409454346 1.835036814212799 40.221824645996094 -2.8274225258429766 0.5084519386291504
Car -1 -1 -2.7 384.24444580078125 177.5640106201172 504.3792419433594 221.19065856933594 1.5290411710739136 1.5721166133880615 3.9517922401428223 -6.3072285652160645 1.762947678565979 28.207216262817383 -2.92370495402219 0.49686112999916077
Car -1 -1 -0.66 970.0890502929688 188.82614135742188 1239.336181640625 326.17376708984375 1.4627175331115723 1.6163381338119507 4.069615840911865 5.999385356903076 1.639697790145874 7.304874420166016 0.03244764299997982 0.4959730803966522
Car -1 -1 -2.71 421.9465026855469 178.86764526367188 519.482421875 217.12283325195312 1.5506511926651 1.6291664838790894 3.8926219940185547 -6.039590358734131 1.826707661151886 30.241294860839844 -2.90890212470478 0.4800492227077484
Car -1 -1 -2.14 2.8323452472686768 222.98171997070312 78.20926022529602 380.0126037597656 1.4546737670898438 1.5617239475250244 3.84737229347229 -5.8059844970703125 1.8231383562088013 4.649466514587402 -3.0308897083437305 0.422241747379303
Car -1 -1 -2.21 -0.22963197529315948 201.1241912841797 105.38088743388653 374.1677551269531 1.4421961307525635 1.583381175994873 4.030498027801514 -5.7306342124938965 1.5986065864562988 4.698093414306641 -3.0936821123389553 0.420003741979599
Car -1 -1 -2.43 4.879612445831299 193.2364501953125 134.49164247512817 378.4875793457031 1.5477603673934937 1.6148173809051514 4.026637077331543 -5.7977728843688965 1.603963017463684 5.248350143432617 3.018384731708858 0.41665759682655334
Car -1 -1 -2.69 266.52056884765625 179.77952575683594 436.6193542480469 246.76303100585938 1.5304254293441772 1.546487808227539 3.821260690689087 -6.102075099945068 1.7160948514938354 19.5505313873291 -2.9907807130189727 0.4161692261695862
Car -1 -1 1.6 555.00244140625 177.98973083496094 579.252197265625 197.18771362304688 1.5528995990753174 1.6324470043182373 3.6787726879119873 -3.3415277004241943 1.9060957431793213 56.49826431274414 1.5388261834207215 0.39561307430267334
Car -1 -1 -2.9 341.15875244140625 182.3688507080078 460.9190673828125 230.0277862548828 1.4055914878845215 1.5914173126220703 3.9287405014038086 -6.8800835609436035 1.79470694065094 23.339126586914062 3.0918604859551078 0.39020097255706787
Car -1 -1 -2.73 37.8383903503418 178.46392822265625 373.18232345581055 294.68975830078125 1.668521761894226 1.6114811897277832 3.90584659576416 -5.9263200759887695 1.7340396642684937 12.178915023803711 3.0987988573496548 0.3706689774990082
Car -1 -1 -2.75 440.7629699707031 178.94906616210938 528.4161987304688 213.46868896484375 1.5284509658813477 1.6237773895263672 3.80704665184021 -5.934866905212402 1.862678050994873 34.182804107666016 -2.9213768923313115 0.29928046464920044
Car -1 -1 0.53 -1.3533612489700317 182.02249145507812 296.3224505186081 347.6808776855469 1.6076641082763672 1.6126823425292969 4.1309638023376465 -5.449977397918701 1.717045783996582 8.4132080078125 -0.046315972372586334 0.2926771938800812
Car -1 -1 -2.23 7.105618953704834 198.0555877685547 87.47919988632202 382.05859375 1.5847176313400269 1.6362882852554321 4.1077494621276855 -5.615216255187988 1.7580102682113647 4.573760986328125 -3.116822080024293 0.2692885100841522
Car -1 -1 -1.05 56.64279556274414 189.15292358398438 363.50461196899414 310.2220764160156 1.5186092853546143 1.6003602743148804 3.9392006397247314 -5.583029270172119 1.6793445944786072 10.396495819091797 -1.5475059972524 0.2667137384414673
Car -1 -1 -2.33 5.521815299987793 234.134765625 66.34966945648193 362.2225341796875 1.6321598291397095 1.6283278465270996 4.065832614898682 -5.405669689178467 1.7800801396369934 4.883718490600586 3.1196946983784164 0.2540425956249237
Van -1 -1 -2.97 411.24591064453125 176.0623779296875 510.9715270996094 217.5928192138672 1.8244465589523315 1.772907018661499 4.269167900085449 -6.4936628341674805 1.8481422066688538 31.11396598815918 3.102892047946476 0.24623538553714752
Car -1 -1 -2.19 -3.702977180480957 199.82833862304688 61.87920665740967 379.324462890625 1.5187050104141235 1.593617558479309 4.018418312072754 -5.979896545410156 1.6565386056900024 4.741952419281006 -3.0924224263627718 0.2260395586490631
Car -1 -1 -0.36 1166.016357421875 185.02503967285156 1249.1458740234375 346.32513427734375 1.5474979877471924 1.578857421875 3.942596435546875 6.671020984649658 1.7146438956260681 6.005458354949951 0.48247232684340613 0.21986490488052368
Car -1 -1 -2.3 1.7054685354232788 207.6190643310547 72.05709969997406 353.4012451171875 1.5761451721191406 1.5840400457382202 4.0094895362854 -5.504851341247559 1.6582669615745544 4.995414733886719 -3.1315096572530976 0.20952583849430084
Car -1 -1 -0.59 1047.482177734375 204.37567138671875 1233.5478515625 362.65545654296875 1.4369364976882935 1.6081221103668213 3.9662299156188965 6.964484214782715 1.7649155259132385 7.5964274406433105 0.14729905495474016 0.20704030990600586
Car -1 -1 2.14 353.27239990234375 180.68264770507812 453.6529846191406 224.96739196777344 1.4030795097351074 1.557412028312683 3.6069281101226807 -7.004540920257568 1.7491625547409058 23.761550903320312 1.8571143147499471 0.19649143517017365
Car -1 -1 -2.74 463.28131103515625 183.1546173095703 529.0219116210938 211.36965942382812 1.5202703475952148 1.5857646465301514 3.7849340438842773 -6.161358833312988 2.0322341918945312 39.129669189453125 -2.8912132436539313 0.1953653246164322
Van -1 -1 -2.77 370.9669494628906 177.2653045654297 495.0244445800781 224.62612915039062 1.6601451635360718 1.6666676998138428 3.9263622760772705 -6.656753063201904 1.932133138179779 27.87999153137207 -3.0057255855439706 0.1916036158800125
Pedestrian -1 -1 -1.68 369.7766418457031 178.25755310058594 487.4477844238281 225.3761749267578 1.8449641466140747 0.6513286828994751 0.8038426041603088 -5.167226791381836 1.7135685086250305 20.77367401123047 -1.926928963087958 0.19093894958496094
Car -1 -1 -2.87 87.67086029052734 169.8095245361328 390.11177825927734 268.7083435058594 1.5744601488113403 1.5827666521072388 4.0864176750183105 -5.928861141204834 1.8056015372276306 12.310511589050293 2.9657058178135944 0.18285056948661804
Car -1 -1 -2.37 5.43997049331665 257.72955322265625 58.2668251991272 366.4746398925781 1.5588345527648926 1.5983047485351562 3.993535041809082 -5.615973472595215 1.8980951309204102 5.19865608215332 3.088337417371216 0.18025141954421997
Car -1 -1 -0.21 1187.3856201171875 196.52906799316406 1248.94287109375 325.3659362792969 1.5682392120361328 1.5386905670166016 3.828540802001953 6.041820526123047 1.638343095779419 5.614918231964111 0.610447232727676 0.17995569109916687
Car -1 -1 2.46 9.595972061157227 169.42942810058594 163.0882511138916 351.3915710449219 1.4555034637451172 1.6523560285568237 4.218213081359863 -6.285671234130859 1.5608965754508972 6.0186614990234375 1.6574935783604996 0.17692464590072632
Car -1 -1 -0.55 945.39208984375 196.9316864013672 1205.438720703125 335.90350341796875 1.4667390584945679 1.5783257484436035 3.7255778312683105 6.589351177215576 1.8471564650535583 9.430062294006348 0.06079426377379704 0.1729646921157837
Car -1 -1 -0.49 1191.705322265625 218.06800842285156 1242.058837890625 345.75018310546875 1.65941321849823 1.6128160953521729 4.006166934967041 6.9300432205200195 1.877812922000885 6.226914405822754 0.35377502659092075 0.17255643010139465
Car -1 -1 -0.73 1180.59375 202.77584838867188 1244.5137939453125 370.1965637207031 1.5011050701141357 1.6064143180847168 4.032954216003418 6.923707008361816 1.6386274099349976 5.99045991897583 0.12973792770963 0.17251625657081604
Van -1 -1 -2.74 386.5845642089844 176.695556640625 503.22784423828125 220.39437866210938 1.7872065305709839 1.7733131647109985 4.24126672744751 -6.4219441413879395 1.799087405204773 29.59088706970215 -2.9572659799715613 0.16995155811309814