Car -1 -1 -1.02 0.6589244604110718 188.11167907714844 342.8600047826767 375.33349609375 1.4114489555358887 1.619210124015808 4.185724258422852 -4.242255687713623 1.4756627082824707 7.304140567779541 -1.5460994802737655 0.893669605255127
Car -1 -1 -1.56 611.777099609375 177.98773193359375 687.8238525390625 247.2623291015625 1.561801791191101 1.6817450523376465 3.7677223682403564 1.1177048683166504 1.4081013798713684 18.129201889038086 -1.4947317819361317 0.8880466222763062
Truck -1 -1 -1.28 293.5127868652344 77.14352416992188 514.1365966796875 266.46966552734375 3.4944651126861572 2.585839033126831 7.994731903076172 -4.236758708953857 1.4614405632019043 17.035982131958008 -1.5274702121638626 0.8497833609580994
Car -1 -1 -1.51 669.2042236328125 182.26339721679688 702.5994873046875 207.5416717529297 1.4599406719207764 1.5894192457199097 3.3908090591430664 5.008015155792236 1.333055555820465 44.741905212402344 -1.3981250961746152 0.7793449759483337
Truck -1 -1 -1.51 512.1813354492188 141.34217834472656 562.3524780273438 198.78436279296875 3.5281083583831787 2.6718907356262207 9.651202201843262 -4.480492115020752 0.948766827583313 48.41533660888672 -1.5978357081487689 0.749915599822998
Car -1 -1 2.29 1.0179914236068726 188.5763397216797 131.9372876882553 246.2935028076172 1.366891622543335 1.5632909536361694 3.8797616958618164 -15.085750579833984 1.4716448187828064 19.03919219970703 1.6244363959077353 0.6995114684104919
Van -1 -1 -1.24 292.747314453125 78.4002914428711 510.9570007324219 270.1727523803711 2.8040359020233154 2.1966137886047363 6.626230716705322 -3.6748428344726562 1.259857252240181 14.552681922912598 -1.4836265243561444 0.6381200551986694
Van -1 -1 0.91 168.43653869628906 167.1725616455078 305.8765563964844 230.61126708984375 2.0165417194366455 1.8489435911178589 4.624035835266113 -12.863208770751953 1.397315502166748 25.13153076171875 0.440246316934374 0.5966302156448364
Car -1 -1 2.61 119.86688232421875 179.09620666503906 199.89173889160156 212.3072509765625 1.5621708631515503 1.4489209651947021 3.4601948261260986 -22.13978385925293 1.2710020840168 35.74290084838867 2.0543477154724856 0.5920656323432922
Car -1 -1 -0.52 170.53170776367188 174.53738403320312 306.39556884765625 233.42837524414062 1.5801475048065186 1.55917227268219 4.040194511413574 -11.8624849319458 1.4010162949562073 23.47145652770996 -0.9890602309688568 0.4601858854293823
Car -1 -1 -1.29 735.4338989257812 182.47018432617188 764.3294067382812 201.56964111328125 1.4758198261260986 1.5556788444519043 3.1411020755767822 12.030488967895508 1.3218167424201965 60.26768493652344 -1.0976126277544385 0.4376039505004883
Car -1 -1 2.42 3.176478624343872 175.4814453125 29.97589612007141 223.96026611328125 1.621954321861267 1.586556077003479 4.270998954772949 -21.623716354370117 1.4364715218544006 23.078285217285156 1.6627521153611253 0.37721163034439087
Car -1 -1 2.42 1.6218127012252808 174.11154174804688 24.41297709941864 222.68162536621094 1.6348520517349243 1.6127312183380127 4.391885280609131 -22.580406188964844 1.3860056400299072 23.953983306884766 1.6676475803483157 0.361806720495224
Van -1 -1 1.04 178.05462646484375 172.48817443847656 321.30975341796875 234.2975311279297 2.01078462600708 1.8781743049621582 4.42796516418457 -12.64755630493164 1.4427871108055115 25.3321475982666 0.5742402084666542 0.3449593484401703
Car -1 -1 -1.47 494.25689697265625 176.39341735839844 531.9116821289062 204.69850158691406 1.495223045349121 1.633957028388977 4.054179668426514 -5.079387664794922 1.0284636914730072 39.168060302734375 -1.598552017972736 0.32676711678504944
Car -1 -1 2.51 0.5693312883377075 171.50039672851562 20.409581303596497 223.4466094970703 1.6629711389541626 1.6003398895263672 4.1328444480896 -23.06985855102539 1.332200050354004 24.339744567871094 1.7530757289865466 0.30601221323013306
Car -1 -1 2.08 122.21269989013672 179.0125732421875 187.70570373535156 205.24664306640625 1.5563570261001587 1.5452414751052856 3.8179686069488525 -26.620481491088867 1.2073877155780792 42.43545150756836 1.5194564713505878 0.29681292176246643
Car -1 -1 2.37 3.265744924545288 183.77386474609375 149.3916757106781 273.0991516113281 1.380146861076355 1.5895739793777466 3.634100914001465 -11.310358047485352 1.5125069618225098 14.264501571655273 1.701954421989555 0.28009042143821716
Car -1 -1 -1.56 622.2477416992188 179.5309600830078 692.037109375 239.11488342285156 1.5336507558822632 1.6676079034805298 3.7394027709960938 1.091702938079834 1.3652682304382324 18.114465713500977 -1.503498571950427 0.26277706027030945
Truck -1 -1 -1.57 508.066162109375 151.53244018554688 553.7525024414062 199.81756591796875 3.3667659759521484 2.570603847503662 8.625020027160645 -4.809615135192871 0.9779900312423706 47.17108917236328 -1.674816723425943 0.2558298408985138
Car -1 -1 2.3 5.442138195037842 189.4970703125 107.70973920822144 248.6499786376953 1.3713672161102295 1.5462158918380737 3.7542872428894043 -14.372678756713867 1.4182576537132263 17.131004333496094 1.5992161972648118 0.25030624866485596
Car -1 -1 2.5 4.277753829956055 179.32582092285156 33.258079528808594 228.5546875 1.5476000308990479 1.5591460466384888 3.8947997093200684 -19.06528091430664 1.4752777218818665 20.816492080688477 1.7547813656709268 0.24355995655059814
Cyclist -1 -1 1.41 858.4786376953125 187.57095336914062 903.9667358398438 218.9269256591797 1.626064419746399 0.5148723125457764 1.5987454652786255 11.580545425415039 1.6253353357315063 30.193437576293945 1.778205847733922 0.23782211542129517
Truck -1 -1 -1.6 497.7261657714844 145.28863525390625 560.9204711914062 202.48191833496094 3.439422369003296 2.543935537338257 8.970890998840332 -4.564680576324463 0.9352915287017822 44.529937744140625 -1.7046612254005096 0.23599505424499512
Car -1 -1 -0.67 184.2209014892578 185.52993774414062 309.65350341796875 238.72828674316406 1.3502981662750244 1.5526400804519653 3.53841233253479 -10.450282096862793 1.4260398745536804 21.09488868713379 -1.1256702400668477 0.23591284453868866
Van -1 -1 2.48 1.647629737854004 172.06512451171875 23.231736183166504 222.71456909179688 2.134192705154419 2.0543336868286133 5.087551116943359 -23.75000762939453 1.56009641289711 25.538623809814453 1.7305115255197459 0.23368673026561737
Car -1 -1 -1.38 486.1730041503906 173.35159301757812 532.5382080078125 207.46009826660156 1.619055986404419 1.6771708726882935 4.172995090484619 -5.278750419616699 1.1233879029750824 38.56296157836914 -1.5119174500132218 0.22006745636463165
Car -1 -1 -1.53 610.8406982421875 177.86643981933594 674.8965454101562 240.08335876464844 1.5557279586791992 1.6337482929229736 3.6762657165527344 1.078133463859558 1.338257372379303 18.548070907592773 -1.4719698968656072 0.2160499542951584
Car -1 -1 2.52 1.5132551193237305 180.61744689941406 26.092204093933105 235.3070068359375 1.5801056623458862 1.5798274278640747 3.8713786602020264 -21.467655181884766 1.5385180711746216 22.942623138427734 1.7698416383300675 0.21350866556167603
Truck -1 -1 0.4 322.254638671875 66.18616485595703 537.1322631835938 257.3396987915039 3.6935014724731445 2.4890482425689697 10.694297790527344 -4.892000675201416 1.3083245158195496 17.904674530029297 0.137536534073881 0.21131260693073273
Car -1 -1 2.37 9.418153762817383 183.58978271484375 134.61338996887207 299.8868713378906 1.4371148347854614 1.5855131149291992 3.52616810798645 -11.132662773132324 1.5071263909339905 13.920731544494629 1.6924612384273505 0.20742085576057434
Car -1 -1 -1.64 609.4509887695312 176.32289123535156 663.8941040039062 234.25088500976562 1.651819109916687 1.6499741077423096 3.874532461166382 1.0322771072387695 1.381573498249054 20.61958122253418 -1.5860142257996772 0.20534642040729523
Car -1 -1 -1.1 46.3505859375 183.7587890625 337.03955078125 343.0509338378906 1.4674208164215088 1.646765947341919 3.977506637573242 -4.2440505027771 1.4744476675987244 7.35699462890625 -1.6267434098070286 0.1960320919752121
Cyclist -1 -1 1.51 861.6248779296875 183.41445922851562 906.6624145507812 215.24537658691406 1.625282645225525 0.5174739956855774 1.5749499797821045 12.105178833007812 1.5210877060890198 31.059585571289062 1.8777648325138871 0.19547006487846375
Truck -1 -1 -2.44 267.3786315917969 95.39925384521484 498.0667419433594 263.1292037963867 3.527974843978882 2.587118148803711 10.075904846191406 -5.480526447296143 1.3623316884040833 19.034204483032227 -2.718453388037112 0.1867968887090683
Car -1 -1 0.03 5.350468635559082 189.18838500976562 117.26379871368408 266.7429504394531 1.463367223739624 1.579954981803894 3.665097713470459 -14.500213623046875 1.5277906656265259 17.573156356811523 -0.6637668641871075 0.18394134938716888
Car -1 -1 2.48 2.5014092922210693 183.17233276367188 36.26450514793396 237.0540313720703 1.5216926336288452 1.566717267036438 3.689648151397705 -18.37628746032715 1.5269315242767334 20.215808868408203 1.7376030261063757 0.183148592710495
Car -1 -1 2.57 1.0784823894500732 179.26426696777344 18.643154859542847 234.97866821289062 1.6419607400894165 1.6240930557250977 3.9999337196350098 -22.884170532226562 1.4796268343925476 24.062543869018555 1.8081919851824555 0.17571809887886047
Van -1 -1 2.47 3.4058494567871094 173.54698181152344 28.062026977539062 221.3023681640625 2.1570017337799072 2.084489107131958 5.213521480560303 -23.00889778137207 1.577126830816269 24.92014503479004 1.726891160431979 0.17181825637817383
Car -1 -1 -1.61 634.15673828125 178.88690185546875 692.3173828125 227.5845489501953 1.6281534433364868 1.676620364189148 3.883829355239868 1.8164035081863403 1.3963332772254944 25.426265716552734 -1.5340279587915981 0.16256007552146912
Car -1 -1 0.8 152.2920379638672 173.32711791992188 314.5649108886719 245.8179931640625 1.5131324529647827 1.5984617471694946 3.8126156330108643 -10.91411018371582 1.3820154070854187 21.26316261291504 0.32559269874921215 0.1571810394525528
Car -1 -1 -0.95 -1.383644461631775 198.60955810546875 91.2507244348526 365.08172607421875 1.5083949565887451 1.564353346824646 3.6039576530456543 -3.3003220558166504 1.4812839031219482 2.8585917949676514 -1.8067118379499956 0.14702878892421722
Car -1 -1 2.3 1.319574236869812 178.37612915039062 89.30431544780731 279.4561462402344 1.4196099042892456 1.5581058263778687 3.846567392349243 -14.871790885925293 1.6079384088516235 17.266883850097656 1.5846944259676343 0.13880960643291473
Car -1 -1 -1.06 -8.070767402648926 208.5851287841797 52.54979610443115 337.8473815917969 1.53811514377594 1.565898060798645 3.7188563346862793 -3.805975914001465 1.4376352429389954 3.278749942779541 -1.9194978765450141 0.1363849937915802
Car -1 -1 -1.12 8.024229049682617 194.19956970214844 132.17004203796387 346.8349609375 1.422070860862732 1.6138942241668701 3.5175576210021973 -6.499851703643799 1.6214220523834229 7.644917011260986 -1.825333588980664 0.10982499271631241
Car -1 -1 2.32 3.4658660888671875 181.65850830078125 109.55408477783203 292.029541015625 1.4204977750778198 1.5797703266143799 3.847456455230713 -14.218501091003418 1.6643272638320923 16.653501510620117 1.6088143553349346 0.10625426471233368
Car -1 -1 -0.89 -0.14870013296604156 190.58795166015625 72.85349713265896 355.9588623046875 1.5371475219726562 1.580651044845581 3.6028828620910645 -2.997424364089966 1.33537757396698 2.6225593090057373 -1.7461296796654082 0.10346922278404236
Car -1 -1 2.93 -11.220006942749023 196.33580017089844 52.13031196594238 312.9516296386719 1.479249358177185 1.5254508256912231 3.742377281188965 -7.949409008026123 1.6021965742111206 7.592001914978027 2.119201153913786 0.09012802690267563
Car -1 -1 2.36 2.352187395095825 182.04351806640625 81.34733510017395 321.33880615234375 1.4543263912200928 1.5600833892822266 3.6527469158172607 -14.425317764282227 2.043485164642334 15.133675575256348 1.5972013874988686 0.07441786676645279