Car -1 -1 -1.8 738.5335693359375 168.16043090820312 863.1393432617188 246.1733856201172 1.410271406173706 1.6201444864273071 4.002045154571533 3.9256742000579834 1.378691554069519 15.517166137695312 -1.5556231216634204 0.886944591999054
Car -1 -1 -1.43 564.5623779296875 179.52528381347656 616.9999389648438 215.11712646484375 1.402440071105957 1.6384425163269043 4.103292942047119 -0.6943362355232239 1.6813620328903198 30.474496841430664 -1.4501833546892033 0.8675181269645691
Car -1 -1 -2.11 883.433349609375 165.60723876953125 1240.802001953125 368.189453125 1.5407887697219849 1.577898383140564 3.6301727294921875 3.237257242202759 1.5427749752998352 4.898718357086182 -1.5290407895915443 0.8636164665222168
Van -1 -1 -1.71 702.743896484375 137.09690856933594 780.3395385742188 219.33383178710938 2.4795143604278564 1.9707781076431274 5.4918107986450195 4.530369281768799 1.3646901100873947 25.8504638671875 -1.5355095625458333 0.8610296845436096
Car -1 -1 -1.52 586.7274169921875 177.35963439941406 626.5757446289062 206.3865509033203 1.4705157279968262 1.5819952487945557 4.125474452972412 0.054049719125032425 1.6534088253974915 37.93999481201172 -1.5179392084452639 0.4349597096443176
Car -1 -1 -1.45 579.910888671875 179.17721557617188 625.04443359375 210.1802978515625 1.386497139930725 1.6081050634384155 4.076268672943115 -0.5358108878135681 1.6829732656478882 32.35615921020508 -1.4638185960415706 0.43069347739219666
Car -1 -1 -1.49 593.9395751953125 176.68301391601562 629.0645751953125 204.44775390625 1.5220189094543457 1.639241337776184 4.083200931549072 0.09482767432928085 1.704880177974701 39.69422149658203 -1.4921533958097992 0.4185108244419098
Truck -1 -1 -1.72 703.7621459960938 139.63059997558594 780.4503784179688 219.42303466796875 3.2230827808380127 2.479264974594116 7.445722579956055 4.774085521697998 1.7144269719719887 27.01811981201172 -1.5498763054441582 0.33993229269981384
Car -1 -1 -1.72 701.0241088867188 143.16629028320312 780.814208984375 218.7404327392578 2.2287437915802 1.8678374290466309 4.965327262878418 4.147557735443115 1.3701885640621185 23.983142852783203 -1.5464922322079673 0.33650490641593933
Car -1 -1 -1.45 573.8706665039062 179.93890380859375 620.366943359375 212.826171875 1.4367324113845825 1.5923188924789429 4.1319780349731445 -0.5255075097084045 1.7390355467796326 30.82937240600586 -1.4708707601860258 0.3066253960132599
Van -1 -1 -1.64 701.44921875 146.9628143310547 757.1936645507812 211.75277709960938 2.4213294982910156 2.005592107772827 5.87318754196167 4.724714756011963 1.4279935359954834 27.202878952026367 -1.469314494288012 0.2711615562438965
Van -1 -1 -1.81 705.8300170898438 153.30062866210938 776.0247192382812 216.30699157714844 2.1097357273101807 1.9226160049438477 5.290870666503906 4.308341979980469 1.4408548772335052 25.281084060668945 -1.6428474757797362 0.22059592604637146
Car -1 -1 -1.75 703.8582153320312 164.43714904785156 738.8363037109375 204.59429931640625 1.756613850593567 1.731687307357788 4.357140064239502 5.411802768707275 1.4558746814727783 34.6885871887207 -1.5953259524833792 0.19530588388442993
Pedestrian -1 -1 1.99 703.036865234375 140.07208251953125 780.3128662109375 218.48080444335938 2.0059454441070557 0.6968703269958496 1.0239051580429077 3.6397080421447754 1.353708952665329 20.739721298217773 2.1593469971206556 0.18368873000144958
Car -1 -1 -0.53 -0.20631393790245056 263.2156677246094 28.877723842859268 378.1895446777344 1.5534268617630005 1.6025673151016235 3.5544240474700928 -1.347451090812683 1.1191748082637787 0.8200017213821411 -1.5501265346883448 0.1815381646156311