Car -1 -1 1.85 259.3865661621094 193.29823303222656 488.8645935058594 347.91851806640625 1.480867862701416 1.6198451519012451 3.884859800338745 -2.7698397636413574 1.7860957384109497 9.399916648864746 1.5675460038327689 0.8883265256881714
Car -1 -1 1.33 726.844970703125 184.4683380126953 902.95654296875 313.7073974609375 1.5523513555526733 1.6578582525253296 4.1220831871032715 2.979247570037842 1.753680169582367 11.027424812316895 1.5963202083707415 0.8831079602241516
Car -1 -1 -1.7 656.3638305664062 181.78521728515625 719.694091796875 233.02333068847656 1.5430463552474976 1.62003755569458 3.786714553833008 2.4710476398468018 1.8637812733650208 24.28749656677246 -1.5954784085767644 0.8771176338195801
Car -1 -1 1.67 496.5811462402344 187.69398498535156 554.6312866210938 236.619873046875 1.5694684982299805 1.6199396848678589 3.8307063579559326 -2.969254970550537 2.116758108139038 25.62429428100586 1.5515333190800114 0.8719139099121094
Car -1 -1 1.02 780.2733154296875 199.35252380371094 1236.9012451171875 372.7520751953125 1.560436725616455 1.7022254467010498 4.089883804321289 2.5987579822540283 1.7780264616012573 4.838136196136475 1.5149902214283468 0.8316272497177124
Car -1 -1 1.64 549.1756591796875 185.9076385498047 578.5072021484375 210.30810546875 1.5382734537124634 1.6639244556427002 4.069153785705566 -3.1434271335601807 2.510318696498871 49.982139587402344 1.5770218238799494 0.7845516204833984
Car -1 -1 -1.66 643.0809936523438 181.044677734375 686.82373046875 221.26014709472656 1.5752395391464233 1.6231627464294434 3.655405044555664 2.3333075046539307 2.0076865553855896 31.76042366027832 -1.5841439305280556 0.7791262269020081
Car -1 -1 -1.66 648.7332153320312 181.42108154296875 705.6207275390625 228.10403442382812 1.5824531316757202 1.6053485870361328 3.8786346912384033 2.285869836807251 1.9438514113426208 30.59864044189453 -1.5830684412762768 0.5709587335586548
Car -1 -1 -1.63 632.4203491210938 179.97657775878906 665.3781127929688 211.0147705078125 1.6809344291687012 1.6671010255813599 4.133790969848633 2.258441209793091 2.2296589612960815 45.07242202758789 -1.5773625523449315 0.511418342590332
Car -1 -1 -0.9 630.7610473632812 181.51083374023438 659.1649780273438 207.88467407226562 1.6869025230407715 1.7059268951416016 4.338963031768799 2.3833279609680176 2.3235092163085938 49.10982131958008 -0.8503293572625799 0.4464472532272339
Car -1 -1 -1.65 639.3983154296875 180.05645751953125 680.815673828125 218.03697204589844 1.6277592182159424 1.6252022981643677 3.564727544784546 2.2687766551971436 1.9962161779403687 31.124845504760742 -1.5758959475163623 0.43873468041419983
Car -1 -1 -1.6 635.8370361328125 180.84109497070312 668.792236328125 213.37709045410156 1.6429773569107056 1.6299655437469482 3.9384686946868896 2.6380679607391357 2.1459237933158875 39.60501480102539 -1.5382561908618362 0.379852294921875
Car -1 -1 -1.63 645.6537475585938 186.5092315673828 692.03125 225.02725219726562 1.4393857717514038 1.5868172645568848 3.8019134998321533 2.3947479724884033 2.062189519405365 30.6704158782959 -1.555956701395452 0.33367228507995605
Car -1 -1 -0.27 849.4329223632812 159.47030639648438 1237.897216796875 371.58709716796875 1.6803374290466309 1.6250677108764648 4.081442832946777 3.5200068950653076 1.6998416781425476 3.8256161212921143 0.4775425508764348 0.3085871636867523
Car -1 -1 1.31 730.8129272460938 192.87559509277344 928.5916137695312 325.3595275878906 1.5088937282562256 1.6324048042297363 4.142144680023193 3.0051262378692627 1.886100172996521 11.395390510559082 1.568191331160203 0.2560313045978546
Car -1 -1 1.29 774.9474487304688 203.12779235839844 971.8704833984375 334.3041687011719 1.460334300994873 1.5632070302963257 3.5860660076141357 3.1119766235351562 1.8484880924224854 9.557437896728516 1.6075098326405302 0.2156647890806198
Van -1 -1 -1.11 632.3696899414062 179.63671875 664.2550659179688 209.90402221679688 1.9053008556365967 1.7116538286209106 4.741260528564453 2.5439329147338867 2.3982757329940796 49.08434295654297 -1.0625942194185205 0.21359702944755554
Car -1 -1 -1.64 648.9657592773438 187.40176391601562 697.6511840820312 229.89791870117188 1.4719128608703613 1.5786179304122925 3.6828105449676514 2.4819397926330566 2.1008694171905518 29.782987594604492 -1.5607967519417487 0.2113295942544937
Car -1 -1 -1.7 640.4366455078125 183.34609985351562 690.8090209960938 229.76321411132812 1.5392829179763794 1.6379793882369995 4.175637722015381 2.2888848781585693 2.0622352957725525 30.654605865478516 -1.6300218871265297 0.20217283070087433
Car -1 -1 -0.38 628.0364379882812 182.63870239257812 655.8694458007812 205.97206115722656 1.5861966609954834 1.6490356922149658 4.264315128326416 2.2095589637756348 2.3446097373962402 50.19063186645508 -0.34053852716901645 0.19516341388225555
Car -1 -1 0.99 743.8837280273438 170.4995574951172 1229.0992431640625 395.1807861328125 1.6894941329956055 1.4812870025634766 4.34409236907959 2.0440571308135986 1.6026058197021484 4.123053073883057 1.4521009368412727 0.17914384603500366
Car -1 -1 -1.63 637.0338745117188 185.6448974609375 670.7274169921875 219.2396240234375 1.4480146169662476 1.5744630098342896 3.7441883087158203 2.040353775024414 2.1748984456062317 37.533172607421875 -1.5741198134702605 0.17709648609161377
Car -1 -1 -1.62 648.4024658203125 178.24220275878906 694.5225219726562 219.95851135253906 1.5502359867095947 1.6119309663772583 3.866375684738159 2.6046643257141113 1.8827126026153564 30.706768035888672 -1.5304689585721256 0.17481350898742676
Car -1 -1 1.34 771.41845703125 206.94696044921875 992.5995483398438 358.8576354980469 1.4438438415527344 1.5501737594604492 3.4004392623901367 3.716451406478882 2.045344352722168 10.147579193115234 1.6938776371057926 0.17136193811893463
Van -1 -1 -1.49 854.6578369140625 136.6798858642578 1247.3662109375 365.3203125 2.2924742698669434 1.8857784271240234 4.898233413696289 2.297825574874878 1.55790114402771 2.848552942276001 -0.8088694488397827 0.16831253468990326
Pedestrian -1 -1 2.0 632.674072265625 181.1238555908203 660.8589477539062 208.73834228515625 1.8224050998687744 0.6453940272331238 0.8503389954566956 1.85379159450531 2.099221110343933 39.30073547363281 2.045701605074263 0.1508244425058365
Car -1 -1 0.59 949.00146484375 155.8239288330078 1271.8748779296875 396.18145751953125 1.5598914623260498 1.7640379667282104 5.233983993530273 2.4999582767486572 1.5149930715560913 3.863056182861328 1.1646175217908095 0.14848880469799042
Pedestrian -1 -1 1.94 637.3735961914062 180.007568359375 673.122802734375 214.2486572265625 1.8411246538162231 0.6954373121261597 0.8380223512649536 2.1530656814575195 2.042980968952179 36.33708953857422 2.0037973711684716 0.05190477520227432