Car -1 -1 1.72 459.6659240722656 172.4484100341797 544.7640991210938 239.3159637451172 1.6052403450012207 1.6812078952789307 4.278623104095459 -2.902263641357422 1.6386295557022095 20.113805770874023 1.5734290899995864 0.8900886178016663
Car -1 -1 -1.76 738.7413940429688 180.4781494140625 935.4719848632812 345.0445556640625 1.6274431943893433 1.5686557292938232 3.317812442779541 2.5968828201293945 1.7407020330429077 8.897330284118652 -1.4749984227140311 0.8785666227340698
Car -1 -1 -1.68 695.70703125 186.51470947265625 816.0631103515625 280.77593994140625 1.4576098918914795 1.5805060863494873 3.5357093811035156 2.5882303714752197 1.7595491409301758 13.375284194946289 -1.4927057597281976 0.8554680943489075
Car -1 -1 -2.68 122.4920425415039 171.31504821777344 367.6889419555664 252.93922424316406 1.4107826948165894 1.6320393085479736 4.3964619636535645 -7.193866729736328 1.4752983450889587 14.650093078613281 -3.1411266332069996 0.8351112604141235
Car -1 -1 -1.43 511.2065124511719 175.96090698242188 571.03759765625 219.8369140625 1.4639370441436768 1.6006526947021484 4.017040252685547 -2.5068538188934326 1.6560492515563965 27.362895965576172 -1.5259221440432817 0.8308216333389282
Car -1 -1 1.54 637.464111328125 177.11256408691406 668.0185546875 202.02801513671875 1.494058609008789 1.683951735496521 4.073955059051514 2.6669483184814453 1.7583566904067993 45.4852409362793 1.5970728331245931 0.7840480208396912
Cyclist -1 -1 -1.53 578.5687255859375 168.9222412109375 605.59814453125 227.99658203125 1.7819302082061768 0.5142819881439209 1.7905998229980469 -0.49693435430526733 1.6940388679504395 22.11939239501953 -1.5503753571906547 0.7679508924484253
Pedestrian -1 -1 2.41 579.1907958984375 171.20655822753906 606.0458374023438 226.1708526611328 1.7114685773849487 0.7852238416671753 0.9369782209396362 -0.5062243342399597 1.68519526720047 22.25783920288086 2.3824713114040925 0.5280423760414124
Car -1 -1 -1.49 572.671875 170.80126953125 595.5625610351562 195.1613311767578 1.6879253387451172 1.668593406677246 3.891324996948242 -2.3487672805786133 1.4517727494239807 59.252620697021484 -1.5322722881148483 0.42472052574157715
Car -1 -1 -1.61 577.2131958007812 171.1599578857422 606.5933227539062 228.76416015625 1.6336791515350342 1.5534954071044922 3.552884101867676 -0.6989454627037048 1.793583333492279 28.48540496826172 -1.6331767733167002 0.3842291533946991
Car -1 -1 -0.43 -3.7142093181610107 254.4878692626953 80.77468991279602 383.3423767089844 1.475669503211975 1.7202006578445435 4.037187576293945 -1.9611462354660034 1.32736474275589 1.0287550687789917 -1.5193415317672283 0.3433186113834381
Van -1 -1 1.75 460.23138427734375 174.18443298339844 544.0521240234375 238.42922973632812 1.794716715812683 1.7001737356185913 4.222141265869141 -3.014958381652832 1.749671220779419 20.726465225219727 1.6047664635799794 0.3411940932273865
Car -1 -1 -1.52 576.2482299804688 169.29664611816406 601.2191162109375 201.3704833984375 1.505911946296692 1.627518892288208 3.8401036262512207 -2.3789165019989014 1.3368008732795715 60.2215576171875 -1.5636270277935207 0.2766034007072449
Car -1 -1 -0.41 -0.7242659330368042 269.68902587890625 61.99231731891632 383.95941162109375 1.490290880203247 1.732130765914917 4.049623966217041 -2.011842966079712 1.3498564958572388 1.0568642616271973 -1.4995899517217834 0.2746310532093048
Pedestrian -1 -1 -3.04 794.5922241210938 170.26071166992188 820.3153076171875 238.2176055908203 1.8273662328720093 0.6276064515113831 0.6854796409606934 5.696432113647461 1.7447426319122314 21.00627899169922 -2.7706797904595906 0.27262216806411743
Car -1 -1 -1.73 722.8717651367188 183.4338836669922 881.6495361328125 307.7728271484375 1.5095329284667969 1.6015315055847168 3.4876890182495117 2.7296183109283447 1.7479247450828552 12.07597541809082 -1.5028641772666127 0.2548755705356598
Car -1 -1 -1.88 755.447021484375 197.19032287597656 999.14599609375 349.05242919921875 1.4891122579574585 1.5939414501190186 3.602827548980713 2.818208694458008 1.676967203617096 8.769248962402344 -1.56814820461374 0.23878100514411926
Car -1 -1 -1.68 709.7464599609375 182.8661346435547 849.2893676757812 293.3624267578125 1.5622268915176392 1.601517915725708 3.4742133617401123 2.8852367401123047 1.827357828617096 14.072428703308105 -1.4813826186842523 0.23787780106067657
Car -1 -1 -0.42 -2.2667503356933594 256.4134216308594 45.382652282714844 384.79833984375 1.536360740661621 1.6918821334838867 3.8893187046051025 -1.9722352027893066 1.34037846326828 1.0292128324508667 -1.5059325552853737 0.23618964850902557
Car -1 -1 -1.71 730.9508666992188 176.32809448242188 910.9136352539062 325.7986145019531 1.5455952882766724 1.6191731691360474 3.341514825820923 2.5766448974609375 1.632139801979065 8.875723838806152 -1.422865463688468 0.2357373833656311
Car -1 -1 -1.59 789.0040283203125 183.93399047851562 915.3095092773438 282.2283630371094 1.5543467998504639 1.5153616666793823 3.105680465698242 4.851438999176025 1.9103624820709229 14.661867141723633 -1.2677215730905793 0.22680969536304474
Pedestrian -1 -1 2.44 749.9595336914062 183.27734375 937.0250244140625 345.119140625 1.6453660726547241 0.6384381651878357 0.8092232346534729 2.3619179725646973 1.6481430530548096 7.556124210357666 2.7403761054218254 0.2247537523508072
Car -1 -1 -1.73 572.2962036132812 171.59222412109375 597.9457397460938 199.47402954101562 1.5175752639770508 1.6234371662139893 4.178012371063232 -2.095247268676758 1.4524041414260864 60.81438446044922 -1.7596937104290635 0.21743306517601013
Car -1 -1 -0.47 -8.419434547424316 246.9086456298828 98.2329626083374 382.98046875 1.458271861076355 1.6487197875976562 3.876530170440674 -1.9771318435668945 1.3253141045570374 1.1012394428253174 -1.531074604092261 0.21632961928844452
Car -1 -1 -1.82 725.5396118164062 196.31930541992188 902.3743286132812 338.12017822265625 1.526273250579834 1.5706937313079834 3.5227088928222656 2.4703426361083984 1.746740996837616 8.982202529907227 -1.5501679923871023 0.21076495945453644
Car -1 -1 -1.33 570.8056030273438 169.90521240234375 594.244384765625 191.02130126953125 1.6624116897583008 1.7236210107803345 4.230876445770264 -2.2221667766571045 1.447808027267456 59.372310638427734 -1.3694833380658977 0.2047865092754364
Car -1 -1 -1.43 573.700439453125 167.69810485839844 599.2893676757812 209.9675750732422 1.7255220413208008 1.5689932107925415 3.507890224456787 -1.7307242155075073 1.6595984101295471 52.50157928466797 -1.463641965541572 0.19175654649734497
Car -1 -1 0.85 890.667236328125 152.5352325439453 1219.87255859375 370.68646240234375 1.816698431968689 1.7284809350967407 4.534472942352295 5.01924467086792 1.7984395027160645 5.29411506652832 1.6113129181290624 0.18470631539821625
Car -1 -1 -0.64 -2.087925434112549 204.68528747558594 28.88953924179077 389.91839599609375 1.6131823062896729 1.6313449144363403 3.7244985103607178 -2.6174638271331787 1.450173258781433 1.3644272089004517 -1.7306717562959806 0.18358556926250458
Car -1 -1 -0.45 -1.1545714139938354 255.48841857910156 125.36552441120148 376.7834777832031 1.5340379476547241 1.643616795539856 4.023073673248291 -1.73991858959198 1.267909586429596 1.0201122760772705 -1.4934159386826522 0.17489656805992126
Car -1 -1 -0.46 -0.9534111618995667 220.10177612304688 93.50962442159653 386.0795593261719 1.4651737213134766 1.6361356973648071 3.809682607650757 -2.067711353302002 1.3501063585281372 0.9997094869613647 -1.5765806087256582 0.1741946041584015
Car -1 -1 -0.44 -1.7688668966293335 239.4993438720703 37.937058091163635 388.2138366699219 1.516898512840271 1.6898590326309204 3.7814841270446777 -2.3353912830352783 1.4203651547431946 1.1825735569000244 -1.5436619351821959 0.17350758612155914
Car -1 -1 -0.41 -4.674518585205078 226.4745635986328 134.82831954956055 377.92413330078125 1.5109018087387085 1.6820355653762817 4.1029181480407715 -1.8461991548538208 1.3073905110359192 0.9413735866546631 -1.5061107831122609 0.16763226687908173
Car -1 -1 -0.46 1.8712735176086426 270.94970703125 108.09154176712036 384.1416015625 1.4263817071914673 1.7137337923049927 4.055703163146973 -2.6093506813049316 1.5436614751815796 1.5058393478393555 -1.5112704616584747 0.16171255707740784
Car -1 -1 -0.5 -1.6683603525161743 261.5105285644531 68.45227563381195 368.41302490234375 1.548054814338684 1.6344305276870728 3.755089044570923 -1.8102320432662964 1.3276281356811523 1.111960530281067 -1.5170473163168179 0.15950502455234528
Car -1 -1 -0.43 1.1211133003234863 217.5607147216797 67.57836580276489 387.7760009765625 1.5053246021270752 1.6472193002700806 3.7494699954986572 -2.1739895343780518 1.382059633731842 1.0325703620910645 -1.5608287520153503 0.15934717655181885
Car -1 -1 -0.38 -3.5707578659057617 228.54348754882812 49.30380725860596 382.5240783691406 1.5309573411941528 1.6531319618225098 3.8778018951416016 -1.5120762586593628 1.1548405885696411 0.7745586037635803 -1.4812563453921683 0.1565123200416565
Car -1 -1 -0.53 -10.813591003417969 249.91500854492188 78.85728454589844 361.48516845703125 1.7030185461044312 1.6462703943252563 3.9699740409851074 -1.855806827545166 1.4064563512802124 1.280156135559082 -1.499224367007364 0.15518730878829956
Car -1 -1 -1.51 575.8435668945312 168.6573486328125 603.8369750976562 216.40252685546875 1.653259038925171 1.5927984714508057 3.9490036964416504 -1.4200797080993652 1.734294354915619 52.01995849609375 -1.5417925422961565 0.14585621654987335
Pedestrian -1 -1 1.86 578.2400512695312 169.8690643310547 604.3599243164062 216.6763916015625 1.685911774635315 0.9216333627700806 0.962064802646637 -0.8159341216087341 1.6602752804756165 28.0681209564209 1.8318186958365086 0.10733763873577118