Car -1 -1 -1.67 611.9556274414062 176.95375061035156 679.2951049804688 233.34181213378906 1.4882149696350098 1.6834100484848022 4.435019493103027 0.9687525033950806 1.6451069712638855 21.95516586303711 -1.6237978922537204 0.8859110474586487
Car -1 -1 2.18 1.007524013519287 183.2382049560547 324.7842879295349 373.7992248535156 1.5823030471801758 1.6268459558486938 3.9579570293426514 -3.519554376602173 1.6947255730628967 4.685765743255615 1.5372590418720185 0.86261385679245
Van -1 -1 1.8 388.31915283203125 122.64037322998047 526.6483764648438 247.49072265625 2.723207950592041 2.1264448165893555 7.065831661224365 -3.9033238887786865 1.6681853830814362 19.772724151611328 1.6021990102129093 0.8400107622146606
Pedestrian -1 -1 1.8 600.0112915039062 171.28282165527344 621.0691528320312 226.4135284423828 1.788114309310913 0.6445460915565491 0.9559841752052307 -0.05018977075815201 1.7090099453926086 23.024927139282227 1.800676062263845 0.6488354206085205
Pedestrian -1 -1 1.64 600.5897827148438 173.9662628173828 626.9339599609375 225.52713012695312 1.7927982807159424 0.6696787476539612 0.9158136248588562 0.16180483996868134 1.7050299048423767 22.471025466918945 1.644806509068605 0.6326330900192261
Truck -1 -1 1.74 386.2947082519531 122.27313232421875 524.4985961914062 248.88926696777344 3.1758780479431152 2.3341684341430664 8.329849243164062 -4.365504741668701 1.9844361543655396 22.19666290283203 1.545874353779089 0.5856320261955261
Car -1 -1 -1.59 596.4932861328125 174.1632537841797 636.2625732421875 223.93359375 1.5588804483413696 1.6775048971176147 4.328238010406494 0.27933835983276367 1.7581069469451904 27.819778442382812 -1.5801030192172982 0.5123168230056763
Pedestrian -1 -1 1.83 595.8876953125 172.83168029785156 629.7011108398438 221.95831298828125 1.802650809288025 0.65451580286026 0.8574162125587463 0.14336757361888885 1.7484375834465027 23.25520133972168 1.8409072536343114 0.5077595114707947
Pedestrian -1 -1 1.57 596.0839233398438 174.31411743164062 617.2010498046875 222.48727416992188 1.763931393623352 0.6560320258140564 0.8844542503356934 -0.19194278120994568 1.7270262241363525 24.407785415649414 1.5586198581147892 0.4889881908893585
Car -1 -1 -1.66 604.0950927734375 175.49209594726562 666.9627685546875 230.21163940429688 1.5509675741195679 1.6711325645446777 4.145453929901123 0.7213064432144165 1.709733784198761 24.50636863708496 -1.6313000718951827 0.37379810214042664
Car -1 -1 -1.61 602.1948852539062 172.59255981445312 631.986572265625 225.21267700195312 1.5487736463546753 1.6927802562713623 4.495111465454102 0.23132076859474182 1.6986891031265259 27.378419876098633 -1.6050700466555847 0.3332880735397339
Car -1 -1 -1.59 601.4111938476562 174.1514434814453 649.6278686523438 225.00794982910156 1.5444601774215698 1.581551194190979 4.182408332824707 0.17301993072032928 1.8305594325065613 28.958717346191406 -1.5879079658759503 0.32094523310661316
Pedestrian -1 -1 1.44 592.6314086914062 175.4514923095703 612.935546875 220.97914123535156 1.7477167844772339 0.648750364780426 0.8493937849998474 -0.23537980020046234 1.7220085859298706 24.587926864624023 1.4336085580562958 0.31113457679748535
Car -1 -1 0.84 890.5220336914062 215.925537109375 1218.4813232421875 372.2881164550781 1.5639290809631348 1.5697463750839233 3.836890459060669 3.046142101287842 1.7899543046951294 3.811337471008301 1.5122286557260773 0.30069994926452637
Car -1 -1 -1.59 604.039306640625 176.1646728515625 641.2232666015625 224.1659393310547 1.475727915763855 1.6477493047714233 4.447925567626953 0.35729122161865234 1.6870439648628235 27.33203125 -1.5778397235627644 0.2668896019458771
Pedestrian -1 -1 1.85 607.2908325195312 172.07420349121094 637.6080932617188 219.98611450195312 1.7819397449493408 0.6703536510467529 0.8833082914352417 0.41809237003326416 1.6651261448860168 23.570850372314453 1.8686653235890889 0.22008706629276276
Cyclist -1 -1 -1.73 595.8876953125 172.83168029785156 629.7011108398438 221.95831298828125 1.7908415794372559 0.5367780327796936 1.8737852573394775 0.18647615611553192 1.699489712715149 23.24884605407715 -1.7207856616027222 0.2184435874223709
Pedestrian -1 -1 1.54 590.119384765625 175.4834747314453 610.4769897460938 224.7362823486328 1.698059320449829 0.6402044892311096 0.8149666786193848 -0.2519327998161316 1.743228018283844 24.29323387145996 1.52490168934251 0.1968562752008438
Pedestrian -1 -1 1.59 605.9559326171875 176.8944854736328 651.7550048828125 230.54995727539062 1.7931666374206543 0.696312427520752 0.9913466572761536 0.5687063932418823 1.6817817687988281 18.612323760986328 1.6190813221994533 0.17001688480377197
Pedestrian -1 -1 1.58 605.80810546875 167.4961395263672 629.0518798828125 213.95127868652344 1.7990765571594238 0.6696551442146301 0.9076376557350159 0.24419236183166504 1.6314849853515625 25.151905059814453 1.5935611899458104 0.15998245775699615