Car -1 -1 1.91 244.9978790283203 197.13653564453125 438.6588439941406 317.8042907714844 1.4174318313598633 1.5834521055221558 3.7968008518218994 -3.922091245651245 1.8311973810195923 11.080520629882812 1.5745774027787256 0.89201420545578
Car -1 -1 -1.66 657.8171997070312 181.61569213867188 712.7587280273438 226.26075744628906 1.5002501010894775 1.5624189376831055 3.192131757736206 2.6174330711364746 1.8313559293746948 26.318315505981445 -1.5562541387570619 0.8592290282249451
Car -1 -1 1.89 412.33319091796875 187.19374084472656 485.86651611328125 230.78009033203125 1.5307285785675049 1.6036607027053833 4.20395040512085 -6.18068265914917 2.0550663471221924 27.993797302246094 1.6746055381146183 0.8220754265785217
Car -1 -1 2.31 -10.261374473571777 212.36021423339844 280.12537479400635 373.33099365234375 1.4540315866470337 1.6956508159637451 4.501479148864746 -3.817492723464966 1.7956801056861877 4.17572546005249 1.5703810219622731 0.8177115321159363
Car -1 -1 -3.13 815.024169921875 164.26754760742188 1017.7091674804688 229.947998046875 1.490971326828003 1.6459834575653076 4.118618965148926 7.496986389160156 1.3004440069198608 17.822097778320312 -2.7268399948648767 0.7665824890136719
Car -1 -1 2.74 758.0325317382812 167.2240753173828 883.9395751953125 208.96636962890625 1.6773861646652222 1.6968241930007935 4.47206449508667 8.70052719116211 1.4368561506271362 30.3588924407959 3.017800808057147 0.7589578032493591
Car -1 -1 1.73 478.7153015136719 185.80648803710938 516.1517944335938 212.50205993652344 1.44904625415802 1.5661081075668335 3.6474595069885254 -6.375307559967041 2.1585821509361267 41.30187225341797 1.5743709511047914 0.7402087450027466
Car -1 -1 3.11 798.8851318359375 160.34510803222656 999.6959838867188 222.7646484375 1.6467949151992798 1.6110286712646484 4.114275932312012 7.6214213371276855 1.3523304462432861 19.282886505126953 -2.795069439973693 0.6947481036186218
Car -1 -1 1.86 318.3467712402344 191.9268341064453 419.93756103515625 254.0276641845703 1.413845419883728 1.4899386167526245 3.451305389404297 -6.566040515899658 2.0148704648017883 19.783679962158203 1.5413082734895491 0.6605159640312195
Car -1 -1 -2.58 808.084228515625 159.24061584472656 961.8963012695312 215.52622985839844 1.6988364458084106 1.641130805015564 3.9617693424224854 8.332939147949219 1.3363514840602875 22.20258140563965 -2.2169526601545764 0.6397887468338013
Pedestrian -1 -1 0.6 1117.1612548828125 118.50994110107422 1231.635009765625 380.14781951904297 1.7989354133605957 0.6807224154472351 0.9594257473945618 3.056342363357544 1.541586458683014 3.622199535369873 1.3002744460855507 0.5383298397064209
Van -1 -1 2.87 806.497802734375 157.8754119873047 968.3099975585938 216.8781280517578 1.8179060220718384 1.7089576721191406 3.985883951187134 8.543936729431152 1.3430146872997284 22.386882781982422 -3.049127063807104 0.47347450256347656
Car -1 -1 -0.64 992.4690551757812 150.2420654296875 1088.721435546875 186.05059814453125 1.634947419166565 1.7559771537780762 4.020981311798096 20.53700065612793 0.6002908051013947 34.21000289916992 -0.0966866644376001 0.4724622070789337
Cyclist -1 -1 -0.86 1097.0035400390625 102.92369842529297 1237.884521484375 381.88265228271484 1.8533275127410889 0.5928144454956055 1.7252005338668823 2.9974164962768555 1.5272178053855896 3.158511161804199 -0.09928497148359305 0.46871253848075867
Car -1 -1 -0.54 805.4494018554688 164.078369140625 935.8782958984375 214.7147216796875 1.57765793800354 1.6344373226165771 3.9264771938323975 8.284554481506348 1.3293346762657166 23.074722290039062 -0.19735466568322302 0.4445670247077942
Car -1 -1 -1.85 981.0938110351562 154.78775024414062 1078.977294921875 185.90782165527344 1.4670701026916504 1.675041675567627 4.071702003479004 20.687610626220703 0.6163095980882645 35.341773986816406 -1.3194271351430205 0.4424867331981659
Pedestrian -1 -1 1.77 1092.2320556640625 148.13446044921875 1223.7783203125 377.9749755859375 1.6754895448684692 0.6469218730926514 0.7202719449996948 2.8175740242004395 1.5959924459457397 3.3571388721466064 2.4711280687219777 0.41515105962753296
Car -1 -1 -1.56 1103.2342529296875 126.19307708740234 1228.53564453125 381.3398666381836 1.6010276079177856 1.6228049993515015 3.6111485958099365 3.8089687824249268 1.633281946182251 3.1350412368774414 -0.681116277052225 0.3464188873767853
Van -1 -1 -0.7 1089.287109375 144.2147216796875 1212.2889404296875 187.441162109375 1.853042483329773 1.8575377464294434 4.350947380065918 23.32710838317871 0.4941084384918213 31.13370704650879 -0.05655477813871501 0.34577280282974243
Van -1 -1 2.71 756.900634765625 166.84629821777344 879.345458984375 208.7125701904297 1.7836472988128662 1.7656561136245728 4.169668197631836 8.97681713104248 1.4749454855918884 31.17557716369629 2.99159871066524 0.31462597846984863
Car -1 -1 1.79 291.1776123046875 192.36468505859375 424.5329895019531 262.14886474609375 1.4291733503341675 1.5728873014450073 3.621882915496826 -6.461954116821289 1.9043062329292297 19.597414016723633 1.4682964903020146 0.3092500567436218
Van -1 -1 -0.41 817.948974609375 162.0406951904297 1006.9042358398438 225.8886260986328 1.7976734638214111 1.7705193758010864 4.498187065124512 8.138885498046875 1.3891639709472656 20.209806442260742 -0.029170145593170993 0.29620635509490967
Car -1 -1 2.55 781.9796752929688 168.04830932617188 879.7599487304688 202.71310424804688 1.5051604509353638 1.620423436164856 4.132181644439697 9.185585975646973 1.3078992366790771 29.854782104492188 2.8501859716099958 0.2851548492908478
Car -1 -1 -0.68 1091.201416015625 142.91510009765625 1222.7425537109375 191.5027313232422 1.6610190868377686 1.7266921997070312 4.011270999908447 20.92840576171875 0.5740435421466827 27.67367172241211 -0.031593820390314775 0.2777974307537079
Car -1 -1 0.73 937.0255737304688 159.42471313476562 1021.8062133789062 190.86448669433594 1.4432426691055298 1.5695768594741821 3.7949299812316895 18.539487838745117 0.809319406747818 36.32710647583008 1.203575499870361 0.2572360932826996
Car -1 -1 2.87 771.4330444335938 168.37513732910156 905.1975708007812 212.52667236328125 1.5933787822723389 1.631861686706543 4.200967788696289 8.862566947937012 1.4269031882286072 29.14882469177246 -3.1150250910238952 0.25606831908226013
Car -1 -1 -1.29 1125.6168212890625 117.76168060302734 1230.6129150390625 364.6836471557617 1.7318309545516968 1.6741881370544434 4.240738868713379 3.2743630409240723 1.4722501039505005 2.779917001724243 -0.4208895280933813 0.2509571313858032
Van -1 -1 -0.39 1158.781982421875 141.86549377441406 1239.3267822265625 195.5115509033203 1.820779800415039 1.871290922164917 4.754575729370117 22.662620544433594 0.6039391160011292 25.710908889770508 0.32787578435136044 0.24852463603019714
Van -1 -1 -1.49 1111.2384033203125 98.83303833007812 1235.3773193359375 380.24200439453125 1.935775876045227 1.7909642457962036 4.472645282745361 3.8612794876098633 1.6010131239891052 3.542341470718384 -0.6656966605464545 0.2418895810842514
Cyclist -1 -1 -2.88 1079.807373046875 132.7785186767578 1251.0323486328125 372.53338623046875 1.7008264064788818 0.561955988407135 1.629294514656067 3.110391139984131 1.391226589679718 3.3057072162628174 -2.125732801483876 0.2358955293893814
Van -1 -1 -2.24 1035.140625 115.39276885986328 1241.61865234375 310.89124298095703 2.033003807067871 1.7912760972976685 4.070408344268799 3.7130658626556396 1.3743986785411835 3.9536595344543457 -1.4814959682255378 0.23403121531009674
Car -1 -1 2.89 830.93408203125 159.70350646972656 956.1826782226562 209.0224609375 1.6153901815414429 1.6389386653900146 3.7559611797332764 8.75511360168457 1.2429013550281525 22.732521057128906 -3.026078665093916 0.2298870086669922
Car -1 -1 1.93 273.9297790527344 194.27005004882812 430.9498291015625 284.6430969238281 1.4109073877334595 1.5807234048843384 3.570629119873047 -4.0708746910095215 1.7009718418121338 11.829784393310547 1.5971167729427789 0.22748883068561554
Cyclist -1 -1 -1.57 1125.6168212890625 117.76168060302734 1230.6129150390625 364.6836471557617 1.8275490999221802 0.7056887745857239 1.7937209606170654 2.4493653774261475 1.3006598353385925 2.6914706230163574 -0.8310373530360389 0.22705937922000885
Pedestrian -1 -1 1.57 1079.807373046875 132.7785186767578 1251.0323486328125 372.53338623046875 1.864088773727417 0.5597233772277832 0.7849770784378052 2.958129405975342 1.4685739278793335 3.398574113845825 2.281755180257111 0.22670535743236542
Cyclist -1 -1 -2.69 1113.297607421875 160.5302734375 1234.52197265625 354.8161926269531 1.7191686630249023 0.5664957761764526 1.8357629776000977 3.056591510772705 1.3827659487724304 3.279916524887085 -1.9377561362410969 0.22603704035282135
Car -1 -1 -0.55 1066.7633056640625 145.56761169433594 1162.71533203125 185.4282684326172 1.5459116697311401 1.6908639669418335 4.368840217590332 21.472509384155273 0.4639987647533417 30.463449478149414 0.06030867563220532 0.22508832812309265
Car -1 -1 1.31 404.60498046875 190.14390563964844 470.34197998046875 232.8011474609375 1.4337102174758911 1.6165870428085327 3.928335428237915 -6.295407295227051 2.036151111125946 26.666908264160156 1.0734056283592572 0.22250357270240784
Van -1 -1 -1.74 1073.982177734375 115.51063537597656 1251.0487060546875 358.1401672363281 2.0925209522247314 1.7369308471679688 4.481630802154541 4.013647079467773 1.541900396347046 3.598928689956665 -0.9004383558695404 0.2155466228723526
Car -1 -1 2.69 308.8190612792969 196.99546813964844 415.8860778808594 268.76934814453125 1.4278899431228638 1.5544192790985107 3.380525588989258 -6.511003017425537 2.192417323589325 18.973844528198242 2.361778949885495 0.21046441793441772
Cyclist -1 -1 0.82 1146.7908935546875 140.28244018554688 1234.467041015625 187.36708068847656 1.750612497329712 0.5762609243392944 1.7217602729797363 17.77743911743164 0.6517336219549179 21.930463790893555 1.4994008120364253 0.2100418359041214
Car -1 -1 -2.36 1071.7069091796875 107.36615753173828 1234.87353515625 364.7699966430664 1.7876209020614624 1.6839154958724976 4.197884559631348 4.503610610961914 1.6837998032569885 3.2788617610931396 -1.4225815317583912 0.2076980471611023
Car -1 -1 -0.03 802.2579956054688 166.7871551513672 915.6849365234375 210.46646118164062 1.5198107957839966 1.6150927543640137 3.9441723823547363 8.302040100097656 1.3385920524597168 23.802988052368164 0.3086738865416061 0.20371027290821075
Cyclist -1 -1 -2.77 1106.2784423828125 122.30165100097656 1242.3572998046875 316.0245056152344 1.7989006042480469 0.5207043886184692 1.71684992313385 2.8258299827575684 1.2437442243099213 3.0800909996032715 -2.0259774536406 0.2027660608291626
Van -1 -1 3.01 774.3428955078125 161.828857421875 928.2794799804688 212.54928588867188 1.9853142499923706 1.820435643196106 4.614797115325928 8.37543773651123 1.432875633239746 26.150388717651367 -2.961322195134885 0.19509769976139069
Car -1 -1 1.73 484.578857421875 185.21795654296875 522.9017333984375 211.2926025390625 1.3791394233703613 1.5540987253189087 3.9039196968078613 -6.381521224975586 2.157076358795166 41.46853256225586 1.5730408154522655 0.1934400200843811
Van -1 -1 -1.86 1111.173095703125 137.8253936767578 1237.9072265625 337.48388671875 2.0582520961761475 1.9745965003967285 4.694920539855957 3.901256561279297 1.5070846676826477 3.6049914360046387 -1.035109153609235 0.19309481978416443
Car -1 -1 -2.39 774.3428955078125 161.828857421875 928.2794799804688 212.54928588867188 1.5898655652999878 1.6146882772445679 4.142918586730957 8.07972526550293 1.4195109009742737 26.32616424560547 -2.0892728348398917 0.18757285177707672
Car -1 -1 -0.9 1003.4747314453125 151.7912139892578 1112.533203125 187.73971557617188 1.516452670097351 1.745657205581665 4.133834362030029 20.49071502685547 0.5478619337081909 33.470645904541016 -0.3521937225990559 0.1858389526605606
Van -1 -1 -0.33 1061.9559326171875 148.65365600585938 1157.7803955078125 185.27781677246094 1.7515959739685059 1.709829568862915 4.140289783477783 22.922941207885742 0.6123019754886627 32.33926773071289 0.2890906061745895 0.18364231288433075
Car -1 -1 -1.75 664.3344116210938 175.2376251220703 731.90625 213.0220184326172 1.5573821067810059 1.621926188468933 3.5822460651397705 3.173741102218628 1.7528350949287415 28.029111862182617 -1.6398517208533834 0.18096297979354858
Car -1 -1 1.04 942.11376953125 157.47702026367188 1035.959716796875 188.13662719726562 1.4400395154953003 1.6389399766921997 3.931272506713867 20.25827407836914 0.6760543584823608 37.87409973144531 1.5309233133371851 0.18039332330226898
Car -1 -1 2.39 15.21673583984375 196.62136840820312 294.9645080566406 355.820556640625 1.5061289072036743 1.5867525339126587 3.993711471557617 -3.091933250427246 1.5276923179626465 3.739485502243042 1.703784392149407 0.17808446288108826
Car -1 -1 3.08 819.0569458007812 150.62530517578125 1083.40625 224.90406799316406 1.3776130676269531 1.5955594778060913 4.178887367248535 7.601962089538574 1.355278730392456 17.226882934570312 -2.7851026753712924 0.17418955266475677
Cyclist -1 -1 -3.13 1050.3375244140625 115.37355041503906 1249.9854736328125 349.04766845703125 1.7014870643615723 0.5474580526351929 1.7265501022338867 3.0616579055786133 1.3346708416938782 3.5900511741638184 -2.4209127532239156 0.1680295318365097
Truck -1 -1 -2.08 1113.297607421875 160.5302734375 1234.52197265625 354.8161926269531 3.5061144828796387 2.5484731197357178 8.594117164611816 4.114295959472656 2.310940206050873 3.991680860519409 -1.2826108469831494 0.16487303376197815
Car -1 -1 -0.54 1135.4947509765625 145.25875854492188 1241.755126953125 195.916259765625 1.4700895547866821 1.5835014581680298 3.7958478927612305 21.130146026611328 0.6496170163154602 26.144115447998047 0.1377372763368725 0.16345761716365814
Van -1 -1 -0.36 1178.632080078125 141.03041076660156 1237.8939208984375 197.01553344726562 1.8513301610946655 1.8273756504058838 4.416674613952637 22.80216407775879 0.6389824450016022 25.668596267700195 0.3687003441665633 0.16150613129138947
Pedestrian -1 -1 1.96 1106.2784423828125 122.30165100097656 1242.3572998046875 316.0245056152344 1.8417845964431763 0.584038257598877 0.9459594488143921 2.7597708702087402 1.2481221854686737 3.028836965560913 2.6987163162642407 0.15755733847618103
Van -1 -1 -0.6 1085.8436279296875 143.90318298339844 1226.6953125 195.72775268554688 1.7671245336532593 1.7312742471694946 4.275021076202393 21.347177505493164 0.7715850844979286 27.33439064025879 0.059156263452553315 0.1570822298526764
Car -1 -1 -1.94 750.1781005859375 161.0023651123047 899.669921875 208.99029541015625 1.4796864986419678 1.6156737804412842 4.384847640991211 8.073566436767578 1.4122266173362732 28.007587432861328 -1.6636939336197987 0.1532353013753891
Car -1 -1 -2.28 1058.6458740234375 114.1229019165039 1236.00048828125 319.45340728759766 1.7864176034927368 1.6312525272369385 4.245326519012451 4.627326011657715 1.6258806586265564 3.6346490383148193 -1.3740804591228004 0.1481287032365799
Car -1 -1 2.5 0.42495670914649963 223.0053253173828 23.123826414346695 276.5072021484375 1.4243137836456299 1.510379433631897 3.479706287384033 -16.29023551940918 2.6445090770721436 17.40371322631836 1.7449047457491815 0.14803771674633026
Truck -1 -1 -1.88 1079.807373046875 132.7785186767578 1251.0323486328125 372.53338623046875 3.1318933963775635 2.5086638927459717 6.997947692871094 4.628517150878906 2.123359441757202 4.300312519073486 -1.0617499697994948 0.14689001441001892
Van -1 -1 -0.55 1088.0699462890625 133.57638549804688 1232.34619140625 226.309326171875 1.8866370916366577 1.8032302856445312 4.354763507843018 20.637807846069336 1.1246206164360046 23.912330627441406 0.16147964282008243 0.11756018549203873
Car -1 -1 -3.1 678.8193969726562 170.4131317138672 740.3217163085938 199.46990966796875 1.652587890625 1.6554371118545532 4.091307163238525 6.688899993896484 1.4160391092300415 49.33475112915039 -2.96826573939891 0.11220287531614304
Van -1 -1 -0.6 1068.969482421875 142.24038696289062 1212.79736328125 205.05001831054688 1.91022789478302 1.8348621129989624 4.473145961761475 19.509702682495117 0.9089198522269726 23.905622482299805 0.07989894948470955 0.09687268733978271
Van -1 -1 -2.47 1089.9625244140625 119.62073516845703 1233.563720703125 272.28101348876953 1.994333028793335 1.7977910041809082 4.492284774780273 13.118098258972168 1.6385722160339355 13.626126289367676 -1.7010775616921858 0.08223384618759155
Car -1 -1 -2.11 671.615234375 174.42129516601562 735.6402587890625 209.17185974121094 1.5227439403533936 1.6695494651794434 3.9477195739746094 4.157308101654053 1.8279547691345215 36.675315856933594 -1.9955730732776322 0.08011732250452042
Van -1 -1 -0.68 1100.0806884765625 136.6885528564453 1228.081298828125 203.2200164794922 2.1144795417785645 1.8542194366455078 4.941118240356445 21.696918487548828 0.8538252115249634 24.972230911254883 0.03794102218386319 0.0763746052980423
Car -1 -1 -1.36 1117.84130859375 125.97540283203125 1231.0606689453125 300.3965148925781 1.7402089834213257 1.7298067808151245 4.439322471618652 8.12667179107666 1.768958032131195 7.880560398101807 -0.5640091515007106 0.07226540893316269
Car -1 -1 -0.45 1088.0699462890625 133.57638549804688 1232.34619140625 226.309326171875 1.6193984746932983 1.712751865386963 4.510132312774658 24.87790298461914 1.0735129714012146 27.549535751342773 0.2885978495139665 0.06343693286180496
Car -1 -1 -1.26 1089.9625244140625 119.62073516845703 1233.563720703125 272.28101348876953 1.678383708000183 1.693504810333252 4.415949821472168 13.074787139892578 1.9274622797966003 12.365951538085938 -0.44596750551644204 0.05629599466919899
Car -1 -1 -0.86 1068.969482421875 142.24038696289062 1212.79736328125 205.05001831054688 1.6681571006774902 1.74622642993927 4.588630676269531 22.184642791748047 1.220177173614502 25.890342712402344 -0.14929100904113257 0.0491873063147068