Cyclist -1 -1 1.05 712.26416015625 145.3750762939453 838.762451171875 309.0704650878906 1.8122884035110474 0.6354458332061768 1.8501954078674316 2.0779685974121094 1.386949211359024 8.866071701049805 1.2783273726775786 0.8299869298934937
Pedestrian -1 -1 2.79 861.6217651367188 141.5129852294922 922.6458129882812 289.2779846191406 1.773837685585022 0.6239970922470093 0.6385012865066528 3.801154613494873 1.3280394971370697 9.316776275634766 -3.1021788610862124 0.798911452293396
Pedestrian -1 -1 1.38 462.5928039550781 163.5679168701172 496.6876525878906 262.4832458496094 1.7783130407333374 0.6595974564552307 0.6373526453971863 -2.2092955112457275 1.419620931148529 13.015751838684082 1.2068810640817933 0.7918376922607422
Pedestrian -1 -1 1.18 566.5700073242188 160.3119354248047 603.7410278320312 265.4109802246094 1.758772373199463 0.6415623426437378 0.9002032279968262 -0.23827946186065674 1.4117491841316223 12.403940200805664 1.161590926376368 0.7602137327194214
Pedestrian -1 -1 -0.02 508.5393981933594 167.79421997070312 539.2890014648438 244.3443603515625 1.7108021974563599 0.6492564678192139 0.6515708565711975 -1.7072949409484863 1.386436641216278 15.884188652038574 -0.1285466579451895 0.7490314245223999
Cyclist -1 -1 1.41 507.1019592285156 166.00782775878906 542.2464599609375 245.1246337890625 1.785193681716919 0.6108869314193726 1.8136318922042847 -1.755150318145752 1.4125181436538696 16.518091201782227 1.3077629584427273 0.6684231758117676
Cyclist -1 -1 -1.68 566.133544921875 161.908935546875 605.307861328125 264.1865234375 1.699159860610962 0.5076727271080017 1.686793327331543 -0.31214937567710876 1.4196258783340454 12.952861785888672 -1.7086540955867981 0.6273172497749329
Cyclist -1 -1 -0.03 634.5509033203125 164.73031616210938 683.785400390625 234.74285888671875 1.719165563583374 0.6683710813522339 1.6887094974517822 1.5320302248001099 1.2856948375701904 18.64197540283203 0.05350454523709658 0.5647165179252625
Pedestrian -1 -1 0.33 559.0143432617188 166.47410583496094 578.96533203125 220.08079528808594 1.7893332242965698 0.6320386528968811 0.9050083756446838 -0.9904375672340393 1.2515568435192108 22.757762908935547 0.285765674762803 0.5627898573875427
Pedestrian -1 -1 1.57 452.60491943359375 168.50830078125 486.9622802734375 264.5635986328125 1.6625196933746338 0.6238716840744019 0.6654050946235657 -2.3514115810394287 1.4343237280845642 13.023454666137695 1.3885505359151935 0.553386926651001
Pedestrian -1 -1 2.26 298.31256103515625 157.3866729736328 338.883544921875 282.0107421875 1.9304676055908203 0.6472463607788086 0.7133793234825134 -4.413282871246338 1.581238567829132 11.206011772155762 1.883499505727074 0.5170581936836243
Pedestrian -1 -1 1.82 298.5927429199219 165.51937866210938 333.2179260253906 261.6380310058594 1.8323049545288086 0.6319718360900879 0.5815998315811157 -5.031844615936279 1.5023119449615479 12.836204528808594 1.4472642375284233 0.5155375599861145
Pedestrian -1 -1 2.02 533.1025390625 165.66021728515625 555.4850463867188 217.2947998046875 1.7487595081329346 0.6253405809402466 0.9159417748451233 -1.9227213859558105 1.1930484473705292 24.642776489257812 1.9386134548684675 0.5068579912185669
Pedestrian -1 -1 1.75 336.8770751953125 183.34300231933594 359.363525390625 256.9278869628906 1.5976829528808594 0.53130042552948 0.35590699315071106 -4.819291591644287 1.5267284512519836 13.710309982299805 1.4131050228746496 0.422366738319397
Pedestrian -1 -1 1.53 470.461181640625 161.33802795410156 503.9742126464844 254.61502075195312 1.733271598815918 0.6700754165649414 0.8222895860671997 -2.125352382659912 1.3348821699619293 13.342205047607422 1.371717433621149 0.39981406927108765
Pedestrian -1 -1 1.76 450.9317321777344 173.57000732421875 480.5206298828125 261.4084167480469 1.54653799533844 0.573580801486969 0.7781393527984619 -2.3964622020721436 1.4065465331077576 12.980179786682129 1.5737138322507205 0.39705654978752136
Pedestrian -1 -1 1.89 563.9901733398438 163.89974975585938 590.4898071289062 241.87625122070312 1.766313910484314 0.7275940179824829 0.7446691989898682 -0.7137986421585083 1.2914339303970337 21.270965576171875 1.8560068372003045 0.38212400674819946
Pedestrian -1 -1 1.71 308.06719970703125 170.4354705810547 331.2754821777344 253.94943237304688 1.7934033870697021 0.5892131924629211 0.46667495369911194 -5.418084621429443 1.470446765422821 13.633830070495605 1.3306261650021014 0.3693089783191681
Pedestrian -1 -1 2.11 490.59326171875 165.8097381591797 509.3616638183594 223.3467559814453 1.7831298112869263 0.6661686301231384 0.7333402633666992 -3.4953513145446777 1.26760995388031 25.0710391998291 1.9762430199035235 0.36588603258132935
Pedestrian -1 -1 1.57 595.4381713867188 165.3683624267578 616.169677734375 221.30856323242188 1.650665283203125 0.6268150210380554 0.5998995900154114 0.2914162874221802 1.2112986743450165 26.02552032470703 1.584885937230717 0.3437999188899994
Pedestrian -1 -1 2.16 714.44873046875 147.61036682128906 824.4160766601562 309.6385498046875 1.7560553550720215 0.6180282235145569 0.6046376824378967 2.089184284210205 1.413260579109192 8.914730072021484 2.393281726530347 0.33195173740386963
Cyclist -1 -1 2.97 639.3005981445312 161.968017578125 690.7847900390625 232.1005401611328 1.7120122909545898 0.66277015209198 1.7039448022842407 1.5293022394180298 1.2011584639549255 18.600160598754883 3.0531416301483976 0.32378655672073364
Pedestrian -1 -1 1.11 528.4324951171875 167.7122039794922 551.0009155273438 230.10581970214844 1.7225112915039062 0.6901040077209473 0.6238800287246704 -1.855746865272522 1.3755694031715393 24.565811157226562 1.0341346382270888 0.32216688990592957
Cyclist -1 -1 -2.15 728.19873046875 142.97711181640625 816.021240234375 285.20123291015625 1.842068076133728 0.5698137283325195 1.785683512687683 2.4897186756134033 1.3389107286930084 10.849586486816406 -1.9259149884102857 0.3219831883907318
Pedestrian -1 -1 2.42 513.74462890625 164.81378173828125 547.6600952148438 243.41305541992188 1.6813806295394897 0.6663849353790283 0.6734033226966858 -1.5734469890594482 1.3365387618541718 16.416439056396484 2.3241414430327243 0.320812851190567
Pedestrian -1 -1 1.0 564.1719360351562 166.16758728027344 586.4258422851562 223.04884338378906 1.7878568172454834 0.6406821608543396 0.9110683798789978 -0.83013516664505 1.2937448024749756 22.385095596313477 0.9606864683987109 0.32032448053359985
Pedestrian -1 -1 1.86 302.2273864746094 169.83238220214844 343.1783447265625 290.0495910644531 1.6801079511642456 0.6219391226768494 0.5019868016242981 -4.52677583694458 1.51225084066391 11.587874412536621 1.4858767492013145 0.30883505940437317
Pedestrian -1 -1 1.7 504.7806091308594 161.99493408203125 545.1979370117188 252.0154571533203 1.7162245512008667 0.654058039188385 0.7410866022109985 -1.5362801551818848 1.3746975660324097 15.288357734680176 1.5994849736130643 0.3066084086894989
Pedestrian -1 -1 1.53 564.8828125 164.58445739746094 598.815185546875 249.4042205810547 1.6972957849502563 0.6895362138748169 0.8458973169326782 -0.3894740343093872 1.3335677981376648 16.24176597595215 1.5027378025202545 0.30103564262390137
Pedestrian -1 -1 1.34 568.1170043945312 165.3963165283203 602.4086303710938 239.828857421875 1.7401816844940186 0.6738541722297668 0.9393189549446106 -0.3322015702724457 1.3225881457328796 15.596872329711914 1.3215259770779229 0.2991020083427429
Cyclist -1 -1 -1.93 571.9375 161.76470947265625 607.7886962890625 257.2369689941406 1.7196242809295654 0.5529535412788391 1.662948727607727 -0.2803727388381958 1.3701242208480835 13.006702423095703 -1.9503540123135306 0.29652658104896545
Pedestrian -1 -1 1.55 447.2372131347656 180.4044189453125 473.9089050292969 254.71453857421875 1.3713566064834595 0.499488890171051 0.655509889125824 -2.7411458492279053 1.3642348051071167 13.87391471862793 1.358506416723678 0.2953568696975708
Pedestrian -1 -1 2.76 285.7025451660156 161.30850219726562 350.98419189453125 286.7253112792969 1.8411433696746826 0.6180899739265442 0.7851670980453491 -4.475147247314453 1.6356483697891235 11.313432693481445 2.3847908308091963 0.29491356015205383
Pedestrian -1 -1 1.5 571.9375 161.76470947265625 607.7886962890625 257.2369689941406 1.6903280019760132 0.6676000356674194 0.8600026369094849 -0.17697620391845703 1.3902316689491272 13.30230712890625 1.4833583650610276 0.29491278529167175
Pedestrian -1 -1 1.77 347.4937744140625 182.85617065429688 366.78338623046875 257.72515869140625 1.6152445077896118 0.5054186582565308 0.3614617586135864 -4.735410213470459 1.5469314455986023 13.844499588012695 1.4357269225867988 0.2909531891345978
Pedestrian -1 -1 2.24 286.98052978515625 157.67422485351562 336.892578125 267.5969543457031 1.836437702178955 0.5988369584083557 0.7773513793945312 -4.582536697387695 1.4802024364471436 11.62639045715332 1.8636064016287843 0.2907739281654358
Pedestrian -1 -1 1.64 476.5738220214844 161.62591552734375 505.67449951171875 246.7374725341797 1.7512774467468262 0.6855518817901611 0.7829870581626892 -2.3600494861602783 1.3275782465934753 15.395585060119629 1.48911464480652 0.28796544671058655
Pedestrian -1 -1 2.26 561.6165161132812 166.86854553222656 583.0562744140625 220.0847625732422 1.6923649311065674 0.6247709393501282 0.7765383720397949 -0.973050057888031 1.2470365762710571 23.50385284423828 2.2144365307417777 0.2852620482444763
Pedestrian -1 -1 2.94 870.4915771484375 159.8870086669922 919.8960571289062 287.9790344238281 1.6164807081222534 0.5718611478805542 0.6550073623657227 3.881195306777954 1.3671329021453857 9.502227783203125 -2.958488759508195 0.2805475890636444
Pedestrian -1 -1 1.32 530.9985961914062 167.30349731445312 554.1375122070312 223.9580078125 1.6952193975448608 0.6737808585166931 0.6753236651420593 -1.8648772239685059 1.4298572540283203 25.02723503112793 1.2453285780608354 0.27828502655029297
Pedestrian -1 -1 1.97 297.16070556640625 174.0060577392578 358.7824401855469 314.5683898925781 1.706707239151001 0.6040851473808289 0.616084635257721 -3.0958669185638428 1.57565838098526 8.069822311401367 1.602069393116171 0.2768396735191345
Pedestrian -1 -1 2.11 293.0040283203125 164.44461059570312 330.8892822265625 275.1004333496094 1.7073384523391724 0.5878332853317261 0.5456850528717041 -5.030062198638916 1.5102484822273254 12.355840682983398 1.7241599371929466 0.2755778431892395
Pedestrian -1 -1 1.93 560.7681884765625 163.39730834960938 581.5089721679688 236.11656188964844 1.6696311235427856 0.6908636689186096 0.7275298833847046 -0.833091676235199 1.265408456325531 21.0739803314209 1.8903650514811412 0.27420324087142944
Pedestrian -1 -1 1.7 354.1146240234375 181.29457092285156 377.5433349609375 255.2724609375 1.6329749822616577 0.5273470878601074 0.36242857575416565 -4.538339614868164 1.5345202684402466 13.824774742126465 1.3849071649330131 0.2730705142021179
Cyclist -1 -1 2.26 1209.0684814453125 173.3014678955078 1236.450439453125 354.8191223144531 1.6633938550949097 0.7029297351837158 1.742276668548584 4.158878326416016 1.5744664669036865 3.560925006866455 3.122059316895024 0.2704292833805084
Truck -1 -1 0.44 711.8231201171875 146.6095428466797 828.2396850585938 303.05035400390625 3.3202641010284424 2.383925437927246 6.570741653442383 2.9543392658233643 1.9897677302360535 12.995662689208984 0.666454779459194 0.26891157031059265
Pedestrian -1 -1 1.76 485.3955383300781 163.4418182373047 508.95751953125 239.3472137451172 1.7013916969299316 0.7214632034301758 0.7274673581123352 -2.7003273963928223 1.3399724662303925 18.62586784362793 1.619579581450295 0.26273438334465027
Pedestrian -1 -1 1.02 522.08349609375 166.50828552246094 548.8040771484375 236.62017822265625 1.6548826694488525 0.6740172505378723 0.6593394875526428 -1.6661708354949951 1.35929673910141 18.601144790649414 0.9337337825535634 0.25972092151641846
Cyclist -1 -1 -1.54 462.0430603027344 163.8045654296875 501.75189208984375 261.1927490234375 1.7840937376022339 0.5371083617210388 1.704195261001587 -2.266073703765869 1.4333852529525757 13.631510734558105 -1.705394168862611 0.25437042117118835
Pedestrian -1 -1 1.35 501.4688415527344 167.5858154296875 534.954345703125 232.89979553222656 1.7817726135253906 0.6456547975540161 0.8768452405929565 -1.8685730695724487 1.3126575648784637 16.779254913330078 1.2346895526836263 0.2528320848941803
Car -1 -1 -1.44 718.187744140625 148.26402282714844 829.39306640625 308.3727722167969 1.7737956047058105 1.6216751337051392 3.698087215423584 2.2501468658447266 1.3892311453819275 10.52685832977295 -1.2336894872336446 0.2426632195711136
Car -1 -1 -1.57 508.5646057128906 167.2246551513672 543.3333740234375 245.0740966796875 1.54912531375885 1.5826420783996582 3.4000601768493652 -1.820845603942871 1.3560848236083984 18.56365394592285 -1.6701267127806698 0.2397441864013672
Pedestrian -1 -1 1.55 479.6654357910156 167.433837890625 508.2217102050781 250.58763122558594 1.7301026582717896 0.6819397211074829 0.898557186126709 -2.241992950439453 1.3731915950775146 14.830679893493652 1.4046391856966896 0.2370637208223343
Cyclist -1 -1 1.1 851.5589599609375 146.31524658203125 923.7258911132812 289.59088134765625 1.7633743286132812 0.6557591557502747 1.795430302619934 3.9008734226226807 1.3369645774364471 9.602666854858398 1.4816681340167275 0.23646041750907898
Pedestrian -1 -1 1.65 475.5337829589844 164.14682006835938 515.3704223632812 255.7760467529297 1.737406849861145 0.6505300402641296 0.8483834266662598 -1.9943022727966309 1.4104581475257874 13.929070472717285 1.5055371133988507 0.2340381145477295
Pedestrian -1 -1 0.81 1209.0684814453125 173.3014678955078 1236.450439453125 354.8191223144531 1.7613303661346436 0.6857313513755798 0.5131926536560059 3.910022497177124 1.6138743162155151 3.8134653568267822 1.6120033626835157 0.23266135156154633
Pedestrian -1 -1 0.38 535.335205078125 166.8502197265625 557.77490234375 222.2119140625 1.62557053565979 0.6385205388069153 0.6461467742919922 -1.8415459394454956 1.218012660741806 24.83171272277832 0.3064147130013719 0.2319066971540451
Cyclist -1 -1 -2.04 513.0618896484375 165.4052734375 546.7723388671875 242.9585723876953 1.774131178855896 0.5683885216712952 1.7575199604034424 -1.74904203414917 1.3630032241344452 16.543941497802734 -2.142967206638996 0.2299848049879074
Pedestrian -1 -1 1.67 350.27056884765625 182.2245635986328 372.0323486328125 254.0552215576172 1.620818853378296 0.5296066999435425 0.34285879135131836 -4.669169902801514 1.5549052357673645 13.829818725585938 1.3394396346676487 0.22553063929080963
Pedestrian -1 -1 1.6 566.1361083984375 165.81329345703125 591.8794555664062 219.72071838378906 1.7418538331985474 0.6716427206993103 0.8139734268188477 -0.693871259689331 1.2233051359653473 22.91954803466797 1.5675613687608072 0.222227081656456
Pedestrian -1 -1 1.58 510.3038330078125 167.28701782226562 536.73388671875 232.36293029785156 1.781776785850525 0.6504490375518799 0.7903886437416077 -2.225414991378784 1.3308529257774353 20.643693923950195 1.4748538398186453 0.2208515703678131
Pedestrian -1 -1 1.74 308.5722961425781 167.53501892089844 327.14410400390625 248.55987548828125 1.7609689235687256 0.6088146567344666 0.5458971261978149 -5.453817844390869 1.436659574508667 13.679052352905273 1.3609255741200386 0.21808691322803497
Car -1 -1 -2.73 1209.0684814453125 173.3014678955078 1236.450439453125 354.8191223144531 1.6408673524856567 1.5862499475479126 3.809173345565796 4.6547627449035645 1.5690725445747375 2.5882632732391357 -1.6638821683874907 0.21751168370246887
Pedestrian -1 -1 1.18 563.0586547851562 162.031494140625 612.5888671875 264.1123046875 1.722671627998352 0.6655828952789307 0.899021327495575 -0.24772441387176514 1.4540327191352844 12.203584671020508 1.1576527845152143 0.21630890667438507
Pedestrian -1 -1 1.86 590.0612182617188 164.13720703125 611.9837036132812 232.9111328125 1.7353367805480957 0.6970311999320984 0.7700165510177612 0.25137850642204285 1.209892988204956 24.02478790283203 1.8678595369634658 0.21500739455223083
Pedestrian -1 -1 1.68 491.04754638671875 167.10536193847656 513.0838012695312 218.30520629882812 1.7115577459335327 0.6223686933517456 0.7247106432914734 -3.4236433506011963 1.2382869124412537 25.69403839111328 1.551697231464276 0.21393780410289764
Pedestrian -1 -1 1.21 304.0787658691406 166.91152954101562 328.85003662109375 255.75759887695312 1.708194613456726 0.5554133057594299 0.4256540834903717 -5.155683517456055 1.4816071391105652 13.192246437072754 0.8361541144424445 0.2133151739835739
Pedestrian -1 -1 1.65 443.97412109375 177.89639282226562 470.86517333984375 257.89666748046875 1.4144163131713867 0.4913012683391571 0.6063620448112488 -2.6224818229675293 1.362770140171051 13.171830177307129 1.4519189752759818 0.21266981959342957
Pedestrian -1 -1 1.37 330.1136169433594 185.93313598632812 362.86151123046875 269.0599365234375 1.6318966150283813 0.5446512699127197 0.4057227373123169 -4.767936706542969 1.6506988406181335 13.687333106994629 1.036816755677851 0.21050623059272766
Pedestrian -1 -1 1.38 568.9463500976562 165.29379272460938 598.4031982421875 228.8623046875 1.7514493465423584 0.680953860282898 0.9436135292053223 -0.4928499758243561 1.257437914609909 18.817834854125977 1.3492722126742258 0.21030718088150024
Pedestrian -1 -1 1.7 636.4551391601562 160.27569580078125 689.7098999023438 230.08038330078125 1.7447025775909424 0.6418125629425049 0.6206852793693542 1.509567141532898 1.247517615556717 19.320720672607422 1.7734964749534656 0.20936888456344604
Pedestrian -1 -1 1.5 575.7637329101562 163.82081604003906 604.9185791015625 240.6127166748047 1.7791584730148315 0.7033914923667908 0.9271406531333923 -0.15458683669567108 1.3352721333503723 14.639433860778809 1.4900424605853653 0.20688709616661072
Pedestrian -1 -1 -1.15 1216.55419921875 168.6232147216797 1235.462646484375 339.46673583984375 1.6676795482635498 0.6567429900169373 0.7240297198295593 3.799595355987549 1.4496827721595764 3.8504810333251953 -0.3753808103616856 0.20258811116218567
Cyclist -1 -1 -3.07 736.8544311523438 159.6871795654297 840.2951049804688 304.7935485839844 1.7454651594161987 0.6322550773620605 1.648794174194336 2.307689905166626 1.4620469212532043 8.946972846984863 -2.8201765187806593 0.2022865116596222
Pedestrian -1 -1 1.44 577.9456176757812 163.98434448242188 609.8141479492188 251.41006469726562 1.6945768594741821 0.7438190579414368 0.8652127981185913 -0.04877997562289238 1.3676573634147644 16.950605392456055 1.4403476947588985 0.20044250786304474
Pedestrian -1 -1 1.7 584.3078002929688 163.15379333496094 609.943603515625 237.82469177246094 1.7300862073898315 0.7197108864784241 0.7381220459938049 -0.020236801356077194 1.24656543135643 22.079545974731445 1.7002879073838217 0.1978878229856491
Pedestrian -1 -1 2.36 286.8493347167969 168.42172241210938 320.1080627441406 267.2433166503906 1.7761006355285645 0.5933699011802673 0.6123490929603577 -5.1709136962890625 1.5637456774711609 12.334929466247559 1.96596756580103 0.1971106231212616
Pedestrian -1 -1 1.46 503.7820739746094 168.6725311279297 530.5376586914062 218.08331298828125 1.7364646196365356 0.6357644200325012 0.7682698965072632 -3.0009961128234863 1.2530759871006012 25.955211639404297 1.3474722010681113 0.1970929205417633
Pedestrian -1 -1 2.15 632.0658569335938 167.0363006591797 681.8740234375 232.26153564453125 1.6699771881103516 0.6003729104995728 0.5996276140213013 1.4000686407089233 1.2819820642471313 18.297060012817383 2.2253510479872087 0.19602559506893158
Pedestrian -1 -1 1.68 555.9503784179688 168.0904998779297 575.189453125 217.0799102783203 1.6930651664733887 0.612398087978363 0.7939940690994263 -1.1710810661315918 1.1900164484977722 23.650348663330078 1.6319181288030258 0.19373753666877747
Pedestrian -1 -1 1.49 599.668701171875 164.79774475097656 616.5357055664062 224.41830444335938 1.6663976907730103 0.641822874546051 0.6638888716697693 0.2916830778121948 1.1688637435436249 24.851987838745117 1.503932363082586 0.19287341833114624
Pedestrian -1 -1 1.34 500.1998291015625 166.9833526611328 526.765869140625 220.279541015625 1.754048466682434 0.6764309406280518 0.8023787140846252 -2.632322311401367 1.2661103904247284 22.680953979492188 1.220084818114632 0.19062797725200653
Cyclist -1 -1 -1.29 501.4688415527344 167.5858154296875 534.954345703125 232.89979553222656 1.676313042640686 0.5632664561271667 1.6706774234771729 -1.8037853240966797 1.247466653585434 16.568571090698242 -1.4014053210032005 0.18996284902095795
Pedestrian -1 -1 1.42 492.9874267578125 167.72393798828125 520.3106079101562 247.56752014160156 1.642086386680603 0.6278806328773499 0.7684366106987 -1.979868769645691 1.4049633741378784 15.351216316223145 1.295190332780023 0.18641556799411774
Pedestrian -1 -1 1.68 316.6357421875 175.08001708984375 338.7510986328125 252.15447998046875 1.7130833864212036 0.5752260088920593 0.4629886746406555 -5.3238396644592285 1.4733332395553589 14.027880668640137 1.319427395170269 0.18136709928512573
Pedestrian -1 -1 1.83 510.5342102050781 167.81202697753906 543.7694702148438 227.20469665527344 1.7297016382217407 0.6639075875282288 0.9255000948905945 -1.8064734935760498 1.2726673483848572 18.164968490600586 1.7333123400950283 0.18008847534656525
Pedestrian -1 -1 0.62 538.6686401367188 166.27761840820312 560.9736938476562 215.13824462890625 1.6611324548721313 0.6215420961380005 0.8571120500564575 -1.6789703369140625 1.1587422788143158 24.379886627197266 0.5472567344033874 0.17968933284282684
Pedestrian -1 -1 1.6 320.544921875 174.99830627441406 342.2772521972656 255.91525268554688 1.6967189311981201 0.5611139535903931 0.4136757552623749 -5.095024585723877 1.5232775211334229 13.695555686950684 1.2462838822297755 0.17703863978385925
Pedestrian -1 -1 1.02 522.9882202148438 166.2115478515625 554.1924438476562 230.91995239257812 1.837431788444519 0.7234106659889221 0.7879428267478943 -1.7323296070098877 1.3709241151809692 18.584108352661133 0.9302668682819224 0.1721164584159851
Pedestrian -1 -1 1.25 499.408935546875 169.9285430908203 529.17041015625 229.81298828125 1.7415281534194946 0.6415905356407166 0.7921004891395569 -2.2752370834350586 1.333620548248291 19.359859466552734 1.137068618373135 0.1686127632856369
Car -1 -1 -2.2 1213.276123046875 199.71900939941406 1237.6585693359375 370.303466796875 1.569793939590454 1.595360279083252 3.837963104248047 4.23266077041626 1.5275117754936218 2.2395267486572266 -1.1151242297001334 0.16612541675567627
Pedestrian -1 -1 1.4 489.8334655761719 169.67843627929688 513.1468505859375 241.74258422851562 1.6929998397827148 0.6411712169647217 0.8175037503242493 -2.3233513832092285 1.3635133504867554 16.989944458007812 1.2606962490063864 0.1638491004705429
Pedestrian -1 -1 1.75 499.8846740722656 164.5734405517578 527.241943359375 242.0813446044922 1.7382367849349976 0.7064689993858337 0.6920492053031921 -2.161609172821045 1.4252874255180359 18.303443908691406 1.631442480875041 0.16222859919071198
Pedestrian -1 -1 1.64 488.482177734375 166.40390014648438 508.37811279296875 231.51528930664062 1.7631088495254517 0.7175241708755493 0.8667487502098083 -2.99914288520813 1.3736256062984467 20.900901794433594 1.4949617928623482 0.15855011343955994
Pedestrian -1 -1 2.06 483.0321960449219 163.31581115722656 502.3303527832031 235.3184051513672 1.7642312049865723 0.7195782661437988 0.7616852521896362 -2.711007833480835 1.3447142839431763 19.18762969970703 1.918473752723389 0.1569063812494278
Car -1 -1 -2.25 1216.55419921875 168.6232147216797 1235.462646484375 339.46673583984375 1.6256670951843262 1.6082414388656616 3.947340488433838 4.451035976409912 1.4578317999839783 2.8195149898529053 -1.247927976995122 0.15290039777755737
Pedestrian -1 -1 1.47 492.16400146484375 168.7215576171875 517.4920654296875 232.0673370361328 1.7025703191757202 0.6443496346473694 0.7842873334884644 -2.351975679397583 1.3399314284324646 19.070016860961914 1.3436242017010365 0.14185865223407745
Car -1 -1 -2.74 1201.8443603515625 198.03054809570312 1236.400634765625 377.7169494628906 1.5391266345977783 1.6262034177780151 3.8017683029174805 2.712750196456909 1.4810548424720764 1.1976951360702515 -1.5845193324388234 0.13937368988990784
Pedestrian -1 -1 1.59 579.137939453125 164.6575927734375 601.610595703125 228.83900451660156 1.7027411460876465 0.6729358434677124 0.8139234781265259 -0.10446437448263168 1.230281800031662 21.401880264282227 1.5896889328551822 0.12116125226020813